00669
01319
00620
00769
00422
00272
00869
01372
01296
00957
00362
00290
00490
01183
01002
00843
01121
00044
00050
01171
00951
00618
00918
00120
01135
01096
00813
00456
00525
00952
00174
00713
01371
00109
00759
00150
00301
00309
01348
00515
00534
00851
00268
00734
01004
00212
00111
01322
00374
00827
00883
00209
00622
00155
00414
00333
01233
00465
01126
01331
00026
00612
00492
00492
00079
01090
01311
01066
00724
00728
00781
00523
00683
00357
01372
01365
00718
00252
00639
00062
00371
00740
01108
00791
00965
00389
01338
00413
01347
00809
00104
01371
00226
00621
00888
00031
00310
00195
00106
01383
01006
00726
00317
01328
00580
00152
00832
01043
00236
00219
00087
00293
00644
00490
00585
01249
00146
00955
00150
01195
01292
00789
00934
00420
00143
00592
00797
00933
00235
00308
00002
00362
00286
00417
00911
00133
00429
01384
00258
00356
01290
01222
00010
00704
00950
01283
00606
00067
00983
01378
00631
01397
00573
00199
00293
00178
00791
01119
00671
00171
00755
00609
01012
01088
01034
00664
00535
01016
00073
01377
00240
00684
00308
00664
01252
00630
00157
01177
00742
01009
01090
00325
00199
00357
01349
01388
01081
00113
00180
00801
00050
01213
00745
00270
00604
00964
00364
00436
00137
01090
00853
00263
01227
01208
00814
00989
00266
00553
00668
01209
00574
01055
00078
00696
00060
00095
00541
01343
00246
00334
01116
01199
01355
00894
01226
00783
00934
01090
00786
00516
00658
00746
00740
01398
01066
00114
00516
00666
00014
00013
00471
00720
00802
00906
00846
00624
01265
01216
01180
00942
01256
00236
00681
00271
01093
00595
00633
00663
01285
00110
00207
01321
00548
00730
01338
00186
00408
00872
00362
00114
00967
01104
01316
00920
01262
00636
00520
00865
00075
00804
01092
00516
00562
00399
00609
00437
00148
00128
01171
01148
00662
00916
01183
00193
01150
00262
01012
01351
00296
01245
00916
00282
00614
00316
01220
00558
01158
00515
00999
01085
00461
00967
00849
00773
00265
00227
01047
00268
00693
00680
01124
00792
01021
00697
00253
00127
00305
01332
00486
00512
00791
00157
00126
00949
00137
01261
00621
00494
00245
00026
00607
00554
00707
00500
01000
00140
00857
00572
01206
00520
00754
00304
00134
00121
01174
00535
00535
00336
00803
00742
00171
01211
00769
00628
00812
00231
01395
00921
00523
01163
00952
00653
00515
00780
00777
00520
00077
00870
01326
01342
01308
00022
00730
00924
00368
01145
00861
00092
00656
00607
01303
00488
00960
01378
00009
01191
00770
00629
00352
00993
00521
00187
00283
00025
01001
00134
01308
00974
01003
01160
01099
00013
00508
01065
00094
01343
00460
01317
00605
00907
00620
00425
00569
00016
00304
00922
01213
00968
00477
01059
00988
00572
00404
00793
01162
00712
01396
00500
00359
00227
00230
00716
01318
00222
00322
00909
00612
00710
00263
00281
00843
00416
00903
00809
01262
01320
01256
00703
01095
00357
00743
01331
01204
00796
01288
00632
00808
01048
00496
00187
00782
00619
00403
00223
00577
00900
00625
00127
00838
00429
00844
00113
00579
00799
01253
01251
00737
00588
00636
00710
01164
00913
00869
01171
00643
00510
00983
01182
01019
00628
01089
00110
00254
00602
00878
01077
00137
00299
00815
00010
00227
01247
00703
00921
00305
00140
00666
01380
01374
01274
00230
00488
00392
00232
00260
00783
00414
00190
00776
01157
01109
01160
01275
01321
01082
00035
00114
00082
01105
00463
01183
01235
01372
00073
01213
00373
01008
00916
00442
00215
00393
00947
01205
00180
01390
00038
01174
00490
00287
00247
01221
00986
00771
01184
00162
01081
00214
01338
00852
00154
00679
01116
01357
01117
00255
00623
00818
00272
01357
00946
01145
01249
00599
00958
00843
00245
00491
00984
01096
00344
00884
01246
01322
00945
00992
00776
01098
00025
00422
01285
00039
00401
00565
00631
01149
00189
01343
00604
01105
01144
00044
00881
00147
00477
00187
00005
00012
01151
00307
00128
00695
01150
00992
00838
01188
00887
00738
00548
00639
01334
00407
01382
00872
00354
00920
00290
00931
00062
01272
00069
00999
00792
00625
01191
00788
00647
00953
01021
01157
00206
00962
01396
00941
00951
01272
01013
00423
00294
00547
01169
01197
00299
00204
00434
00698
00075
00596
00235
00707
00812
00495
01213
00663
00315
01008
00247
01152
00516
00254
00874
00242
00341
01052
00070
00272
00087
00599
00221
00334
00418
00832
00770
01360
01197
00913
01068
01034
00558
01372
00709
00721
01004
01399
01041
00070
00222
00500
00902
00971
01311
00877
00711
00110
01097
00556
00692
01266
00467
00377
00018
00749
00505
00517
00147
01125
00183
00250
00785
00627
00169
01093
00132
00609
00825
00004
00069
00095
01078
01306
00606
00897
00165
01258
00193
00269
00767
01064
01322
00905
01263
00210
00817
00073
00142
00845
01376
00078
01365
00652
00501
00010
00078
00587
00028
00423
00527
00531
00909
01231
01397
01350
00701
00487
01393
00993
00371
01093
00217
01130
00978
00904
01302
00935
00918
00510
01148
01253
01133
01184
01060
00906
00931
00330
00314
00738
01329
00927
01371
00382
01284
00050
00352
00140
01014
00327
00895
00935
00779
01207
00252
00726
00169
00530
01260
00898
00844
00487
00345
01201
00286
00943
00447
00793
00736
00616
00737
00894
00384
00045
01113
00955
01063
00507
01043
00951
00389
00598
00668
00903
01234
00937
00228
01314
00188
00037
00133
00330
00825
01289
00847
00917
01072
00400
01018
01395
00216
00000
00111
01274
01084
01182
00668
00030
00401
00294
01290
00612
01334
01248
00819
01325
01119
01095
00461
00696
00182
01332
01006
00568
01294
00735
00852
00461
00909
00397
01186
00374
00134
01085
00408
00172
00216
01348
01304
00065
00279
00920
00208
00863
00693
00002
00241
00118
00444
00972
00411
00909
01362
00762
00659
00762
00226
01374
00154
00988
00739
00667
00427
00805
01071
00651
00656
00446
00658
01268
00561
00426
01301
01357
00923
00988
00934
00110
00257
00981
00854
00269
01330
01093
00439
00293
00126
00627
01119
00425
00838
00896
00317
00455
00687
01285
00703
00951
00371
00708
01013
01074
01252
00940
00198
00352
00998
01159
00614
00809
00920
00286
00664
00189
01094
01236
00318
01296
00838
00095
01354
00933
01260
00403
00911
00659
01213
00056
00497
01069
00628
00460
00038
00051
01141
00956
01247
01301
00980
00835
00159
00472
00465
01269
00696
00073
00314
00365
00052
00423
00548
00795
00182
01261
00664
00225
00709
00485
00062
00948
00538
00256
01025
01112
00855
00505
00511
00844
00220
00705
01122
00301
01319
00237
00136
00087
00735
00077
00820
00502
01294
00110
01270
00034
00960
00958
00414
00288
00700
00143
00128
00069
00022
00356
00180
00757
00862
00929
00582
01162
00321
01128
01117
00665
01049
01166
00817
01215
00132
00908
01110
01161
00686
00496
00536
01288
01276
00028
00578
00618
00982
00222
00390
00237
00640
01063
00867
00831
00078
01320
00302
00882
00353
00133
00455
00299
00098
01109
00866
00849
01097
00450
00949
00226
00594
00379
01012
01001
01117
00026
00583
00428
01313
01359
00037
00762
01365
00314
00600
00130
01122
00800
01276
01310
00752
00925
00405
00791
00884
00200
01268
01321
00771
01260
00317
00959
00837
00394
00353
01050
00792
00660
01011
00594
00600
01365
00272
00039
00777
01228
00584
00297
00249
00679
01300
00412
00932
01275
00707
00328
00628
00274
00805
00060
00485
00070
00163
01386
01123
00473
00032
00806
00425
01351
01208
01216
01151
00419
00668
01281
00711
00366
01335
00034
00612
00295
00353
01367
00367
00900
00045
01251
00679
00982
00912
01349
00468
01035
00041
01368
01289
00172
01239
01321
01315
00975
00508
01057
00794
00767
00324
00634
00228
00591
00953
00623
00960
00158
00799
00940
01101
00515
01071
00196
00072
00826
01274
00105
01372
00095
00780
00261
00241
01183
01098
00768
00475
01287
00745
01043
00190
01116
00573
01136
01155
00104
00770
01277
01050
00974
01235
00181
00300
00501
01276
00686
00907
00049
00310
00594
00400
01359
00775
01237
00961
00878
01140
01085
00421
00587
00052
00624
01117
00605
00865
00135
00361
00176
00406
00655
00068
00053
00736
00848
00406
00742
01354
01287
00908
00510
00577
00510
00925
00519
01392
00908
00875
00853
00409
01383
01092
01200
00433
01340
00813
00128
00647
00601
00450
01201
00385
00347
00164
00181
01378
00841
00463
00528
00956
01241
00023
00271
00830
00152
00119
00778
00178
00517
00189
00993
00510
00167
00637
00834
00220
00573
00961
00952
01320
01148
00674
00303
00366
00219
01213
00692
00190
00218
00389
01378
00101
00817
01297
01159
00609
00157
00297
00013
00856
00277
00610
00164
00062
01163
00420
00340
00769
00277
00861
00817
00474
00619
00028
00471
01347
00692
01179
00821
00071
01281
00890
01022
01258
01363
01100
00154
00103
00080
00440
01099
00544
00512
01215
01275
01317
01054
01028
01019
00228
00009
00933
01366
00993
01139
00925
