00977
00337
00757
00705
00777
00883
00532
00078
00617
00310
00386
00602
00363
00300
00272
00281
00784
00980
00094
00800
00534
00311
00559
00007
00176
00579
00988
00935
00880
00789
00679
00893
00435
00171
00998
00062
00841
00688
00322
00374
00479
00296
00212
00601
00835
00379
00947
00930
00564
00711
00172
00433
00507
00853
00214
00863
00377
00942
00032
00446
00999
00303
00090
00796
00956
00487
00029
00102
00623
00497
00440
00984
00977
00140
00744
00914
00621
00912
00498
00415
00343
00812
00440
00999
00647
00667
00303
00876
00697
00460
00105
00266
00458
00376
00891
00152
00824
00343
00205
00139
00958
00835
00345
00689
00403
00094
00370
00298
00094
00072
00890
00043
00408
00616
00840
00573
00734
00819
00189
00122
00114
00339
00249
00207
00077
00191
00119
00429
00987
00656
00906
00018
00314
00659
00450
00301
00320
00706
00230
00806
00497
00422
00263
00387
00850
00663
00223
00511
00765
00291
00837
00676
00681
00637
00374
00458
00405
00933
00786
00224
00297
00630
00432
00567
00760
00700
00246
00431
00854
00356
00137
00736
00667
00102
00949
00210
00113
00205
00065
00192
00623
00279
00123
00303
00994
00311
00676
00725
00853
00208
00191
00901
00805
00028
00555
00215
00620
00835
00730
00555
00608
00495
00429
00134
00494
00324
00767
00205
00376
00925
00139
00838
00129
00505
00242
00703
00897
00221
00261
00022
00586
00131
00075
00879
00053
00800
00791
00868
00897
00611
00538
00662
00153
00288
00352
00962
00185
00653
00906
00655
00805
00996
00887
00740
00934
00703
00319
00663
00274
00282
00446
00319
00310
00010
00378
00299
00667
00484
00737
00771
00627
00264
00137
00252
00390
00843
00789
00346
00789
00116
00841
00429
00522
00518
00427
00494
00258
00692
00646
00419
00313
00516
00436
00606
00840
00178
00839
00516
00941
00381
00532
00105
00871
00894
00620
00624
00363
00252
00040
00896
00128
00637
00545
00491
00325
00943
00106
00592
00418
00333
00178
00864
00561
00421
00546
00053
00002
00646
00151
00606
00309
00390
00404
00616
00576
00017
00607
00759
00117
00335
00254
00882
00398
00004
00086
00276
00896
00067
00648
00846
00249
00372
00312
00369
00808
00138
00404
00586
00040
00378
00765
00831
00344
00965
00677
00462
00914
00446
00749
00132
00302
00967
00785
00002
00514
00214
00995
00868
00280
00525
00209
00580
00268
00759
00860
00051
00752
00510
00230
00375
00958
00626
00495
00344
00522
00492
00099
00853
00770
00728
00347
00644
00826
00577
00679
00246
00384
00238
00901
00168
00097
00746
00537
00822
00966
00074
00770
00002
00743
00175
00908
00218
00930
00771
00062
00856
00983
00440
00762
00731
00475
00620
00565
00666
00087
00633
00315
00761
00733
00281
00576
00804
00015
00406
00581
00040
00067
00199
00637
00073
00527
00735
00138
00486
00885
00208
00209
00305
00883
00469
00031
00650
00050
00173
00350
00147
00872
00482
00937
00398
00388
00697
00320
00315
00670
00397
00959
00990
00456
00228
00313
00109
00141
00483
00973
00590
00765
00813
00634
00023
00978
00414
00781
00120
00914
00207
00179
00298
00329
00834
00941
00219
00122
00812
00208
00801
00137
00594
00013
00404
00657
00900
00844
00785
00925
00559
00783
00040
00949
00455
00606
00959
00503
00001
00407
00615
00471
00230
00168
00340
00549
00811
00395
00539
00418
00341
00636
00252
00262
00843
00586
00142
00856
00276
00424
00065
00083
00431
00374
00415
00866
00193
00353
00804
00936
00440
00499
00157
00278
00558
00288
00365
00090
00426
00671
00177
00920
00769
00842
00445
00072
00626
00090
00536
00315
00998
00465
00395
00611
00390
00653
00343
00559
00583
00174
00835
00991
00152
00573
00101
00546
00236
00544
00368
00234
00331
00606
00083
00441
00627
00476
00075
00106
00123
00377
00142
00910
00328
00740
00208
00417
00257
00320
00748
00840
00093
00170
00712
00730
00093
00231
00378
00064
00395
00436
00401
00010
00801
00827
00676
00664
00023
00342
00551
00649
00844
00468
00093
00396
00285
00389
00591
00569
00396
00116
00985
00162
00496
00208
00342
00267
00962
00870
00938
00507
00768
00663
00837
00190
00186
00258
00920
00521
00833
00006
00864
00650
00695
00029
00391
00825
00098
00248
00193
00678
00699
00451
00900
00960
00371
00509
00465
00759
00076
00975
00056
00168
00341
00190
00104
00747
00528
00383
00355
00377
00734
00742
00287
00247
00170
00898
00681
00386
00354
00336
00061
00006
00529
00347
00400
00015
00418
00949
00022
00051
00655
00957
00144
00370
00520
00661
00533
00290
00528
00094
00505
00772
00600
00122
00795
00157
00487
00982
00440
00618
00737
00130
00197
00219
00875
00879
00801
00154
00753
00204
00761
00017
00239
00420
00357
00821
00668
00231
00088
00618
00917
00651
00006
00028
00750
00943
00502
00848
00498
00869
00398
00773
00835
00234
00149
00411
00221
00819
00787
00750
00493
00389
00445
00558
00056
00136
00717
00022
00918
00697
00039
00590
00765
00579
00702
00312
00489
00433
00332
00924
00273
00043
00688
00664
00645
00131
00450
00360
00683
00067
00266
00965
00489
00116
00671
00709
00389
00445
00955
00072
00305
00870
00971
00114
00898
00504
00517
00009
00567
00804
00314
00653
00886
00804
00219
00766
00610
00210
00847
00927
00641
00995
00138
00910
00946
00879
00394
00460
00620
00904
00763
00055
00521
00940
00810
00817
00665
00752
00943
00509
00635
00379
00627
00702
00206
00277
00825
00996
00134
00586
00561
00284
00210
00455
00535
00018
00722
00496
00827
00502
00838
00763
00009
00896
00698
00853
00656
00769
00462
00582
00248
00008
00145
00419
00916
00373
00645
00289
00248
00445
00389
00313
00924
00459
00452
00940
00285
00456
00151
00412
00285
00758
00026
00404
00577
00142
00753
00869
00737
00884
00780
00718
00708
00948
00078
00632
00073
00684
00015
00691
00290
00142
00004
00200
00043
00480
00008
00053
00129
00097
00613
00182
00405
00722
00451
00542
00599
00742
00409
00585
00887
00200
00897
00581
00503
00960
00340
00269
00693
00257
00535
00737
00045
00714
00990
00214
00850
00999
00949
00245
00453
00123
00030
00515
00014
00212
00388
00093
00535
00635
00190
00029
00385
00255
00023
00861
00045
00661
00706
00447
00877
00454
00410
00006
00003
00893
00440
00013
00935
00347
00630
00346
00910
00841
00184
00671
00077
00425
00954
00461
00829
00930
00740
00045
00065
