01176
00927
01113
01027
01180
00388
01187
00449
00309
00528
01110
00927
00834
00421
00496
00527
00507
00718
00054
00603
00026
00344
00049
00039
00103
00398
00889
00822
01183
00332
01036
00473
00240
01141
00218
00306
00867
00576
00544
00055
00615
01085
00096
00529
00886
00390
00249
00516
00902
00608
01000
00105
00062
01185
00923
00887
00226
00907
00429
01057
00622
01062
01188
00488
00939
00380
00259
00065
00609
00958
00955
00530
00505
00500
00693
00565
00924
00994
00133
00751
01038
00374
00972
00842
00417
01149
01180
00975
00808
00501
00552
00527
00713
01085
00280
00464
00045
00665
00694
00597
00791
00050
01176
00422
00414
00522
00218
00959
01097
00253
00887
00564
00694
00163
00036
00034
00999
00962
00761
00641
00442
00128
00861
00694
01188
00198
00253
00948
00969
00960
00056
00962
00730
01120
00682
00328
00059
00051
00019
00499
01056
00299
00707
00520
00884
00012
00965
01013
00997
00082
01173
00435
00031
00879
01103
00920
00595
00259
00006
00009
00372
00180
00317
00380
01087
00269
00549
00635
00404
00082
00244
00852
01077
01185
00894
00366
00585
00148
01123
00295
01022
01123
00021
01128
00585
00103
00116
01002
01131
00185
00631
00225
00754
00537
00649
01030
00872
00091
00894
01187
00924
00699
00657
00312
01036
00337
00651
00570
00716
00848
00098
01067
00917
00408
00748
00037
00797
01179
01134
00367
00830
00557
00453
00306
01078
00516
00512
00438
00379
00687
00616
01141
00953
00387
01118
00817
01129
00256
00911
00929
00623
00435
00166
00470
00608
00149
00142
00540
00270
00848
00402
01181
00802
01025
01012
00863
00693
00745
01094
00158
00379
00013
00344
00116
01052
01070
00718
00836
01088
00755
00349
00854
00039
00178
00035
01100
00354
01053
00224
00595
01025
00937
00356
00070
00298
00282
00310
00957
00611
00491
00623
01090
00684
00809
00481
00532
00572
01007
01159
00244
00438
00556
00634
00749
01047
00544
00268
00545
00719
01158
00373
01166
01178
00251
00184
01055
00906
00045
00130
01103
00435
00062
00590
00968
00418
00824
00119
00777
00875
00202
00379
00167
00062
00177
01113
00986
01108
00194
00023
00408
00268
00435
01058
00639
00525
01113
00434
00652
00903
00588
00873
00297
00778
00967
00633
00498
00466
00684
00239
00728
00014
00708
00112
00847
00300
00900
00622
01106
00706
00379
00726
00006
00443
00184
00090
00044
00349
00808
00390
00672
00147
00237
00385
00063
00188
00186
00434
00037
01070
00794
01132
00500
01064
00961
00712
00481
00708
00859
00862
00440
00085
00928
00367
01007
01122
00441
00689
00536
00158
00492
00536
01105
00852
00514
00286
00053
00524
00762
00591
00533
00556
01127
00803
00385
01166
00404
00600
00752
00442
00760
00668
00720
00080
00357
00020
00135
01092
00570
00924
00328
00518
00984
01100
00497
01164
01121
00034
01024
00575
00636
00626
00726
00415
00757
00007
00180
00020
00530
00276
00770
00018
00945
00396
00511
01080
00140
01194
00370
00773
00831
01102
01038
00823
00144
00181
00501
00881
00172
00564
01123
00584
00819
00048
00379
00715
00586
00716
01168
00029
00126
00704
00329
01089
00104
00931
00023
01072
00124
00661
00883
00777
00219
00652
00000
01126
00073
00169
00336
00806
00553
00789
00339
00173
00644
00237
00970
00900
01144
00647
00505
00270
00205
01120
00874
00185
00787
00036
01150
00781
00839
00249
00623
01060
00644
00393
00034
00886
00999
00970
00216
01040
00987
00731
00787
00048
01058
00621
00965
00287
00693
01099
00131
00187
00034
00248
00553
00448
00405
00484
00792
00547
00914
00426
00586
00027
00318
01001
00662
00140
01037
00045
01119
00897
00229
00330
00423
01189
00850
00548
00640
00846
00819
00493
01155
01127
00802
01100
01018
00457
00529
00422
00151
00277
01040
00092
00904
00576
00683
00161
00306
00636
00783
00358
00810
00510
01069
00852
00163
00561
01063
00742
00993
00231
00056
00800
00412
00951
00032
01039
00048
00552
00989
00175
00497
00456
00629
01123
00076
00281
00512
00516
00377
00985
00642
00921
01181
00172
00694
00368
00395
00328
00150
00646
00458
00285
00151
00857
01090
00319
00481
01111
00592
00865
00108
00386
00394
00512
00118
00707
00732
00377
00785
00503
00032
00392
00522
00410
00187
00862
00291
00143
00612
00382
00355
00154
00353
00500
00275
00250
01034
00066
00393
00342
00190
00969
00993
01139
00804
01056
00183
00143
00810
00500
00546
00285
00937
00988
00522
00669
00826
00136
00586
00103
01057
00998
00385
00532
01127
00256
00370
01178
00967
00309
00075
00626
00270
00466
00610
00967
00373
00525
00891
00381
00794
00878
00231
00523
01146
00043
00743
00550
00044
00190
00014
00188
00647
00165
00164
00986
01059
00757
01175
00250
01133
00876
01195
00045
00420
00722
01122
00993
00400
00843
00807
01167
00402
00924
00276
00436
00678
00039
00884
00873
00838
01060
00019
01153
00648
01038
00545
00846
00728
00360
00261
00513
00768
01066
00238
00652
00179
00748
00645
00917
01065
00781
00190
00490
00788
00688
01054
00556
00370
00868
00310
00634
00043
00703
00845
00970
00122
00518
00716
00565
00105
00620
00786
00848
00885
00452
00584
01091
00768
00724
01183
00424
00773
00104
00757
00178
00742
00352
00279
00680
00369
01000
00304
00732
00513
00466
00000
00476
00993
00161
00440
00292
00171
00772
00353
00013
01135
01054
00956
00150
00927
00382
00276
01038
00375
00448
00224
00699
00794
00383
00708
00251
00855
00453
00151
00084
01114
00080
00704
00314
01071
00339
00137
00781
00178
00902
00502
00299
00546
00539
00383
00185
00244
01071
00472
01050
00915
00184
00705
01001
00740
01137
00138
00793
00856
00751
00207
00727
00651
00655
01185
00136
00746
00207
00292
00197
00417
00389
00981
00415
00322
00416
00068
01008
00898
01065
00671
00704
00877
00485
00671
01024
00922
01018
00011
00823
00985
00891
00570
00087
00232
00786
00887
00539
00709
00473
01165
01007
01070
00230
01137
00620
00772
00448
00511
00351
00238
00898
01133
00388
00522
01003
00124
00788
00030
01134
00428
00280
00525
00029
00879
01145
00709
00318
00022
00054
01156
00055
00359
00561
00059
00155
01152
00615
00507
00657
00646
00889
00268
00397
00662
01035
00493
00109
00268
00457
00469
00466
00994
00209
00840
00425
00144
01137
00037
01109
00562
00734
00556
00891
00071
00654
00333
00474
01061
00723
00219
01188
00890
00052
00336
00158
00814
00345
00314
00496
00036
00578
00083
00921
01183
01077
01022
00930
00689
00067
00269
00829
00943
00742
00336
00506
01120
00137
00264
00677
00180
01044
00969
00240
01090
00082
00814
00937
00313
00049
00758
01047
00936
00901
00908
00214
01049
00441
00628
01117
00055
01027
00257
00136
00673
00979
00468
00919
00311
00808
00815
01074
01185
00447
01048
00935
00335
01033
00489
00498
00155
00455
00532
00712
00491
00068
00179
00223
00594
00896
00941
00189
00406
01173
00469
00636
00060
00120
00253
01063
00959
01053
01128
00852
00032
01079
00972
00654
00696
00523
00150
00013
00760
00735
00216
00788
00785
01029
00141
00471
00272
00430
00126
00311
00129
00765
00301
00828
00036
00441
00525
00830
00509
00110
00629
00703
00309
00864
00842
00824
00623
00013
00665
00303
00773
00542
00662
00578
00240
00442
00814
00803
00710
00200
00665
00703
00957
01102
00988
00188
00846
00795
00123
00047
00485
00525
00299
00328
00437
00975
00820
00923
00168
00963
00678
00715
00756
01160
00323
00404
00761
00184
01178
00149
01079
00769
00532
00249
00029
00126
00535
00625
01036
00433
01032
01119
00586
01167
00221
00721
00994
00088
00688
00312
00968
00945
00736
00613
00218
00144
00866
