01110
01527
01104
00152
00912
01425
01271
01316
00658
00675
01171
00615
01450
00404
00092
00100
00384
01516
01090
01045
01559
00108
00637
00344
00562
00520
01026
00630
01299
01026
00593
01168
00607
00932
00491
00424
00285
01434
01442
00905
01501
01386
00072
00084
00501
01488
00073
01449
01447
00122
00213
01006
00286
01180
01589
01535
01495
00497
00767
00242
01309
00016
00101
00709
00748
01255
00103
01575
00631
00726
00553
01311
01285
00106
01567
00093
01462
00116
00100
00476
01572
01477
00874
00752
00485
00905
00844
00561
00812
00126
01408
00516
01231
00655
01576
01347
00483
01361
00775
00584
00515
00025
01552
01563
01584
01271
00346
01077
00082
01364
01265
01201
00285
00868
01222
01550
00591
00391
01222
00099
00341
01090
00520
01504
01165
00340
00927
00188
01063
00632
00527
00896
00037
00119
00925
00624
01345
01510
00511
01233
01581
00451
00691
00732
01589
00616
01196
00061
01025
00298
00998
00200
00246
00913
00987
01017
00637
00499
00334
00870
01051
01391
00324
01475
00511
00067
00274
00210
00987
00587
01426
00101
00554
00919
01455
00593
00079
00551
00032
00945
01182
01093
01010
00916
00948
01023
01533
00324
01408
00192
01208
00116
00997
00587
00617
01093
00824
00723
00501
01141
01380
00505
00789
01444
01261
00290
01577
01284
00657
00308
01190
01117
01162
00878
00044
00059
01137
01506
00563
00117
00252
01487
00547
00666
01448
00031
00130
00569
00882
00121
00071
01485
00511
00452
01486
00835
01179
00378
00293
00298
00030
00356
00963
00566
01003
01399
01112
01265
00146
01547
00064
00639
00725
01332
00209
01036
01544
00575
01043
01172
00145
00011
01487
00846
01551
00577
00960
01462
01111
00497
00807
00886
00922
00522
00826
01392
00098
01078
00956
00362
00315
01424
01256
01495
00942
01027
01351
00574
01193
00832
00801
00201
01146
00091
00848
00876
00698
01475
00047
00176
01287
00156
00498
01051
00809
00891
01488
00446
00150
01469
00026
00603
00016
01540
00175
00112
01324
00015
01480
01189
01135
00309
01135
00333
00593
00958
00845
00860
01123
00478
01248
00294
01100
00207
00587
00016
00175
00650
01351
00085
01512
00545
00056
00823
00630
00188
00538
01344
00627
01390
01114
00115
01533
00883
00449
01364
01273
01416
01419
01489
01390
01063
01558
01164
01036
00478
01142
00710
01488
01163
00677
01001
01599
00310
01496
00433
00463
00715
01388
01401
00037
01074
01407
00670
00953
00909
00924
00594
01111
00461
01294
01087
01022
00626
00981
01493
01067
00669
00183
00370
00944
00979
00237
00685
01085
00976
00062
00191
00832
01029
00234
01103
01577
00049
01084
00729
01222
00599
01538
01466
01550
00161
00665
00218
00121
00913
01506
00502
01036
00864
00849
01033
00691
00629
00548
00982
00390
01091
01328
00981
00942
01599
00918
00503
00353
01405
01045
01048
00968
01190
00250
00513
00194
00216
01586
01430
01346
01306
00256
00226
00404
00314
00905
01021
00701
00006
01228
01240
01599
01059
01328
00805
00315
00333
00374
00357
01521
00683
01230
00015
00547
01102
01349
00986
01497
01222
00027
00552
01405
00801
00371
00335
00422
01409
01251
00324
00498
00985
00683
01574
00076
01220
01027
01317
00973
01409
01357
00845
00894
01487
00490
01139
00060
00353
00425
00698
00628
00255
00153
00514
01486
00761
00447
01134
00295
00776
00035
01489
00118
00770
00773
00949
01488
01273
00429
00007
01222
01010
01376
00930
00364
01533
01326
00758
01525
01270
01448
01557
01146
01558
01584
00026
01305
01142
01257
00054
00058
00098
00909
00280
00173
00790
00604
01464
00175
00920
01202
01409
01036
00113
00242
00665
00478
00841
00094
01358
00627
00094
00969
01054
01420
01505
01443
00227
01474
01517
00691
01561
00068
00868
01444
01422
00059
01256
00502
01509
01358
00819
00661
00326
00705
00468
01223
01573
00312
00391
00766
00942
00154
00495
00077
01354
01489
01266
00120
00593
01581
00753
00676
01356
00552
01123
00941
00101
00900
00589
01110
00174
00657
00992
01307
00842
00907
01070
00355
01212
00863
00074
01105
00266
01102
01212
01594
00717
00299
00798
00945
00216
00382
01495
00893
01347
01355
00497
00236
00147
01260
00344
01473
00327
01307
01137
00264
00961
00716
00916
00267
01231
01527
01320
00413
00534
01587
00666
00403
01498
01534
00634
00595
01196
00409
00946
00900
00113
00912
01251
00421
01226
00472
01053
00633
00805
00464
00123
01184
00672
00234
00473
00066
00917
00547
00564
00868
00390
01518
00156
01372
00422
00431
01304
00353
00002
01186
00214
00060
01482
00028
00461
00795
01472
01386
00433
00580
00252
01174
00210
00295
01241
01544
01554
01228
00448
01416
01281
01003
00143
01313
00151
00474
01573
00225
00397
00161
01229
00382
00408
01577
00260
01043
01283
01235
00616
01351
01383
00102
00192
01422
01354
00928
00226
01545
01170
01005
00965
00521
01572
01525
01059
00049
01246
01488
00266
00697
00365
01109
00704
01039
01227
00592
00721
00984
01432
01553
00311
00596
00276
00929
01444
00095
00119
01168
00686
00467
00749
00682
01367
00011
00817
00712
00120
00195
01541
00898
00394
00027
00459
00322
01425
00058
00324
00052
01446
01231
01442
00857
00607
00499
00971
00763
00669
00490
01581
01595
00241
00201
00120
00646
00875
00753
00317
00102
00833
01017
01249
00180
00153
01578
00957
01452
01331
00163
00150
01049
00118
01245
00884
01263
00662
00969
01377
01015
00094
00662
00703
00357
00991
01423
00454
01477
00757
00800
01114
01428
00242
01336
00069
01131
01514
00714
01430
00982
00987
01455
00981
00899
00886
00166
01505
00214
01422
01403
01384
01433
01052
00837
01539
00209
00877
01224
00492
01132
01321
01467
00349
00982
01472
01445
00134
00682
01522
01057
00745
00326
00827
00704
01366
01207
01562
01229
00446
00787
00061
01003
00695
01318
00075
00155
01355
00260
00909
00538
00317
01598
01338
01511
01497
01007
00093
01186
00183
00118
01061
00528
00716
00062
00969
01595
01260
01592
01046
01399
01120
00106
01558
00831
00991
00289
00990
01277
01581
00578
01333
00680
00909
01599
00220
00904
00548
01061
01343
00085
00108
00721
00886
00829
00721
00963
00888
01541
00940
00906
00285
00071
01113
01055
00333
00409
01271
00014
01162
00334
01147
01487
01112
00470
01009
00115
00581
00577
01233
01466
00856
00736
00826
00513
00858
01356
01037
01432
00059
01344
00681
00946
00163
00737
00254
00694
00663
00927
00336
01586
00003
00371
01034
00239
01194
01032
00252
00223
00935
01014
01587
00307
01054
00809
01204
00841
01413
00288
00084
00963
00777
01362
00439
00819
00926
00171
00163
01266
01062
00179
00704
01296
01533
01296
01454
00933
01503
00162
00067
01414
00310
00396
00544
00851
00388
00851
00943
01198
01002
00798
00891
00262
01555
00029
00747
00401
00512
01031
01500
00472
01392
00251
00026
01132
00619
00328
00507
01590
01515
01544
01241
00812
00040
00103
00746
00928
01599
00705
00446
00434
00254
01001
01556
01446
01230
00007
00984
01040
00509
00985
01405
01324
01128
00666
00755
01354
00705
01535
01413
00742
00195
01310
00850
00022
01135
00170
00870
01372
00833
01433
01589
00219
00308
00678
00243
01063
00111
01138
00083
00565
00395
00838
00538
00113
00321
00499
00734
00687
01589
00986
00672
01465
00537
00712
00963
01543
00383
01401
00297
00268
00512
01342
01449
01581
01346
01017
01134
01164
01192
01220
00879
01027
01244
01201
00262
00173
00754
00172
01200
00222
00057
01277
00352
01074
01251
00042
01152
00259
00462
01337
00389
01588
00366
01235
00557
00490
00153
01540
01176
00219
00687
00735
01152
01406
00932
00895
00919
00098
01132
00808
00124
00155
00642
01291
00793
01238
00660
01448
00475
00462
00654
00974
01295
01495
00577
00894
00726
01048
01008
00878
01476
00726
00631
00809
00091
00299
00665
00659
00095
01301
00804
00907
00598
00042
00643
00617
00094
00426
01440
01062
01578
01005
00307
00091
00731
01467
01132
00098
00055
00698
01145
01369
01032
00962
00436
01221
00403
00269
00685
00146
01204
00586
01487
01208
01299
01552
01137
01402
00133
00175
01275
00521
01409
00355
01395
00581
00892
00418
00419
01379
00548
00724
01385
00297
01590
00035
00923
00726
00573
01320
00212
00800
01320
00900
01568
00149
00134
01424
01088
00675
01248
00172
00602
00499
01395
00308
00448
00687
00520
00401
01115
00741
00114
00427
01203
00323
01508
00316
00158
00066
00236
00000
00964
00544
00720
00521
01290
01157
01283
01582
00227
01543
00708
00419
01263
00329
01300
00420
00206
00894
00658
01356
00390
00651
01332
00834
00205
00843
01188
00786
00371
01004
01397
01370
01454
00502
01344
00795
00836
00620
01311
00239
00783
00011
00645
00026
01520
00687
00377
00632
00339
00725
00237
00982
01562
01467
01599
01053
00296
00036
00523
01001
01421
01016
00811
00889
01481
00007
01228
00126
00703
00110
01134
00278
01143
00530
01079
01298
01104
01418
01013
00371
00832
00793
01455
00372
00073
00280
01382
00833
00251
00947
00749
00581
00480
00010
01058
01441
00327
01463
00264
01528
00240
00687
00002
00359
01553
01409
01454
01042
01475
00828
00220
01498
01548
00750
00618
00298
00713
01030
00126
00433
00888
00411
00670
01258
00096
00837
01583
01110
01373
00489
00456
01548
01164
00275
01138
00102
00143
00060
01214
01309
00445
00362
00003
00175
00489
01207
01587
00380
00205
01257
01241
01521
00340
00704
00946
00155
00449
00655
00933
00349
00447
00066
00927
01469
01477
00702
01231
00216
00869
01510
00187
00310
00882
00249
01534
00440
00204
01496
00286
00942
01354
01125
01358
01221
01218
00648
00381
00221
00695
00651
00600
00697
00544
00165
00227
00400
00785
00020
00559
01216
00457
00547
00313
01186
00343
00075
01311
00632
00681
00886
00512
00451
01202
00798
00814
01202
00631
00020
01042
00756
00055
00733
01117
00046
01013
00375
00359
01417
00611
01081
00550
00674
00300
00024
01291
01125
00222
00646
00316
01588
00243
01012
01450
00512
01531
01273
00848
00443
01063
00331
00583
00868
00884
01449
01159
00257
01457
00475
00830
01451
00047
00849
00710
01347
01157
01449
00199
01155
00253
00908
00297
00495
00287
01464
00307
01577
00151
