00760
01058
00841
00331
00393
00831
00773
00346
00073
01194
01084
00863
00195
00624
01188
00327
00523
00554
00959
00327
00247
00175
00740
00368
01162
00199
00662
00657
00270
00730
00366
00150
00844
00182
00857
00303
00507
00048
00944
01051
00948
00194
00912
00099
00910
01042
01142
00563
00810
00035
01113
01123
00093
00148
00771
01156
01157
00151
00285
00101
00186
00797
00566
00133
00307
00268
00528
00115
00018
00962
00296
00706
00909
00675
00496
00664
00986
00478
00394
00486
00966
00383
00979
00161
00674
00205
01081
00302
00778
00227
00619
00637
00355
00124
00252
00684
00337
01079
00403
00701
00962
01083
00370
00370
01163
00259
00832
01060
00092
00426
00085
00354
00994
00530
00402
00455
01002
00142
00619
00964
00445
01120
00018
00621
00620
00813
00353
00704
01113
00428
01044
01119
00239
00189
00480
01071
01040
00614
00052
00361
00553
00521
00139
00941
00803
00689
00186
00791
00665
00811
00012
01146
00129
00594
01000
00248
00089
00546
01083
00932
00736
00894
00024
00574
01166
00942
00233
00253
00544
00832
01024
00156
00068
01022
00926
00939
00717
00784
00943
00102
00020
00088
00416
00546
00763
00972
01135
00803
00479
00977
00014
00156
00090
00434
01027
00446
00689
00256
00222
00881
00433
00147
00871
00864
00193
00143
00948
00558
00548
00290
00373
00007
00701
00473
00076
01026
00895
01059
00828
01138
00896
01181
00925
00188
00074
00652
01016
00195
00094
00457
01157
01118
00389
00358
00911
00891
00068
00959
01121
00716
01131
00572
00672
00992
00634
00962
00116
00925
00416
00138
00387
00457
00402
00409
00636
00856
01109
01198
01165
01184
00776
00411
00882
00536
00336
00011
00907
00335
00689
00529
00488
00873
00822
00161
00899
00563
00942
00408
01194
00792
01011
00037
00568
00668
00760
00667
01087
00517
00862
00559
01061
00858
00131
00716
01192
00740
01096
01062
00254
00049
00077
00315
00813
00071
00459
00437
00948
00149
00013
00541
00660
00773
00476
00410
00047
00638
00662
00870
00027
00774
01162
00321
00099
00325
00675
00367
00827
01061
01055
00812
00925
01093
01178
01072
00469
00300
00172
00222
00565
00858
00667
00230
00598
00874
00990
00698
00940
00676
01152
01198
00388
00272
01069
00088
00077
00261
00940
00071
00592
00735
00729
00833
00333
00302
00846
00756
00307
00779
00429
00989
00812
01046
00525
00615
00915
01146
00238
00620
00387
00962
01114
01159
00461
00597
00539
00265
00853
00973
00643
00442
00298
00534
01003
00392
00624
00737
00380
01179
00108
00424
00724
00361
01051
00684
00277
01060
00079
00426
01008
00401
00135
01100
00921
00213
00282
00763
01191
00408
01168
00307
01050
00395
00205
00991
00793
00869
00075
00947
00536
00393
00723
00200
00931
00020
00999
00193
01161
00898
00879
00301
01095
00112
00286
01030
00031
00860
00688
00278
00518
00664
00850
00937
00279
00110
00014
00221
00663
00669
00338
00229
00374
00178
00604
00382
00878
00146
00916
01129
00492
00243
00742
00503
00904
00922
00298
00307
00706
00463
00706
01016
00763
00046
00991
00115
00301
00166
00720
00052
00232
00356
00809
00734
00554
01082
01004
01022
00122
00584
00070
00568
00482
01116
00344
00652
00118
00886
00896
01080
00581
00916
01108
00327
01019
00461
00635
00455
00560
00441
01064
00328
00961
00317
00724
01185
00025
00293
00534
00364
00443
00169
00913
00609
00783
00338
00746
01121
00551
00262
00533
00249
00396
01182
00587
00870
00106
00889
01034
00903
00469
01050
00585
01086
00678
01181
00870
01073
00118
01127
00383
00765
00853
00394
00361
01130
00215
00391
00736
00089
01101
00158
00715
01129
01083
00066
00763
00521
01019
01192
00560
00073
00590
00141
00296
00313
00554
00151
00405
00083
00420
00724
00298
00276
00347
00735
00562
00245
01007
00769
00556
00376
00028
00707
00391
00974
00967
00130
00854
00437
00611
01067
00848
00159
00128
00310
01080
00302
00914
00528
01027
01195
00217
00144
00219
00357
00002
01067
00831
00471
00329
00498
00836
00178
00761
00873
00477
00106
00114
00179
00482
00237
00182
00617
00720
00493
00592
00921
00829
00111
00465
00715
00070
00492
01017
00303
00087
00725
00750
00482
00182
00707
00795
00784
00284
00364
00104
01043
00961
00738
00562
00041
00179
00549
00808
01187
00114
00505
00753
00106
00604
00370
00316
01133
01168
01179
00262
00693
00145
00167
00786
00649
00793
00559
00200
01037
00359
00473
00525
00837
00103
00314
00282
00616
00844
00930
00588
01056
00284
00421
00743
00253
00072
00826
00615
00153
00790
00541
00165
00934
00062
01151
00579
00692
01101
00781
00372
01023
00953
01182
01099
00756
00690
00005
00814
00980
00001
00839
00422
01138
00800
00454
00550
01142
00277
00636
00134
00948
00397
00547
00811
00614
00721
00145
00452
00438
00279
00962
00068
00552
00647
00685
00391
01012
00312
00184
00514
00497
00695
00936
00700
00653
00435
00544
00243
00665
00696
00074
00124
00017
00807
00372
01179
00042
00542
00082
00971
01188
00313
00034
00474
00366
00612
00172
00932
00824
01179
00887
00699
00532
00801
01145
00928
00502
00937
00135
00240
00283
01157
00058
00398
00613
01097
00051
00745
00980
00458
01189
00777
00577
00696
00720
00972
01188
01013
00670
00439
00469
01009
00822
00155
00783
00852
00879
00022
00048
00342
00702
00419
00974
00095
01104
00159
01060
00662
00947
00681
00329
00104
01198
01173
00225
00952
01153
00380
00717
00637
00296
00868
00478
00700
00105
00568
00519
00658
00684
00532
00128
00622
00474
01167
00679
00554
00942
00388
00353
00100
01001
00671
00366
00205
01154
00529
00058
00077
00938
00880
00383
01024
00524
00031
00056
00753
00483
00181
00369
00130
00551
00028
00250
00773
00943
00872
00314
01178
00266
00033
00176
01014
00313
00143
00853
00748
01060
00674
00749
00426
00236
00267
00781
00899
00656
00139
00982
00452
01162
01046
00671
00534
00833
00130
01025
00351
00561
00098
00955
00580
00407
00810
01126
00127
00182
00974
01075
00137
01048
00987
00689
00549
00686
00018
00091
01113
00744
00684
00285
00185
00096
00063
00391
01122
00544
00796
00090
00528
00564
01057
00079
00748
00058
00306
00215
01093
00342
00767
00397
01081
00994
00017
00776
00929
01155
00263
00668
01015
00742
00248
00112
01156
00281
00532
00075
01018
00311
00940
00808
01051
00891
01066
01064
00901
00998
00189
00438
00282
00651
00597
00629
00224
00023
01192
01126
00369
00270
00847
01110
00384
01152
00801
01012
00617
01099
00217
00992
00259
00298
00774
00271
00790
00043
00351
00779
01027
00367
00817
00600
01140
00922
00294
00785
00400
01146
01060
00672
00491
00228
00367
00652
00280
00233
00044
00061
00092
00456
00067
00555
01025
00046
00527
00116
00755
00552
00534
01101
00186
00425
01120
01072
00117
00327
01062
00627
00287
00975
01176
00457
00513
00201
00730
00130
00852
00470
00060
01054
01073
01109
00245
00015
01111
00822
00731
00299
00535
00614
00162
00976
00255
01032
00863
01107
00898
01013
00359
00625
00241
00602
00617
00998
00008
00848
00244
00796
00231
00809
00134
01099
00011
00950
00515
00959
00217
00790
00798
00935
00886
00856
01175
00426
00694
00945
01041
00228
00047
00713
00622
00750
01001
00480
01194
01163
00132
00543
01041
00478
01126
00488
01086
00505
00576
00831
00145
01025
01019
00098
00795
00797
00148
00308
00921
00541
00946
00535
01003
00424
00112
00919
00080
01197
01003
00308
01136
01131
00329
00440
00165
01084
00580
01191
00679
00348
00706
00083
00755
00007
00690
01039
00871
00832
00213
00796
01100
00607
00711
01039
01057
00626
01001
00675
00720
00596
00668
01067
