01001
00255
01553
01053
01555
00343
01875
01657
00341
00316
00659
01480
00843
01393
01675
01807
00284
01726
00263
01719
00122
00433
00934
00945
00151
01475
01790
01670
01360
01644
01373
00503
01371
00021
00210
01603
00006
00208
01188
00079
00731
01305
01150
00112
00782
00503
00051
00892
01172
00367
00197
01084
01566
01418
00429
01878
01434
00403
00929
00718
00254
01511
01858
00167
01733
00033
01673
00152
00152
01290
00402
00169
00822
00614
01125
01128
01217
01665
01469
01749
01694
01664
00454
00866
01543
00892
00491
00485
01683
00960
01193
00436
01622
00308
00555
01278
00867
00211
00218
00047
01869
01271
00841
01035
01218
01657
00639
00117
00411
00862
01657
00187
00773
01768
00868
01629
00400
00869
00447
00894
00327
00370
01102
01316
01199
00279
01199
00028
00469
01275
00310
01550
01307
00810
00496
01883
01107
01738
01080
00093
01249
01574
00951
01085
01302
00664
00734
01833
01358
00859
01430
01888
01070
00777
00784
00629
01670
00498
01439
01428
01199
01100
01343
00216
01485
01228
00496
00856
01225
00751
01132
01669
00838
00942
00750
00140
00818
00032
01108
00538
00483
01477
00316
00988
01152
01524
01855
01685
00198
01779
00343
01875
00681
01671
00967
00061
00108
00547
00721
01520
00432
00666
01467
01438
00978
01009
00047
00320
00803
00531
00222
01752
01778
01751
01544
00137
01844
00668
01315
01779
00260
00785
01686
00232
01578
00484
00725
01873
00582
00229
00486
00111
00516
00340
01658
00534
00706
00303
00022
01572
00682
01791
00889
00251
00360
00786
01412
01664
00800
00945
01353
01439
01719
01268
01233
01332
00136
01851
01317
01133
01759
00638
01548
01270
00484
00177
00183
00979
00329
01261
00718
01328
00479
01226
01591
00559
01444
01625
00789
01392
01307
00467
00784
00817
00727
00237
00783
01542
00189
01452
00379
01499
00513
00312
00054
01417
00526
01449
00744
00795
00515
01521
00412
01089
00878
00345
01006
01212
01707
01004
00670
00918
00124
00126
01872
00137
01609
00087
00709
01607
00963
00090
01043
01680
00523
00753
01718
01807
01284
00863
00768
00952
00161
00217
00231
00279
01402
00648
00949
00262
00631
00304
01829
00593
01856
01689
01605
01383
00764
00906
01767
00242
01552
00854
00806
01864
00446
01444
00449
01344
01079
00952
01883
00336
01103
00189
00264
01685
01433
01702
01528
01118
00959
00028
01270
01782
01032
00981
00251
00675
00508
01710
00597
01312
01865
00360
00478
00171
00436
00194
00198
00926
00696
01096
00882
01045
01783
00951
01703
01683
00654
01724
00159
01750
01580
00088
00587
01812
01590
00714
00198
01277
00046
00980
00590
00712
00202
01468
00461
00286
01089
01469
00511
00514
01589
01683
00747
00070
01236
00169
00544
00431
01680
01775
01522
00555
01485
00060
01862
00100
00935
01568
00655
00262
01306
01151
01707
01183
00523
01277
00322
01439
01524
01091
00601
01326
00987
00697
00668
01386
01387
00490
01474
00050
00985
01516
01706
00125
00535
01709
01467
01230
00259
00406
01172
00388
01279
01792
00155
00473
01684
01841
00113
00887
01505
00280
00876
00746
01242
01277
00675
01143
01074
01303
01302
01039
00471
00690
00978
01729
01085
01521
00168
00245
00722
00481
01355
01144
00861
01581
01611
00681
00876
01462
00998
00686
00789
01494
01679
00869
00482
01884
00862
00456
01485
01879
00631
00355
00471
00139
00245
01697
01631
00059
00371
01457
01596
00409
00683
00262
00000
00444
01719
00719
01709
01112
00870
00361
01071
01791
00547
01260
01775
01362
01072
01392
00750
01298
00278
00641
01141
01217
00397
00470
00886
00332
00032
01055
00121
00698
01004
01386
00697
00064
00766
00580
00194
00673
00803
01470
01099
00730
01871
01142
01624
01022
01526
00037
00168
01768
01627
01266
01261
01334
01381
01297
00421
01374
00045
01787
00992
01760
01015
00113
00308
01410
00450
00188
01514
00003
01067
01215
00350
00228
00576
01004
00583
00270
01166
00870
00288
01714
00441
01365
01899
00994
00758
00296
01233
01804
00352
00944
00367
00738
01798
00685
00103
00444
01004
00950
00091
00388
01485
01542
00255
00419
01462
01190
00010
00840
00937
01823
01364
00514
01453
00940
00731
00815
00902
00381
01889
01730
01881
00854
00600
01897
00291
00319
00533
01160
01395
01631
00451
01701
01177
00153
00695
00377
01356
00295
00179
01505
00132
00328
00020
01467
01707
01899
00265
01835
00875
01730
01733
01545
01006
00803
00220
00341
01336
01824
01843
00062
01241
00662
01527
00609
00167
00346
00005
00273
01167
01755
01036
00209
01338
01029
01478
01038
00642
01079
01872
00471
01132
01777
01286
01412
00433
01692
01140
01046
01487
01054
01691
01600
00826
00435
00467
00927
01611
00407
00338
01256
01123
00651
00318
00036
00527
01570
00177
01045
00815
00288
00034
00187
01028
00048
00687
01383
00502
01836
00666
00607
00043
00307
00933
01460
00488
00348
00231
00578
00958
01046
01532
00221
00752
01435
01853
00073
00159
01867
01022
00639
00374
01593
00125
00187
00385
01121
01889
01030
00038
00832
00423
00765
01229
01657
00436
00529
01881
01587
01123
01199
00162
00837
01458
01688
00981
01722
01037
00981
00482
01808
01831
00140
00215
01218
01239
00102
00463
00023
01359
00686
01189
00343
00011
00040
00759
01538
01228
01332
01686
00996
01091
00298
00189
00791
00649
00137
01546
01836
01334
00568
00089
01861
01476
00144
00993
01640
00578
00966
00348
01061
01205
00758
00171
01286
00886
00896
00959
00440
00973
00487
01274
01012
00599
01215
01074
01579
01364
01789
00325
01642
00152
01778
01070
01090
00264
01536
01516
01851
01543
00425
00290
01085
00528
00558
00019
01276
00552
01765
01091
00233
00925
01700
00890
00810
00802
00525
00909
01059
00252
00791
01204
01376
00503
00726
01875
00567
00803
00247
01342
00710
00738
01080
00507
01582
00147
00839
00530
00403
00380
00338
00521
01140
01405
01250
00422
00315
00078
01501
00362
00486
00475
00619
00492
01233
01470
01497
00923
00784
01822
01010
01409
01070
00027
00486
01249
00803
01839
00404
01295
01491
01708
00396
01720
00680
01875
01682
01785
00294
00425
01871
01594
01272
01648
00757
00668
00698
01231
00703
00566
00073
00072
00167
01409
01434
00002
01812
01207
00382
00967
00885
01260
00097
00494
00023
00356
00335
00466
00943
01524
00048
00041
01671
00915
01392
00580
01206
01361
00034
01220
00832
00713
01374
00125
00652
00375
01494
00351
00071
01897
01470
01467
01530
01802
01341
01052
00331
00586
01064
01311
00809
00742
00489
01660
01712
00811
01140
00438
00377
00371
00598
00447
01224
00786
01403
00610
01525
00679
00904
01294
00793
00900
00171
01164
01108
00184
00474
00816
00615
00912
01438
01881
00720
01717
00816
00715
01636
01285
00927
00503
00858
01073
00829
00978
01390
01506
01077
01442
01000
00249
01110
01370
00786
01346
01849
01405
00438
00080
00044
01267
01701
01716
01603
01028
00353
01399
00977
01778
00369
00413
01813
01558
00506
00520
00172
00294
01287
00658
00234
00798
00123
00712
01348
00225
00552
00181
00920
01183
01160
01735
01276
00569
00307
01496
00082
01581
01099
00228
00281
00597
00696
01351
01758
01171
01168
00363
00506
00779
00307
01321
00711
01221
01513
01397
00187
01873
01049
00267
00488
01353
01858
00684
01254
00567
00774
01878
01263
00096
00426
00305
00744
00580
00896
00372
01150
00943
00444
00376
00964
00377
01018
00399
01773
00036
00698
01464
01578
01148
01138
00418
00541
00352
01821
01412
00489
00610
01101
00478
00334
01299
01659
00458
01085
00179
00983
00158
00385
00565
01403
00905
00805
01828
00812
01600
01334
00685
01091
01192
01106
01024
01583
00161
01751
01518
01168
01775
00762
01417
00086
00198
01302
00760
01632
01179
00309
00502
00983
00595
00239
00442
01403
00962
01838
01040
00160
00721
01799
01827
01431
00394
01246
01138
00356
01301
01554
00058
00368
00349
00964
01787
00583
01867
01461
01747
00911
01803
00383
01188
01569
01446
00844
01865
00974
01057
01799
00065
01071
01540
00789
00404
00586
01289
00143
00870
00076
00888
01898
00997
00243
01213
00120
01680
00981
00726
00022
00831
00792
01663
01012
01579
00209
01791
01752
01206
01032
00607
01751
00130
00009
01595
00826
00320
01813
01563
00809
01332
01836
00252
00691
01654
00451
01035
00045
01563
00360
01433
01569
01728
00917
01015
01891
01801
01582
00150
01191
01518
01219
01743
01370
00865
01021
01293
00972
01551
00826
01313
01115
01612
00612
01899
01733
00638
01795
00065
00640
01566
01751
00634
00178
01155
00520
01814
01317
00247
00134
01059
01129
01636
01137
00147
01501
00672
00465
00133
00861
01602
01835
01306
01458
00278
01720
00003
01004
01115
01372
01513
01372
00699
01831
00360
00741
00167
01780
01453
01689
01450
01195
00779
00522
00861
01181
00828
00424
00225
01043
00878
00647
01248
00216
01156
00353
00637
01447
01215
00876
01748
00269
00384
00438
00147
01512
00060
00059
01081
01218
00691
01732
01736
01730
00224
01315
00532
01884
01086
00870
01534
00852
00229
00437
01530
01735
01264
01416
01603
00395
00280
01074
00114
00490
01121
01425
01251
01790
01188
00550
01376
00893
01013
01250
01406
01462
01420
01182
00017
00964
00760
00528
00640
01124
00699
00286
00115
00882
01345
01460
01615
00118
01568
00584
01492
00087
00129
00946
00089
00965
01169
01227
01416
00037
00059
01178
00320
01077
01558
01516
01525
01263
01167
00109
00187
00638
00605
00152
00144
00656
00085
01441
00880
00053
00848
00499
00615
01825
01568
00609
00278
01620
00508
00778
00310
01254
00857
01168
00222
00137
00850
01566
00347
01056
00522
01458
00219
00188
00982
00522
00620
00838
00365
00814
01603
01787
00597
01884
01162
00131
00577
01141
01338
01289
01236
00515
01197
01345
00454
00333
00955
01539
01436
00214
01752
00100
01510
00746
01852
01436
01838
01831
01575
00523
00816
00592
00632
01754
01330
01885
01005
00845
01609
01522
00816
00474
00757
01746
01466
00693
00214
00956
00537
00483
01673
00097
00703
01094
01315
01002
01222
01355
00321
01349
01858
00523
00004
00354
01720
01884
01387
00075
00001
01107
01768
00581
00026
01891
00023
01700
00192
00950
01215
01283
00911
01729
01131
00692
00609
00342
01269
01245
01616
01496
01679
00439
00880
00770
01038
01865
01721
00362
01824
00411
01373
01386
00081
01110
00411
01390
00554
01167
00663
00904
01647
01555
00196
01060
00588
01661
01321
00560
01519
00500
00616
00589
01736
00057
01638
01581
00445
00553
00472
01524
00169
01147
00858
00249
00085
00912
00638
00221
01443
00612
01236
01808
00027
01690
00258
00801
00207
01730
01003
01353
01682
00694
01576
00528
01553
00859
01179
01890
00846
01281
01312
01329
01539
00229
01279
01816
00407
00464
01561
00805
00664
01644
00010
00801
00410
01456
01675
00872
00772
00741
00599
01680
01849
00060
01630
01326
00152
01108
00823
00824
00833
00429
00559
01022
01448
01599
01388
01568
00937
00973
00234
00390
00107
00749
01402
00671
00417
01520
01196
01557
01871
00056
00027
01677
00405
01738
00816
00875
00699
01686
01863
01804
01433
00590
00060
00300
01450
00367
01686
01736
00465
00903
01238
01092
01607
01697
00563
00179
00000
00327
00969
01467
01160
00697
00960
01141
01110
01019
00835
00306
01225
01296
00702
01392
01507
00151
00374
00840
00920
01779
01212
01576
01199
00724
01142
00211
01264
00150
00625
01108
00882
01076
00266
01452
00148
00758
00692
01554
01595
00243
00427
00409
00902
01134
00601
01367
00559
00297
00987
00289
00702
01757
01163
00456
01608
01593
00548
00394
00054
00445
00125
00338
00144
00772
00759
01866
00049
00573
01102
00718
01609
00895
01732
01414
00043
01196
01499
00033
00176
01312
00669
00270
00072
00384
00262
00457
00980
01337
00817
00998
00078
01635
01194
00085
01862
00254
00840
00678
00365
00868
00375
01801
01456
00551
01418
01374
00110
00150
00089
01266
01615
00835
01794
01246
00643
00999
00893
00886
00767
01650
00464
00187
00002
00951
00713
00674
01863
01275
00673
00987
00171
00482
01142
00113
00195
01814
01897
00201
00085
00344
