00646
00891
01189
00893
00642
01019
00503
00673
00050
00685
00054
01294
00147
00486
00648
01456
01400
00712
00962
01383
01160
00158
00786
00747
01295
01091
01298
01047
00635
00334
00042
00770
00470
00630
00529
00877
01399
00741
00822
00934
01163
01484
00168
00465
00811
01385
00708
00345
00028
01436
00128
00843
00390
00661
00455
01227
01010
00007
00796
01017
00394
00660
01242
01154
01095
00736
00173
00111
01256
01342
01260
01363
00249
00207
00372
00861
00655
00682
00114
00829
00390
01386
01204
00376
00834
00602
01144
00685
00704
00310
00658
01211
00776
00500
01325
00868
00709
01402
01074
01152
00947
00024
01322
01194
00705
00639
00178
01352
01371
01091
00596
00991
00444
00041
00251
00810
01262
01205
00459
00535
00334
00720
00492
00020
00948
00099
00483
00997
00327
01172
00544
00028
00137
00197
01419
00089
01326
00895
01281
00351
00504
00337
00958
01184
00120
01462
00905
01333
01435
00462
01043
00039
00968
00984
00750
00243
01338
00393
01475
00668
01034
01145
01124
01238
00743
00463
00787
00927
01354
00951
00906
00910
01416
01392
00856
00025
01419
00077
00202
00076
01298
01373
00073
01105
01053
01322
00852
00855
00646
01231
00329
00457
00001
00990
01471
00435
00172
00977
00207
00705
00706
01309
01286
01105
00849
00041
01403
01023
00488
01077
01170
00328
01434
00894
00852
01363
00771
01155
00118
00357
00892
00719
01482
01077
00557
00790
00700
00624
00643
00878
01347
01449
00121
00742
00415
01027
00906
00742
00659
00798
00460
00582
00921
00753
00307
00806
00373
00659
00715
01131
00812
01197
00364
00134
00289
00858
00126
00166
00618
00094
01003
00056
00318
00497
00809
00025
01242
00986
01279
00821
00518
00300
00218
00413
00031
00239
00981
00879
00311
00476
00648
00549
00569
00982
00159
00957
00738
00891
00420
01469
01301
00904
00477
01046
00356
00361
00743
00935
00799
00516
00812
01376
00010
01251
01000
00018
00751
00958
01460
00190
01394
00815
01296
00657
01143
01286
00472
01022
01238
00393
00798
00992
01096
00121
00098
00376
00101
00587
00794
00835
01394
00769
00929
00356
01319
01206
01108
00064
00567
01349
00969
00860
00819
00063
00668
00680
00008
00663
00687
01247
01140
01138
00288
01010
00105
00204
00627
00586
01170
00489
01407
00695
00859
00843
00571
00630
00532
01469
01054
01356
01137
00021
01130
00435
01461
00872
01011
00882
00401
01118
01400
00078
00213
00013
01128
00748
00774
00474
00170
01468
00863
00974
00126
01283
00266
01444
01196
01364
00117
00489
00780
01133
00327
00870
01385
00020
01361
00418
01190
01086
01310
00206
00611
00649
00068
00150
00144
00066
01289
00303
00753
00241
00719
01099
00302
00992
00770
01093
00574
00076
00399
00097
01388
00660
01379
00524
00433
00528
01186
00777
00857
01381
00860
01161
00684
00174
00466
00049
01069
00863
00812
00338
01155
00155
00914
00258
00456
00690
00965
01070
00064
01373
00393
00753
01166
01012
01122
00042
00546
01249
00524
00074
00187
01462
00037
00893
00384
00351
01109
01267
00658
00375
00524
00268
01088
00501
00096
01269
00724
00864
00225
00783
00074
00014
00328
01353
00179
01170
00264
01145
00980
01477
01120
01356
00561
01182
01461
00167
01473
01239
00172
00191
01220
00815
00181
00710
01273
00075
01359
00920
01253
00770
01068
01347
00456
00929
00023
00654
00827
00181
01181
00217
01128
00294
00898
00484
00715
01420
01166
01355
01449
00253
00512
00234
01451
00127
01243
01374
00980
00849
01316
00725
00392
01245
00280
00736
00722
00932
00102
01223
00034
00834
01241
00910
00452
00198
00728
01448
00632
00069
01191
01009
00483
00239
01164
01222
00606
00862
00934
00620
00219
00384
01213
00750
00713
01317
01134
00764
00777
00961
00122
00636
00163
00640
01064
00784
01370
00699
00856
00558
00557
01397
00008
00368
00943
00056
01437
00837
00146
01489
01425
01346
00624
01302
00429
00482
00087
00517
01226
00779
01392
01267
00235
00110
00711
00828
00373
00510
00877
00779
01418
01054
00246
00502
01204
00277
00033
00783
00017
01470
00883
01319
01398
01494
01105
00508
00717
00070
01359
00810
01212
00727
00347
00754
00303
00283
00705
00441
00138
00889
01193
01025
00637
00030
00486
00379
01497
00796
00250
00962
00139
01166
00600
01200
00336
01405
01025
01206
00248
01112
00641
00107
00560
00798
00482
00093
00964
00238
01107
01468
00245
00541
01378
00952
00837
00500
00970
00450
00965
00129
01124
00928
00756
00131
00678
00258
00918
01343
01477
01384
00334
00130
00632
00217
00698
01185
01061
01482
00990
00344
00710
00853
01172
00818
01260
01478
00559
01315
00618
01307
01281
00116
01469
01297
01287
01036
00837
01374
00485
01303
00255
00082
01348
01363
00897
01007
01178
01252
00880
01064
01096
00483
01329
00147
01185
00984
01076
00718
01026
01467
01217
01391
00553
00968
00204
00749
00209
00782
01124
00727
01078
01059
00277
01477
00981
01156
01072
00874
00495
01103
00299
00311
00350
00258
00014
01250
01337
00706
00180
01291
01366
00605
00552
00514
00346
00274
00705
01384
01321
00514
00396
01319
01399
01425
01181
00303
01206
00840
01232
00109
00519
00350
00631
00015
00968
01357
00278
00124
00697
00225
01362
00195
00240
00776
00755
01419
00238
00670
00420
00122
00351
01285
00725
00862
00561
00470
00689
00393
01258
00127
00822
00073
00664
00088
01227
01420
00584
00096
00560
00366
00071
01389
00097
00937
01219
00148
00405
00891
00213
01300
01210
01282
00852
00379
01150
01105
00696
00650
00664
01312
01082
00909
01078
00137
00440
00298
01331
01338
01027
00108
00009
01138
01360
00809
01477
00833
00928
00586
00279
00509
00845
01035
00453
00378
01079
00130
00008
00671
00960
00568
00874
00378
01297
00031
01083
00506
00997
00544
00151
00757
00439
00472
01285
01060
00307
00035
00806
00031
01322
01369
00420
00525
00713
00836
00939
00994
00645
00460
00271
01421
00033
01185
00108
01072
01183
00152
00230
00771
01032
00949
00119
00209
00207
00029
01196
00619
01086
01137
00257
00527
01286
00861
00897
01465
00605
00483
00555
01208
01173
00900
00182
00695
00494
00538
00244
00307
01225
00936
01106
01085
00693
01179
00520
01298
00268
01301
00505
00984
00020
00780
01284
00965
01331
00026
01382
00230
01448
01168
01373
01277
00783
01426
00574
00872
00009
00256
00572
00077
01022
01091
00696
00644
00264
00228
00288
00284
00237
00082
01052
01230
01196
00944
00181
01097
00149
00393
00527
00199
00359
01387
01093
00985
01208
00603
01443
01204
00961
00954
00967
00448
00430
00418
00712
01007
00521
01185
01345
00179
01163
01091
00679
00530
00868
00128
00867
00895
00657
00605
01495
01001
00275
00987
01155
01476
00087
01009
01368
00336
00989
00406
01057
01302
00050
00524
00070
00639
01384
01098
01414
00251
01200
01389
00180
01403
00646
01213
00910
00843
00374
00738
00255
00703
00326
00997
00379
00998
01177
00503
00918
00428
01274
00546
00918
01485
01054
00346
01461
00895
00648
01162
00523
00873
01003
00123
00384
00726
01320
01208
00158
01289
01460
00000
01026
00779
00765
01185
00330
00515
01105
01350
00156
00615
00129
01012
00586
00799
00396
01370
00162
01471
00383
00962
01140
00055
00902
00473
00314
00951
01280
01094
01396
01049
00664
00176
00470
01265
00280
00287
00187
00752
00391
00884
00503
00538
00280
00456
01009
00806
01335
01038
01400
00948
00943
01031
00193
01106
00397
01319
00399
01396
01071
00310
00442
01147
01314
01381
01308
00730
00007
00762
01306
00991
00888
01160
00775
00352
01372
01260
00020
01329
01324
00881
00292
01350
00022
01366
00671
00326
00568
01126
01195
01384
01437
00635
00390
00399
00369
01359
00879
00801
00990
00867
00139
00069
01019
01206
01020
00845
00785
00294
00078
01147
01317
00284
01098
00504
00130
00426
01068
01344
01016
00549
00893
00549
01046
00360
00099
00374
01129
00163
00557
01131
01281
00775
01174
00103
01181
01038
00273
01003
00655
00747
00611
00218
01090
00909
01250
01399
00468
00661
01342
01470
00781
00332
00790
00147
01122
00966
00845
00862
00834
00152
00075
01304
00431
01043
00663
00575
01461
01229
00779
00263
00637
00811
00015
00613
00077
01266
00235
01210
01208
00937
01432
00549
01213
01263
01242
00747
00492
01425
00804
01116
01441
00174
01252
01031
00794
01030
00795
00366
00612
01462
01461
01492
00577
00966
01490
01136
01189
01403
00513
01122
01146
00440
00234
01234
01350
00751
00636
00557
00194
00068
00632
00244
00326
01305
00933
01201
01396
01462
00561
01269
01024
00014
00768
00380
00382
01275
00296
01235
01159
01350
00994
00411
00286
00230
01089
00343
00624
00995
00297
00028
00602
00676
01473
00723
00719
00418
00226
00305
00183
00156
00385
00814
00296
00071
00324
00003
00283
00688
00254
00457
00017
01237
00632
00468
00460
00321
00067
00062
00334
00967
00496
00117
00010
00186
00028
00735
01463
00420
01094
01423
00477
00992
01371
00979
01161
00663
01192
00686
00769
01439
00995
01020
01163
01147
00240
00849
01176
01355
00982
00069
00460
00800
01419
01355
00636
01263
01028
00849
00915
01267
00366
01089
01367
01122
01183
01346
00522
00686
00950
00552
01049
01424
01218
01419
00111
00445
00121
01115
00206
01209
00044
01490
00975
01353
00268
01431
00733
00506
00201
00838
00757
00500
00038
00796
01405
00698
00525
00817
00968
00242
00127
01034
01333
00065
01109
01098
01264
00717
00676
01229
00697
00599
00079
01295
00346
00134
00123
01340
01366
00002
00363
01388
01005
00142
00790
00215
00431
00887
