01378
01234
00350
00177
00182
00514
00650
01048
01692
00456
01527
01603
00631
00721
01547
01604
00680
01423
00677
01324
00132
00715
00615
01500
00259
01585
00170
00736
00277
00119
00905
01312
00191
01171
00656
01461
00739
00505
01221
01276
00574
00646
00396
00385
01114
00804
00736
00100
01132
01322
00781
00817
01720
00758
01291
01310
01776
00570
00637
01286
00971
01793
01256
01052
01066
01740
00295
00583
01575
01030
01459
01497
01350
00528
01447
01499
01149
00753
00225
01265
00784
01478
00077
00205
01669
01538
00540
00571
00398
00986
00217
01096
01476
00760
00060
01320
01561
01265
00728
00931
01606
01669
00519
00435
00883
00651
01781
01204
01349
01190
01241
01232
01617
00304
00488
00686
00359
00882
00084
00606
00705
00325
00826
00724
01155
01288
00953
01303
01165
01198
01518
00917
01276
00971
01557
00349
00727
01667
00002
01536
00516
01319
01069
00676
00530
00493
01355
00607
01218
01370
00377
01133
01511
01367
01204
00061
01700
01278
01532
01118
00092
00479
00295
00954
01469
01195
01649
01076
01086
01436
00369
00267
00687
01759
00847
00987
01152
01615
01738
00820
00314
00207
00222
00993
01441
01524
00970
00464
00075
01653
01304
00689
01642
01600
01085
01324
00917
00978
01192
01203
00429
00402
00527
00938
00027
01626
01269
01071
00919
00987
00992
00657
00859
00317
00359
01329
01469
01536
00689
01287
01684
00313
01089
00811
00266
00204
01373
00569
00768
00587
00165
01392
00895
00344
00808
00527
00722
01293
00146
00420
00737
00141
00659
00827
00313
00838
01481
00455
00463
00054
00373
00896
00931
01031
01267
01737
00529
00793
01187
00236
01730
01762
01052
01277
01593
00708
00488
01128
01778
01403
01483
00495
01141
00193
01021
01396
00704
00576
00391
01232
01338
01556
00138
00973
00524
00971
00163
01606
00906
00817
00962
00609
00223
01092
00650
01702
00319
00905
01547
00832
01717
01113
01011
01772
00597
01331
01003
01402
00548
00751
00189
00191
01443
00604
00580
01116
00507
01735
00899
01295
00226
00570
00272
00157
01027
00212
01546
00952
01596
00938
00436
01002
00377
00946
00174
00479
00526
00303
00665
01160
01193
01438
00584
00265
00966
00092
01478
00224
00404
00946
01778
00544
01452
01158
00039
01202
01418
00319
00944
00967
01485
00268
00905
00173
00968
00858
01440
01763
00619
00713
00474
00282
00491
00809
01602
00946
01701
01174
01069
00774
01275
01197
01057
00277
01365
00306
01276
00262
00905
00488
01392
00791
01781
01036
01276
00722
01072
01534
01254
01621
00968
00980
01276
01564
01519
00021
01417
01021
00135
00599
01069
00936
01724
00398
00702
00649
01625
01250
01490
00803
01402
01491
00863
00003
00568
00628
00137
01022
01052
01633
00314
01456
01699
00094
01033
00314
01215
01053
01513
00135
01270
00403
00497
00483
01107
01080
01044
00113
00435
01234
01479
00495
00074
00701
00288
01656
00308
00897
01686
01422
00551
00815
00699
00833
01045
01241
00733
00305
00960
01094
01532
01068
01142
00734
00135
00788
00204
00552
00967
00680
00503
01150
01429
00685
01637
01281
00399
00321
00098
00039
00725
00453
00767
01573
00506
01036
00252
01474
00302
00228
00134
00523
01472
01199
00364
00612
00329
01454
01355
01409
00332
00963
01426
01562
01369
00306
01296
01148
00569
01300
01257
01762
00467
00967
01791
00639
00861
00597
01620
01598
00175
01062
00918
01088
01169
01429
01372
01081
01700
00149
00021
00448
00838
01678
01688
00697
00463
00688
01437
00441
00504
00050
01618
00661
01612
01096
00746
00160
00815
00247
01201
00807
01347
01741
00106
01690
00569
00354
01777
00305
01532
01669
00588
00048
01497
00605
01180
01705
01067
00517
01401
01052
00451
00314
00284
01294
01692
00540
00574
01268
01420
01430
01645
01394
01463
00788
00528
00452
01750
01673
00847
01231
01108
01194
01261
00621
00697
00115
00738
00484
01472
00531
00033
01370
01283
01022
00848
00856
01574
00143
00430
00559
01305
00792
00735
00539
00799
01504
00786
01498
01019
00919
01675
01233
01746
01441
00445
01116
00611
01420
00399
01736
01563
00376
00431
00127
00670
01043
00709
01006
01167
00078
00022
00638
01313
01727
01129
01686
01326
01523
00277
00377
00972
00768
00633
00681
01176
00092
00470
01024
01458
00678
01663
00231
01712
00647
00489
01709
00983
00460
01733
01197
00483
01475
01554
00173
01704
00952
00991
00198
00217
00219
01262
01725
00470
00703
00364
01325
00555
00329
01597
01238
00450
01147
01589
00998
01675
01220
01393
01138
01746
00302
01708
00602
00166
00524
00182
00439
01754
00494
01062
01305
01629
00114
01440
00537
00428
01593
00857
01791
00486
00947
00975
01321
01760
00000
01494
01233
00759
01060
00549
00690
00219
01037
01327
01447
01252
00844
00046
00392
01332
00950
01393
01313
01739
00822
00838
01185
00026
00089
00915
00580
00471
00158
01774
01773
00359
01448
00381
00428
00554
00033
00024
01200
01199
01524
01066
01689
00568
00847
01438
00804
00009
01212
01725
01012
00018
00666
01110
00577
01324
01317
01543
01256
00072
00046
01568
01655
01563
01560
01279
00715
01398
00201
00261
00352
00753
00441
00568
00948
00511
00866
00738
01272
01317
00955
00734
01068
00165
00779
00082
01326
00367
00959
01400
01415
01294
00352
01455
01410
00984
00348
01047
01538
01415
00839
00218
00159
00134
01549
01581
00540
01757
01567
01726
00576
01421
01656
00719
01783
01367
01411
00320
01244
00470
00243
00851
01645
01133
00646
00057
01155
00619
01743
01450
01693
01683
01311
00866
01520
00720
01007
01438
01213
01142
00436
00686
01023
00291
01471
01213
00399
01373
00632
01291
01614
00453
00694
01147
00582
01209
00198
00624
01205
00279
01454
00203
01423
01772
00741
00720
00464
01085
00545
01319
00379
01693
01347
01110
00049
00262
01779
00467
00281
01211
01108
00350
00688
00921
00556
00141
00542
01341
01139
01114
00925
00584
01357
00535
01710
01656
00773
00986
00889
01344
00559
01755
01449
01576
01250
01762
00843
00199
00705
00781
00081
00540
01173
01167
00039
01268
01585
01549
01048
00670
00649
00874
00558
00891
00239
01154
01708
00649
01635
01027
01474
01478
00023
01079
01173
00585
00948
00582
01224
01396
00101
00857
00483
00902
00326
01521
01414
00549
01088
01686
01554
00080
01052
00347
00636
00522
01425
00903
00271
01331
00652
00599
01085
00793
00027
00270
01673
00597
01038
00750
00596
01256
00146
01312
00787
01291
00771
01352
00681
00501
00806
01092
01486
00743
01296
00139
00875
01396
01631
01514
00481
00780
01331
01305
01654
00048
00583
01213
00387
01431
00242
00606
01028
01447
00421
01769
01316
00680
00321
01624
01077
00258
00398
01556
00593
00038
00858
00293
00785
00290
00836
01544
01759
00534
00740
01039
00017
00364
00641
01727
00253
01573
01558
01307
01323
01725
00346
01365
00012
00272
00266
01629
00349
01159
00885
00298
00424
00539
01316
01789
01023
00826
00261
00469
01229
01542
01027
01316
00611
00570
00459
01785
01404
00881
00892
00447
00782
01039
00484
01003
01509
00745
01244
01283
01446
00176
00863
00569
01549
00912
00988
00950
00763
01119
01245
00644
00535
01120
01132
01452
01472
00663
01489
00582
00508
00528
00562
00031
00176
01024
00776
01077
01349
00485
01673
01133
00163
01273
00320
01413
01613
00841
00469
00470
01512
00709
00594
00993
00233
01248
01411
00755
01610
01662
00881
01403
01257
01533
01043
01792
01318
00685
00169
01471
01310
01105
00391
00577
01320
01303
00427
00036
00340
01524
00163
00744
01435
00112
00805
01698
01639
01729
00741
00381
00336
00068
01588
00244
01271
00854
00115
01708
01075
00456
01541
01062
01141
01145
00801
00034
01514
01349
00964
00535
00606
00275
01002
00728
01223
01333
00037
01024
01325
00241
00924
00814
01643
01036
01449
01715
01274
00781
01175
00040
01339
00103
01173
00757
00559
00425
01740
01021
01677
00968
00817
00741
00374
01260
00647
01346
00137
01519
01396
01794
01758
00538
01246
00274
00809
00434
01458
00919
00310
01599
01729
01249
00859
01445
00904
00321
01038
00324
00882
01060
00283
00738
00980
01279
01346
00841
01236
01578
01276
01458
01759
01297
01472
01608
00222
00085
00406
00122
00524
00002
01374
00992
00167
00521
00686
00039
00584
00326
00727
00951
01273
01652
00810
00505
01522
00172
01269
00598
01287
00804
00980
01595
00978
00804
00301
01129
00840
00915
00364
00473
01275
00120
00872
01164
01660
00310
00160
00656
00922
01175
01006
01646
01059
01009
01222
00008
00430
00973
01370
01217
00851
01252
01118
01357
00664
00956
01202
00615
01609
01097
00106
00601
00122
00551
01502
00262
00732
01202
00174
00844
01682
00264
00766
01333
00438
01543
01498
00396
00381
00505
00638
01484
01500
01438
01277
00508
01350
00560
00260
01479
00091
00753
01177
00297
00758
00944
00925
01259
00019
00563
01196
00831
01051
00183
00229
00199
00701
00962
01794
01448
00571
01153
00878
00076
00726
01790
01125
01045
00335
01266
00357
00133
00788
01552
00359
01402
01330
01737
01746
00687
01245
00764
00316
00686
01586
01717
00734
00170
01748
00022
00523
00112
00691
01276
00932
01085
01294
00104
00363
00122
00616
00502
00978
00149
00974
01242
00016
00514
00916
00502
00127
00230
00943
01576
00005
01356
00810
01760
01036
01304
01760
01296
00424
00312
00666
00428
00853
01251
00070
01712
01123
00249
00389
00585
01303
00602
00271
00131
01071
00308
01477
01058
00385
00180
00115
00253
00096
00493
00144
00892
01452
01110
01371
01194
00918
00773
00364
01541
01053
00425
00812
00858
01799
00870
01786
00982
01656
01042
01514
00016
00736
00100
00548
00218
01548
00188
01479
00222
00867
01261
00600
00732
01219
01759
00059
01185
00232
00898
01196
00412
00808
01580
00179
01243
01398
00979
00394
01362
01200
00431
00188
01707
01559
00278
01723
00841
00252
00523
01382
01630
01618
00785
00189
01437
01259
00625
00091
00498
01602
00331
01463
01661
01178
00576
00143
00037
01225
01222
00257
00497
00357
00222
00327
00098
00562
01319
00215
01140
01604
00653
00436
00731
00071
00268
01500
00506
00601
00574
01527
00295
00345
00268
01513
00299
01238
00953
00084
01549
01646
01146
01197
01086
01146
00138
00985
00479
00162
01530
00411
01414
00538
01310
01405
00640
00200
01210
00857
00304
00209
01683
00235
01302
00200
00146
00533
00794
00634
00275
01086
01663
00529
00284
00584
00902
01658
01153
00788
01591
00893
00716
00965
00364
01417
01025
01037
00769
01601
00208
01320
00915
01519
00852
01411
00193
00699
00096
00408
00776
01585
00321
01153
01392
01668
01367
00167
00548
00867
01381
00702
01399
01086
00335
01622
01425
00292
01219
00705
01338
00253
00985
00380
00013
01383
00044
00860
01781
00463
01546
01414
00910
01758
00272
01138
00842
00782
01287
00349
00932
01247
00139
01066
00521
01210
01017
01733
00218
00017
00792
01348
00318
00481
00449
00753
00405
00565
00833
00088
00527
00752
00021
01706
01130
01414
00828
00844
01443
00840
01016
00143
01571
01731
01254
00852
01395
00780
01430
01108
00643
01346
01484
00713
00387
00495
01708
01061
00341
01012
00261
01349
00289
01113
01076
01441
00048
00046
00633
00131
00541
00528
00206
00897
01637
01507
01676
01153
00951
00768
00648
00296
01511
00316
00523
00206
01732
00790
00695
00810
00713
01450
00013
01550
01609
00582
01019
01599
01483
00504
01090
00043
00509
00930
01750
00862
01301
00171
01367
01675
00419
00075
00933
00772
