00413
00002
01483
01184
01484
00814
00955
00780
01408
01011
01391
00781
00620
01011
01292
00166
00459
00655
00131
00884
00505
01291
01531
00175
01374
01310
00525
01087
00517
00665
00425
00248
00971
01201
00854
01460
00626
01259
00150
01228
01557
01315
00999
01266
00182
00504
01510
00622
01331
01175
00335
00371
00983
00483
00223
00030
00589
01406
01306
00074
01072
01399
00744
00786
00829
00656
01499
01188
01002
00234
00204
00766
01488
01423
01059
01417
00707
01052
01268
00078
01154
00585
01222
01561
00586
01431
01392
01065
01157
01109
00221
00784
00672
00462
00494
00941
01210
01490
00510
01412
00824
01183
00065
00887
01077
00621
00709
00611
01175
00339
01563
01370
00253
01497
00399
01592
01492
01307
00722
00932
00969
00022
00505
00229
00280
01042
00734
00606
01219
01004
00548
00808
00735
00063
01433
00394
00584
00430
01268
00791
00501
01553
00189
01573
00358
00378
00524
00933
00442
01443
00937
01508
01309
00821
00723
01117
00798
01335
01244
01336
01502
00082
01137
00355
00804
01341
01016
01036
00142
00265
00658
00184
01122
00267
00511
00963
00899
00865
00609
01524
00127
00419
00153
01468
00133
00808
00782
00652
00628
00498
00140
00464
00526
00759
00840
00523
00971
00780
00322
00528
01226
00368
00835
00346
01442
00691
00966
00329
00407
00001
00755
01594
01001
00975
01030
00449
00710
00737
01039
01541
01567
00821
00786
00377
00471
00144
01102
00179
01176
00738
01371
00810
01344
00472
01068
01489
00569
00063
01396
00074
01191
01488
00358
00073
01338
01372
01236
00070
00739
01429
00441
01182
01251
00566
00978
01543
00830
00848
01446
01006
00463
00690
00423
00047
00373
00373
00753
00368
00235
00097
00495
01114
00758
00704
00413
00629
00183
00957
01255
00096
01184
01591
01201
00681
01539
00424
00240
01039
00774
01516
00053
01361
00563
01457
01226
00498
01004
00058
00693
00268
00891
01039
00345
00206
01096
00453
00572
01044
01380
00102
01124
00546
00961
01084
01306
00380
00644
00319
01232
01380
00051
00024
00798
00177
00201
01489
00744
00136
00169
01308
00412
00442
00495
00317
00728
01530
00929
01364
01064
00313
01092
00139
00109
00864
01355
00088
01369
00745
00362
01263
00726
01370
00650
00008
00966
01312
00917
01480
00742
01348
00816
00846
01484
00140
00265
00093
00399
00305
00262
00225
00005
01271
00412
01312
00807
01263
00897
00062
00017
00069
00633
01132
00102
00582
01485
01135
00017
00691
00475
01289
00550
01466
01030
00710
00934
00215
00525
00932
00161
00903
00505
00415
00438
00036
01456
01177
00886
01442
01000
01379
00999
00548
00309
01195
00740
00764
00770
00642
00738
00446
00798
00904
00397
01343
00814
00437
01232
00239
01089
00903
01396
01040
00641
00580
00544
00530
00452
01579
01407
00781
01474
01211
00255
01498
01057
00031
00693
01231
01581
01012
01245
00085
00867
00505
01215
01254
00620
00594
00174
00168
00551
01401
00683
01441
00607
00705
00294
01431
01500
00456
00420
01349
00405
00121
01404
01211
00259
00827
01019
00979
01424
01530
00167
00139
01454
00016
01057
01284
01285
00399
00931
00918
01540
00301
01385
00846
01049
00717
00173
00581
00891
00102
00010
00798
00932
01106
01474
00859
01309
01589
00027
00284
00753
00968
01188
01270
00579
00513
01301
01516
00572
01569
01428
00909
00668
00346
00532
01065
00562
01498
01240
00433
00551
01528
00470
01514
00564
00826
01462
00910
01395
00512
01337
00575
01427
00401
00311
01385
00486
00321
00704
00883
01557
01467
00484
01569
00307
00497
00143
00073
00110
00925
01164
00175
00674
01138
00234
00064
01543
00548
00892
00871
01291
00465
00954
00848
01275
01354
00580
00055
00858
00258
01095
00364
01428
00275
00952
00165
00396
00871
00574
01087
01298
00969
01580
01107
00240
00072
00044
01329
01251
00581
01399
00636
00871
01498
00256
01378
01387
00935
00944
00821
00292
00186
00972
00171
01086
00858
00692
01007
00621
01265
00197
01505
01249
00019
00605
01265
00087
01135
00190
01107
01484
01361
00203
00287
00140
01361
01200
00457
00233
00988
00351
00632
00904
00988
00693
01220
01494
00967
00059
01297
00152
01281
01287
00963
01503
01071
01347
00861
01241
01113
01477
01145
00644
01339
01566
01382
01534
00937
00239
01369
00697
01180
01396
01106
01418
01309
01252
00525
00928
01484
00433
00864
00721
00461
00874
01143
01104
01232
00321
01130
01019
00572
01510
01272
00721
01464
01041
01187
00897
00533
01247
00871
00285
00731
00660
01304
00366
01135
01471
00791
01248
00030
00251
00880
00286
00968
00913
01492
01081
00555
00379
01582
01537
00843
01156
00291
01334
00764
01355
01579
01560
01164
01126
00583
01307
00207
00482
00734
01271
00071
00361
01592
00347
01200
01277
00342
00257
00422
00352
00939
01245
00372
01430
00315
00879
01082
00450
01359
00056
01338
01069
01362
00009
01599
01254
00780
00182
01450
01091
00056
00362
00218
00453
00323
01428
01591
00090
00036
01279
01500
00059
01554
00640
01566
00886
00423
00840
00125
01030
00911
01497
01383
00094
00300
01558
00035
01221
01034
01011
00544
00858
00826
00395
00539
01465
00397
01360
01255
00246
01327
01180
01308
01030
00605
01063
00094
00382
01284
00466
00969
00947
00696
00351
01526
00767
00397
00836
01389
01061
00470
00916
01511
01164
00055
01117
00318
01000
01129
01361
01203
00118
00778
01500
01244
01381
00735
00276
00040
01490
01575
01423
00592
01068
00348
01358
00412
01143
00521
00022
00527
01004
00067
00031
01073
00189
00325
00806
01143
00373
00492
01117
01040
01598
01483
00067
00782
01404
00172
00462
00431
01047
00932
00515
00648
00471
00658
00232
00781
01192
01460
00210
01599
01596
00165
01368
01266
00207
00695
01512
00442
00646
01577
00119
01586
00241
00389
01428
00680
00816
00025
00534
00168
01073
00271
01524
00612
01239
01003
00819
01149
00310
00161
01274
00496
01531
00529
00641
01120
01321
01056
00104
00252
00190
01524
01380
01228
00564
01035
01492
00221
00611
01081
01074
00839
01219
00316
01508
00088
00528
01405
00946
01183
00198
00870
01427
00470
01292
01562
01056
00877
00685
01429
00426
00815
01217
00546
00935
00083
01130
00627
01031
00034
00826
00032
00165
01023
01138
01087
01560
00472
00741
01308
00554
01448
01532
00405
00480
01062
00018
00533
01016
01485
01023
01003
00625
00329
01330
00582
01220
00955
00504
00527
01072
00681
00537
00611
01331
01349
01441
00236
01236
00280
00892
00731
01437
01163
01019
00963
01383
00402
01523
00341
01037
01526
01348
00628
00771
00189
00951
00692
00575
01079
00577
01076
00021
00232
01572
01301
00608
01293
01333
01110
00540
00973
00760
01294
00465
01149
00295
00773
01066
01232
01234
01454
01124
01370
00096
01541
00226
00127
00051
01281
00925
01212
01322
00695
01016
00017
00128
00395
00497
00202
00529
01043
01524
00105
00061
00522
00138
00946
00357
01581
00430
01171
00147
00885
01472
00365
01142
00498
00467
01347
00330
00321
00737
01086
01366
00746
01310
01050
00271
00600
00041
01393
01242
01333
01503
00674
01327
01250
00842
00542
01113
00976
01271
01167
00089
00830
01573
01508
00875
01487
01113
01469
00736
01479
01423
01072
00746
01442
00842
00438
01270
00529
00013
01014
01268
00402
00226
00875
00882
00234
00855
01204
00550
00962
01353
00056
01162
00859
00536
00691
00930
00304
00890
01442
00729
01575
00491
00775
00969
00819
00578
00601
00346
00073
00863
01420
00578
00636
01473
01272
01194
00311
01012
00297
00113
00599
01575
01282
00969
00419
01563
00334
00063
00808
01208
00229
00601
00885
00506
00503
00472
01136
01352
00248
00093
00596
00165
01128
00616
01160
01087
01277
00571
00284
00997
00368
00733
00354
01238
01441
01338
01063
00181
00040
01320
00973
00728
00121
01476
00198
00703
00243
01083
00047
01313
00901
01061
00135
00034
01277
00651
00650
01314
01327
00073
01390
00751
01214
01231
00185
00986
01482
01089
00829
01255
01142
01278
00497
01246
01172
00766
00558
00446
01008
00917
00515
00977
00118
00660
01269
01051
01473
00526
00854
00300
01088
00824
01536
00085
00711
01322
00495
00375
01520
00130
00376
00311
00171
00168
00938
01549
01193
00171
01088
00956
00225
01290
00575
01500
00382
00848
00562
00339
01125
00534
01280
00354
00550
01388
00551
00475
00382
01491
01047
01392
00135
00801
00557
00551
00765
00391
00458
00811
00173
01072
00144
01276
00572
01023
00057
01477
00017
00443
00659
00462
00032
00071
00540
00584
00148
00458
01526
01350
01432
00813
01222
00011
01155
00194
01135
00318
00990
01282
00806
00890
00530
00623
01074
01346
00179
01240
00643
00785
00291
00315
01516
00976
00164
01412
01533
01569
00766
01332
00705
00472
01353
00605
00529
00714
00536
00585
01491
01597
00066
00507
00403
00127
00526
00781
00187
01234
00634
00312
01202
00452
00040
00050
00079
01438
01574
01138
00121
00434
01240
00783
00477
01367
01412
01478
01098
00818
01274
00730
00364
00234
00158
00150
00099
00893
01300
00494
01471
00625
01222
00324
01050
01250
00468
01542
00146
01274
00217
01268
00866
01088
01175
01343
00413
00519
00766
00845
01030
01542
01566
01370
00462
01480
00998
01272
00363
00698
00280
00822
00145
00034
01547
01503
00015
01583
01180
01370
00329
00171
00498
00239
01422
00972
01453
00041
01493
00234
00683
01302
00601
00524
00054
01259
01166
01243
00845
01412
00830
01272
00910
00714
01157
00873
00445
00430
00677
01390
00883
00977
01095
01202
00037
00454
01039
00541
00784
01199
00602
01286
00958
00260
00151
00518
01464
00050
01087
01448
00265
00735
01266
01084
00298
00268
01136
01419
00079
00276
01520
00804
01229
00721
01376
00085
00294
00222
00122
00565
00627
01590
00448
00286
00492
01595
00404
00505
01431
00403
01334
00562
00459
01069
00218
01226
00096
01250
00613
00074
00374
00502
01476
00213
00222
00445
01577
01239
00616
00410
01443
00346
00201
01059
00601
00375
01257
00864
00291
00681
01415
01138
01542
00701
00202
00785
00265
00869
00037
00750
01464
01005
00997
01591
01333
00773
00410
01081
00821
00956
00608
01503
00414
01550
00585
00920
00060
01428
00808
00407
00154
00345
00316
00436
00771
