00819
00247
01144
00915
00833
01125
00201
01181
01245
01229
00149
01590
01596
00672
00503
01893
01076
01114
00969
00686
00780
00021
00813
00796
00396
00717
00675
00603
01416
00285
01211
00069
00112
00659
00951
00267
00562
00147
00716
00560
00212
00744
01526
01135
00559
01895
01757
00766
01278
01274
01882
01209
01396
00994
01239
01322
00030
00042
00288
01283
01562
01323
01423
00303
00343
00460
01307
01094
01223
01495
00397
00211
01014
00783
00192
00668
01433
00245
00527
01844
00564
00778
00333
01474
01716
01031
01073
01719
01745
01308
00576
00870
01856
01543
00833
00423
00433
00280
01011
01029
01773
00414
00034
01422
00543
01597
00267
00589
01485
00796
01426
01720
00954
01771
00699
00260
00638
00401
01585
00325
00394
00651
00808
01091
01614
01869
00113
00487
01237
00774
00996
01868
00625
00228
01306
01325
01620
00167
01741
01487
01091
01410
00793
00077
00885
01248
01408
01436
00704
01592
01422
01746
01632
00288
01808
01250
01776
00340
01671
01061
01176
01291
00646
01254
00605
00192
01165
01780
01040
01163
00044
01834
01878
00980
00088
00502
00236
00509
01272
01129
00136
00003
00936
01644
00947
01662
00399
00149
00155
00265
00548
01399
01212
00834
01805
00351
00654
00544
00779
00267
01632
00715
00245
00445
01288
00725
00347
00241
00920
00170
00174
00748
00815
00843
00395
01213
00424
00185
00334
00969
01144
01512
01874
00864
01820
00931
01740
00576
01772
01810
01516
00134
01275
01543
00063
00632
01239
00795
01094
01180
01712
00848
01847
00380
01509
01168
01196
00535
00010
01621
00465
00329
01514
00301
00499
01839
00706
01890
01259
00265
00819
01271
00685
00297
00033
01285
00999
00120
01160
01200
01413
00213
00172
00606
00915
00746
01658
01074
01353
00136
01694
01671
00575
00143
01664
01556
01002
01546
01466
01488
01852
00909
01779
01635
01636
01280
00175
00019
00077
01261
00208
00541
01021
00243
00277
00172
01113
00857
00641
00209
00088
01274
00435
00106
01361
01363
01346
00640
01707
01848
01180
00080
01337
00812
00196
00809
01151
00275
00976
01796
00072
00462
00425
00574
01468
00565
01390
00923
00482
01350
00784
01360
00360
01519
01894
01298
00583
01534
01463
00914
01791
01152
00725
00742
01862
01331
00145
01294
00293
00838
01877
00976
01337
01256
00812
01094
00728
00229
00284
01066
00133
00509
01650
00804
01821
01121
00773
00488
01444
01011
00685
00870
00688
00964
01500
00242
00693
00926
01824
01258
00214
00401
00617
01896
01560
00946
01509
01587
00356
00294
00510
01565
01547
00025
01286
00929
00435
01722
00703
01718
01621
00751
00230
01888
01796
01667
01810
00985
01724
00288
01623
00257
01050
00216
00381
01507
00380
01024
01375
01443
01648
00856
01012
01616
00188
00698
00682
00383
00658
01245
01545
00547
01394
00114
01571
01624
00017
01433
00362
01142
00095
01510
00168
01311
00838
01176
00060
01229
00738
01392
00184
01179
00029
00967
00347
01828
00340
00861
01084
01317
01399
01042
00533
01364
00026
01239
01368
01857
00401
00934
00665
01498
01028
00043
00889
00435
00468
00507
01126
01295
00465
01372
01483
01831
00269
00331
00846
00300
00386
00206
00801
01433
01412
00512
00535
01855
01230
00334
01393
00796
00643
00042
00398
01291
01469
01168
01823
00246
00146
00554
00247
00524
00531
01044
01327
00038
00590
00880
00018
00532
01731
00176
01241
00365
00299
00565
00498
00470
00650
00932
01018
00361
01467
01841
01533
00227
00394
00557
00286
01188
00511
00022
00277
00148
01166
00529
00622
00377
00999
00301
01222
01029
01334
00723
00180
00306
01639
01436
01482
01372
01821
01873
00627
01792
01706
00959
00123
01009
00421
01528
01514
01309
01551
00445
01349
01139
00494
01418
00770
00972
00364
00972
01555
00989
01336
01816
00430
01839
01896
01417
01548
00194
00792
00636
01284
01692
00226
01424
00047
00158
01252
00468
00547
00848
00874
00964
00465
00414
00044
00920
01772
00939
00821
01144
01827
00998
01377
00919
01151
00494
00402
00100
00403
00698
00326
01606
00849
00570
00121
01084
00466
01368
01599
01331
00573
01027
01824
01636
00268
01176
00312
00402
00340
01030
00258
00558
00045
01848
01784
01775
01479
00917
00742
00041
00508
00315
00437
01750
01021
00354
00410
01163
01335
00965
00803
01849
00060
01748
00714
00547
01607
01237
01770
00753
01662
01408
00391
00688
01275
01109
00135
00361
01214
00517
01502
00424
00965
01797
01662
01213
00158
00116
00621
00265
00842
01273
00540
00639
01803
01104
01194
01051
01297
01441
01753
00477
00786
00158
01017
00223
00929
01731
00843
01532
01443
00421
00052
01269
00193
00513
00400
01674
00550
00888
00750
00018
00684
00338
00198
00509
00460
01326
00146
01330
01119
00645
01514
00261
01892
00392
01011
00375
00227
01546
01619
01509
00584
01171
01011
00160
01070
01378
01893
00534
00823
01153
00925
00278
00116
01842
01516
00302
01297
01672
00441
01030
00264
01300
00240
01242
01092
01186
00244
00180
00770
00108
01005
01840
01499
00041
00667
00633
01020
00956
01034
01756
01615
01296
01103
01057
00863
01032
01195
01814
00527
01680
00403
00569
01308
00026
01797
01679
01418
01504
01699
01370
01745
00271
00345
00011
01257
00492
01572
01488
00559
00636
00611
00785
01163
00497
00338
00367
01388
00149
00495
01379
01315
01063
01625
01341
01800
00904
00830
00168
01033
01513
01649
01137
01013
00358
00301
00537
01730
01232
00135
01757
01492
01808
01359
01125
00367
01340
01068
00297
01367
00659
00775
00582
00403
00537
01665
01276
00615
00453
00798
01594
00991
01494
01147
01482
01441
00729
01879
01176
01587
00285
00462
00288
00775
01206
00638
01386
01819
01100
00516
00745
00833
00088
01416
00541
00332
01573
00593
01188
00674
00709
00611
00393
00754
01019
01778
00879
00090
01273
00051
00160
01850
01610
01459
01289
00950
00278
01238
00311
01807
00051
00478
00276
01721
00708
00581
00372
01510
01593
01183
00192
00480
01325
01342
00364
01672
01032
01804
00505
00795
00513
01475
00634
00127
01149
01269
01256
00536
00498
00761
00950
00979
00311
01218
01211
00880
00285
00723
01818
00941
00719
00553
00856
01873
00303
01862
00396
01359
01420
01491
01361
00100
00581
00857
01238
01552
01888
01896
01382
00514
00608
01888
00259
01038
00944
00901
00668
00289
00721
00154
01500
01140
01752
01530
01727
00906
01869
01828
01732
01144
00960
00822
01669
01634
00897
01281
01339
01484
00687
01428
00757
01526
00811
01386
00332
00054
00508
00817
00132
00749
01295
00826
01314
01273
00275
01238
00831
00170
00083
00416
00221
01211
00812
00233
00114
00884
01386
00977
00725
00519
01836
00785
00778
00068
01104
01828
00970
00985
01805
00560
00712
01507
01027
00542
00810
00111
01594
00666
00499
01105
00967
00238
01675
01204
01544
01804
01449
01827
01079
00975
01761
00828
01117
00823
01414
00346
01129
01402
00999
01137
01885
00565
00730
01571
01830
01046
00591
00477
01203
01012
01879
00072
00603
00653
00133
01047
00104
01212
01864
01594
01016
00839
01811
00997
00999
01319
00483
00383
00188
01059
01031
01772
01537
01604
00572
00214
00459
01660
00651
00817
01591
00054
00711
00239
00614
00589
01187
00799
00563
01627
00645
00245
01682
01527
00506
00032
01642
01248
01774
01824
01593
00173
01205
00555
01352
01825
01080
01451
00982
00602
00958
01869
00370
00907
01739
00173
01637
01632
00806
01454
00570
00103
00366
01381
00084
01357
01347
01774
00226
00750
01728
00363
00466
01797
01898
01862
00365
00896
01084
01466
00848
00993
01441
01262
00191
00495
00650
01726
01030
01224
01157
00047
00221
00223
01665
01169
00174
01017
00037
00047
01542
00785
00095
01896
01249
00550
00185
01201
00851
01630
01186
00256
01592
00496
00276
00128
01592
00506
00178
01567
01851
00753
01853
00713
01576
00911
00245
01494
01161
00896
00765
00239
00612
00085
01549
01005
01741
00922
01791
01068
01047
01021
01836
00740
00618
01104
00166
00847
01567
01528
00806
01475
00848
00737
01134
00934
01770
01811
01125
01627
00403
00630
00610
00922
00870
00934
00120
01833
00299
01765
00095
00059
00229
00915
01305
00511
00870
00205
00671
01223
01285
01458
01262
00522
01339
00138
01559
01840
01600
00544
01451
01836
00214
00479
00389
01420
00708
01109
00190
01265
01017
01785
01154
00314
00829
01795
01048
01320
00461
01330
01348
01668
00921
00738
00287
00905
00342
00936
00617
01772
01150
01164
00566
00386
00281
01382
00137
01453
00064
00277
01893
01607
00729
00216
01695
00665
01030
00473
01283
01704
00257
01604
00369
00238
00685
00474
00779
01095
01164
01241
01363
01058
01724
01593
00333
00248
00353
01076
00327
00981
00840
00421
01855
00839
00587
01286
00875
00319
00317
00394
00925
01382
00205
01163
00349
00872
01215
01477
00807
01009
01293
00395
00249
00130
01434
00826
01474
00755
00993
00552
00631
01623
00782
00875
00463
01344
01681
00565
00062
01354
00290
01652
01114
00458
01026
00282
00029
01624
01720
01035
00627
00850
00322
01014
01469
00872
00499
01039
00564
01842
00445
01076
01400
00681
00836
01723
01080
00814
00297
00111
00671
00184
00149
00293
00654
00241
01410
01310
00496
00348
01092
01752
01735
00502
01898
01140
00688
00844
01780
01828
01523
00705
00117
00533
01646
00685
01118
00959
00212
00250
00410
00608
01234
00646
01861
00079
01256
00566
00704
00931
00407
01746
01803
01145
00835
01706
01317
01855
01465
01354
01297
01261
01039
01441
01786
01510
01314
00545
00214
00024
01374
00815
01580
00217
00776
00004
00108
00520
01038
00377
01812
00464
00509
00848
01384
01820
00608
01546
00100
01027
00977
01589
01826
01847
01320
01897
00903
00085
00964
01171
00174
00799
01250
00101
01016
00414
00765
01874
01232
00843
01355
00187
01651
00798
01815
01007
01036
00975
00320
00444
00046
00422
00255
01751
01350
01756
01629
00258
00584
00899
00771
01152
00507
00815
00995
01685
01489
00011
00268
00176
00702
00664
00579
01760
01852
00029
01216
00143
01819
00345
00752
00690
01279
01809
01477
00958
01447
01054
00316
00983
01458
01807
01787
01404
01009
00176
01159
00898
00799
01403
00889
01138
00909
00096
01086
00703
00015
00296
00601
01728
01725
01694
00365
01516
00083
01127
00347
00291
00543
00584
01304
01501
00068
00346
01210
01375
00008
01650
01377
00405
01243
01855
01570
00736
00123
01461
00168
01376
00228
01216
01033
01238
01233
01074
00469
00561
00355
01178
00666
01263
00430
01778
01793
00595
01666
00580
00061
00625
00267
01177
01765
00221
01607
00155
01196
00254
00486
00101
00709
00791
00728
01129
00797
00289
01101
00921
00861
01129
01262
01023
00513
00772
00210
00956
01259
00777
00740
00613
01282
00998
00019
00834
00243
01751
00594
01214
01893
01647
01587
01023
00349
00597
00170
00602
01177
01745
01619
01072
01834
00081
01008
01162
00565
01739
01517
01843
01035
00780
01091
00796
01693
01133
00764
00027
00859
00614
00057
00529
01121
01393
00490
01059
01588
00306
01090
00520
01360
00993
00072
00602
01170
01632
00525
00866
01454
01680
00205
00301
00811
01227
00498
00985
00041
01728
00786
00434
01337
00042
01658
01899
00239
01354
00662
01649
01494
00389
00401
00195
00158
01767
01259
01062
01059
00979
01450
01348
00391
01611
00636
00256
01188
00818
00717
01786
01747
00049
00588
00830
00733
01864
01763
01642
00248
00508
00965
00693
01107
01426
01442
01530
01004
00021
01518
01474
00487
01624
01078
00879
00880
01016
01038
01243
00002
00846
01332
00021
01075
01038
00404
00551
00467
01611
01639
00427
01544
01853
01457
00684
00080
00281
00689
00762
01618
00353
00547
01001
00112
00438
00673
01644
01058
00634
01081
00310
01573
01074
00788
00575
01339
00561
01364
00713
01743
00460
01539
01205
00477
01230
00411
00292
01775
01263
00866
01646
00515
01129
00955
01316
00865
00319
01776
00091
01409
01139
00355
00729
00869
01003
01716
00051
01214
00515
00841
00496
00869
00589
00397
00546
00158
00167
01454
01847
00393
00072
01398
01875
00304
01806
01146
00329
01861
00487
00994
00484
00872
