00588
00330
01324
00005
00048
02207
00949
00886
00035
02466
02265
02004
01457
01493
01302
01668
01720
00950
01001
01566
01178
00616
01593
00774
01033
00722
01552
00464
00030
00878
01791
02507
01289
01773
02525
01820
00935
02333
00196
02259
00642
00756
02377
01170
02451
01262
00686
02106
00252
00203
00997
01104
01733
00244
00915
01677
02326
00667
00758
01379
02516
01338
00461
00275
00641
00860
01026
00971
02068
00176
01198
00972
02098
01053
00130
00314
01536
00639
01518
01957
01279
02310
01936
02221
00322
01559
02498
02138
02262
01644
02512
02017
01478
01287
01444
00202
01339
00077
00144
00030
02260
02485
00392
01415
00008
00303
01537
00375
00205
01777
00938
01138
00451
02029
00525
00512
00515
00062
01178
00338
02101
02569
01009
01662
00123
02193
00457
00550
01168
02322
01986
01346
00467
02007
00355
00206
01334
01992
00305
00310
00710
00203
00470
01237
02158
00642
01353
00173
00036
02533
01519
01921
01992
01502
01165
01927
02149
00803
02001
02505
01301
02193
01325
01658
01381
01195
00422
01502
02426
02594
02215
01154
01222
02534
02501
00594
00595
00387
02519
00785
01331
00511
01981
00947
00874
01039
02289
02215
01872
02370
00334
01312
00535
00837
00803
00074
00525
02197
00492
02330
01142
00731
01974
01103
00458
02441
00557
02044
00254
00523
02124
02199
02458
00577
00935
01219
01446
02145
01360
00042
02162
01993
01245
00007
01800
01210
00955
01567
02448
01776
01521
00927
02512
02061
01299
00161
01710
00950
00768
01176
01380
01894
02475
01835
02382
02550
01435
00335
00330
00350
01935
02364
01365
00100
01050
01865
00054
02195
01150
00676
02169
01928
00360
00466
00003
00718
00928
01676
00981
02537
01396
02250
00799
01447
00688
00314
02178
01299
01428
00489
00817
00931
02361
00170
02245
00353
01809
02060
01972
02366
01370
01685
02318
00730
02063
01973
00987
00017
00716
00029
00524
02271
01579
01598
01924
00428
02368
00166
02467
02147
02229
00182
01112
01372
01963
00879
00303
02033
00702
00290
01654
00038
02539
01462
00024
00809
00568
00444
02509
01281
02248
00959
01287
02044
00003
01280
00472
00592
00878
01829
01277
01378
02435
01633
01873
01885
02144
00599
01231
00219
00660
00920
01777
00335
01204
00316
00422
01986
00225
00069
01475
02028
01994
00751
02561
00283
00030
01955
02118
01095
02454
01803
00507
02438
01659
00416
02258
00787
01396
00551
01537
02512
00993
02226
00527
01013
00305
00866
00522
01753
01148
01410
01299
01917
01286
01303
00047
01032
02169
00628
01546
00293
01277
02402
01122
00489
00079
02461
00333
01016
00844
00385
02176
00943
02152
00451
01214
00892
01951
01780
01017
02041
00078
01872
02280
00520
00975
01613
00860
02352
01040
00767
02544
01470
00415
01576
02373
00703
00036
01221
01464
01513
02387
01883
02265
02002
00212
01848
01977
00688
01993
00983
00814
01727
01211
02579
02061
02193
02521
01084
01206
00167
00223
00008
00165
00086
01567
00816
02130
00373
01486
01691
00526
02346
01125
01897
00448
01445
01994
01397
01011
01773
01035
02166
00630
02566
00935
02519
01961
02379
02201
02001
00494
00712
01729
01914
01947
00289
00377
02231
01875
00846
01441
01965
00707
00536
02231
01501
01696
00349
01327
01374
00747
02519
01666
02181
01669
00874
00734
00415
01245
02460
00218
00447
02179
00320
00980
02090
00168
01259
00601
02256
02396
00183
01585
02189
00924
00949
00260
01173
00566
00365
00621
02447
00234
01666
01305
00584
00375
01729
01804
00760
00534
00831
02257
01706
02287
01090
01915
00292
02023
01760
01332
02487
01571
00692
02305
02224
02275
01615
00465
01757
01725
01890
00097
00819
01445
01890
01829
02412
01655
01380
01188
02222
00329
00184
01504
00734
00415
01715
00569
01180
00404
01172
02446
00904
01025
02384
00367
00706
01966
00616
02521
00551
02011
00928
01783
01447
00529
00243
01825
01500
01529
01274
00164
01261
00825
01411
01222
00104
01023
00798
01764
00142
00027
01187
00642
01511
00589
01551
02245
01031
02368
00830
02241
02313
00626
02522
02595
01567
02080
01521
01050
00596
01259
01973
01806
00232
02073
01372
00861
02115
01434
00640
01670
00637
02360
00081
01764
02401
00985
01926
01449
01826
01693
02411
01828
02598
00142
01676
01552
01335
00160
00328
01187
02264
02583
02065
01952
02093
00231
00671
00001
00043
00701
00804
02204
02326
02336
00650
02264
01617
00802
02345
00109
00192
02409
00925
01718
02290
02492
01643
01932
01667
01828
01668
01904
02117
01306
01659
01836
01782
01055
00344
02222
01380
00363
01895
02314
01213
01717
01627
01235
00276
02364
00267
01054
01541
02576
02502
00972
02258
00288
00363
00234
00622
01841
01762
02294
01614
00327
01750
02447
02568
00219
01427
01049
00843
00713
01044
00316
02174
01765
00806
02401
01365
02122
01681
02545
01253
00358
01724
02001
00609
00213
01903
01957
00365
01793
00908
01536
01719
00883
00399
02325
01774
01041
02525
00934
00947
01987
02184
01734
01252
02147
00496
00517
02599
01649
00718
00560
00220
00328
01866
00442
02563
00129
01260
00787
01612
00585
02575
00386
00533
02178
01017
01146
00158
00347
01544
01463
00560
01677
01759
02412
01788
01227
02597
01939
01817
02508
00111
02176
01325
01713
01795
00810
01716
02141
00661
01470
00879
00734
00319
02521
02331
00655
01225
02210
01474
01311
01289
00987
00479
01978
02244
01850
00963
00689
00130
02288
00324
00264
00695
01652
00149
01469
01173
01061
00601
02160
02471
00923
00553
00963
00345
01793
00677
00951
01595
00529
02543
00296
02348
01843
02315
01678
02387
00252
01722
00466
01969
00879
01270
02033
00579
00778
00800
00736
00251
02288
01957
00436
01109
00678
02263
00716
00039
00500
01544
02406
02138
01715
00153
01338
01742
00549
02320
00759
02257
01749
01632
01888
00055
02180
00746
00267
02334
02293
02594
02054
01073
00302
02260
02262
00316
00299
01381
02029
01495
01897
01006
01807
01779
02387
01467
00065
00993
02317
02570
01143
01930
00699
01247
01177
02313
01348
01205
02569
01261
00793
02094
02179
01978
01708
00171
00657
02119
00694
02503
01858
01819
01865
02301
01615
01801
00727
01859
02402
02418
01717
00182
01307
00009
00784
01772
01528
00921
00354
02017
00208
01827
01953
01105
02308
00012
00437
00069
01186
00371
00739
02296
02560
00865
00306
02393
00593
01248
00425
00707
01023
01806
00004
00391
01998
00763
01609
01419
02537
02357
01699
01316
00467
00885
00882
00775
01547
00274
00197
01286
00189
01228
02518
02398
01801
01355
00024
00364
01643
01502
02511
01528
02190
00551
00931
01161
01901
00267
01187
01872
01096
02559
01506
00945
00263
02302
01153
02300
00638
00032
00633
02554
00589
02029
00754
00731
01899
01087
01893
00020
02023
00836
00323
01949
00586
01810
00984
01657
02468
00030
00368
01111
00793
01125
02460
01253
01528
02283
00104
00892
00640
00586
00164
00598
00607
02354
02309
01188
00545
00919
00560
01164
01433
00784
00714
01184
01279
02052
02303
00450
00742
00271
01733
00859
01609
00898
01412
00315
00361
02192
00524
00650
00797
00372
01531
00717
00551
00760
00633
01060
00319
02241
01090
01321
01590
00510
00952
02539
01385
00455
02482
00032
01760
02483
02598
01705
00058
01761
01398
01175
00367
01160
01601
01883
02442
00234
02161
00691
00072
00283
02388
02065
01529
00071
02369
02397
01554
02338
00305
00931
00669
01089
02496
01719
01382
01389
00694
02469
00834
01928
00263
01421
01742
00632
00667
00891
01009
00336
01554
00973
01791
01598
01848
01685
00196
01399
00801
02446
01465
00110
01113
00532
02381
02372
00602
00356
01691
02442
01123
02162
02484
02514
02394
02498
01537
01651
00198
02518
02288
00778
00627
01878
00832
02333
00986
02269
01850
00156
00396
01456
00694
02089
01652
01170
01439
00798
01134
00618
02060
00125
02168
00998
02396
02066
00579
01321
00861
01757
01550
02231
01458
00372
02479
02338
00894
00934
00758
02413
00193
00153
01577
00685
01198
02221
00582
01216
01846
00770
01456
02549
01293
00619
01896
01419
01830
01534
01743
02302
02478
00219
00718
02436
01930
01706
01227
00605
01926
00178
00984
00225
01468
01836
00897
01091
02021
02222
02290
01067
01302
00995
01611
00922
02113
00751
01153
01646
02279
01137
01386
02581
01024
00281
00084
00279
00247
00721
02154
01092
00668
02263
00700
00980
01967
01888
01354
02453
01582
01521
01966
02335
00507
01959
01899
01916
00061
00894
01349
02251
01257
02479
02542
00243
01974
00898
00058
02516
00378
00131
01968
01026
00523
01585
00614
01563
01542
02137
01752
01576
00894
00953
00820
02400
01089
02297
02317
00311
00093
00148
02561
00725
02146
01251
00337
02411
01404
00411
02190
00185
01216
02157
02346
00811
00488
00267
01466
01402
00117
01435
01854
02238
01536
00988
01681
00945
00301
01940
02300
01975
00044
00124
02242
00986
02029
02091
00015
01721
01615
00799
01266
02184
02438
02347
02420
00716
01855
00610
01891
02533
02273
00082
01544
00189
01321
00675
00954
01199
00977
00670
02324
00993
02439
00107
00762
01148
00078
02578
01219
02082
01219
00451
00563
00703
01758
02369
02448
00439
02427
02082
01959
01711
01572
00218
00835
00672
00333
00268
00585
00407
02003
00842
01250
00800
00962
01484
02374
02088
00177
00028
00785
01737
01588
01146
02453
01416
00134
02420
00748
01922
01361
01221
02288
01549
00260
01862
01010
01252
01375
01939
00139
00362
02102
01620
02041
02304
01776
00939
02178
02057
00963
01237
00150
01586
00117
02289
00708
01135
00977
00934
01140
00089
01277
02594
02356
00052
00916
01428
00129
01332
01965
02459
01116
00663
02342
00632
00854
00917
01318
01357
00377
00405
01526
02361
00717
00722
01155
00892
01452
01610
01068
01853
01315
02166
01466
00803
00229
01133
00312
02119
00733
01644
00880
02193
01080
00984
02456
00122
02076
02564
00215
00462
00593
00334
01056
01004
01867
00939
00722
01542
00977
00683
01473
00563
02117
02455
01405
01500
00584
01575
00740
02108
00825
01208
00799
00208
01362
01667
01710
00389
01768
01816
02297
02353
00349
00625
00484
01186
01915
01075
01925
02235
02590
02071
00413
02141
01639
01912
01193
02418
00105
02220
00133
01765
01626
01157
02108
02437
01976
01634
00774
00327
00309
01094
01621
00931
00728
00050
00006
01775
01689
01646
01553
00600
00081
02474
00925
00696
00484
01387
01252
01025
00012
00810
01605
02287
01211
01470
02516
00355
00981
01769
02258
01483
02303
00432
01402
01815
01704
00492
02538
00543
01946
02526
02162
00017
00877
02512
01804
02046
00961
00686
02207
00580
01837
01242
02458
00646
01001
01335
00234
02375
01884
02366
00568
00373
00179
01044
01442
01850
02327
01957
01324
01191
00177
00545
01187
01697
00205
00860
01358
00381
01160
02468
01409
00543
02352
00595
02567
01942
00743
01509
00987
00628
00130
02139
00323
01873
01604
01525
02522
01271
00250
00847
01433
00249
00755
01578
01665
02500
01454
02451
00703
00847
02488
01177
00716
00991
01664
01656
02016
00755
01809
00562
02571
00255
01676
02373
00031
00716
00943
02000
00101
00731
00653
00919
00699
01634
01043
00046
00615
02096
01189
01401
00387
00650
02339
00218
02445
01784
00715
01268
01209
01369
00916
01580
02133
02243
01164
02216
02401
00960
01679
00936
01457
01106
02412
01512
00032
01998
01917
02159
00322
00950
00212
00146
01071
02449
02141
00490
00335
00141
01532
02244
01246
01149
00611
02327
02430
01341
01271
00416
00291
01610
01080
01177
01599
01167
00155
01712
02387
01777
01406
01635
01214
02420
02024
00026
01469
00559
01874
01597
01599
01827
01446
01724
00988
01065
00450
01725
01794
01881
02049
00552
02299
02014
01783
00199
00838
01902
01926
01913
00168
00024
02330
01742
00703
02438
01605
00772
01643
02058
00855
02351
01713
00821
01758
01176
00174
01490
01678
00220
01940
02490
00270
01909
01492
00720
02519
01294
02536
00284
01633
00544
00043
01301
01099
00210
02240
01511
00559
01373
02228
01189
02520
01589
00049
00576
01264
01275
01855
01757
02347
00831
00145
00060
00978
00347
00034
00452
01444
00515
01194
00077
01544
01833
01089
02462
01583
00357
01734
00396
00249
02017
01892
02316
00159
02202
02066
01143
00345
00226
00749
02500
02035
02139
02493
00276
02016
02118
00985
00679
00731
01058
02079
01684
01278
02472
01900
00573
01690
01946
01724
01848
01809
02212
01119
02026
02379
02474
00569
00591
00955
01681
00771
00733
00933
02379
00051
01246
00510
01514
02061
00235
01016
02093
01252
01893
02393
00400
00674
01543
01087
02005
02279
02544
01018
01945
00969
02253
02461
00378
01385
01283
02219
02020
01614
00714
01994
00011
02520
01909
01559
02026
00771
02469
01630
01402
01069
01261
02219
01950
02166
01137
01810
01403
00787
02128
02407
01629
00375
00728
01123
00133
00815
02520
01692
01551
00848
01936
01608
02135
01656
01741
02110
01987
00197
01178
00465
00396
01013
02536
01321
02390
00060
00485
02056
02535
00332
00475
02254
01164
01396
00743
01745
00519
00343
01274
00020
02221
01463
01612
00915
00156
00622
01836
00424
02257
00817
00948
02221
00847
01914
02433
01535
01876
00680
01161
01060
02333
00957
01045
01177
02338
00019
02174
00522
01052
01724
00724
00862
01283
01790
01569
00413
02020
00407
01171
02170
00512
01418
02017
00919
01408
01085
01741
00074
00627
01934
01559
01066
01122
00818
00491
00589
00611
00530
00737
00426
00329
00979
01570
00565
02045
00616
01706
02221
00510
01470
02073
00118
00411
01636
00027
02003
00121
01509
00327
01484
01601
01283
02117
02159
01592
01665
00608
00150
02338
01765
00364
01885
00505
01120
00473
01703
01695
01563
01765
01484
00075
00825
01751
01169
00879
00611
01039
01820
01304
00884
01388
02306
00152
01177
00798
00718
01494
00820
00034
02448
01452
01078
00675
01032
02016
01030
01173
02062
01436
01475
01988
01032
01145
01713
02140
01615
00264
01812
02002
00182
01089
01214
00583
00071
01364
00606
01293
01524
00533
00488
01802
02479
00445
00106
00794
01063
01827
02426
01545
00351
00841
01466
00413
02173
00099
00549
00593
00660
01394
00305
01439
01494
01399
01537
00669
02297
02259
01037
01096
02268
02267
00304
01942
00575
01881
00942
00373
00629
02069
02080
01769
00095
00202
00022
01395
01853
00013
02047
00861
01139
01633
01568
01609
00231
01294
00751
01921
01971
02327
01058
00746
01491
02250
02017
02370
02076
00635
00853
01376
01166
00114
01459
00154
01664
00115
02265
01265
01055
01956
01844
02306
01722
00080
02588
00566
02429
00482
02468
01152
02432
02342
00201
02046
01660
00449
01311
02241
00817
01256
00155
02495
00375
00070
00336
00320
01575
00608
01529
00829
00684
00562
00600
02236
01676
00148
02561
00392
00309
00367
00702
00966
01614
01578
01887
00146
01875
01833
00221
00592
00700
01637
00836
00838
00091
01838
01315
01470
00088
01396
02441
01474
02226
01773
01806
01864
02268
02017
01211
00797
00482
00346
02023
00966
00295
02191
01486
02305
00029
00952
02120
01490
00935
01123
00148
02505
02230
01813
00935
00689
01134
02340
00053
02148
01733
00641
00131
01954
00624
01491
00718
00424
00729
00102
01923
02436
01584
02235
00156
01503
01469
01489
00652
01860
00512
00961
02223
00125
02261
02367
00129
01076
01007
01772
00506
01383
02208
02081
00938
00149
01658
00838
01135
02373
00869
00400
01519
01493
01918
01680
02492
00808
00728
01576
00004
01345
02097
02513
00618
01532
01275
00473
01253
00052
01262
01528
00970
01471
01151
01081
01080
01389
02295
00693
01976
02095
02499
02074
02535
00901
01883
00987
00314
02328
02272
02426
02469
01326
01351
01713
02296
00715
00637
01997
00446
01052
00630
01411
00723
01479
00391
02581
01505
00127
02243
00677
01215
01588
02501
00266
01663
00591
00100
00984
02010
01411
02588
00242
00027
01926
01678
00154
00421
01191
01598
02153
01641
00193
00077
02283
01423
00181
00819
02097
01305
00951
00682
02546
01119
01423
01466
00899
00906
01688
02388
00475
02505
00693
01558
01452
02129
01838
00106
00051
02245
00506
00475
01353
00554
00871
01821
00562
02092
01476
01223
01506
01475
02576
01960
02543
01716
01508
01299
01874
01709
00899
02289
01679
02057
01434
01818
01740
01868
01313
01823
01543
00604
01817
01143
00887
00092
00744
00723
01740
00206
00504
00864
01139
02451
02047
01377
00586
01106
01807
01495
00378
00756
01020
00918
01042
01416
01718
00348
00079
01736
00836
00017
02065
01814
00897
01006
02145
00924
00795
00164
01903
01151
01477
00297
01689
01631
02591
00089
01253
