00750
01424
00685
01845
01129
01350
00803
02196
01577
00415
00150
00908
01851
01987
01708
01786
01194
01621
01939
00586
01405
00189
00226
00472
01219
01036
01278
00423
01681
02221
01274
01693
02074
02124
01527
00778
01956
00549
00755
00710
01599
01242
00088
00334
00812
01635
01150
00991
01924
01650
01498
01942
02071
01890
00407
01807
01064
00145
01296
01341
02263
01527
00982
01032
02222
01547
01536
02050
00141
01777
02085
02012
00161
00358
01963
01412
01140
00043
01770
00189
00023
02065
00459
01659
00268
02018
02179
00705
00335
00653
00108
02133
00273
01464
01484
02173
00217
00487
02085
00521
01007
01706
00933
02002
00798
01223
01565
00699
02014
01742
00589
00843
00451
00814
00069
01145
01569
00968
02299
01824
01637
00936
00470
00763
01288
01777
02290
00606
01127
00738
00361
00419
00591
01511
00930
00447
00940
00157
01749
01202
00386
00970
00308
01858
02164
00861
01329
00008
00709
00581
01076
00321
01412
00651
01371
01355
00051
01345
00449
00229
01636
01130
01453
00057
01205
01548
02118
00909
02099
01641
00449
00305
01762
01563
00381
00566
01443
00834
01078
00169
00694
02065
01928
00515
00410
02056
00055
02238
01560
01292
01829
00598
02245
01542
01056
01746
01609
01239
00695
01182
00541
02269
01177
00820
00712
00482
01621
01079
00334
01929
00616
02159
01557
01095
01664
00876
00518
00152
00065
00527
01281
00632
01682
01315
00452
02009
00943
00434
01906
01501
00307
02095
02055
00562
01657
01700
01608
01378
00964
01264
00211
02186
01984
00370
02137
01487
00943
01678
01756
01939
01293
00662
01570
02218
00564
00126
00515
00085
01953
00037
00201
01489
00444
02027
01486
00801
02166
00571
00676
01792
00546
00298
00049
00978
00157
01515
00540
00478
00127
00146
01224
02094
02288
00848
01220
00529
00911
01276
00833
00041
01290
01396
02141
00044
00199
01636
00821
01240
01144
01432
01430
00332
02079
01261
00912
00263
02128
02201
00331
00724
02243
01564
00675
00123
00469
01452
00039
00322
00067
00881
01654
00092
00399
00382
01647
00393
00300
00344
00592
01264
02237
00712
02278
01801
01218
00737
01164
01598
01552
01096
00761
01272
02122
01108
00403
00488
01520
00902
01934
02276
01748
00485
00074
00204
01899
02115
02199
00297
01951
01400
02227
00674
01327
01897
01606
01303
02125
00202
00577
00375
00001
01748
01059
02042
01842
00513
00714
01887
01122
02238
00955
00173
01029
00799
02198
00464
00539
00848
01552
00179
00748
01532
01526
00292
00546
01686
01832
02044
02239
01847
00231
00063
00008
01034
00337
01739
00973
00064
01007
01125
01354
01313
01651
02245
01964
02069
02088
00784
00666
00792
01504
00765
01183
01987
02218
00828
01297
00035
01180
02241
00475
00573
01843
00212
00032
01585
01230
00463
00445
02149
01838
02243
01153
02210
01701
00065
02015
01377
00686
01300
00312
01831
01852
01423
00068
01019
01917
00948
01736
00341
01648
01160
00938
01940
01904
01188
01106
00573
02063
01405
01788
01708
01839
00072
01594
00245
00235
01272
01635
00127
02159
01456
00550
01465
01603
00582
01459
01438
01645
01758
02224
01835
00469
01657
02129
01592
00690
00401
00621
01031
01160
01146
00543
00336
01426
01455
01062
00138
01682
00923
01093
01105
01135
02160
02159
01131
01051
00110
01943
00081
01545
00432
01508
00381
01534
00815
00138
00964
02069
02112
02125
02290
00717
01837
01330
00383
01564
01638
00251
00126
02277
02214
02203
00729
01054
01436
02268
02080
00732
01994
00530
01543
00781
00116
00025
01863
02145
01227
00734
00885
01701
02050
00959
01582
00873
00683
01065
00751
01167
01347
01268
00992
01325
00464
01718
01968
00596
00368
01304
02016
00600
00246
02290
00614
01573
01220
01810
02110
01247
00892
00485
02219
00074
01889
00626
01379
01492
01503
01456
01153
01849
01904
01238
00885
00390
00057
01242
02014
01906
01560
00256
00084
00389
02227
00676
01332
00650
01694
02116
00305
00472
00875
01019
00306
01633
01443
00335
01542
01508
01954
01802
01560
01977
00552
01188
01643
01471
01862
00334
01203
02062
00736
00826
01827
01999
01565
01624
01662
01010
02281
01361
00564
01419
01636
00275
01102
01941
01131
02165
02198
00247
01780
01305
00050
00107
01862
00423
00788
00673
01463
02132
00107
01358
00756
02069
00105
01300
01391
01031
01508
01051
02153
00192
00856
01609
00089
02043
00750
01945
00292
00976
00631
00997
02159
01180
00769
01728
01300
00725
01651
00112
00591
00639
01769
01133
02208
01818
01518
00074
00014
01323
00073
01628
00193
01878
00324
01445
01573
00186
01047
01667
01380
01041
01666
02096
01842
01770
02022
00750
01421
00257
01609
00391
01895
02162
01846
01655
01636
01971
00135
02277
00625
00000
00003
01465
02095
01213
01836
00528
01582
00607
01229
00947
02109
01543
02142
00698
00739
01500
02233
01631
00429
02272
01489
00747
00218
01803
00526
00008
02092
01144
00739
02179
01968
01172
00008
02282
01298
01325
02180
00966
02188
00756
00404
00511
02229
00531
00191
01887
00038
00219
00093
01065
00816
00201
01743
01048
00525
02036
00372
00773
00105
01032
00882
00630
00369
00306
00197
01215
00314
01201
01609
01087
01924
00819
00627
01100
01795
01576
02265
01492
00580
02153
02267
02094
01857
01325
00415
00157
01115
01863
01898
00628
01141
01207
01096
01206
01958
01838
01861
01569
00831
01153
00762
01142
01406
01897
01636
00219
00067
00179
00549
00073
00905
01827
00443
02045
00694
00279
01534
02003
00205
01234
02086
01387
01825
01962
01314
00568
00851
01383
01246
00142
00949
00546
01231
01124
02145
01830
01997
00939
01425
01531
01486
00994
01320
00221
00889
00334
00070
00607
01566
02178
01834
00562
00165
00693
01309
00188
02055
00676
01901
01003
00702
00916
01152
01695
00281
00516
00598
02054
00139
00984
01328
00088
02280
01814
00474
01323
01801
01590
01853
00078
00834
01621
01243
01047
01803
00970
00294
00597
00560
01498
01371
00444
00026
00834
01508
00844
01686
01659
01288
01789
01333
00106
01514
00291
00771
00326
01566
02124
02258
01903
00315
00063
02111
00445
00136
01529
02291
01422
01798
02042
01743
01505
01154
00007
01510
01160
00509
01414
01084
00001
00991
00635
00113
00953
01098
00143
01584
01666
00152
00862
02282
00699
00292
00827
00351
01298
02196
01223
01994
02237
00439
01671
00706
01466
01609
01408
00486
00330
01239
00720
01703
01158
00073
01640
01697
01486
02188
00232
01894
01753
01434
02052
01635
01577
01656
02013
00405
01603
01495
01283
00660
02096
00003
01514
02209
02029
01129
00811
01353
01073
02226
00875
00981
00221
01247
00756
02094
00459
00408
01179
01462
01512
01661
00081
00569
00065
00323
01273
00029
01653
01166
01524
00069
01374
00275
00197
01838
02105
01998
01344
01360
00931
02130
01038
01532
01210
01588
01550
00116
01626
01306
00564
01554
01430
02044
01319
00246
02211
01306
02160
00376
01771
01305
01237
00469
00754
01320
01000
01259
01691
01811
01559
00847
00802
00811
01174
01208
02127
01853
01384
00266
01102
01954
00425
01124
00084
01692
00600
01276
00183
01515
01633
01217
01727
00183
01484
00479
01598
01065
00442
01055
01670
01445
00808
01354
01473
01021
00102
00927
01818
01577
01396
01741
00195
00072
02156
01915
01262
02172
00833
00429
01050
01103
01025
00316
01375
02152
01339
02089
01253
00877
00391
01694
01495
01543
01067
01344
00828
00308
01434
00031
00563
01614
01563
01961
01401
01864
01053
00448
00804
01270
00514
01038
00014
01314
02003
00677
01839
00613
02203
02233
00572
00306
01672
01933
00410
00433
00571
01083
00611
01213
00739
02295
01652
01648
00506
00406
02064
01126
00923
00558
02277
00082
00379
01862
00005
00312
01227
00973
01684
00854
00340
01287
02037
00862
01816
00811
00171
01532
01714
02237
02086
02082
01608
00003
01607
00172
00083
01740
01105
00302
00486
01581
02190
01425
00504
00224
00286
01214
01670
02191
01966
00018
00886
01373
01234
01467
01844
01224
01913
01672
00890
01979
01274
00600
00277
02008
01913
01701
02119
01622
00058
00977
00955
01637
01666
00198
01101
00883
01397
00426
02195
01475
00429
00902
00709
00209
01125
01028
01355
01576
02145
01860
00756
01264
01734
01451
02039
01725
01901
00384
01178
01978
01477
01153
01433
00610
00674
00238
02106
02132
01262
00209
01307
00474
01480
01401
00349
00672
00028
00044
01793
00384
02214
01069
00497
00906
00965
02072
01606
01278
00512
00745
00811
00802
00857
00679
00645
01469
00122
01761
01667
00555
00458
01152
01033
02198
00460
02224
02034
02174
00754
00345
01963
02295
00533
00954
01991
02231
00205
02185
00060
01075
01433
00555
02272
01762
00370
01103
01014
00245
01482
01298
02159
02131
00627
00733
00410
01817
01892
02074
00832
00379
00080
02134
00736
01509
00774
01556
01947
01384
02298
00360
01276
01441
02010
01055
00328
01888
01665
00730
02240
01955
00357
01130
00128
01798
00487
00581
01385
02171
01777
01508
00710
02190
00044
01935
01997
01311
01840
01227
02037
01353
00762
01671
01215
00363
02289
01444
00502
00562
00036
01650
01828
00662
01167
00452
00440
00694
01933
01489
01362
00878
01371
00182
00342
01436
00432
01452
02137
01676
02296
01338
00789
00093
01226
00816
01383
01461
01118
00022
01628
01853
00245
00476
01085
02242
01726
01300
00104
01532
00989
01395
01785
00656
00837
02038
00462
01169
00066
01153
00024
01756
01422
01221
02038
00394
00411
01041
00379
00920
00295
01818
01192
01741
01182
00909
00852
00451
01228
00348
00581
00643
00555
01709
01652
01085
01265
00555
01284
01261
01504
01685
01487
00607
00533
00189
00538
00166
01488
01432
00596
00935
02266
02232
01891
01342
00009
01587
01060
00881
00354
01105
00325
00993
01755
01474
01212
02083
00940
02287
02206
01664
00881
02178
01321
00510
00467
01677
01668
01786
01380
00951
01169
02126
02015
01291
01341
01607
00301
01644
00469
00057
01711
00966
00193
00776
00718
02173
02107
01320
00385
00502
02225
01525
01857
00843
00947
00044
02089
02130
01615
01861
01230
00544
01863
00517
00175
00432
02251
01558
01227
00134
01288
01454
00944
01536
01629
00293
01218
00260
01392
00511
01910
01381
01001
00561
00328
00488
01556
00741
01926
00604
01196
01297
01419
01489
00377
00085
00458
00506
02078
01505
00057
01011
00364
01637
01649
01570
00953
01684
01217
01281
01840
00588
01763
02136
01014
00224
01971
01873
01100
01978
01844
01258
00648
01240
01564
01032
00320
01613
01108
01642
00517
01073
00493
00937
01362
00961
01233
01025
01536
00461
00570
00054
02138
01284
00070
02122
00788
00298
01549
01974
01468
00242
00519
02069
01973
00267
02146
00488
00710
02125
01892
00980
00331
01621
00337
01046
00565
01618
01049
01332
02040
00391
01177
00442
01259
01422
02105
00496
00702
00478
01829
01844
01563
00301
00873
01532
00536
00058
00919
01497
01410
01970
02155
00799
00128
01094
01159
02124
01814
00472
00413
00949
01875
00727
00831
00057
01982
01914
00693
02221
00462
01126
01093
00977
00966
00579
00652
01839
01825
02056
00369
01542
00453
01191
00144
01775
01903
02081
00458
01797
00663
01703
02148
00000
01719
00153
00002
01034
01183
00389
00217
01690
02055
01316
01188
00030
00728
01809
01360
00736
00324
01123
02183
01277
00681
00592
01017
01833
01854
01848
01734
00900
00371
01440
02019
00870
01478
01193
00691
02027
02279
00361
01446
02150
00036
00201
02063
00687
00238
00266
01582
01204
00369
01513
00021
01253
00126
00825
00227
02072
00755
01707
01752
02184
00131
00738
01578
00787
02242
01779
00599
00367
00633
00860
01352
00997
01286
01516
01724
02180
01791
01786
00894
00442
00895
01859
00512
01258
00427
01911
01221
00749
00232
00120
00230
01727
01005
01070
01424
01586
00029
01594
01573
00354
00125
01254
01918
00945
01138
00771
01861
00810
01175
02234
00920
02043
00616
02281
01138
02076
00720
00441
02069
00964
02171
00597
00142
01904
01321
01342
02298
00231
02192
01499
01613
01156
02024
02041
01941
01048
00742
02056
01024
00771
01155
00176
01535
02094
00071
00734
01153
00971
01798
01479
01164
01872
00733
01707
00535
01827
00758
00820
01703
00527
00191
00382
02275
00693
01430
01327
01096
01986
00851
01048
00695
01828
01158
01778
00064
02213
00323
00847
01580
01631
00340
02062
00513
01894
01218
00362
02104
01664
01204
02203
00077
00058
00838
00263
00416
01473
02022
00075
01925
00332
01481
02230
01673
01645
00808
02040
01259
01300
00173
01504
00390
01860
00978
01213
00417
00297
01770
00598
00500
02282
01512
01940
01557
00691
00972
02069
00522
00016
00260
00282
00814
01277
02040
01916
00602
01903
02198
01364
00835
00048
02174
01393
01486
01186
01013
01084
01020
00329
01673
01014
00324
01111
00845
00738
01966
01603
02135
02229
01867
02086
00316
00895
01611
00702
00708
00228
00607
01348
00043
01560
01741
01888
01452
01670
02281
02121
00324
01751
01090
00868
01259
02291
01825
01258
01652
02237
01942
00817
00282
00243
01182
02059
00687
01038
00694
00947
02160
02079
01234
01958
01604
00636
01680
02069
01544
00390
00360
01633
00696
01791
01106
01183
00559
00657
01972
01603
00919
01053
01442
01410
00252
01687
00643
01239
01553
01643
00828
00327
01742
01573
01781
00587
01556
00866
02066
01819
01926
02138
02128
00982
01808
01443
01152
01057
01979
00648
02124
00542
00705
01703
02174
01785
01075
00977
02138
00562
00309
00122
01632
01306
02104
00742
02003
02149
00304
01004
00777
01169
01518
01486
00119
01096
00317
00983
01798
01260
01065
00019
00388
01599
01952
00938
01909
00671
01813
00180
00603
01368
01535
01260
01008
02005
00376
01921
01944
00198
01687
00117
00501
00179
01879
02154
00491
00675
01238
01415
01686
01952
01219
00192
00630
02274
02072
00106
00284
01823
00271
01669
00835
00137
02263
01300
01369
01176
00700
01135
00792
00284
01621
00421
01079
01430
01275
00338
01283
01391
01663
00568
01665
00790
02039
00737
01294
02159
01973
01695
01270
01054
00081
01144
00704
01350
00418
02179
00559
02150
01513
01388
00379
00773
01547
01045
01579
00606
02033
02293
01284
00697
01117
01833
01026
01229
01162
00679
00094
00870
00552
00082
01640
01031
01839
02137
00420
01773
01092
01984
01089
01016
02076
01272
01129
00611
02288
01160
02280
01542
01480
01952
00408
02051
01839
01674
01138
01162
01080
01309
02188
00004
01129
00162
00546
00379
02037
00915
02242
00951
00652
00830
01388
01169
01159
00915
00815
01353
01897
00626
01736
02215
00314
02119
00120
02238
00497
02012
00333
00752
00209
01429
02270
01735
00942
01803
01992
01814
01735
02015
00226
01592
00762
01440
