01883
01378
00167
01192
00193
02486
02085
00137
00643
01043
02428
02416
01370
00860
01951
01500
02259
00008
00646
01732
00302
01954
01847
01895
01059
01197
01675
01503
01483
00964
01945
02492
01833
01735
01793
00985
01500
00153
01860
00830
01630
00115
02040
00554
01868
01523
01250
01276
00381
02326
01505
00428
02155
02280
00839
01008
01404
02206
01778
00057
00826
02162
01501
02465
00243
00067
01496
01334
00625
00588
01735
02160
01490
01738
01123
01642
00600
00302
01211
01818
01936
01057
00123
02196
00080
01404
01373
01456
01343
01221
02182
01687
01005
01351
02084
01509
00273
00186
00862
01517
00316
00006
00534
00624
02458
00198
01025
01034
00179
00498
01698
00314
00624
01202
01064
01994
02297
01614
02154
00227
02129
00438
02434
02008
00097
01107
01834
01930
00409
02393
02244
00795
00880
00096
02197
00972
02139
01238
01149
01573
00753
00611
02265
01261
01714
01368
01125
01974
00094
02234
01745
00374
02458
02234
01959
00477
01130
02078
01072
01351
01490
01935
00737
00378
02039
01306
00120
01985
02256
01642
00928
02341
01411
02489
01878
01945
00226
01307
01406
01809
01955
00347
02134
02463
00265
01364
00101
00925
01292
02111
00272
01135
00417
01560
02479
00686
00663
01664
00668
00079
00034
00123
01902
00210
00899
01687
00815
01963
01523
01495
00086
01186
01580
00338
00213
02483
00026
02496
00428
00385
01775
01544
02244
00696
02408
01744
01067
02030
01153
00734
02475
02499
01196
01748
00990
00865
01705
01586
00858
01831
00193
02169
01507
00278
00397
00959
00298
00651
01034
00971
00991
01212
01151
00323
01655
02217
00751
01364
01252
01475
00478
02215
02427
00639
00594
00897
01577
01130
00955
01886
02126
01573
02356
01087
02098
00821
01670
01622
01989
00037
00564
00243
00071
01167
02344
02313
02409
01266
01236
01247
00535
01092
01664
01273
00127
00661
01549
01278
00379
02256
00072
01675
00695
01110
00113
01572
00734
01518
00654
00275
01035
00974
00112
00799
01651
00033
02470
00693
00894
01266
02350
00465
00140
02118
00068
00914
00599
01119
00928
00620
02123
01275
01388
02209
01925
01436
01844
00413
01665
00001
01147
01981
01351
00483
01803
02096
01380
00547
02216
00465
01799
02379
01274
00099
00311
00376
00518
00394
02372
00794
00032
00458
01366
01220
00150
00207
02193
00028
00872
00448
02084
00672
01727
00309
00300
01454
02380
01396
00782
01808
00924
01511
02374
01460
01474
01500
01063
02399
01698
02267
01696
01651
01012
00065
00232
01627
02048
01882
01001
00559
02277
02468
02274
00648
01839
02051
01024
01121
00688
01154
01137
02205
02224
01472
01897
01301
02038
00676
00164
01591
00259
02063
02153
00972
02208
00471
00712
00891
00392
00518
01907
02371
01107
00237
01736
01935
02440
00567
02415
01242
00846
01814
01964
00638
02270
02416
01947
00950
01832
02379
00832
01183
00619
01419
02073
02483
01113
02022
01411
02353
00579
02283
02190
02177
02259
00792
01142
01365
01404
02461
01675
01355
02079
02356
00323
01974
01020
01578
02420
00439
00835
01998
02189
01343
01981
01335
00130
01107
00306
01281
01552
00804
00893
01612
01822
00922
00941
00955
02023
00197
01616
00508
01493
01646
01277
01241
00332
01621
01935
00496
01804
00520
01472
00468
01407
00040
01656
01375
01575
00155
00204
00525
02061
01857
01198
00286
01923
00492
01360
01233
01348
02240
01928
00401
01150
02413
01403
01868
00585
01092
01411
00704
01911
00993
00381
02193
00296
01170
00945
01094
02032
00397
02150
00568
01071
01327
02158
01969
00346
00269
00256
00175
00309
00145
00519
01168
01829
00159
00655
00525
00243
01663
02360
01887
02002
01950
00586
02466
01474
01976
00017
00726
02222
02367
00412
01792
01313
01867
02421
00569
00265
00612
02434
01051
01109
01501
01003
00964
00458
02443
02149
01557
01873
02137
01666
01593
01215
01647
01590
01006
00757
01178
01366
02329
01307
02247
01207
00057
01713
00021
01255
00006
02050
01592
02361
00620
02225
01824
01539
01951
01477
02487
00717
00223
02420
02207
00560
01989
00804
00404
00429
01557
01963
00118
02201
02495
01789
01592
00702
02165
02432
01139
02464
01727
00228
01907
00805
00950
01793
01733
01006
01483
01726
01298
01896
01963
00524
00656
00024
01096
01228
01541
01860
00639
02178
01085
01962
02282
02483
00834
01734
02090
00066
02148
02199
00445
00491
00939
01391
01173
00284
00620
01914
02185
01834
00168
00945
01114
00944
01124
00125
01798
01883
00766
01190
00265
00602
00025
01877
00988
00061
01560
02206
01079
00330
00686
01702
00604
00779
01542
00506
01006
01107
00318
00029
01041
00059
02248
02169
01842
00821
00013
01066
01147
01101
01323
02395
01570
00561
00886
00802
00815
01459
00548
00850
02376
02065
01897
00491
01604
01328
02191
01647
01096
00290
00998
02152
00274
01083
02328
01839
00961
02223
02276
00676
02039
01487
01241
01992
01186
01025
01763
00724
01512
00585
00201
02375
00286
00402
00246
01988
00644
00483
01745
00893
01488
01996
02277
02448
01638
02377
01707
00552
00663
02269
00996
01512
01865
01875
00318
02376
00290
01310
01625
02481
00174
00692
00947
02268
00888
00590
01477
00323
00550
01766
01214
01616
01708
01366
00199
01711
02487
00597
00865
01815
00502
00156
01314
00140
00170
00167
00031
00588
02408
01638
02068
00727
01756
01454
01598
00046
01486
02053
01693
01341
01692
00035
00161
00857
00938
02448
00979
01882
00878
00687
00266
00068
00380
00812
00449
01857
02058
01098
01084
01339
01330
02066
00186
00808
02237
01105
01462
01340
02245
01755
00307
02290
00655
01109
00246
01692
01281
00749
01166
00253
01838
01023
01530
01160
00140
00988
01327
01767
01957
00624
01710
00390
01624
01149
01354
00898
00426
00236
01363
02155
01428
02263
01382
00090
00702
01580
02057
02063
01934
00678
01319
00271
00365
00658
02481
00418
01851
00837
01148
01498
01247
01393
01319
00376
00276
00585
00942
01990
02195
00247
02025
01349
01067
01617
02494
00869
00875
01413
01574
00016
02400
01250
02459
01098
00593
02399
00395
00959
01408
01035
01817
01338
02187
01997
01665
00225
02428
02171
01562
01597
00859
00023
01160
01033
01974
02491
02269
01239
02092
01718
00741
01335
01195
01150
01237
01181
01899
01305
00348
01478
02283
00925
00701
01246
01450
00145
01590
00802
02484
01899
00607
00701
01880
01434
02308
02348
02498
00447
01500
02063
00738
01013
01854
02027
02323
01854
00506
01807
01175
00910
00004
00427
01428
01472
01913
00808
00768
01703
01052
02454
01202
01476
02285
01523
01484
01593
01105
00653
00270
01162
00254
01875
00808
00552
02001
01124
00609
01790
02129
00086
02364
02354
01059
02175
01380
02471
00213
01426
01980
00093
00413
01161
01896
01667
00975
00291
00480
01229
01875
00217
02086
02075
00176
00001
00836
01873
00450
02179
02376
00321
00395
00064
01104
01243
00161
02253
01813
01331
00636
00038
02032
02290
01919
01104
01585
02107
00433
00416
01252
00141
00170
00338
00834
01855
01361
00567
01060
00911
01345
01019
01872
02028
01447
02206
01749
01690
02099
02498
00413
01112
00951
02362
00350
00102
01108
01035
00849
01921
00796
01828
00019
01357
01987
00027
01167
00110
02127
02351
00249
00270
01186
02405
00337
01754
02246
01416
00120
02460
00167
00609
01840
00670
00577
02263
00895
02394
02426
00996
01829
01073
00896
00170
02131
01553
01556
01685
01404
00447
02406
01206
00063
00979
02357
00036
01632
00489
00675
00230
01336
00496
01434
02306
01341
01024
01186
00854
01999
01968
00995
02365
02472
00427
01080
01341
00066
02470
01834
02131
00534
02431
00459
01852
00010
00020
01566
02220
02396
00326
00791
00096
02147
00618
02168
02370
00928
00183
02084
00149
00337
01438
02441
02166
01710
00782
00733
02463
02304
00962
00861
01062
01851
02294
00613
01617
00889
00339
01373
01098
02213
01416
00162
01802
01127
01986
01530
01516
01957
02226
02188
02489
00323
02066
02447
01982
02439
01767
00558
01826
01591
01123
02170
01737
01289
00783
02117
01057
02146
00395
02294
00357
01624
00281
01403
00140
02353
01140
01038
00601
01548
01403
01673
02137
02295
00246
00048
01961
00148
02409
01452
00883
00694
02408
00043
01388
01847
02139
00495
00576
02299
00988
01310
00766
02232
01274
02158
02182
01001
00660
00213
00124
01226
01095
00736
01295
01874
01541
00590
00768
00572
00621
01454
00962
01336
01721
01809
01488
01490
01482
00218
01426
00376
01710
00411
01900
00605
02314
00756
00123
01271
00347
01232
00098
02306
01989
02092
02218
00611
01624
02412
01698
00091
00307
01381
01203
01034
01710
01261
01664
01812
00623
01846
00946
00095
00941
02014
01483
01236
02406
00589
02409
01442
01520
00161
01030
02077
01455
01939
01173
02064
01869
02130
02192
01710
01974
01776
01502
00603
01871
01401
01309
00175
01831
01557
01650
01926
00882
00303
01128
00179
00126
01444
01310
00643
00394
00250
01752
01597
01398
01945
00062
02403
02049
01608
02469
00664
00843
00916
00119
00517
00456
00899
01186
01051
01422
00008
00080
01358
01127
00919
01574
01608
00313
02470
02435
01602
01135
02201
00329
01792
00561
02423
01223
01245
01333
00894
01617
01225
00678
00613
02366
01450
02302
02289
01251
02186
00971
00157
01278
01803
02282
02316
02442
00451
00512
02498
00361
00723
01351
01172
00864
00754
00497
00896
00114
01686
00028
00959
01325
00225
00395
00978
01942
00899
01848
00849
00285
00726
00115
00480
01870
01605
02170
00956
00131
02330
01431
01184
01318
02385
01600
00269
02165
01837
01406
00181
02113
00885
00246
02125
02396
00833
01725
02043
00241
02304
00190
02309
02219
00370
01357
00660
01805
01027
00119
02473
00029
00207
00389
01030
02211
02330
00791
01590
01033
01823
01968
00506
01997
00268
01699
00603
00467
00344
01952
01025
01537
02409
01712
00503
01574
02471
00319
00802
00527
02399
00605
01553
00925
00205
01084
01489
01764
00392
02069
02074
01791
00275
00602
00530
01062
01269
00063
00189
02005
00726
01634
02464
00616
00238
00158
00738
00105
00872
00287
02213
00976
01791
00172
02374
00410
02048
00265
01340
02104
01991
00405
00672
02000
01797
01536
00313
00484
00701
00679
01999
01603
02032
01497
02043
00668
02086
00228
01009
00008
02037
01469
00106
00608
00948
00397
01818
01417
00241
00995
01169
00261
00529
01831
00542
00151
01862
01488
00684
00851
00107
01781
02261
00571
01061
02309
00378
00794
02390
00375
01650
00964
00070
02050
02257
02255
00009
01295
01891
00077
00187
01940
01824
02390
00216
00727
02011
00157
02013
00000
00907
01375
01293
01643
02412
01960
00393
01020
02322
01610
02422
01862
00644
00420
01079
01982
00116
00320
01223
00366
00655
00454
01814
00952
02250
02098
01170
01785
01310
00117
01550
01544
01193
01627
01453
02412
02042
02279
00912
01752
01491
00660
01085
00376
02251
01441
02229
00137
01702
00541
02307
01674
00685
01621
01047
00356
02258
00431
00753
01050
00825
02267
00349
01894
02367
02345
00144
02324
01448
00062
02275
02333
01532
01140
00505
01611
00686
01090
01283
01158
01525
02429
02347
00231
01976
00049
00669
02404
00301
00815
00957
01224
01531
01136
02347
00640
00780
01127
00394
00076
01622
01869
01589
00681
01470
01574
00728
01691
00759
00971
01782
01210
02301
01375
00595
02157
00630
01847
01740
01368
01383
01487
01704
00445
01876
01451
01715
01634
01121
01595
01779
01494
01420
00327
00854
01714
00824
00358
00447
00622
00117
00805
00876
00720
00463
01272
01121
01829
01438
01050
01700
01003
02063
00992
01324
01340
00204
01960
02202
00394
01769
01827
00142
00131
00543
01920
00115
01424
02123
01791
00481
02485
01156
00919
02187
00281
00335
00033
00679
00489
00103
02019
01138
01762
02157
01488
02150
01793
00991
01376
00718
02458
00009
00928
00096
02376
02061
00865
00314
01680
02170
01647
02464
00609
01428
01018
01319
01249
02112
02052
00150
01367
00643
00797
00689
00061
00418
00136
02418
01940
00900
00359
02333
01418
02288
01022
01997
02300
01907
01177
02069
01774
02134
00704
01306
00221
01005
01921
00246
00980
01415
01942
01362
01866
02493
00704
01933
00407
00226
00992
01440
02333
01561
01976
01066
01348
02167
02169
01701
00491
00946
00644
01440
00170
00907
01140
01108
01293
01327
02025
00106
01285
01495
01227
01051
02466
01037
00413
01203
01677
00204
00795
02111
00225
01217
02463
00738
02006
01222
01157
01963
02137
01376
00007
02433
00291
01212
00677
02350
01565
01466
00789
00634
01525
02348
00158
01228
02291
01899
01995
00625
01659
00793
02491
00541
00871
01340
01404
01823
00744
00008
01122
02361
01671
00646
02026
01434
00694
02429
01888
00228
00501
00338
01945
01374
00047
01004
00329
01482
01998
00339
01250
02413
02428
01152
00011
01048
00066
00231
01268
01807
01783
00145
01191
01389
01459
00717
01699
00123
01243
00351
00813
00217
01129
01943
02178
00891
01284
01008
00515
00925
02309
01173
01323
00055
01569
01614
00586
01600
01092
00760
00343
01338
00091
01334
01014
01012
01855
02127
01300
01134
00429
01025
01060
02486
02074
00533
00875
01676
00252
02483
00075
01741
00894
00761
00486
00861
00705
00930
01566
00363
01129
02272
01252
02398
01284
00843
01994
01961
01642
01658
00893
00045
01529
00512
00413
01035
00507
00976
00964
01633
00130
01778
00715
01565
00832
00999
00709
00881
02173
00549
01721
01327
02155
02163
00371
02413
01129
01907
00374
01154
00783
00812
01293
00299
02402
02044
01084
01888
01644
02288
00950
01667
00767
02316
00057
01319
00867
01323
00202
00706
00581
00854
01652
01669
02063
00265
00044
02126
01275
02178
02031
00061
01685
01671
01164
00608
01093
01596
01324
01548
01125
01362
01144
01604
00059
01303
00547
00185
01103
00497
00253
00125
00877
01526
01183
00077
00382
01634
01240
01914
02414
00065
02354
01271
02137
00325
01427
00705
01962
01197
02111
01473
01566
02360
00563
00058
01253
00743
00087
02320
00688
00393
01165
01169
00232
01161
02206
01803
01047
00715
01227
00519
00301
01528
00941
01488
01984
00796
01021
02065
02081
02406
01668
00305
01867
01719
01386
00733
01574
01293
00174
01523
01147
01443
00206
02174
01563
01417
02165
00502
02414
00666
00948
02223
00285
01322
00781
01903
01883
02067
02355
00964
01733
01052
02154
01517
01025
00907
01658
00371
01030
00124
01508
01288
02235
01715
00613
00900
00125
01781
02044
00780
01819
01772
01475
01230
02393
01384
00154
01898
01313
01749
01960
01582
02014
01654
00010
01924
01254
00937
00346
00042
00984
00361
00413
00105
00203
01438
01789
00704
00803
00735
00735
00223
01638
01161
02253
01654
02302
01773
00160
00391
01594
00980
00552
02180
00314
00069
02112
00404
00084
00043
01178
02118
00209
01820
00365
01207
01293
02294
02323
02248
00361
00051
00466
01608
01783
00254
01325
02157
01436
01258
02474
01594
02414
01683
01692
01117
00187
01432
01325
00723
01682
00414
01951
01737
02461
00208
01291
01750
00465
02244
02438
00363
01942
01923
00368
00538
00663
02373
00391
02194
00854
01402
00638
00177
01933
01418
00919
01149
00950
01860
01179
00798
01820
00587
00520
00729
02479
00742
01685
01301
01581
00984
01226
01306
00888
00812
01031
01087
01021
00384
01108
00949
00294
00906
01495
01235
01623
02153
00786
00865
00162
02004
01431
01193
00926
01684
00042
01345
02364
00017
02466
01866
00666
00599
00000
01663
01240
00932
02061
00185
00924
00841
01623
00795
01861
02226
00444
00619
02185
01211
00292
02100
01720
01253
02208
01395
02457
02235
00768
00565
00764
00001
02381
00655
01225
00703
01035
01905
01277
00531
00227
01981
02414
01078
01985
00191
01258
00816
01439
00814
02029
00406
00345
02198
00080
00954
00184
02302
02467
01626
00478
01718
01366
02375
01843
00545
00465
00669
01492
01784
00873
00044
01221
00870
00631
00837
02157
02185
01151
00715
01326
00076
01713
01529
02478
00899
01977
01728
