00430
01845
01855
02008
00053
00774
00056
01612
01466
01201
02376
01677
00691
00288
00837
00847
01887
02481
01443
00730
00126
02413
01996
01963
01121
01836
01560
01144
01003
02599
02256
01351
00812
01226
00267
01283
01678
02020
01604
00749
01224
01596
01035
01035
01008
02042
02343
00775
01485
00535
00749
02199
01323
02505
01114
01196
02264
01495
01028
00193
00731
00494
01247
02090
01372
01998
01548
01806
00374
00476
00436
00931
01257
01644
00810
00533
00877
02266
00798
02138
00801
02237
01965
01189
00528
01114
01974
01245
01477
01248
02384
02457
01069
01853
01511
00290
01435
00029
01149
00365
00138
02217
00349
00051
00835
01548
01034
02487
02430
01677
00398
01444
00749
00657
01407
02137
01395
01481
01636
02537
02220
01668
01022
01771
00526
00817
01425
01235
00845
01163
01722
00483
00533
01832
02538
01689
02224
01024
00696
01118
01655
01783
01892
00681
00829
01951
02144
02038
00943
01597
02313
00718
01904
01845
01227
01963
00065
00781
01412
00152
00534
00796
02222
00692
02155
02533
01656
01961
01525
01068
00486
00293
00773
01035
00348
01300
00671
02057
02146
00968
00985
00056
00561
02110
00495
00593
00564
01678
01171
02534
00866
00343
00273
00676
01103
00764
02329
00707
00378
00543
00518
02076
01818
00601
00843
01030
02505
02339
00221
01428
00578
00220
02140
00999
02295
01799
00371
01947
01291
01951
01198
01280
02511
02419
01691
00824
00264
01560
02138
00920
01229
00471
01430
01220
01134
00229
01581
00964
01608
00384
00180
01541
00469
00693
02204
01541
01560
01331
01633
02575
01670
02459
01952
02007
01048
00127
01984
01394
00997
01404
02394
00541
00652
02237
01891
02449
00696
00293
02184
00816
02380
01473
01720
02407
02237
01880
02453
02311
00735
02031
02300
01017
00599
00373
02541
00838
01936
01896
00708
01752
00706
02307
00533
02241
01292
00957
01439
02326
01010
01862
02231
00607
00882
01032
01917
02030
02040
01120
01411
00497
02281
00895
00482
01829
02308
00618
00911
02265
01092
01762
00491
00381
00435
01033
02456
00014
01841
01218
01047
00191
01922
01571
01654
01244
00197
00450
00150
00726
00480
02537
01099
00798
02281
01751
01421
01928
01256
00149
01108
02382
00584
02018
01992
00477
01500
01707
00846
01488
01158
00570
01206
00424
02274
01057
00753
00765
02482
00147
00225
00923
02475
00264
00744
00427
02332
02331
00514
01725
02150
00530
01919
00831
02111
00834
01232
02053
01881
02196
00923
02349
01439
01743
00826
01973
00408
00003
02557
00635
01708
00679
02016
00113
02147
02528
00367
01780
01109
00527
01757
00407
01988
02342
00340
01521
00101
02366
01959
01687
00534
01424
00332
02239
02249
02590
01837
01442
01687
02381
00917
02245
01536
01778
02463
00069
01126
00782
00298
02388
01049
01911
02410
00412
00717
00572
01768
01095
00039
02228
00489
01537
00207
02524
00868
01354
01392
02428
00980
00972
00858
01092
00853
02397
00737
00336
01716
02089
01462
01805
00151
01512
01843
00263
01404
00615
02524
01488
00190
01262
01305
01951
00545
01294
01904
00531
00983
01492
00959
00387
00923
02398
02007
00491
02530
01760
01132
02573
00417
01587
00753
00289
00234
01556
02560
00338
00600
02589
01527
01511
02122
00458
00710
02051
01205
01345
00437
00386
00633
00135
00699
02376
01429
01011
02281
01735
02527
00602
00644
01340
00172
00574
02193
01399
01117
00107
02276
01294
02490
01672
02305
02501
01697
01534
01475
00051
02495
01241
01562
00588
00551
00671
00487
01191
00752
01977
00844
00003
01000
02294
00398
00779
00383
01270
02132
01362
00438
00226
00874
00237
01422
02190
01446
01404
02125
00743
01963
00901
00364
00911
00531
00701
00204
01378
01808
00995
01118
01908
00235
01083
02089
01489
01502
00244
00206
01368
01637
01143
00216
01589
00966
01932
01136
00561
01297
01363
02588
00569
02211
00483
01887
02376
02373
01130
00604
02474
02073
02594
01716
01558
01084
01100
02007
01526
01575
02180
02063
02286
00144
00241
01648
02095
02173
02503
01795
00999
01016
01723
01594
01863
02550
00402
01246
01881
02306
00110
01875
02331
01615
01871
01590
01860
01578
01834
00925
00914
00437
00736
00796
02142
00096
01469
00016
01773
02387
00730
01628
01075
00966
02370
01529
02310
00545
01047
00651
01364
01375
01174
00478
02034
02221
00389
00455
02483
00705
00247
01895
02529
01670
02114
01018
01099
00819
00406
00886
02186
00475
02177
00551
00106
01295
02563
01087
00842
01455
00564
01131
01231
02361
00261
00704
01011
02080
02490
00972
02598
01029
00609
01722
00990
02523
02255
02541
02473
02092
02096
01301
01012
00137
01544
00864
00806
01527
02387
02511
02518
01021
01382
01873
02093
00618
00232
00462
01026
01787
00496
02433
02193
00946
01460
00065
00567
01154
00827
01033
01500
01495
01600
00722
00309
00899
01371
02122
01276
02138
00653
00878
02071
02583
01185
02571
00786
01351
02402
02402
02562
02187
02340
01770
00408
00788
01275
01784
00197
01303
00474
00929
02376
00168
01553
00376
00849
01282
01838
02194
01049
02588
02574
02510
00401
02592
01840
00027
01867
00597
00143
02562
00440
01596
02426
00907
02223
02287
01738
01787
01903
02445
00783
00010
02153
01035
00079
00475
01701
00852
00908
02212
02008
00025
02441
00053
01055
02052
02129
01422
01298
01750
02148
02409
01736
01105
00118
00639
00706
01087
00446
02095
00599
01705
00928
01224
02268
01780
00751
00175
00181
00773
00659
00196
01933
00069
00762
02055
01942
00616
01911
02568
01181
00360
02516
00372
01341
00150
02428
00227
01422
01888
00074
02327
00546
01374
00240
00047
01852
02415
00717
00585
00933
01928
01877
00254
01116
00964
00318
02294
00833
01016
01165
00397
01255
01853
01299
01526
01924
02152
01504
01043
01590
00622
01778
01599
00883
00241
01634
00378
01805
00424
00219
00764
01344
01570
00272
01997
01593
00187
00912
00368
01957
01375
02017
02280
02588
01683
01774
01611
01904
00619
01990
01635
02318
01606
02059
01131
01919
00941
00619
01455
01683
01163
01327
00020
01699
01167
01510
00998
01257
02396
00997
01672
02566
01073
01717
01318
02328
01004
01625
02191
00566
00050
01082
02055
00930
01082
00505
00744
01954
01103
01192
00928
02138
02188
02061
00365
00745
02393
00812
00005
00726
01084
01256
00403
02056
01659
02270
01139
02599
02334
01135
01423
00426
01066
00247
02194
00758
01199
01254
02529
02527
01819
00419
01466
01510
00623
01840
00956
02359
00015
01542
00654
01206
01871
00094
00443
00166
01161
00624
02091
01358
00427
00116
00398
00064
00158
02147
00289
01046
00113
01288
02586
02243
00571
00569
01024
02476
01776
01012
02428
01129
02555
00936
00724
01444
00641
00833
01062
00813
00350
00047
01202
00639
01881
01428
01976
02435
00474
00216
01688
02359
02125
01683
00984
00314
00822
00966
01576
01174
00075
00654
00649
01123
01769
01174
01804
02588
00727
01736
00368
00464
00447
00767
00339
00024
00979
01940
01801
01296
01492
01556
00474
02491
00061
02450
01710
01679
01502
00494
00876
00050
01572
01017
00088
02536
02398
01908
02354
02386
00539
00964
01907
01005
01079
02052
01483
00348
01789
02440
01046
02594
01653
01529
02557
00112
01070
02129
00328
00647
02535
01285
00729
01843
00560
00234
00364
02029
01374
00565
02466
01187
02043
01275
01981
01925
02043
01754
01750
01055
01058
00418
00954
01222
01348
01404
02123
01881
00621
02437
01907
00574
01302
01598
00891
01317
01641
02068
01105
01229
01956
01423
01176
00521
02033
02353
00897
02063
01398
01437
01520
01325
02432
01169
00897
01864
00667
00481
00857
01562
01212
01393
01297
01647
01871
00935
02325
00381
00484
01187
01451
01629
00724
02548
02231
02458
01642
00017
00140
00173
00629
02472
01932
01978
02482
02006
00992
00371
00086
01348
01315
00311
00096
01922
01512
01311
00893
00195
01293
00797
02222
00860
02255
00497
01052
01914
01340
02177
02555
01687
00736
00484
00948
01225
00527
02059
02236
02591
01730
00796
02434
00009
02116
02197
01542
01123
00924
01154
02509
00413
01245
01435
02425
00394
02264
02444
00085
02171
01403
00154
00022
01256
00523
02143
02085
02498
00293
00099
00266
00744
01643
00111
00234
02163
01098
01518
00080
02160
01671
01075
00162
01098
01898
01697
01842
01994
02234
00795
00893
02108
00112
00449
00905
00119
02376
01451
02007
02168
01282
01093
02160
01339
01783
00120
00731
02248
00927
02536
02588
02294
02503
02527
02377
00399
01567
01069
00598
00351
00402
02562
01384
00425
01615
01266
02126
01280
00540
01380
01692
01728
01066
00231
01825
02263
00387
00074
01193
00987
00592
01110
01189
00904
02399
00337
01397
01366
00090
00922
00151
01413
00435
01124
01897
02406
00587
00234
00019
02144
01298
02029
01744
02436
00512
00925
01907
00589
01522
01505
01255
01287
00376
01348
00614
01867
00364
02439
00731
02492
00029
00485
00339
01777
01001
01622
02549
00607
00089
02372
01659
00691
00966
00964
00184
02105
00209
01793
00193
01163
00936
02243
02569
01705
02477
01310
00261
00834
02064
02435
02470
00853
01989
00280
02204
01830
01720
01196
00407
01960
02477
00499
02105
00995
00828
01802
00888
00099
00897
01696
00840
01221
00162
00026
01964
02062
01713
02025
02124
00641
01857
00897
01499
00333
02118
00377
01360
00937
01117
01138
01772
01589
02274
01901
01323
00918
00177
00830
02435
00429
02364
00375
01330
00798
01083
01554
01156
00120
01761
00511
00721
02549
00275
02222
02541
02527
02547
00914
00161
00389
02523
02491
01792
01121
00830
00133
01324
02552
00304
00050
02150
02253
01133
02185
01004
00882
01463
01497
02164
01068
01345
01566
02135
00233
00760
02366
01841
00809
01946
00673
01941
01415
02222
02363
01925
00338
01491
01520
01367
00924
00253
00874
00684
00166
00930
02450
01570
02014
01490
02017
02385
02454
00093
00545
02306
01626
02246
00917
00122
00598
00285
02481
01959
00521
00499
02295
02538
02114
02502
02008
00698
01966
01564
02156
01666
02459
00469
00950
00584
00365
02153
02270
00062
01042
02296
02476
00949
00859
00224
00118
00357
01209
01281
02374
00066
02018
02077
02379
02153
01767
00339
02459
02592
02491
01538
00298
02131
00666
01842
02569
00970
01171
02319
01774
00080
01756
02007
01107
00702
02088
01203
00942
01694
01304
01114
01821
00332
00571
01752
00283
00430
00091
01805
00291
01877
02038
00682
00208
00107
01261
01431
01551
01796
02349
02584
01034
01538
02399
01766
02082
00960
00590
00809
01064
00288
02301
02091
01112
01192
01730
00392
02042
00006
00787
01714
00718
01725
02052
02576
01684
02104
01514
02030
02301
01211
01958
01304
01753
01249
02569
01617
00206
02295
00129
00624
02233
02559
00317
00905
00885
02450
02091
00258
00037
00357
01035
02492
01735
02212
01216
00641
01192
00292
01491
01693
02334
00761
02507
01980
01693
00480
00685
00315
01497
00351
01907
01019
01349
01145
01404
02496
01670
00205
00281
01433
01744
02214
00919
00648
01939
01902
01502
01496
02224
00931
01813
02462
00094
01731
01383
01095
01467
01604
01566
01929
01913
01380
00514
01527
01320
02279
01910
01988
00553
02527
02032
01009
01638
01422
00795
00889
02268
01751
00611
00785
00754
00410
00508
02325
00009
00278
00263
00326
02095
01512
01081
00807
02417
00610
01530
00599
02397
00919
01247
00689
00161
00571
00173
01806
01236
01792
01235
00341
01319
00571
01650
01457
00064
00820
00316
02520
01451
02508
02566
01155
02124
02217
01491
01209
02181
02389
01926
02271
02240
00797
01883
01874
02387
02029
02011
01733
00926
01129
02003
00406
00161
01286
00752
01378
01974
01078
00792
01937
00560
00026
02584
01084
01775
00019
00598
01659
00161
02521
00554
01395
01783
00412
00126
02268
01473
00513
02383
01177
02215
00836
02286
02385
02061
00292
01664
00026
00801
02260
00230
01045
01957
00509
02346
02180
01451
02281
01871
01584
01474
01330
00043
02432
02308
01209
01204
02307
02105
01451
01491
02047
02564
00365
01250
01490
00887
01881
01134
00517
01157
00825
01201
02008
01716
01863
01263
00408
00766
02599
02250
01957
01586
01004
00444
02529
00508
00551
02368
01075
01125
02087
00918
00801
00664
00314
01817
01668
00171
01513
01287
01445
02070
01233
02524
01422
00387
02550
02467
02235
02338
02434
02235
00262
01311
01835
01161
00978
00106
00355
01608
00248
02067
00057
00218
02397
01416
00757
01113
01509
00061
01280
01862
01624
02375
00873
00077
00042
02221
02292
01067
02537
01811
00902
01461
00895
01564
02219
01799
00935
01331
00544
00374
00509
02390
02229
00283
00902
00824
01074
00380
00319
01922
02010
01920
02425
01653
01533
01310
01889
00254
00615
02051
01478
00182
01102
00294
01724
00973
02121
00242
00461
00419
00363
00071
00495
00539
01639
02109
01849
01788
00230
00263
01935
00332
01571
02200
00285
00339
00312
01796
02383
02178
01346
00621
01535
02359
00870
02529
00608
02510
00535
01980
02463
00141
02040
01664
02490
00420
00867
01909
02128
02007
02420
00614
00344
00529
00376
00050
01494
01239
02551
01515
01616
02438
01304
01295
00583
02266
00732
00689
01472
02164
00314
00060
00978
01758
00226
02283
02458
01886
01565
01135
01898
01086
01745
01269
02048
01796
01371
01251
01162
01763
01189
01352
02096
01604
01871
00717
00906
00346
02097
01452
02024
00937
00510
00691
02584
00850
01085
00829
02434
02294
00089
02453
00016
02492
01489
01488
02289
01097
02281
01014
00068
01219
00231
01612
00434
02522
00170
02090
01892
00459
02523
02452
02436
00843
00600
01935
00127
01612
00510
00538
01391
01615
00020
01782
00039
00278
00079
02323
01904
01012
01199
00088
00617
02060
00112
02254
01203
00443
00540
01770
01514
00811
00086
02070
02191
02117
01346
01827
02362
00585
01720
02365
00661
01725
00224
00059
01060
02256
01247
01801
00809
02162
00903
01060
01068
00210
01165
01193
00031
01283
01083
00986
00999
00684
02590
02214
00998
00675
00002
01148
00302
01205
02409
02484
00200
02100
01090
01994
01042
00877
00630
00176
00903
01885
02502
00798
01337
01832
01473
00169
00586
01998
01122
01413
01367
00563
01045
01160
01501
00449
01626
02493
00550
01675
01114
00746
00940
00728
01286
00111
02558
00707
02408
01906
01200
01459
01697
01419
00572
01884
02433
02225
01415
01705
00661
02480
01239
01795
00650
00200
00480
00619
01359
02043
00526
01320
00433
00898
00596
01190
02265
00980
01107
00131
00040
02341
01734
02015
01002
00495
00482
02095
02216
01775
01755
01566
01247
00070
00770
02257
02367
02306
01331
02253
02302
01025
00130
02352
00874
01626
01405
02200
01341
00384
01205
01036
01994
02339
00342
01853
01207
01100
02358
01160
02123
02021
01882
01603
00790
00611
01044
01305
01072
02474
00089
01564
01753
01427
01454
01526
02584
00804
00923
01116
00344
00660
00104
00024
02060
02393
00820
00001
02290
01736
02052
00289
00189
01577
00328
02547
02117
02124
02425
02006
02538
00019
00543
01267
02014
02566
00727
01263
02272
00301
01250
01365
01516
00374
00560
01763
02471
01299
00955
02471
01769
01543
00769
00463
00291
01949
00601
01354
01192
01676
00310
01901
01744
01235
01577
01398
00584
00741
00800
00887
01917
02569
00653
00023
01430
00162
01658
00851
01098
01605
01688
00316
00550
01004
02095
00773
01993
02398
01112
01508
01443
01672
00662
02466
00167
01085
02563
00449
00386
01437
00286
01505
01612
01925
00401
02078
00787
01714
00473
00786
01550
00123
00032
01067
01679
01027
00796
01440
02010
00080
02410
01397
00570
01595
00421
01248
02595
00148
00472
00648
00026
01489
02564
01402
00288
00106
01770
01199
00501
00189
02330
00789
01666
01473
01844
02087
02279
00113
02052
01428
01747
01607
01515
01362
02177
01570
02016
00124
00295
02509
01149
02111
00834
01325
01454
00509
01390
00943
01348
00156
00026
00940
00968
01535
00992
01083
01451
01062
02433
01609
02561
00740
01103
00239
00975
01189
01188
01799
01194
02074
01928
00172
01502
01795
01744
00830
01064
01247
00409
00687
02547
01035
00821
01741
01742
00189
01604
01620
02559
02339
00131
02151
02089
00557
01618
01547
01105
01308
00583
00153
00487
00669
00761
00829
00143
00158
01839
00575
01230
02196
00790
00350
00042
02591
01657
01924
01091
01099
00627
00178
00838
00603
01176
01248
00272
00907
01721
00409
02414
00282
01911
01881
01227
02290
01366
01812
00404
00934
01163
02285
02205
01144
01945
00719
01862
00532
00356
01060
01864
02140
00144
00455
01274
01360
00228
00472
01120
00073
01968
01276
00946
02531
01134
00205
01683
02045
01437
01597
