00280
00504
00736
00004
01110
00559
00297
01131
00245
01537
00479
01993
01743
01873
00372
01667
00921
00345
01603
00640
01400
00120
01553
01748
00289
00810
00082
01066
01769
01970
01240
00765
00395
01318
01702
01523
01512
00855
01107
01351
00088
00012
01131
00849
00318
00138
00127
00068
00922
00258
01691
00036
01513
01751
00184
00114
01143
01738
01592
01638
01604
01380
00175
00088
00771
01167
00546
00971
01695
00129
00519
01030
01385
00407
00748
00607
01165
01194
00915
00422
00131
01056
01211
01212
01521
01697
01162
00591
00285
00452
00374
01283
01295
00374
01187
01518
01749
00919
01750
00959
01169
00625
01769
01068
01421
01477
01991
01896
00415
00004
00919
01501
01719
01062
00165
00571
00373
01259
01451
01261
01143
00300
01408
01956
00560
00701
00615
01298
00341
00993
01016
01941
01441
01178
00123
01391
00088
01132
01360
01790
00392
01916
00828
01340
01915
00442
01022
00837
00985
00408
00864
01568
00475
01862
00617
00429
00410
01756
01967
01978
00982
00979
01946
00449
00130
01872
01123
00257
01901
00958
00859
00647
01132
00711
01688
01304
00034
01310
01514
00190
00257
00892
00300
01966
01194
01094
01302
01426
01441
01127
00303
01271
00412
00127
00288
01573
00938
01336
01092
00934
00992
00448
01131
01877
00766
01736
01390
01861
00497
00008
01645
00907
01281
00300
01747
01945
01947
01376
00955
00839
00697
00195
01484
01072
01580
01963
00704
00582
00364
00149
01730
00851
01414
00262
00934
01534
00212
00787
01074
00918
01707
00746
01210
00990
00014
01148
01402
01461
01583
01511
00972
00033
01638
01923
01641
00759
01194
01193
00604
00777
01212
01707
00162
00444
01603
01652
01966
01669
01169
01613
00073
00928
00565
00345
00470
01773
01786
01630
00084
00504
01901
01153
01340
01874
01163
00652
01754
01713
01113
01790
01945
01889
00493
01327
00823
00373
01082
01406
01096
00910
00089
00106
01574
01143
01842
01881
01925
01915
01578
00696
00069
00163
00471
01360
01169
01856
00094
01137
01748
01313
00461
01598
00315
01314
00005
01620
01861
01617
00751
00008
01943
00222
00864
00285
01773
00398
01895
00718
01947
01740
00243
01726
00033
01629
00545
01289
01469
01998
00466
01591
00506
00956
00396
00125
01862
00000
01063
00815
01153
01109
01880
00486
00801
01767
01594
00858
00690
00586
00183
01212
01387
00548
00967
00995
00653
01144
00240
00017
01092
00784
00523
00561
01056
00854
00535
01327
00461
00703
00503
00883
00813
01301
00326
01900
01672
01311
01851
00277
01882
01471
00887
01095
01355
01911
00859
00875
00556
01593
00199
01194
00796
01530
00285
00867
01450
01203
00756
01336
00245
00308
01305
00965
01104
01396
01119
01981
01185
00777
01655
01667
00408
00672
01867
01587
01133
00186
00068
01691
01858
01348
01003
01081
00455
00897
00349
01138
01389
00374
00647
01419
00850
01457
00961
01064
01771
00279
01911
01711
00496
00345
01426
00248
01104
01218
01478
01667
00438
00064
01908
01254
00179
00924
00368
01522
00299
00663
01725
00529
00540
01587
01267
00126
01432
00012
00227
00224
00068
00513
00897
00452
00136
00947
00832
01447
00759
01801
00380
01949
00889
01340
00049
00593
00484
00182
01129
01945
01402
01762
01154
00804
01435
00848
00333
00531
01162
01112
00083
01330
01629
01336
01394
00210
00079
01355
01061
00580
01888
01544
00850
00707
00172
00020
00941
00286
01384
00517
01258
00786
01496
00277
00512
00768
01822
00415
01945
00208
01566
00249
00501
01553
00733
00253
01102
00907
00279
01430
01542
00387
00767
01588
01788
01291
00337
00043
01198
01012
01747
00078
01384
00624
00043
00884
00395
00776
01594
00597
01737
00295
00614
00227
01533
00498
00229
00455
01319
01844
00789
00438
00901
01785
01416
01184
01469
01559
01869
01942
00679
00565
01306
00069
01735
00761
01909
01075
01927
01713
01874
00613
01044
01053
00903
01258
00671
01511
00987
01880
01332
01489
00812
00353
00599
01530
00896
01553
00810
01052
01540
00823
00635
00501
01200
01390
00122
01263
00315
00119
00377
01454
01275
00484
00364
01350
01828
00003
01599
01991
00418
01525
00375
01302
00402
01514
01760
00633
00330
00843
00966
01726
01305
01284
00640
01624
01241
00476
01126
00216
00497
01394
01475
01444
01719
01398
01141
00502
01955
01745
00385
00500
00622
00929
01140
01559
00025
01509
00197
01338
00170
01426
00630
01713
01713
00592
01033
00371
01338
00532
00302
00678
00875
01818
00490
00646
00972
00398
00964
01233
00678
00807
01066
01826
01508
01249
00384
01096
00310
00294
00392
01074
00133
00073
01645
01225
00817
00910
01209
00282
00469
00441
01479
01198
01884
00401
01875
01608
01901
00497
01661
01691
01026
01867
01612
00613
00823
01401
00367
01148
00013
01954
01806
01444
01502
00117
00096
00314
00538
01332
00614
01311
01232
01056
01316
00388
01833
01901
00256
01535
01743
01219
01523
00232
01275
01152
00700
01986
00571
01085
01396
01129
01458
00571
01660
00196
01033
00121
01954
00663
00899
00118
01443
01993
00639
00237
01306
01644
01142
00082
00134
01726
01876
01751
01722
01371
00772
01723
00398
00173
00340
00512
01555
01441
01960
01575
01572
01639
01818
01146
01944
00166
01455
00870
00180
00025
00020
01619
01612
00042
00887
00882
01850
01194
00994
00290
00855
00746
01043
01806
01063
01993
01367
01622
01666
01162
01668
01657
01740
01328
01990
01100
01109
00361
01425
00682
00956
00421
01061
00599
00367
01730
00320
00610
01550
01462
01149
01751
01790
00775
01562
01567
00617
01994
01751
00229
00818
01590
01034
01813
01910
01556
00384
00034
00638
00662
00094
01732
01393
01729
00357
01581
01863
00920
01172
00519
00616
01670
00247
01100
01122
01320
00238
00353
01818
01044
01816
00351
00217
01962
01406
00495
00712
00758
01564
00658
00983
01551
00714
01114
00614
00160
00329
01257
01127
01360
00808
01812
00250
01215
01894
00915
01400
00463
00322
01063
00252
00332
00271
00905
01483
00906
00195
00107
00612
00075
00990
01661
00419
01401
00456
00095
00335
00502
01139
00334
01411
01181
00512
01501
00362
01860
01101
00576
01955
01585
01084
00664
01252
00710
00511
00566
01595
01834
01983
00334
01584
01126
01547
01562
01718
01080
00334
00663
01184
01527
00729
00704
00528
01045
01104
00118
01131
00218
00977
01464
00392
01842
01614
00389
00263
00853
01724
01115
01374
00430
01268
00442
01919
00939
01862
00187
01205
01472
00814
01175
01149
01128
01967
01301
00802
01194
01803
01443
00752
00996
01060
00351
01498
01654
00525
01987
01527
00061
00490
00956
00007
00298
01735
01253
00468
01855
01044
01605
01332
01733
00349
00209
00202
01821
00983
00911
01164
00865
00534
00088
01167
01894
00988
00105
00702
01713
00653
01303
00346
01283
01534
01580
01227
00482
01163
01618
01557
01173
00967
00827
01174
00459
01710
00235
00587
01513
00503
01922
00866
01662
00549
00986
00427
00581
01677
00473
01655
00647
01889
00003
01075
01370
00155
01040
01902
01145
00870
00309
01317
01073
00757
01010
01855
00406
01831
01847
01508
01232
00594
00212
00282
01525
01660
01899
00231
01188
01849
01940
01066
00907
00671
00781
01029
01558
00629
01180
00611
00645
00186
01971
00935
01336
00689
00894
00245
00250
00746
01211
00425
01639
01116
00183
00725
00074
01199
00321
00921
01944
00662
00253
00603
00963
01353
00328
01206
01180
01697
01171
00526
01944
01356
00702
01681
01982
00416
00162
00873
01306
00044
00442
01935
01329
00650
00191
00425
00785
00417
00447
01876
01748
00615
01434
00397
01602
01892
00504
00904
01007
00497
00698
01812
01720
00191
00764
00950
01413
00485
00563
01426
00108
00993
00249
00424
00626
00303
01474
01994
01006
01319
00409
01964
01164
00801
01100
01268
01467
00596
00098
01745
00772
01244
01557
00088
00567
01241
01039
01274
01779
01476
01541
01969
01010
01133
01738
01609
00335
01407
00050
01563
00693
00341
01252
01269
01429
00902
01930
01957
00131
01292
01368
01604
01614
00915
01959
00527
01306
00492
00141
00113
01484
00913
00331
00125
01121
01363
01795
00086
01403
00207
00243
01665
00746
00111
01682
01458
01746
00476
00134
01316
01454
01681
01296
00517
01410
00172
01733
00493
01221
01181
00217
01903
01971
01665
00218
00551
01373
01368
00550
01524
00603
01266
00122
00719
01248
00296
00329
01561
01896
00279
01957
00916
01889
00583
01853
01096
00082
00585
01746
01925
00396
01008
01991
00184
00604
01767
00902
01670
00042
01200
01961
00277
00642
00572
00795
01434
00125
00998
01196
00013
00666
00521
01658
00153
00958
00482
01219
00448
00037
00961
01412
01916
00803
01881
00620
00799
01820
01623
00674
01532
01820
01423
00943
01070
01365
01121
00554
00406
00051
01115
01791
01650
01709
01400
01514
01993
00202
00502
00950
01539
00924
00693
00173
00917
00430
00347
01722
00010
00486
01685
01523
01149
01799
00360
00796
01268
01255
00086
01946
01814
00263
01020
01046
00860
01220
00919
01193
00037
00424
00550
00922
00180
00942
00795
00129
00773
01105
00684
01879
01437
00367
00214
00172
00510
00783
00497
01541
00969
01916
00222
01104
01838
01789
01500
00373
00607
01747
00042
01851
01188
00110
00727
00115
01463
00700
01606
00069
00639
00655
01022
00006
00154
00906
01165
00755
00402
00328
00092
00764
01827
00505
01453
01408
00227
01225
01601
01696
01039
00303
01718
00067
00551
01311
00253
00454
01344
00332
00890
01917
01416
00638
00245
00491
01734
01467
00750
01290
01982
01110
01949
00343
00740
00305
01047
01997
00953
00175
01197
00268
00081
01771
00302
00981
00309
00830
00476
00966
01443
01521
00012
00125
00899
01824
01463
00970
01141
00023
01534
01221
00038
00556
00234
00601
00034
01032
01969
01324
01299
00995
01765
01628
00903
00027
01318
01383
01999
01585
01528
00646
00756
01120
01567
01128
00389
01371
00710
01399
01643
01633
01312
00873
00109
01679
00662
01046
01455
01043
01582
00144
00981
01145
01772
00883
01142
01076
00803
00939
00764
01482
00468
01757
00343
01932
01799
00803
01537
01505
00711
00823
01212
00798
01896
00906
00952
01652
00628
01618
01953
01382
01362
00366
01236
00901
00728
00135
01826
00825
01559
00438
01950
01791
00485
01708
00464
01786
01993
01281
01132
00375
00094
00844
00828
01249
00906
01452
00042
00637
00601
01441
01978
00563
01074
01226
01700
01322
01851
01980
00863
00767
01480
01467
01673
01250
01231
00552
01987
00829
00663
01767
01289
00177
01199
01628
01216
01486
00523
01138
00407
01183
01080
01975
01920
00257
01601
01912
01720
01470
01642
01748
00834
00649
00778
01103
00802
00376
00694
01190
01412
00169
00951
01065
01117
01091
01342
01066
01834
01882
01374
01905
00165
00590
01191
00617
01654
00401
01539
01387
00533
01747
00777
01828
01693
00348
00447
00390
01836
00933
00189
00584
01112
00163
00813
00459
01084
00257
00670
00234
00063
01993
00087
01596
00197
00654
01656
00218
00687
01225
01853
00199
01982
01678
00604
00017
00485
00139
00125
01123
01564
01581
01609
01460
00721
01566
00651
01952
01785
01743
00884
00032
01588
01677
01851
01752
01950
01203
01760
00126
00609
00940
00881
01490
00216
00164
00022
00414
01503
01818
01175
01835
00966
00116
00606
01245
00212
01039
01751
01101
00728
00960
01140
01041
00859
01484
01468
00233
01841
00081
01523
01721
00239
00095
00469
01038
01814
01575
01036
00943
01677
01758
01394
00674
01837
01645
01680
01495
00117
01753
00260
01077
00446
01130
01169
00911
00633
01194
01313
01411
01317
01979
00789
01007
00028
01957
00685
01696
01837
00220
00322
00360
01492
01034
00721
01483
01125
01358
01443
00918
01081
01296
01863
01805
01919
01375
01937
00752
01123
00218
01755
00697
00460
01943
01657
01700
00814
00147
00123
00139
00064
00759
00412
01293
01001
00675
00216
01483
00820
00873
00954
00527
00450
00793
01650
01033
01454
00629
00102
01975
00923
01920
01216
00192
00778
01736
00181
00781
01224
00300
00453
01780
00916
00284
00670
00419
01006
01036
01675
01558
01899
01188
01418
00148
00069
00727
00555
01644
00512
00574
01541
01912
00151
01329
01395
01835
01668
00401
01867
01484
01086
01684
00318
01999
00285
00238
01163
00316
01481
01833
00415
01919
00064
00257
00359
00603
01943
00703
00054
01275
00168
00991
01393
00007
00169
01936
01048
01439
00509
00743
01983
00055
00436
01904
00523
00943
00974
00819
01512
00462
01020
00879
01030
00251
00599
01414
01749
00295
00506
00484
01541
00394
00762
01676
01392
01832
01415
00481
00259
01296
01162
01070
00375
01697
01822
01092
01646
01705
00939
00270
00633
00364
00941
00657
01271
00877
00067
00773
01783
01468
01124
00618
00334
00332
01356
00633
00068
01568
01107
00361
01017
00353
