00098
00509
00410
01905
00838
01332
00265
00139
01895
00143
00640
00470
01915
00898
01334
01188
01082
02171
00769
01814
01256
02035
00835
02015
00982
01569
00879
01196
00772
00726
01614
00936
00347
00859
00043
00828
01930
00982
01711
00859
00712
00924
01153
00020
00888
01496
00334
00553
01654
01857
00609
01956
01708
00274
00951
01401
00089
00347
02113
01070
02191
00661
01591
00726
02167
01467
00750
01821
01963
01332
02141
00775
01720
01620
00290
02018
01006
01306
00924
00841
00526
01925
02180
00458
01391
00239
00357
00623
01588
00068
01517
00600
01638
01627
01359
02090
00481
01355
01807
01281
01685
01209
00785
00249
00564
01421
01398
01514
01490
02101
00836
00650
01774
00953
00240
00260
00524
00934
01139
00022
02077
01990
01502
01712
01412
01044
01228
01120
02149
02165
00771
01723
01276
01866
01741
01462
01158
00730
00873
00451
02064
01813
01625
01958
01123
00883
01633
02199
00089
00714
01131
02130
00167
00902
01225
00850
00790
01323
01632
01788
01767
01767
01733
00943
00403
01810
00679
01538
01228
01215
02080
00806
00884
01460
00201
01738
02000
00357
00929
00582
01984
01144
01978
02047
00270
00025
01897
01496
00576
00725
00728
01058
01403
00035
02033
01402
01206
00310
01113
00376
01969
00168
00510
01089
00921
01889
01119
02082
01393
01069
00735
01325
00869
00539
02141
01904
01046
01313
01674
01864
01749
01693
00904
00085
00950
00855
01388
00191
01579
00426
00448
01902
00377
01057
00000
01503
01171
02110
01214
00578
00770
00205
00068
00016
00422
00904
02134
00674
00027
00484
00721
01413
01514
01736
00500
01338
00395
01189
02065
00058
00172
00457
01656
02094
00017
00334
00865
01452
01784
01792
01987
02165
01895
00755
01926
00668
01012
00986
00410
01617
01337
02196
00554
00443
01579
01865
00520
02141
01613
00419
01741
01095
00046
00016
00333
00405
00963
00299
01645
01932
01594
00122
01979
00393
02068
01090
00449
00772
02174
01742
01468
00233
00749
00359
01119
00991
00555
01597
00039
00841
01450
01908
00539
01571
00604
00130
02019
01751
00069
01404
00537
01548
01845
01696
00816
01544
01118
01717
01680
01036
01974
02015
00122
00550
00233
00439
00350
00724
00639
02031
01751
00164
01381
01379
01512
00665
01371
00371
00254
00695
01961
01725
01857
00831
01559
02095
00327
00566
02047
01634
02087
00465
00025
01770
01583
00003
02051
01058
02147
00734
00843
02092
00667
00120
02099
00678
01407
00717
01791
00784
01209
02106
01221
01970
01559
01322
01890
01043
00628
00633
00453
01604
01354
01477
00971
00243
02151
01973
01078
02107
00737
01626
00026
01480
02150
01762
00718
01736
01804
00907
01035
01525
01242
01396
00324
01647
00097
00207
01834
01471
00107
01491
01883
02119
01158
00527
01879
00053
01629
02144
00670
00981
01916
00147
01881
00806
01413
00950
00900
01117
01212
01072
02180
01989
00171
01689
00283
01985
01459
01572
00421
01504
01688
00346
00125
01991
00055
01192
01282
00620
00542
01080
01584
00094
01777
01125
00892
00474
00533
01151
00255
00881
00626
00591
02126
01141
01698
00589
00044
01602
01160
01813
00109
00033
01214
02191
00584
00879
00752
00182
01223
00197
00175
02080
01910
01657
00643
01196
01270
00009
00584
00859
00301
00375
00595
01948
00604
00896
01673
00291
00525
00375
00324
01140
01654
01055
01083
01713
00182
00861
01429
00364
01747
01164
01522
01038
01174
01386
00518
00733
00180
01815
00955
00036
01969
00781
00746
00340
01227
00539
01669
02168
02080
01820
01204
01927
00109
01557
01594
02099
01813
01460
01723
00038
00986
01332
01148
01628
01411
01868
01175
00763
01129
00135
01314
02199
00447
00294
00227
00178
01807
02010
02058
01864
00235
01062
00795
02033
01414
02064
01846
01016
02152
01384
00341
01504
01951
01561
00217
00503
01633
02093
01753
01994
01363
01302
00665
00247
01084
00166
01747
02018
00387
01519
01572
00263
01857
01815
00637
00158
01133
01340
00052
01445
01579
00629
01879
00423
00728
01280
01477
01386
01340
02088
00321
02183
00012
00431
01108
01402
01466
00929
00293
01664
00636
01825
00199
00409
00446
01356
01359
01643
00245
01835
02105
01886
00058
02079
01542
00158
02150
00685
01820
01139
01816
02081
01522
01444
01944
00406
00718
00842
01471
00827
01397
01649
01693
02106
00287
00801
02063
00562
02028
01395
00147
02108
02095
02166
00329
02170
00605
00314
00808
00323
01698
01692
01225
01676
00945
01815
01788
00057
00621
01732
02094
01576
00104
00752
01948
01822
00135
02100
01566
00139
01313
01706
00043
00129
02043
01219
00852
01610
01681
00317
01664
01367
01994
01010
01980
01133
00185
00420
01732
00873
00491
00868
01827
01692
00034
00977
01755
01298
00365
00958
01609
00613
00265
00141
01536
01846
00697
00671
00616
00915
01421
01093
00163
01676
00082
01801
01820
01224
00070
01765
01156
00525
01126
00453
01090
00788
00502
01145
02182
00578
01404
01882
00675
01546
01377
00782
00895
01576
01965
01695
00904
01434
01334
00157
01196
00135
00716
01076
01413
00793
02125
01952
01607
00358
01128
00293
01551
01146
01360
01259
01258
00393
00551
01814
02024
00504
01444
00635
00883
00563
01522
00919
00415
01657
00335
01194
01952
00043
01766
00192
01963
01996
00257
01872
01586
00155
01422
01470
02047
01755
02141
01459
01035
01483
01483
00628
00788
02169
00046
00144
01769
02074
01326
00610
01156
00309
00252
01423
01795
00069
00394
01505
02042
00877
00182
01954
00376
01254
01380
00989
00996
01075
00104
00749
00021
02006
01709
00961
01227
00347
00548
01911
00141
00138
00324
01310
00920
01018
00426
00200
00600
00569
00853
00547
01270
00192
00473
00409
01702
00803
00119
00709
01564
00910
00573
01158
01355
00043
01719
01721
00225
01305
00769
02134
01795
01934
00935
00085
00344
00628
01012
00433
01292
01410
00099
01458
00492
01121
00582
01625
01168
01815
01320
02084
01770
01417
01289
00369
01122
01720
00062
01783
00947
02014
01514
00200
01238
00587
00381
00443
00577
02080
01526
00655
01971
01508
01416
01617
00222
00612
00151
00750
01970
01293
00470
02140
00090
00478
01263
00482
00901
00809
01686
01169
00396
02152
00370
01682
02123
00884
01264
00862
02077
01144
01037
02061
01800
01932
00704
01958
01362
01374
00499
01029
02103
00090
00268
00378
01560
01282
02012
00318
01594
01185
02115
01097
01976
01794
00181
00807
00877
01918
02077
00129
02010
01521
01717
01431
00888
01006
00775
02027
01371
00793
01931
01640
00588
00010
01094
00842
00225
00906
02035
01720
01458
00541
01736
01372
01499
01767
01120
00627
01025
00108
01952
00191
00123
00984
01977
01897
02167
00341
01729
00100
01813
00018
01645
01070
00676
00792
00919
02120
00623
00976
01800
00468
00308
00784
00099
01957
01305
01005
02046
02194
01859
01115
01565
01925
00940
00191
00701
02080
01728
01501
00673
00727
00213
01749
01341
00488
00900
00809
01069
00575
00984
01546
00312
00294
01618
01543
00591
00818
01926
00343
01020
00561
01790
00318
00160
00759
00321
02052
00093
01103
00200
01915
00221
01222
01469
01791
01533
01580
01840
02040
02154
00092
00663
01794
00662
01947
01297
01166
01879
01565
01911
02185
01077
01522
00863
00786
01469
01768
00119
01209
01110
00562
00379
01371
00535
01910
00011
01786
00276
00661
00123
01689
01083
01595
00920
01998
01855
00566
00772
01232
01257
00907
01743
01895
00141
01036
01786
00266
02096
01933
00448
00108
02132
01662
02004
01080
01069
01307
01377
00388
01027
01743
01714
00754
01989
01512
00055
00720
00454
01803
01728
01033
00975
01456
00065
00925
00385
00776
00642
02163
01013
00891
01626
01455
02057
00974
00544
00511
01321
01697
00053
02119
00736
00255
02025
01124
01066
01342
01224
00022
01560
00055
01721
02094
00846
00391
01363
01655
00204
00180
00245
00545
00087
01531
01696
00104
00572
00102
00266
00971
01504
01395
01434
01184
00271
00647
02003
01437
01951
00755
01264
01946
01528
01380
01786
01747
02178
00982
00241
00225
01779
02171
01484
01423
00164
00028
00438
00865
00478
00466
01128
00209
00790
00975
00045
01252
00747
00262
02125
01713
01744
00121
00161
01114
00274
01256
00136
01147
00023
00111
01205
01135
02081
01969
00334
00921
01294
00145
00864
01080
01669
00463
00780
01428
00543
01863
01128
01989
01728
00325
01027
02036
01121
00764
01017
00152
02011
00943
00879
02194
00721
00863
01548
02069
01058
00890
00773
01916
01482
01501
01643
00936
00045
00576
00970
00649
01647
01456
00688
01929
00114
01114
02160
01832
01557
00234
02051
01282
00126
01139
01699
02053
00596
01113
01843
01703
01539
00723
01277
00916
00340
02109
00513
00692
01889
01609
01599
00851
02114
02149
01778
01235
00535
02096
01649
01388
01074
00309
02163
00939
01927
00122
02095
00168
01404
01715
00925
02089
00287
00943
01332
00060
01784
00957
01832
01386
00485
00935
00455
01959
01988
00043
00609
00390
00864
01483
00098
00010
01442
00171
00134
02199
00211
00344
01583
02118
00132
01615
00438
00263
00443
01011
01756
00057
01314
02120
01043
01765
02173
01965
00638
01905
01776
00919
00113
01144
01459
01071
00454
00222
00491
01166
00470
01641
00014
01383
02073
01004
01442
00658
01986
00525
00018
01561
00857
01094
01918
01476
01198
00601
01374
00623
00975
00084
00596
01619
01598
00036
02035
01841
01682
02165
01175
01666
00609
00311
01898
00149
00423
00877
01880
01000
00717
01759
00409
00815
01088
00240
00072
01187
01853
00698
00348
00745
00807
01196
01114
01363
00180
00109
01173
01580
00642
00379
02036
00645
01601
01332
02198
00037
02101
00638
01820
00429
02091
00418
01130
01033
01133
00154
01956
02090
01196
00067
01890
00792
00201
01222
00479
01077
00872
00569
00836
00037
00321
01291
01916
01729
01748
01956
01443
01243
00521
01010
00016
01748
01321
01088
01220
00705
01764
02153
00662
02004
01656
00354
01556
00079
00426
01774
00640
01387
01045
00979
00548
01390
01620
00225
01692
00867
00445
00715
00551
01476
01061
02174
01857
00410
00178
01230
01344
01573
01752
00040
00537
01151
01963
00530
02055
01810
01830
02111
00247
01386
01894
01687
01818
00885
00655
02178
00088
01559
00448
01357
00413
00123
00533
00509
00979
01107
00361
02160
01733
02136
01406
00164
00698
02037
01267
00631
02054
00054
02049
00109
02009
01526
01985
00208
01610
01558
01093
02114
02052
01097
01314
00102
00698
01820
00183
02012
01498
02067
00244
01027
01876
01438
00186
00520
00342
00139
01611
01765
00029
01901
01638
01694
00410
01659
00449
01132
00846
01163
02123
02124
00051
00356
00813
00858
01377
00035
01964
00078
00946
01861
00799
01753
00299
00500
00271
01617
00471
01525
01679
01976
00065
00574
01385
00379
01798
01772
01155
01878
01732
01690
02060
01461
01387
01894
01103
01621
01031
00029
02027
00384
00847
01911
02156
01968
00725
00973
01098
00435
00266
01455
01571
02108
01741
01914
01888
00330
02080
00374
01041
00778
00608
00982
01558
00824
01343
01473
00491
00187
00159
01501
00318
01862
00301
01611
00624
00946
01095
00989
00382
01049
00187
01684
02188
01685
00094
01223
01861
00727
01342
01261
00361
01116
01485
00651
01443
00538
02122
00977
00501
00936
01949
00663
01626
00267
00975
01598
00464
00157
00812
01737
01737
02055
00702
01489
01908
00999
00535
00887
00765
01037
01859
00637
00349
00544
00159
00198
01975
00614
00538
01780
02025
01936
00758
01536
01419
00267
01323
01227
01007
00691
01689
00227
00172
00506
01303
00386
01841
00494
01061
02097
00467
01513
00098
00369
00651
01490
00307
00210
00151
00321
01457
00756
00387
00719
01501
01379
00668
01643
00843
00024
00281
01418
01481
01441
01510
00182
02050
01051
01086
01735
01179
01998
01964
01679
00656
00311
00102
01406
01900
00419
00183
01230
01212
01806
01128
00481
00663
00444
01146
00383
01989
01455
01898
01076
00616
01111
01921
00342
01155
01095
00487
01644
00197
00748
01140
01553
01194
01729
00459
01808
00063
00165
01691
00362
00335
00966
01018
01195
01095
01263
00728
00682
01331
00045
01422
01471
01363
02143
00618
02015
00629
00068
01864
00394
01448
00198
02190
00718
00746
01412
01948
00796
00551
00237
02062
01376
00518
00680
00191
00095
00954
01913
01868
00721
00978
00630
01114
00269
00389
01911
01732
00604
00694
02060
01094
01957
00639
00032
01183
01096
02173
00299
00174
01030
00608
00822
01253
00005
01085
02063
00738
01890
00418
02101
00423
00727
00982
00461
00208
01516
00466
01954
01549
00281
02096
01828
01395
00314
01454
00183
00027
00299
01119
01268
02158
00123
00103
02053
00499
01869
01536
00233
00239
00792
02198
01639
00104
01049
02059
00728
01662
02167
01455
00989
00806
02108
01512
00127
01581
00275
01858
00542
01877
01284
01724
00505
01015
01797
01255
01796
00437
02091
02011
00104
01650
02006
01823
00740
00817
02106
00453
02089
01335
00057
01256
00771
01830
01038
01995
02107
01174
02189
01199
01265
00010
01567
00112
00127
01181
00057
01621
00897
01327
00867
00722
01577
00976
01158
01467
01494
00495
02167
01912
00797
00391
00048
00616
00880
01671
01950
00795
01218
00212
00405
00240
02117
00478
01255
01687
01490
01364
01571
00476
00655
00332
02146
00912
01399
02147
00686
01718
02076
00109
00795
00343
01983
00594
01999
00763
01048
01710
01310
00805
01489
01731
01973
00529
00356
00372
00272
00436
00853
00808
02176
01416
00019
01449
00244
00675
01584
01345
00088
00563
01071
01225
00123
00544
00917
01653
01106
01557
00224
01742
00154
00213
00508
01045
01235
01166
02004
01241
01279
00317
01774
01518
00834
00742
01703
01706
01156
01397
01126
01861
01065
00982
01749
00444
00946
02117
00841
00122
00037
02099
01506
01724
01527
01903
01966
00247
01193
00068
00321
00945
00568
01828
01855
02008
01022
01721
01033
00099
00703
01419
00878
01363
01470
00108
00737
01125
01045
01292
01136
01967
00428
02161
01381
01732
00912
00766
00829
01606
00709
01583
02101
00711
01190
02070
00781
