00080
02336
00028
01502
01618
02391
01137
00199
02508
01378
00931
00724
01224
01214
01874
00533
01680
01679
01082
02041
00934
02199
01231
00515
00109
01858
01604
01493
02030
00173
01539
02312
01787
02507
02236
01635
00553
00336
01027
02022
02407
00473
01481
00430
00295
01269
02595
01184
02436
01164
00749
00752
01498
02409
00770
00322
01613
00081
01253
01580
00167
00103
00893
00145
02654
02322
01423
00689
00309
00872
02508
00949
02566
00081
01210
01615
01355
01003
00088
01949
01683
01998
02421
01323
00374
01851
01843
02270
00057
01247
01336
02699
02391
01118
00878
02098
01145
00169
02377
01129
00693
00297
01757
00244
02591
00634
00780
00575
02029
00076
02177
02406
02255
01858
02011
01889
01187
01725
00745
01785
00660
02535
00566
01960
02000
01545
00274
00157
01424
00887
02655
00531
00006
00148
01314
02156
02397
01482
01415
02577
01308
00604
01436
00549
02386
00923
00110
00811
02148
00702
00462
01114
00870
00862
01818
01681
02067
01274
01976
00224
01559
02424
00788
00106
01631
01149
01595
01708
00787
01136
01937
02646
01893
00267
02559
01269
00139
02341
01986
00929
00599
02600
01368
00674
01302
02219
01216
01242
02626
00416
00174
00818
02526
00341
00705
02643
01188
00400
01884
02243
00935
02473
01420
01533
00171
00260
00120
02110
02569
01433
01040
01594
00796
00721
01628
00863
00346
00814
00557
00569
02469
01446
00046
01031
01709
00857
01604
01202
02199
02333
00428
01535
00964
00159
00235
00760
00767
02121
00232
02384
01786
02170
00543
02043
02032
00259
02686
00967
00701
00244
02303
00788
02435
01678
02512
00727
00260
01520
00247
00738
00189
00816
00000
00804
01390
00278
01942
01132
01145
00804
01014
02515
02101
01333
00943
00332
00711
01788
00461
02344
00275
00448
02465
01108
00413
00006
02674
00599
00355
00255
01994
00092
00561
01333
00376
00032
00989
02173
00082
00084
00936
01894
01669
00976
00961
00097
00996
00376
00152
00597
02550
00228
02112
00702
02144
00344
00318
01623
01138
00181
02499
01953
01523
02195
00116
00499
00520
00152
00484
02336
01974
01902
01764
02200
00688
01509
00380
02199
02419
02596
00095
02582
00269
02570
02271
00795
00081
00913
01295
01526
00570
01663
01446
01611
00536
02005
00881
01796
02035
01945
00689
02696
00402
00695
01091
02352
00080
00900
01149
01729
01211
00656
00649
00503
00106
00767
01762
02195
00009
01742
01743
00773
00776
02548
02305
00800
02540
01180
02242
01910
01571
01074
02215
01992
00359
00482
00314
00915
01253
01532
02092
00018
00396
02395
02674
00680
00757
01997
00508
02537
00691
01281
02467
00853
00928
02368
02009
02537
02423
01112
01079
01183
01158
01059
00018
00120
01840
00612
00183
00369
02686
00477
00157
01719
02495
01610
02013
02485
01185
00253
02561
02221
00936
02388
01043
00786
00704
02267
00376
00145
00866
02642
01305
01709
01637
01788
02586
00449
02221
01949
01982
00694
00597
01991
02260
00811
01966
00644
01919
00269
00860
00416
02121
01315
02107
01863
01126
01651
01770
01809
00384
02444
00572
00166
02623
01005
00515
01793
00439
02654
01054
00833
02650
02129
00648
00983
02088
02647
02663
02351
01963
02510
02160
00921
01240
02476
00528
02611
01556
00738
00787
01311
02387
01411
00653
02648
02318
02563
00226
01838
01089
01940
01060
02115
00392
00244
01260
02383
02531
02053
01470
02477
01594
02563
02417
00936
00079
00472
02155
00800
01718
00366
00115
00859
00738
02537
00838
00959
00562
02151
02608
00360
00661
00066
02210
01535
00083
00510
00305
00157
00520
02340
02661
02186
01243
01511
00469
01765
01796
01174
01145
02442
01892
00706
01622
01155
01358
01678
02513
00772
01790
02565
02142
02178
01909
01161
01648
02439
01388
02202
00398
00536
00519
01313
00374
00567
01255
01595
01250
00516
01956
02698
02512
01624
01809
01636
01999
00034
02669
01307
01008
00394
01994
01201
00351
01544
02306
02448
01206
01449
02338
00805
02637
00272
00156
00687
01208
00712
01533
00208
00497
02454
02207
01616
02531
00279
00605
02170
00343
00608
00417
01480
01707
02295
00867
01370
00369
00374
01680
02003
02013
02394
02134
01088
02632
02401
01644
02555
01060
02033
01710
02064
01742
00153
01377
01282
00787
02323
00913
00521
01530
00898
01901
01667
00244
01968
01713
02530
01762
01976
01519
02431
01676
01577
01736
00081
01680
00368
00429
01416
01845
02601
02569
01932
00069
01355
00895
01241
01378
00351
01473
00373
02156
01326
00296
00379
02049
01860
01335
00683
02523
01382
01920
01867
01944
00451
02134
00637
00480
00975
00952
00050
02287
02229
02055
01044
02250
01551
01971
00191
02339
01508
02676
01354
01125
00806
01908
02161
01097
02313
00718
00547
00316
01249
01309
02191
00799
00436
02427
00980
02054
01040
01221
00898
02290
01224
00480
00467
01456
00181
00218
00615
01434
02553
00855
01352
01056
00040
00228
00951
00177
00216
00973
02028
00505
00215
02607
02180
02063
00683
01501
01490
00444
01018
00096
01151
00811
00423
02011
01007
01004
00525
02576
02350
01295
02407
00989
02395
00938
00670
02391
00816
02172
01404
00177
01167
00213
00966
00026
00078
00323
00213
01532
00291
01067
02345
00549
02694
00528
01762
00524
02511
00150
02284
00862
01003
00527
01382
01491
01219
00887
01371
02599
02089
02578
02490
01781
00560
02082
01549
01539
00075
00956
02214
02446
01899
00159
00093
02073
00986
01312
01020
00072
01763
01849
00456
00338
00134
02437
00714
00800
02144
01475
00752
00523
00593
00567
02338
02158
01776
02357
02468
02440
00990
01752
01425
00880
01641
01959
02382
01714
01379
02488
00854
01663
00582
01695
00675
02210
02296
01410
02506
00981
00757
00193
00371
00083
02401
02023
01796
00519
01696
01969
00115
01991
02032
02609
00843
01880
01035
01401
02221
02469
01950
00694
01652
02676
01553
00978
01720
02332
01336
00092
02343
00798
02628
01698
01281
02447
00004
00471
00899
02473
01787
02197
01375
00538
00887
02595
02403
02222
00783
00827
02408
01295
00526
00545
01030
02468
00461
01779
01047
01394
01003
00365
00208
00917
02647
00042
00155
02470
00498
02434
00843
00904
02316
00876
01426
02387
00783
01468
01683
02281
01974
01166
00189
00830
02328
01985
00539
02178
00916
01725
02600
00922
01028
00445
00214
01141
00943
01217
02228
01654
01840
00677
02270
01787
02627
02435
02470
02072
00294
01926
02477
01190
02261
02297
01291
01436
00347
02691
02583
00463
00771
02642
01267
00654
00096
01558
01949
01188
00177
02111
00584
01622
00362
00287
00370
00174
00719
01774
01050
01999
02031
01256
01301
01164
02086
00858
01122
00739
01859
00065
00044
00790
01502
02044
00257
02480
02550
01702
00380
01230
01759
01363
01107
02246
01362
02592
01076
01426
02358
02037
01482
01142
00879
02463
00028
01992
00030
02639
02518
00117
00901
02046
02388
02164
01093
01000
02329
00562
00482
01824
02528
00428
01890
02582
01813
01426
02410
01800
00579
02407
01394
02211
00358
02687
00932
00454
00782
01525
01681
00337
02431
02552
01740
00387
01115
02640
01568
02470
00318
02163
02605
02636
01237
01458
01490
01708
01963
00206
02010
02039
02064
02420
01796
01418
00391
02457
00482
01197
01659
01996
00643
01844
01358
01854
00965
02210
02239
00395
00022
02022
00762
02406
02174
00355
00122
00547
01131
01301
01499
01222
02040
00218
02331
02113
01097
02500
02427
00363
01139
00588
01794
01584
02236
01127
01454
00045
01511
02582
01174
00176
00777
02119
00912
01249
01717
00224
00172
02248
01072
02416
00259
00214
02007
00240
00035
00884
00571
00129
00120
00751
01230
02691
00920
01294
02439
01664
01395
00607
00658
00855
01840
00104
01008
01582
00013
01683
00735
00651
02267
02668
00803
02498
00470
01887
02564
01522
00217
01682
00603
01619
00205
00120
00652
02243
02176
02258
00962
01201
00521
01194
02023
02401
02163
00902
01894
02683
01991
01244
02404
01152
01050
01992
00515
01028
01924
01207
01549
00430
00480
00133
00489
01316
02390
00074
01823
02355
01936
02370
02263
00535
01576
01704
00202
00841
00481
01347
01036
01358
01736
01011
00834
01884
01974
01815
01703
01075
02517
00635
01986
00434
02538
02497
01008
00273
00995
00865
00487
01972
02541
01877
00252
02158
01132
02332
00521
02058
02614
01019
02131
01147
01434
01198
02155
02146
02695
02606
02296
00254
01034
02119
00098
00990
01945
01097
01642
00182
02520
01416
01143
01700
01886
00877
00383
02369
01214
01314
01806
02489
01084
02389
01293
01457
01239
00504
02695
00427
02192
00484
00703
02495
00589
01927
02505
02164
02577
01202
00710
02463
00546
00921
01059
00685
01817
01231
01981
00573
00192
00401
00125
00784
00188
00466
00663
00609
01094
01185
01833
00201
02090
01642
02642
00167
02672
00056
00820
01658
00196
02199
01647
02372
02663
01135
00752
00139
00391
01390
00222
00566
01804
00847
02609
00925
01977
01853
02673
00047
00652
02001
01345
02390
00445
00359
01798
01702
00146
00200
01266
02383
01167
00145
01923
00220
00705
00294
00477
01684
01035
02566
00175
01472
01965
02103
00626
01892
01901
00594
01739
00883
00087
01584
00232
00869
01340
00276
00899
00484
00883
02324
01367
01103
00709
02000
01812
01056
02331
02614
01522
01026
02010
00352
02057
00575
01115
02521
02697
01923
01749
02402
02517
00604
00856
00866
02189
02127
01912
02652
01373
00585
01535
00141
01600
00287
01148
00831
01839
00060
01137
02139
00140
00572
00460
02248
02575
00838
01078
01853
00765
02372
01093
01897
01486
00479
01104
00195
01897
02230
00649
00240
01880
00272
00571
00573
02605
01866
00505
00506
00864
00447
02099
00293
02478
00178
00369
02257
01632
01626
00675
02115
01546
02622
02396
02518
02196
02012
01966
00599
01467
01596
00946
00244
01523
00658
00633
00694
00184
02608
02040
00818
00731
00891
02206
01952
01917
00065
00476
01140
01600
02211
01308
01771
00941
00069
01579
00942
02089
02291
01274
00898
02003
01057
00996
02283
01676
00659
01811
01146
00344
00942
02216
02083
00384
01254
01968
01864
00388
00440
01673
00624
01170
01133
01823
01469
01542
00850
00721
01292
01727
00144
02240
01352
00018
01787
01291
00201
00297
01519
01031
01723
02566
01998
02334
00564
01319
01833
01667
01426
01516
01335
00610
02238
00884
01788
00011
00709
00359
00908
02296
01177
00716
00650
01908
00077
01311
01040
02250
00131
01916
00725
00887
00803
01748
01710
02593
01989
00116
02168
01786
00228
01528
00623
00005
01389
02168
02687
01596
02515
02135
01263
02085
00044
00373
01834
00835
01621
01059
02067
01102
01997
00891
01046
02451
00780
00949
00366
01998
02439
00407
00610
02217
02299
01436
00186
02543
01574
01543
00575
00926
01163
00631
00335
02127
02346
01731
01780
01483
01573
02117
01953
00174
00822
01403
02018
00333
02148
00758
01932
01757
01518
01971
02256
01728
00663
00253
00858
00031
01921
00786
01132
02389
02145
01937
00945
02588
00135
01792
01428
01542
01535
01073
01668
01251
00391
01465
01533
02014
01889
02486
00178
02182
01797
02174
01794
00820
01896
02066
01427
01298
02629
01611
00874
00886
00577
00332
02088
02021
02614
01337
02489
02263
02524
02028
00042
02393
02195
02163
01790
01819
00418
01010
00163
00072
01205
01214
01560
02611
02159
00291
02451
01356
02334
00811
00092
01016
00479
01249
00524
02549
02459
02561
00040
00922
02425
02362
00623
01572
02339
00366
01207
00983
02406
00545
02384
01200
01921
02137
00962
00227
01058
00553
00116
02488
00561
02622
02655
00342
01223
00035
02602
01293
02059
01218
00937
01003
02188
00293
00757
01299
01842
01033
01174
00889
01495
01479
00376
00721
00190
02693
00515
00391
02402
00836
01314
01911
01670
00527
02019
00106
00242
01183
01689
02461
00978
01147
01272
00255
01434
02659
02518
01639
00289
02414
02636
00048
01068
02577
02535
00912
02659
01867
01081
02279
00636
02542
01071
01969
00284
01912
02476
01611
00546
00144
00093
00325
00675
00011
02217
00552
01324
01952
01981
00927
02027
01004
01852
01877
01717
00390
01437
02613
02505
00799
00282
01939
01446
02058
00737
00937
01999
01396
01846
01678
01416
01370
00987
00692
00842
01512
01195
00656
00464
01863
02202
00140
02165
00406
02288
02093
00469
01655
00779
02287
00447
02325
02178
01103
02218
01253
01383
00116
01584
00098
00924
02309
00305
02490
00613
01683
01280
01812
00379
00978
02020
02140
02474
01090
00314
02382
01854
00249
01758
00875
00615
02219
00814
00521
00739
00531
00562
00885
00857
01637
02171
01212
01755
01218
00199
01899
01265
02513
01705
01597
01849
02110
02362
00864
02084
01173
01695
00722
01747
02671
02351
01214
01420
00553
01978
00102
00951
01988
01188
02450
01088
00806
00419
01740
00259
02276
00199
01654
01091
02287
00156
01981
00797
00792
01412
02314
01888
02384
00311
01744
01751
01809
00676
00957
00687
00025
01869
00682
00927
00997
01086
02030
01207
00549
00333
02051
00708
02427
00970
00062
00497
01337
01454
00213
01343
00392
01236
01914
02335
01847
00563
00010
01401
00282
02401
01675
01422
00934
02042
00236
02075
00502
02378
01400
01082
01814
01148
01490
02333
01451
01034
01487
02213
02678
02030
00469
00226
01311
00188
00377
00684
00540
01719
02585
01187
01766
00110
02337
01904
01472
00879
01071
01483
01027
02158
01001
01937
00415
01221
01155
02539
02624
02169
02354
00942
01511
00317
01297
01679
00496
02678
02174
01035
00709
00918
01957
00435
02470
01003
00150
02197
01729
01017
01916
00722
01252
02060
01707
00401
02321
00979
00843
01254
01354
00617
02151
01152
00988
00022
02553
00174
01742
00972
01238
01260
00115
01701
01194
02178
00808
01604
00954
02585
02395
00983
01300
00102
00549
02223
02650
00013
01519
02595
01301
01670
00818
00056
00896
00940
01676
01006
02328
00286
01167
01693
00056
00844
00269
00099
00960
01896
01738
01477
01094
01545
02218
01649
02089
00701
00823
01010
01109
01657
00139
02004
02499
02639
02538
00204
00859
00009
00936
01476
01032
01201
02430
00360
01805
01358
01856
01712
01431
02292
00794
01282
01598
00460
01340
00852
00256
00491
00512
02055
00904
02350
01106
01099
00960
01960
01588
01007
02524
01419
02096
00905
01708
02665
01508
02495
00152
00466
02192
01309
02018
02155
01818
02351
01936
01003
01831
01352
02025
02102
00554
01585
01623
01802
01336
00776
00004
01346
02407
02520
00410
01123
01139
00921
01999
01359
02063
01385
01965
01860
00772
01890
01023
02457
00661
00244
01482
02628
00619
01248
00096
02168
01344
01288
01755
00140
02028
00186
00154
01457
00127
00082
01617
01348
01938
01743
02102
01843
01753
01730
02641
00361
01305
00982
00120
00106
01956
01270
00604
01217
01062
02065
01705
01815
02018
01304
00172
01693
00995
00073
00219
02005
00881
00727
01090
00434
02213
01615
02442
01716
00492
00262
01119
01468
00231
02210
00367
01570
01485
00515
01201
01486
01010
02526
00719
01732
00845
00856
01253
00311
00628
00890
00520
01725
01899
00774
02520
00961
00471
00886
01045
00240
00566
00124
02552
00569
00421
00029
01030
02396
02154
01500
01637
02313
00063
01588
01416
00338
01859
00458
00310
00669
02212
01449
00743
00719
00647
02023
01527
02274
00521
00360
00704
00825
00070
00282
00323
02537
01192
01696
02054
02337
01113
02517
01065
01156
00678
01130
02179
00136
00478
01957
00968
01123
02687
01925
00953
00961
01856
02633
02208
00808
00478
02064
00103
02512
00420
01795
00344
02451
00912
00959
00783
00493
00536
01451
02228
01698
01303
01705
02651
00333
02353
01365
02422
01297
02524
01374
00618
00080
01446
00986
01134
00655
00948
02595
01514
02364
01641
01307
01096
02159
02384
00160
01041
02296
00502
01604
01678
00935
00418
02029
01741
02686
02148
02514
00068
00064
01621
00449
01102
01355
00973
00693
00862
00692
02629
00368
01613
01891
00759
02026
02442
02693
00749
00426
01500
00110
01719
01221
01612
00252
02018
00944
01494
01051
02119
01200
02067
02527
00987
00254
02161
01788
01593
02594
01379
00577
01965
02543
00559
01243
01748
00804
01742
01438
00222
02231
00956
00234
01472
01687
00013
00860
00832
01125
01812
00743
01950
01959
01102
00263
01789
01224
02371
00629
02090
02681
02474
02688
01213
00806
01762
02685
00947
02193
02541
02417
01325
00967
02260
01925
00247
00488
01034
02255
00844
01586
00584
00164
00857
01627
01506
02154
01229
01004
00499
00643
02105
02242
00398
00901
02045
01438
00896
01305
01860
01125
00443
02550
00748
01619
00294
00595
01126
01010
00358
02622
00049
02515
00478
02540
01185
01828
00954
01758
00288
00601
01503
02674
02417
01553
02391
02570
01389
02034
00555
01262
00415
00669
01623
02610
01051
00271
01997
00351
01884
02467
01222
02407
00108
02533
02082
00424
02133
01055
00683
01510
00053
00436
00481
00193
01082
01394
02098
00569
00036
01587
01653
02166
00600
02335
00633
00080
01067
00078
02592
01115
02373
01497
02561
01056
01440
00632
01707
01108
00376
00166
01292
01087
01421
00116
00803
02257
00904
02237
01850
01345
01995
02368
01723
02571
00876
01228
02178
02164
01756
02484
00432
00473
02229
00194
02463
02381
02622
01503
00151
00803
01641
02142
02457
02644
02564
