01713
02731
02067
02468
01026
02858
02553
00766
02270
02876
01036
00698
00019
00275
00766
00490
01809
02375
01455
02855
01580
00013
02469
02055
02668
02734
00078
01453
00501
00729
02269
02159
00670
00781
00938
02113
02278
00283
01486
00946
00061
00638
00778
02313
01789
01950
00033
01475
01424
01159
02838
00791
02467
00724
00569
02615
02690
01700
02877
02054
01327
00733
01895
02571
00125
01571
01074
02549
01500
01648
00150
00576
01079
02058
00643
01685
01879
01851
02331
00710
02287
01781
00896
00317
02458
00145
01517
00467
02268
02043
01937
01797
01270
00127
01302
01431
01877
00911
02247
01830
02866
02205
01311
02456
02811
02037
01791
01305
02356
01856
00659
00105
00279
02516
00182
02141
02218
01464
00745
01568
00932
02354
02681
02611
00566
02704
01461
01697
01764
01189
01334
00066
01713
02410
01178
02202
02251
02870
02520
00986
00009
00522
02430
00318
01446
02645
00963
01494
00391
01284
01848
01468
01389
02802
01649
01936
01520
00052
00969
00880
00761
00248
01174
02065
00763
02587
01351
00358
01486
00017
00088
01036
00405
01585
00348
01655
02257
01891
02243
00221
02739
00667
02096
00941
00583
02794
00398
01040
00900
02511
02462
02700
01752
02228
00575
02756
01036
00704
02422
00948
00760
01391
02046
02758
01749
00385
02577
00211
02225
01723
02402
00294
02769
01115
02755
00206
00702
01087
01303
00358
02213
01361
02551
02689
02509
02362
02625
01939
00351
01941
00218
00145
01385
01247
01203
01489
01349
02418
00337
00550
02560
02479
01689
01340
00383
02733
02033
02135
01506
00779
02688
02854
02320
02854
01334
02867
01587
01957
01289
01906
02529
02490
02549
00347
02873
00350
01182
00593
00920
00700
02335
00277
00059
00654
02371
02244
01321
00597
01876
01092
02279
01025
02553
00910
00228
02218
00105
02634
02740
01905
02558
02408
01077
01274
02705
02104
00824
01079
01631
00157
02642
01386
00828
00510
01303
01701
02556
00957
01364
02007
01382
02758
00593
01130
00991
01340
00486
00384
02361
02567
00383
01431
00649
02846
02580
02191
02506
00031
00486
01814
02686
01366
02224
01334
02212
02163
00698
01107
01656
02396
01088
01871
02377
00627
02524
01945
02541
00973
00541
02006
00702
00597
01240
01503
01544
00095
00857
00251
00806
00072
00760
02216
02651
00071
00050
00567
01399
02019
02082
01277
01228
02581
01932
00341
01003
02565
00721
01519
00947
02620
00466
02166
01819
02883
00347
02439
02737
02297
01153
00436
01419
00120
02136
00232
01151
00134
00079
02040
01020
02462
00665
02534
02359
02312
00404
01345
01916
00763
02694
01482
00481
00198
02528
00822
00841
02124
02608
00982
00015
01057
00975
00308
00898
00753
01331
01195
01773
00824
01763
01066
00556
02416
00993
02554
00778
02808
00661
01091
01066
01565
02652
01253
01592
00111
00592
01288
02501
01813
02087
01853
01495
02602
01260
01208
02207
02461
02741
00648
00442
02888
02479
00330
00575
01933
00489
00234
02899
00218
01983
00966
02747
01043
02403
01857
01111
00262
01713
00465
01468
00519
02205
02646
01960
01166
01359
01124
02438
02231
01098
01867
02440
02568
00443
02406
00257
00229
02020
02661
00068
00941
02401
01752
02864
00137
00111
00437
00366
01876
01612
02041
01373
01135
01932
00789
01630
00134
01233
02356
00550
01094
01767
01313
01209
01989
02898
01179
00693
00377
02544
02279
01516
00426
00384
02443
01817
02056
00913
02514
02746
02581
02193
01052
01803
01627
02433
01680
02041
00529
00218
00780
01321
01073
00002
00709
00333
02815
02413
01173
00241
02756
01983
01969
02872
01373
02183
01921
01670
00019
02335
01187
00774
02160
02683
01910
02377
01477
00640
01281
02773
01812
01765
02060
02645
02065
02580
00324
02066
00649
02383
02768
01567
01190
02215
02015
00594
02878
02371
02288
02634
02837
01578
01808
02414
01090
00922
00835
00432
01252
01565
00696
02067
01295
02682
02695
02291
00975
01994
00325
00006
01011
01469
01427
02528
00259
00703
02612
00596
01812
00747
01113
00202
01580
02507
02162
01123
02447
00687
02271
02871
02216
00109
02676
01782
01334
01614
01475
00838
02860
02230
01373
01660
02327
01734
01516
01123
02243
02047
02508
00250
01612
02844
02820
00702
01404
00444
01188
00183
00282
00798
02686
00764
01857
01346
00157
02779
01116
00165
00710
02536
01930
01810
02242
02325
02315
01699
01738
02834
02530
02215
00311
01126
01441
00033
00349
02066
01895
00927
00359
02204
02636
00154
02515
00653
01764
01613
01776
00113
01510
01214
01330
01855
01755
02344
02447
02171
00952
01019
01600
01991
02725
01690
02458
00926
02656
01639
01472
00054
00278
02870
01698
00818
02761
01876
02296
01056
02123
01635
01864
02856
02015
01030
00505
02328
01302
02677
02481
02568
01289
01679
01552
02079
02106
01714
00797
01081
02477
02518
00548
01401
01806
02387
01909
01815
01228
00359
02627
00166
01540
00826
02562
01492
00924
02408
01132
01258
02223
00674
02159
02031
02235
02775
01456
01370
02143
01034
02039
01056
01067
02125
00619
00412
01246
01616
01781
01281
01754
02236
01633
01034
02066
01595
01741
02325
00377
02380
00647
02623
01011
02514
01174
02793
01906
02258
00369
01835
00359
01850
00092
00773
00351
00844
01832
00691
02346
02811
02361
01859
00463
01806
00862
00907
00441
00539
02458
00128
01197
00436
01546
01765
02552
00864
00620
00077
01718
01608
02679
00836
02498
00618
02129
01978
01737
00728
00878
02106
02118
01078
02466
02266
01146
00266
00062
01244
01909
02464
02595
01036
02745
01605
01241
01697
02192
00010
01568
01259
00670
00026
02426
00163
02593
01990
01505
01991
02648
00381
02450
02740
00186
02343
02147
02888
00684
01415
02065
00158
01135
02760
00875
01046
00017
02882
01872
00559
02578
00478
01699
02747
02010
00212
01198
02629
01546
02438
01516
02682
02809
02358
02893
01394
00842
01749
02288
02031
02208
01306
02535
00353
00749
02401
02795
02601
02524
00681
00051
02063
02510
01706
00560
02466
01392
00289
00751
00426
00099
00590
02851
01441
00200
01363
02161
00652
02547
02375
00230
01891
00811
01922
00828
02312
01053
01753
02861
02433
01283
01298
00057
01744
00832
02497
02316
00927
00714
02442
01953
02077
01307
02794
00721
00691
01372
00653
00055
02314
02659
01231
00708
02194
01565
02552
02628
02621
01286
02099
02137
01842
02114
00850
01128
01323
00728
01443
00430
01318
01792
00742
02167
02459
02378
02478
01307
00753
01654
01648
00579
02284
00104
00064
00815
01946
00274
00691
02618
00690
01012
00466
02718
02688
00652
00620
01242
00740
01850
00463
02226
01595
02436
00865
02539
01820
00752
00663
00368
01285
00094
00339
02837
02133
01029
00730
02350
00950
02297
01984
00008
02476
01515
00248
02100
02108
01190
02897
01701
01375
00955
02467
02849
00171
00192
01481
02631
01556
02885
00863
02620
01685
02803
01519
00573
02206
01026
01068
00061
01295
00651
00247
02272
02530
01427
02400
00416
01901
00864
01777
02695
00292
02338
02198
02594
01709
01484
00055
02665
00203
02585
02163
01532
02120
01334
02739
02570
02063
00460
00284
01249
01743
01475
01287
00256
00066
02341
02029
00653
02700
01501
02403
00781
01586
02695
02112
00337
02273
01794
00302
01807
01064
02613
02631
02228
02167
00315
00660
00202
00420
02113
02449
00957
00112
01786
00600
00494
02690
02216
00841
00847
00731
01318
00415
01739
02350
01910
02133
00143
00128
00264
02368
00566
01424
01860
00428
01234
02509
02161
00261
01004
02548
02023
00035
00766
01345
01248
02003
00491
02659
02783
01847
00115
01700
00330
02150
02281
02216
01059
02321
00404
00349
02158
00981
01026
02691
01957
02832
00800
01934
01641
02347
01335
00953
02553
01890
02279
00563
00513
01660
02071
02853
00180
00231
00112
02542
02459
00240
01607
00864
00282
00952
01919
00516
01838
00506
02443
01609
02070
02216
00274
02518
01234
00786
02464
02397
01890
01834
02461
01921
02196
01486
00178
01364
02326
02245
01903
00190
01115
01644
02745
02821
02344
01298
01368
01998
02246
00410
01041
02878
01595
01809
02823
02678
01626
00549
01648
00997
02889
02107
01326
00843
02474
00146
01608
02011
02838
01961
01591
02375
02242
01231
00199
00972
01083
01187
02651
02393
01054
02730
02648
01877
00814
01329
01087
02381
02503
00676
00533
01636
02335
01829
02825
01469
01046
00075
01232
02659
01946
01827
01105
01045
02237
02544
00284
00409
02173
02823
00829
02567
01123
02738
01156
00439
01956
01750
00775
00319
02285
00980
00240
02876
00801
00904
02011
02760
01085
02506
00312
02388
01432
00810
01020
01252
00540
02076
01158
01328
00917
01890
01290
01712
02077
01645
01800
00192
00698
02342
00506
02724
01209
00448
01489
01739
02140
00756
00135
01819
01451
02866
02043
02238
01274
00884
00908
00417
00119
01062
02591
01253
01095
02716
02817
01874
00584
02431
02718
02295
01783
02390
02688
01977
00995
01829
00144
00262
02847
00805
01366
02898
00383
01512
02196
02761
02774
01437
02622
02167
00277
01639
01501
02267
00108
01161
00910
02783
02499
01729
00940
01554
01375
01587
01498
01141
02111
02791
01152
01544
00073
01152
01014
01394
01870
01367
01649
00864
01871
02647
00801
01530
01787
02674
01650
02735
00702
00477
00729
00890
00175
01855
02552
01499
02782
01000
01336
01977
02188
01405
01763
00571
00512
00283
01106
00177
00996
02464
00096
00348
02201
00367
01265
02278
00768
02008
00923
01497
02231
00137
02103
01436
01636
00900
00476
02875
00024
00976
00745
02251
01411
02072
01360
01001
00376
01415
01803
01477
00488
00155
02402
00837
01549
01485
00571
02168
00733
02381
02068
02881
00654
01979
00120
00407
02393
01901
02189
00342
02402
02561
02837
00029
00871
00967
00714
01903
00491
01620
01072
00346
00883
01038
02599
02150
00377
01873
00323
02267
02374
01840
01605
01654
02234
02040
02315
01609
01463
00025
01267
02555
00766
01197
01508
01498
01501
00931
01879
00525
01154
02339
02650
02418
01669
00336
02011
02129
01119
00987
00684
02095
02815
00509
02166
01925
01810
01528
02292
02433
00741
01588
00686
02348
01410
01862
02303
00419
00105
01907
02141
01555
01350
01010
01556
00955
01033
01883
02130
01236
01178
02291
02546
00897
02719
02285
01887
00210
02755
02804
01920
02584
00948
02500
00734
01667
02373
00463
00638
02782
01579
01556
00101
00112
01602
01110
02206
01848
02380
00087
00868
00576
01002
02186
01649
01528
00895
01587
01987
01377
02002
00790
00326
02441
00040
01470
00459
02865
02447
00572
00271
02874
00382
02205
01175
01342
00030
02196
02521
02786
01614
02841
00109
00333
00071
00114
00058
02560
00170
02145
00104
00506
00548
02296
01318
00460
02809
02293
00276
01909
00192
02184
01457
02792
01398
00763
02047
02771
00262
02510
01888
00084
02046
01297
00388
00878
01041
01308
02041
01025
02553
00572
01808
01000
02723
02468
00397
01785
02122
00311
00635
01377
00184
01501
02637
01849
01389
02885
01881
01035
02102
02538
01860
01794
00697
02606
02267
02597
02321
00588
01801
00260
01124
00794
01633
00484
02785
01355
01194
02657
00907
00900
00806
01531
01648
00394
00189
02298
02877
02188
01181
00860
00519
01334
02260
00708
02339
00269
00548
02576
00589
00631
00822
00540
00658
01959
02025
01866
00825
01954
01018
02875
00058
01369
00567
02524
00199
02543
02349
01098
00111
02743
00635
01960
00479
00240
01584
02859
02547
01089
01521
00384
02051
01439
02048
02325
00820
02098
01809
00290
02463
01403
00144
01567
02089
01249
00336
00296
02085
00748
02287
00918
01670
00939
02226
02148
02448
02826
02705
02645
02550
02451
02852
02580
02394
00450
00544
00480
00458
00868
00489
01651
01544
02484
02141
00118
00425
02745
01306
00586
01046
00725
02522
00221
02463
00732
00996
00408
00749
01330
01454
00113
00116
00142
02862
01990
02218
00982
02634
02024
01651
01704
01693
02543
02822
00900
02544
02382
00169
01357
01089
02336
02590
02470
00771
01434
01586
02721
00519
02228
01374
01666
00136
02472
01112
02155
00895
02108
01619
00617
02709
01333
02368
00943
02865
01720
00407
02714
01777
00018
00070
01340
00993
00228
00321
01263
02204
00552
02782
01114
00525
01703
02167
00172
00502
02308
00791
01089
00967
00699
01202
02377
00037
01395
02737
01900
02609
01403
02586
00732
02213
00819
00172
01678
01270
01395
00319
01976
00681
01680
00304
02108
02348
00143
01749
01787
00204
02120
00244
01913
01310
02199
00797
01232
02875
00103
01197
01852
00201
00691
01403
01409
02263
02251
00294
01133
01000
00364
01665
01337
02073
00952
00764
02563
00509
00846
01562
02118
01127
02120
01285
00142
01056
01544
02350
02616
02382
01148
02481
01274
02740
00266
01294
01292
02459
00476
00405
01010
01639
00545
01138
02646
01448
02891
01465
02846
02576
02684
01228
02331
02722
00760
01655
02029
02152
01373
00020
02451
01098
02666
01449
02071
01948
02698
01847
01323
00462
00117
01037
01511
02451
02176
00582
01983
02371
02006
02344
02658
00865
00607
02750
01737
00750
01497
01205
00453
00572
00183
01147
00848
02008
00118
02112
00295
02099
01960
00174
01449
00359
02779
01025
01556
02463
00270
01221
01028
01069
02759
01601
01346
00912
00593
01036
00092
00102
02570
00801
01443
01114
02770
00231
02258
00479
02231
00279
00309
01915
00484
01276
01678
02155
00964
01094
01520
02493
02291
01275
01782
02270
01192
01263
00391
02893
02087
00118
02503
01686
01880
02356
01791
00728
02734
02284
00651
01188
00877
01902
01397
01486
02665
02252
01441
00385
01711
02380
02504
01415
02551
02576
01835
02847
00908
00455
00568
02752
00125
00508
01548
01051
02158
01673
01128
00548
00742
02735
01498
02562
02160
01628
01804
00261
01081
00754
01424
02370
01156
02178
00323
00134
00141
01297
01180
00095
00564
01457
00050
00144
01895
00815
00294
00516
00527
02546
00930
02147
02880
01606
02770
00965
01029
00554
00086
02192
00086
01042
01874
01605
02140
00801
01578
00950
00714
00469
02457
02703
01779
02396
01684
00627
01537
02829
01529
02338
00450
02380
01515
00046
02554
00311
01665
01254
00215
01540
02334
01371
01936
01932
00479
00942
00718
01049
00876
01791
00462
00260
01407
02514
00785
02057
02699
02611
00678
01956
01905
01436
02768
01858
02208
01891
01124
00301
02722
01865
01142
01933
01208
02678
00737
02688
01903
01438
01822
00277
00870
01577
00861
01858
01508
02333
02722
01251
02286
00574
01115
02563
02778
01463
00035
01254
01819
00291
01604
01096
00625
02520
00350
02830
01442
01585
02112
00023
00070
02016
02632
02810
01712
02156
02118
00751
01305
00471
01239
01212
01978
00918
02668
00638
02724
01514
02694
01089
02280
00677
01072
01364
02058
02642
01308
02275
02569
01752
00252
02523
01784
01429
00449
01868
00785
02264
00731
00607
01947
02336
01515
00253
01935
01256
00392
01301
01587
02645
00730
02710
00946
00863
02010
00530
00273
00960
01031
02175
01559
02782
02738
00794
01049
02292
00812
01462
00629
00769
01138
00223
01948
02709
00486
02001
00472
02128
00953
02429
01815
00645
01189
01086
01250
02832
00812
01684
02538
00972
02024
02655
00180
00985
01690
00787
01041
01725
02529
02645
00645
00082
02448
01149
01050
02565
02428
00390
02173
01802
01761
02128
01584
00477
01253
00137
01479
00615
00546
02316
02273
01825
01805
01302
00363
00691
01987
01922
02512
02145
01465
00725
00921
02053
02756
02891
00631
02388
01554
00029
02071
02062
02585
01844
02730
00653
02853
00570
01354
00326
01966
00165
02874
00328
02000
01465
02005
01597
02219
02368
01551
01031
00315
01893
00248
01084
01776
01856
00469
00475
01715
01738
00418
00612
00901
02088
01650
02178
00062
02074
00674
00103
02550
00879
02393
02188
02044
02164
01474
02464
01352
00751
01284
02596
02899
00410
02330
02869
00678
01792
00154
02526
00220
00284
01073
01936
02232
01268
02554
01363
01595
00141
00668
00511
01655
01390
00430
00238
01926
00507
02484
00458
00443
01237
02272
00363
01649
00067
01004
02526
01479
01243
00908
00235
00651
01128
01593
02617
01523
01128
02175
00821
01692
00066
01464
00831
01497
02859
01833
00821
01741
00749
00990
01140
02895
00572
02711
01908
01258
00977
02094
01824
02447
02302
01606
00028
02514
02485
00621
02705
00911
00108
00241
02619
00137
01270
01665
02677
00376
02276
00182
01989
00469
02687
00350
02042
02170
01662
00010
00716
01873
02672
02827
02571
00001
00511
01079
02317
01408
01604
01589
01306
00869
00945
01701
01022
01283
01137
01083
01266
01319
02595
02773
01391
01974
01420
00556
01348
02802
01562
01579
00682
01650
02124
00340
01347
00583
00676
01465
00073
01346
01121
02419
01465
02856
02138
00105
02045
00240
02146
02595
02558
02679
00402
00706
00618
01036
02401
00977
00509
00508
01433
02119
02751
01202
01800
01836
01088
01311
01068
01695
02176
01606
02523
02380
02767
00338
01790
02558
02036
02543
00906
02692
00157
00612
00187
01170
01467
00484
02566
00273
00063
00804
00685
02179
01930
01816
01517
01744
02478
02622
01195
02404
01311
02767
00887
01359
00834
02297
00575
02813
00580
01373
01333
01420
01926
00126
02098
02603
02233
00769
00694
02879
02689
00205
00932
01745
02096
01004
00922
02319
01824
01891
00057
02734
00761
01170
00329
00662
02487
00303
01852
00576
01424
01140
01586
02832
02419
00433
00121
01350
02088
02608
01106
01847
01366
02409
02312
00394
01092
02122
00316
01802
00564
02232
01675
02824
02719
00228
01133
01353
01870
02432
02850
00193
00221
01359
02294
02266
02714
02096
00637
02608
00329
01332
02570
00075
01472
02334
02591
01511
00094
02091
02211
01669
01585
01123
00695
00982
01980
00910
02430
01277
02466
02614
00439
02898
00214
02646
01285
00122
02729
00720
02131
00211
01955
02885
00170
01568
00677
02249
02536
02642
00631
01410
01971
01774
02678
01129
00183
00680
00384
02619
00272
01837
02433
02783
01757
00973
00319
00234
02018
00191
01486
01321
01114
00804
01239
02015
00829
02212
02830
02034
01395
01609
00878
02087
00603
00016
02872
01046
01978
02370
01180
02492
00145
00638
00194
01344
00279
02016
00705
01302
00462
01330
01838
02275
01518
00004
01856
00663
00827
02731
00047
01384
02073
00942
01739
00014
00871
00221
02435
01069
00832
01036
00215
00396
01071
01428
02880
02457
00756
00657
02215
02662
00725
01602
02730
01261
01555
00001
01062
02407
00094
02120
00384
00388
00004
00787
02311
00096
02401
00245
00704
00512
00893
02770
02382
01750
01115
