00512
00994
02216
02426
02402
01101
02788
02220
01508
02865
00056
00319
01694
00644
00883
00163
00768
01543
00894
01804
02670
02408
01221
02643
02437
02357
02413
01194
01033
02276
02815
00221
02709
02687
02751
00604
00957
01733
01681
00133
01779
01772
00569
02718
02061
01074
00869
01344
01351
01252
01449
01503
00547
02845
02054
02421
02417
02895
02185
02599
00300
02904
00140
00192
01619
02244
02003
02937
01161
00752
01165
02682
00274
00487
01756
00017
02266
02125
00315
02313
02835
01216
00091
01279
02210
01919
02257
00814
00471
02603
02624
00858
00576
02578
02487
01649
00401
00578
01287
00374
02073
02258
02044
01183
00988
02372
01125
01670
01425
02887
00201
02788
01399
02562
02015
00673
02601
01314
00834
02449
00387
02292
00991
01584
01407
01102
00885
01462
01825
00519
01128
01702
00731
02519
00978
01256
01933
01745
01855
01662
00989
02454
02059
02948
00712
01075
02922
02600
02866
02074
02683
01081
00791
00622
02450
02589
01022
00911
01305
00554
00287
02110
01946
02726
01401
00139
02699
01065
00370
02978
02407
00080
02372
02651
00005
02349
02104
01617
01655
00289
00194
00010
00905
02348
02009
02149
00372
02516
02873
00539
00118
02881
00727
01059
02392
01601
00864
01977
00684
02871
02399
02721
00040
01149
01985
01101
02843
00235
02702
01343
02091
00064
02822
01112
00177
00149
00981
02886
00298
02649
01341
02660
00498
02647
01654
01955
02015
02804
01429
00630
02680
00164
01470
02484
01904
01028
02239
01767
02266
02538
02195
01033
02690
00360
02280
02438
01950
00880
01222
01180
00896
00481
01308
01071
00921
00376
01728
00569
01923
02314
00506
02718
01930
02341
02205
00918
02385
02551
00740
00292
00605
02406
02757
02163
02664
02182
00285
00961
02148
01649
02720
00387
01281
02048
01362
00079
02557
00352
01319
01225
02015
00080
02980
01917
01200
02679
01296
02163
00143
01722
01250
00777
01776
02547
00120
02450
01792
00677
00273
01948
02743
02579
00888
02991
01338
00785
02757
01530
00420
00547
02058
02015
00624
00049
00247
00319
02070
02012
02250
01960
00647
02578
02854
02042
00735
00493
02031
01657
02039
01786
01000
01997
02643
01156
01617
00757
02806
00209
00344
01650
00096
02397
00106
02376
02370
02538
02766
00127
00806
02721
01687
00760
01037
01842
00484
02274
01590
00512
01174
01637
01056
02728
01717
01958
01941
01063
01447
00608
01963
01187
02791
01420
01831
01770
00189
01455
02128
01999
01863
00274
00509
01603
00308
00607
01957
01087
01049
01223
01226
02920
02986
00592
00008
01971
02894
02644
01879
01656
01671
01373
02658
02668
01085
02580
01716
00838
01831
00840
01751
00939
00037
01484
01592
02620
01820
00074
00842
01909
01871
02067
01933
01321
00006
00968
00819
00041
01214
02002
01239
01227
00069
02198
00122
01239
02655
02341
01003
01325
02450
00896
00066
01890
02651
02496
00938
02970
02300
02795
01049
00551
00786
01835
01557
00487
00942
01152
02204
01916
00232
00662
00976
01900
02115
00297
02061
00625
02666
01093
01992
01883
01437
01994
01519
00177
02951
00500
02231
01487
01751
01640
02973
00673
02440
00555
00829
02462
00623
00821
02608
02864
00146
01538
02094
00431
00472
00953
00416
02349
01704
02622
02688
00324
01497
01650
02495
00620
02563
00370
00907
02425
01337
01013
02716
01201
02404
00190
02849
00602
00957
00490
00683
02346
00030
01219
00309
01288
01813
00267
01934
01056
02094
00165
00974
00685
00564
00964
00889
00614
00108
00951
01610
01698
02687
01380
01143
02848
01385
00425
00829
00600
01722
01651
02136
01685
00729
01709
02353
00116
01312
01698
01821
01405
01560
02269
02317
00960
01458
02373
02047
02628
02590
01423
00585
00080
02756
01459
00925
02972
02909
02417
00685
01442
02133
01484
01900
01942
01679
00356
00423
02349
01628
01106
00838
02737
02922
02116
01883
01746
02566
01184
00310
01721
00637
00245
01090
00638
02412
01805
02648
00969
00490
00559
02062
01597
01519
01730
01075
02849
02620
01731
01801
02512
00014
02943
00264
00200
00664
01316
02635
01719
02580
00889
00530
00002
02373
01671
02051
00287
02636
02767
02685
00122
01582
00762
02386
02893
01086
01896
01656
02113
02244
02936
02501
02905
01945
01238
01293
01645
00662
00634
00090
00076
02840
01261
02990
00530
02010
00519
00319
01593
01032
00844
00735
01116
02715
01141
00303
02215
00549
01698
02872
00730
00139
02781
00558
00732
01442
02673
02226
00988
02487
02298
00410
01347
02552
02815
01143
02734
01240
00298
02690
00159
02771
02520
02043
01346
02654
02571
01656
01005
00081
00356
00711
01793
00613
02230
00808
02270
01860
01223
01362
02098
00577
01303
01448
00882
02733
00115
01856
00401
00659
00587
01960
01437
00625
01927
00717
02137
00803
02145
02089
02421
02437
00715
00704
00290
00405
02609
00560
01417
01611
00873
00658
00387
00383
01535
02889
01643
01621
00093
02718
01648
00566
01176
02254
01479
02950
00853
02184
02869
02382
01114
00791
01401
00614
00162
00904
02584
00857
02992
02744
01346
02876
00149
01686
02930
00276
02876
00336
00547
01987
00618
02613
01702
01799
02459
00982
00992
00407
00879
02402
00896
02691
01572
01260
02799
00111
02949
00467
01775
01331
01200
00782
00534
00074
02486
01297
01348
02381
01675
02337
01895
02148
02909
02000
00776
02176
00537
02078
02398
01816
01152
02492
00441
00550
00153
02982
01553
00428
00625
00132
02669
02616
00325
01701
00887
02626
01992
00593
00860
01678
00848
01168
01745
00467
00610
00116
00698
01983
02222
01913
01188
02916
00941
01493
01674
01586
02758
00951
02741
02690
00145
01848
01043
00933
01211
02784
00554
01455
02472
00351
01047
01923
00854
00610
00447
02788
00581
01117
02870
00822
00501
00675
01934
02559
01473
00527
01255
01125
00127
01165
00317
01924
00689
02403
02648
02692
00821
01181
00180
01389
02480
02010
00840
02785
00498
00665
02348
01548
02363
02311
02459
02450
02916
02656
02304
01045
01072
01142
00589
01905
01136
02315
01383
02991
00693
01552
02141
02498
00209
01872
02839
00121
02887
01100
00572
01961
01009
02571
00419
02279
01767
00333
01547
00575
00629
02124
01374
00003
00710
00264
00120
00476
02596
02798
02789
02998
00514
01692
02113
00435
02313
00355
00777
00583
00926
00697
00198
02058
00884
00378
02954
02903
02366
01131
00171
02449
01357
02219
02244
01357
02855
00823
02235
01528
01073
01280
01269
02829
02323
00490
01045
01131
01177
01460
01524
02193
01115
00759
01635
02439
02322
02196
00340
00499
01530
01287
02622
01668
01919
01434
00654
01838
02552
01543
01786
00906
01017
02470
02314
01569
01916
01359
02656
01630
02831
02645
02006
01861
01729
00040
00214
02188
02221
02005
00036
02716
00073
01211
01272
00763
00481
02708
01608
02290
00036
00110
00755
01854
01753
02853
00112
02405
02290
01535
00532
02335
02989
00004
01490
02631
01124
01792
00548
01108
01307
01407
01096
02616
00902
02387
02486
02412
00301
00517
02590
01758
01176
02838
02767
02048
00540
02976
01754
00358
00776
02942
01437
02708
00833
01644
02227
02786
02568
02397
01737
02477
01534
02975
01235
01050
01110
02605
00588
02266
02344
01169
02845
01589
02374
01675
02820
00292
00783
02707
00278
01431
02002
01183
01680
02735
02437
00953
00423
01770
00282
00361
01000
00777
00962
00402
02041
01087
00244
00115
02213
02272
01750
00612
01839
02635
01964
02171
02374
02926
01727
00634
00439
01533
02652
01743
02145
02398
02389
02584
01761
00340
01733
02368
01229
00837
01269
01835
01733
02890
01844
02137
01886
02859
02995
02171
00849
00101
02582
02896
01128
02786
01774
02545
01081
01578
00627
02481
00571
00187
00767
01091
01500
01291
00622
00103
02205
00413
01257
01317
02117
01328
00274
00293
01810
02200
00786
02904
01487
00782
02438
02710
00415
01819
01816
01237
00960
01253
02314
00690
02554
02875
02181
02240
00078
02123
01303
00434
00324
02413
00179
00174
02380
02924
02819
00489
02646
01857
00480
02417
01182
00379
02298
02722
02847
00071
02243
02625
02440
02303
02893
01574
00963
00971
00948
01722
00738
02577
02534
00765
02861
01865
00647
01386
01438
02130
01610
00513
01798
00643
02993
02361
00600
02239
02389
00624
00466
00800
02969
00256
00181
01606
00585
02217
01610
00773
00920
00709
01556
00752
02486
00283
02228
01285
00353
00075
02479
00759
00747
00011
02036
01914
00473
00148
02898
02543
00035
01060
02399
00140
02431
01592
02995
00654
02632
02750
02522
01485
00085
02837
00200
02157
00324
01561
01822
02381
01380
02767
02939
01214
02618
01937
00639
00242
01931
01766
02689
00678
01393
00033
01224
00125
02601
02852
01862
02866
00992
02530
00752
02617
02406
00190
02786
00227
00331
01275
02215
01621
01622
00920
01494
00348
01228
02455
00505
02359
02933
02691
01591
00760
02498
00516
01625
00616
00795
01889
00242
02270
02589
00752
01319
02508
02744
01068
02061
02239
00967
01460
02234
02912
02897
02532
02132
02468
01428
00538
02142
02772
00777
00608
02913
00050
02770
02097
00471
02945
00912
02313
00603
02007
02441
02021
01636
00314
02535
00700
00799
00044
01292
00001
00796
01316
02769
01958
01721
01562
02102
00262
02635
01415
02260
00575
02748
00991
02294
01011
00742
00396
00525
01298
00469
00720
02546
01821
00474
02710
02607
00793
01699
02974
00431
01837
01272
01163
01308
01266
02881
00323
02607
02791
01420
01018
02113
02414
00602
02019
01568
02143
00201
00525
02342
01998
00292
02789
00092
00771
01470
00702
02235
02918
02613
02498
02771
02869
01091
02211
01060
02644
01353
02794
01402
02000
00860
02059
01838
00312
02561
01587
00726
01536
01732
01848
02575
02931
02124
00675
02017
00716
01651
02852
00913
02201
00634
02227
02076
00581
02209
00254
02566
02041
02739
01820
00107
01030
00759
02132
02045
01521
02516
02843
02996
01875
02292
00776
01219
01028
02113
01750
01855
00316
01670
01917
02483
01430
00980
00677
02742
01545
01532
02905
00678
02028
01380
02412
02934
00533
02491
02954
00955
00629
02518
01157
01740
01996
02485
00923
01056
01661
02928
00776
01433
01582
01058
00718
01694
02175
01032
02845
01094
00220
00979
01408
01824
02080
00784
00214
02656
00256
01057
00090
00812
01697
00781
01272
02284
02439
01978
01651
00152
01923
00227
00752
00691
00383
00020
02129
01877
01338
02994
00775
02231
00003
02944
01207
00079
02619
02892
01887
00596
01452
02663
00598
02283
02487
00979
00157
00479
00903
01248
02942
00088
01168
01599
02871
02714
00611
02472
02187
01990
02289
02590
01125
01677
02201
01071
00442
00833
02152
02194
01458
00638
02140
01625
00819
01485
02565
00502
00554
00650
02689
00994
01854
02739
02466
02952
00563
00633
02245
01801
01664
02075
02498
00376
00366
00469
01443
00181
02661
02552
00604
00391
02668
00891
02197
00786
00020
02511
02430
00001
02763
02464
00928
01349
02120
02671
01252
01611
02111
02340
00914
00523
00995
01201
00160
02156
01499
00042
00549
02566
01811
01961
02281
02256
01336
01901
02187
01687
01535
01354
01814
01760
01514
00869
00729
01052
01056
00198
00002
01274
00880
00015
00166
00475
00978
01300
02199
00015
02250
00024
02171
01389
01986
01095
02772
00623
00835
01067
01074
01364
02463
01405
02777
00086
01342
01917
01128
02772
00530
00357
02704
00035
00073
01983
02420
00085
00576
02943
02571
01027
00063
00716
02616
01142
00444
01583
02146
01705
01175
01462
01973
00715
01047
01739
00852
02689
02784
01524
00472
01984
01082
02544
01994
01848
00967
00215
00985
02588
02256
00136
02161
01661
02444
00360
01792
01110
00967
01158
02430
00715
02851
01756
01248
02563
00197
00567
02153
01724
02502
01119
02670
01405
00508
01650
01500
00471
01917
00164
01569
02028
02456
01465
00051
01562
00312
02738
00505
00761
00205
01574
02620
00975
00344
01600
00481
00454
01507
00606
01374
01067
02004
02113
00998
01039
01004
01040
01739
02034
02671
01056
00039
01035
00850
02975
01855
02892
01900
00326
00461
00962
02771
01987
00040
01531
01692
00990
00186
00568
01431
01020
01798
02426
02740
02319
01236
00201
02790
00855
01090
01367
00738
00057
02384
01250
01107
00973
02768
00193
01974
01126
00817
02438
00493
01811
01399
02649
02955
00274
02112
01374
02299
02212
00605
02509
02229
02948
00123
01439
00445
00264
00397
01024
01185
00186
00920
02432
00816
02985
00922
00795
01730
02832
00952
00032
01775
02248
01547
02231
00720
00665
01230
00380
00604
02140
01383
01088
00368
00796
01919
01726
00687
02946
01816
00475
01905
02568
02050
01198
00579
00989
00633
02216
02979
00247
02783
00693
02701
00199
01066
00592
02423
02750
00601
00285
01966
01950
00744
00527
00251
01251
01750
01266
01910
00320
01583
02050
00421
02789
00923
02507
01417
02270
02370
02050
02397
00039
01138
00024
01187
01492
01070
01615
02685
02325
01101
00581
02765
01367
02685
00150
01170
02005
01754
00262
02047
01949
01382
01347
00881
00367
02694
02369
02630
02792
00079
02087
01868
02757
00836
00558
00173
02299
00845
00226
00349
02243
01853
02849
02517
01994
01568
00961
00944
02183
00911
01134
01558
00486
00226
00393
01818
01898
00577
00052
00485
02830
01406
02033
00006
00636
02778
01483
02511
02951
00587
02044
01484
00915
01118
00613
01098
00013
00631
00780
00321
02820
01787
00287
01016
01575
00694
01912
02092
01144
01901
00065
00964
02542
01282
00870
00484
02152
00328
02553
01244
01573
02730
00785
00605
02313
02572
01076
00231
01442
00165
01507
00641
02409
01536
01549
02303
00851
00981
02707
02785
00631
02673
01083
00862
00082
01871
00536
02780
00366
02225
02407
01994
00889
00743
01956
02580
02978
01410
02123
02714
02798
01446
02914
02166
02144
00186
02587
02111
00832
00253
01848
00455
02410
01671
00959
02358
02311
01057
00469
01609
01529
01570
02759
00323
01903
01631
00763
01038
02280
01437
00661
02845
02077
01358
02917
02369
02351
01127
02462
00166
00136
00914
00562
01570
02925
01860
02969
02817
00105
00300
01880
00176
01725
00095
02949
02860
00163
02180
01729
00286
02233
02961
01063
01414
01779
02578
00265
01608
01034
02384
01913
01871
00544
01070
02285
00949
00277
02643
01788
00068
01083
01317
00957
01772
00662
02323
00726
00753
00840
00516
02050
02736
01609
00153
02004
01127
02035
00860
02816
02750
02827
00244
01857
02854
01907
02086
00885
02748
01709
00610
02116
02025
02578
02015
02919
02129
01961
02739
01022
00638
00747
01466
00258
00305
02010
01458
02809
00301
00762
02370
01183
01768
02376
02357
00081
01286
02023
00343
02758
01203
01497
02994
02030
01317
02442
00845
00812
02124
02945
01066
02376
02127
02056
02331
00909
01205
02090
00688
00729
01236
01748
02927
02667
00001
01940
02008
01318
00581
01470
00772
00380
01808
02990
00578
01574
02268
02855
02173
01983
00049
00762
02094
02649
00864
02826
02481
01343
02654
01588
01702
00489
01312
00117
00999
02846
02438
01299
00353
00644
01733
01413
02433
01970
01540
01359
02540
00431
01050
02213
01466
00244
01066
01232
02664
02324
00565
01775
01474
01468
02155
02349
01721
00116
02477
02376
01038
01765
02017
01426
00219
00550
01227
01960
02514
01855
01405
01320
01453
01246
02659
00831
00985
02591
02533
02208
00623
00453
00346
00849
02640
01800
01269
01512
00685
01575
00471
00899
00784
02237
02729
00916
00587
01160
00643
01947
00075
01988
00798
02789
02344
02910
01483
02675
01052
00196
02838
00661
02405
00010
01610
00693
01841
00343
00858
00201
01189
00854
02481
01336
02618
00328
02599
00725
00924
00471
02233
01761
02160
00998
01588
01059
00434
01612
02397
01434
02233
02087
00600
00396
01751
00596
01875
02031
01104
01021
01694
02108
01822
00388
01777
00947
01303
01212
02594
01314
02500
02510
02089
01759
00526
00169
01786
00597
00351
01795
00327
00211
00570
01436
01135
01671
02601
02498
01631
02586
00369
02246
02707
00389
02612
01997
00546
01146
02650
00363
01715
02261
00661
01099
02631
00721
02456
01641
02821
01903
00258
00824
02459
02321
01309
01367
01816
00268
00926
02325
02372
00996
01064
01798
02328
00513
02802
01158
00639
00080
01465
00363
01592
00124
01627
00823
02039
00675
01306
00426
00047
02341
01224
00670
00279
02167
00805
00908
02526
01998
02987
00540
02836
00999
02602
00025
01150
00363
00869
01491
02821
00192
01871
00990
02380
00227
00955
02688
02117
02392
02192
02712
01679
00028
00205
01250
01717
00538
02622
00391
01350
02362
01819
01793
00532
00048
02593
01523
02587
01536
00808
00767
00401
00063
00809
01090
00756
00932
01329
01370
02820
01086
00462
01447
00431
01639
02100
02783
01658
01966
01989
02828
01075
02115
01259
01032
00312
01491
00227
02969
00371
02595
01944
00303
00589
01040
00857
01969
01619
02445
01393
02920
00202
00127
01032
02916
00755
00795
00242
00394
01618
02807
02508
02087
00041
02461
01735
01078
01388
01987
02995
01837
00217
00744
01729
00870
02134
01689
01397
02809
01014
02721
02190
02023
00497
00968
01787
02129
01975
02378
02251
00959
00073
01440
01401
02508
01749
00156
02355
02014
00404
00741
00949
00796
01697
02827
00231
00825
02976
01380
00039
02717
01464
00629
00884
01922
00926
00140
01785
01619
00824
02066
02970
00265
01075
02894
00999
02391
01570
02461
00762
01589
02428
02317
01477
01947
00680
01152
01205
01571
00343
02814
00989
01145
02581
00516
02273
00974
01806
02345
00720
01807
01066
01382
01716
00236
01644
01125
02714
00797
00165
02482
00288
01655
01927
01919
00904
00604
01217
00812
02504
01833
01998
02515
00674
00896
01330
00010
02559
01390
01963
01081
00051
01951
02279
01443
02773
01117
00968
01777
00614
02272
02649
02962
01467
02151
02739
02367
02496
01396
00704
00898
02475
00670
01339
00719
00419
00848
02322
00947
00291
02607
00410
01313
01574
02681
02085
01507
00736
02664
00378
01414
02471
00965
02818
02726
00485
02018
01834
01016
01467
02328
01250
02495
00643
01303
02105
00125
02034
02556
02306
01235
01968
01324
01615
02269
02726
00567
02768
02348
02402
00056
02560
01599
02418
00241
00421
01956
00227
01227
02194
01487
01732
00266
02090
01989
00084
02159
00067
02859
00285
01632
00909
00663
01331
02098
02310
01440
01669
00518
00451
00834
02263
02058
02924
02025
01369
00918
00301
00639
00032
00574
01493
02040
00735
01104
02141
00570
01082
01955
01095
00531
00438
02008
01295
01418
02744
00380
01506
02144
01417
02923
02154
02383
00898
01897
02828
01840
01818
00665
02071
00483
00689
00649
02824
00999
01960
01228
01430
01858
00720
00999
00247
00106
01099
01560
01949
00129
01314
02223
02625
02911
02732
00497
01034
01529
02216
00209
01530
01392
02040
01367
00062
00205
02074
00149
00527
00527
01507
02076
02962
00495
00162
02950
01840
01387
01791
02380
00074
01799
01278
01431
00534
01922
00124
02459
02278
02051
00645
01888
01347
01212
01207
00994
01158
02551
00686
02201
00590
00806
02725
02699
00387
02287
01982
02732
02838
00435
00510
02999
00787
00560
01192
01671
02180
02156
00860
00487
00131
00626
00820
00935
01267
02841
02675
02808
