00400
02106
01251
00968
00566
02877
00127
01573
03106
02328
00569
00219
01038
00032
01291
01924
01745
03138
00400
02923
00313
00616
02063
01926
01061
02669
00815
01234
00009
00417
02464
01653
03326
01392
02897
02254
01709
01900
02540
00064
03040
00739
03394
01574
01022
02196
02828
01921
00841
03011
02127
00501
01958
02156
01667
02314
03288
01796
03105
00021
00289
02146
01406
01350
01782
03053
00904
01941
02845
03255
00635
00094
00782
02111
00617
00827
00075
02645
00372
02457
00157
03174
01481
02546
00925
02343
03323
03201
02404
02670
01177
02997
02944
02395
02981
02525
02827
00142
00762
03257
00897
00259
00921
03241
00710
00064
02096
03175
00113
02511
02872
00983
00833
00494
00281
01863
03219
01332
01284
01553
00621
03158
02213
01013
00290
02607
03002
01139
01506
02255
00101
00095
00454
03226
03002
02069
02477
02777
01445
02324
01005
00422
03171
00967
01817
03224
01507
02614
00603
02783
00202
00283
02479
00641
01423
01216
01780
01811
02601
01646
01152
02795
02555
01713
02430
02794
00561
00863
00815
00863
01731
03359
02834
00847
02627
00662
00657
02832
01579
03308
01642
00868
02344
01326
00238
00540
00037
02436
00482
01330
02438
02546
03287
01808
00018
00788
02216
03070
02867
02923
01343
01694
01734
00012
00813
01244
01545
02416
01365
00370
00054
01686
00891
01352
01163
01355
00334
02504
00066
02316
01470
03080
02324
01923
00548
02656
01781
00925
03134
01635
01764
01524
01611
02322
01338
00408
01201
03100
03108
00128
01656
00050
01334
01606
00506
01798
02286
02449
03370
03012
02938
01356
02199
01857
02808
00667
02699
01240
00440
01486
02540
00692
00711
02590
03014
01743
01563
03173
02034
01120
01678
00850
01504
01123
03025
02873
01156
02915
01054
00961
03032
01715
01274
01855
02518
02538
01245
02521
02168
00700
00415
01269
02422
00437
01081
02966
01923
01648
02781
01248
00093
02014
02324
01283
03007
01346
00274
01516
01149
01721
00991
02730
00370
00392
00620
00451
02425
02701
02416
03255
00983
01103
00783
00292
02745
02538
02902
01328
02688
02786
02541
02230
01645
00481
00753
03095
00890
00867
02125
02497
03367
01790
03060
02894
01270
02176
01990
02667
02724
02641
02677
03321
00564
03231
00186
01689
00001
02543
02089
02359
01471
02945
03054
03265
01167
00589
01434
02809
00614
02442
02198
03190
03224
00078
02410
02705
00894
02911
00291
02755
02505
01655
00975
02204
02378
01030
02206
02614
03145
00393
00207
01288
03093
02953
00652
01318
01150
00151
03395
00670
01013
00771
02641
00581
00956
01667
01205
01888
01295
03184
01271
03103
00743
01333
02323
02171
03247
02785
00990
03361
03189
02155
02988
00102
01999
00701
01907
02738
01078
01649
02063
01249
01244
00505
03251
01588
02750
02011
02297
02351
02317
02208
01614
02419
03151
03110
02013
01635
02061
00243
02622
02268
01993
02466
01883
01542
00263
01178
03063
02863
03140
00962
03163
01151
00559
02249
01958
03342
02018
03329
00969
01137
02500
03364
02980
00699
02567
02526
00416
00120
02810
00458
02138
02413
00498
01753
02553
01235
03242
01388
01188
00219
01171
02627
03131
01907
00153
02063
02304
03054
01141
00801
03201
00890
01496
00486
01606
02467
00891
00545
01289
02021
00800
01544
01511
00783
02508
00212
03201
02826
02363
00463
02639
01784
01768
00506
02162
02066
00872
02054
00660
00554
00306
01088
01471
02207
01269
02930
02750
01695
03350
01836
01516
00647
00204
00642
00919
02277
01626
01199
01016
01374
01440
01575
00939
00836
03086
00154
00693
03167
02343
03148
01302
02269
01277
00065
00693
02284
02007
00670
01058
00739
01676
00066
01932
02577
01754
01852
03064
03061
03128
00294
02858
02156
02196
01087
01227
00442
01770
00423
01312
01623
02385
02867
02315
02915
02059
03000
02808
00180
01786
03268
02853
01771
02106
00144
02526
01615
03190
01417
01605
00018
03354
01886
01747
00936
00507
01852
00613
00517
02958
00421
03198
00270
02620
01856
00069
02631
03176
03306
00331
02860
00129
02993
02955
02268
01579
02480
01982
00415
03220
00551
00834
01176
01918
02394
00694
00741
01400
00146
01405
00315
01817
02369
00892
01143
00018
03007
01562
00343
01910
00417
02619
00447
00818
00505
01136
02048
01875
02056
01271
03282
00592
00272
02387
00018
03133
02407
01696
01503
03328
01165
00645
00303
03156
00846
02702
01654
03312
01043
00284
02542
01012
02347
02548
00522
03159
02279
03233
02052
02463
01700
01942
00519
01910
01017
02788
02694
00197
01527
02460
00659
00736
02641
00674
01284
00173
03041
00231
02504
01523
03394
00113
03152
02595
01572
00897
00568
02797
00113
02816
01996
00394
03230
02935
03327
02969
01262
02322
00631
01593
01736
00751
02269
01666
00769
02241
02448
01568
01300
01196
01353
00813
00718
00060
02881
02825
00102
01751
00718
00280
01753
00907
00605
03201
02244
00461
02169
01999
01642
03143
01657
02670
00086
02517
03272
02555
00930
00445
02174
02808
02317
01416
01804
03355
00340
02513
02789
00186
02463
01465
02799
01525
00516
03397
02161
01327
03129
01205
00679
01298
00010
03377
03040
03399
00923
00322
01689
01863
01640
00082
02362
00345
01816
00249
02917
01224
01519
01085
00584
01680
01530
01485
03272
01134
00446
03218
01749
02441
01425
01650
01333
01000
00530
00939
00976
01440
01933
02985
02355
01954
01310
03308
03112
03184
03199
02329
01826
00154
02941
01130
03126
01826
02660
00485
01325
00623
00018
00230
00150
01218
00657
03050
00424
02819
01302
02905
00437
00702
02639
02255
03338
01288
02594
00079
03132
01120
01176
00916
02884
01620
03128
03342
01963
02577
02087
01909
02512
02326
02182
03181
01198
02726
01012
02543
00483
03080
00442
01599
00179
00349
02621
02455
00292
01885
02134
00280
00697
03102
01438
00759
00874
01186
01285
02924
02475
01635
02513
00195
00800
01726
00028
02956
00474
02146
01542
02277
00867
01339
02833
03274
01358
00407
01156
02046
02546
01956
00135
02105
00893
00932
03397
02246
00229
02519
01816
00168
01258
01196
01702
01128
03191
02523
00920
00950
01119
01089
03156
01193
01748
02960
00672
02380
02698
00322
01911
01776
00891
01779
02513
02312
03091
00249
01050
01277
02076
00993
02268
00518
03052
01526
00536
02243
02073
03104
02656
01006
02319
00103
00600
02887
03353
01459
00451
00155
02731
01058
03170
01040
01576
00252
00495
00432
01975
01919
00656
01423
00000
01322
03239
01594
03373
02584
01909
01646
00444
02723
02094
00802
01792
00665
03168
00443
02806
00104
01126
03258
01726
01890
02210
03283
02184
02869
02814
01757
01701
00730
00955
01473
03176
00663
00883
02601
02873
02771
02792
02454
00649
00118
02232
01101
02813
02475
03040
00768
01849
02154
02829
00381
00397
02318
01097
03357
01085
00232
01699
03075
01146
00206
02231
00494
02054
00052
01013
02989
00916
03069
03238
02279
01814
00542
01296
01676
00049
00591
03322
03115
00475
01039
02507
01152
02989
03347
01014
01561
02435
02650
00639
01350
01296
01792
03281
01443
01478
02517
01008
03108
02139
02058
01297
00284
02775
02183
01322
00129
03306
03043
03004
01207
00906
01561
00813
00263
02170
01940
03226
02868
01471
00351
00137
02419
02476
02636
00116
00036
01517
00678
02322
00265
02952
01828
00831
02170
02855
01101
02532
00170
03306
02155
00161
02497
00610
00886
00975
01135
02473
00102
00882
02202
00060
03283
01748
03108
02122
00172
00325
01573
00958
00539
01173
02760
02800
00378
01836
01724
01443
00644
03208
01833
01487
02090
00142
00821
01614
00552
03197
00371
00092
02076
01635
00206
02471
00666
01811
02871
02326
02927
01678
03265
00630
00128
02774
00101
03264
02877
00258
01943
03222
00784
00635
00516
02780
00116
00278
02855
01435
00788
00514
02982
00416
02922
02201
02685
03356
00216
01651
03079
03140
00598
01277
03325
02825
02584
02617
00069
00386
01699
03231
00311
02445
01405
02041
00302
03125
00374
01541
00794
00116
01039
01971
02822
01274
01509
00374
00811
02534
01273
02576
00176
00969
03223
02853
00460
02554
00081
02041
01474
01435
02056
01598
00688
00699
02863
00854
03204
02541
01675
01783
03250
02110
03275
00556
01311
01876
01392
03272
00067
02897
00464
03021
02615
01375
01118
00763
02115
01470
02302
01532
01338
03272
02791
01595
01765
01797
01489
02197
03136
02002
01912
01857
02725
03117
00861
03185
00843
02851
01095
01162
01106
03323
02387
01999
03142
00507
00141
00729
00974
01936
02858
02284
02712
00291
00644
00691
00827
03022
01665
01668
00472
03255
02680
01221
03125
01635
01064
01229
02495
01636
02239
02960
01036
03093
00716
03211
02803
02906
00819
02485
02024
00892
01106
02502
03360
02042
01860
01073
02381
01827
03249
03149
01014
00352
02031
01930
02343
01263
02986
01526
01832
02025
00820
02479
01484
01885
00809
01394
01968
02030
00937
01059
02166
01823
01594
00862
01534
02303
02778
00193
00192
01824
01278
01476
00360
03073
00114
00817
01694
00299
02246
00862
00137
02640
03225
02210
00423
03359
00236
00675
02459
02605
01285
02701
01636
00685
02479
00311
01438
03144
02210
01960
02136
03072
02637
01495
03129
01054
02324
02744
03135
03163
02263
00834
00790
00188
02066
01949
01897
00622
00522
00353
02063
03385
01971
01025
01333
03273
00251
02590
02893
02296
00993
00945
02360
00031
00504
02224
02677
01075
03178
02106
01550
01748
02867
03293
02411
02792
01739
02964
02885
02791
00791
00279
01337
00415
00949
02882
00990
03128
00258
01520
00797
00954
03099
00928
02605
00834
03092
00421
00736
01740
00679
01203
01286
01010
01188
02981
00860
01978
02145
01908
02576
01429
02591
00242
02339
00980
02258
01029
03379
00990
00706
02574
01140
01084
02906
00209
03347
01389
01677
02167
00031
01157
01896
02663
00388
01072
03335
00908
02797
00109
01360
02104
03389
01421
01774
03038
02387
03091
00355
00308
01984
02341
00374
00431
00397
00272
01324
00417
01093
02307
00646
01293
02269
01930
00303
02979
01924
03170
03049
01503
02243
00988
02587
00252
01690
01747
00736
01526
00403
02119
00910
00821
03015
01644
00306
00989
01236
02364
02837
00915
00432
00689
02189
02578
01165
02743
02139
02554
01089
03086
03388
02026
00864
01429
01382
03093
02416
00617
02569
03200
02153
01558
02351
01427
01951
00069
00913
03110
00158
00563
01152
02931
03024
02410
02085
01585
01245
00856
01181
02161
03184
02981
02557
02593
00450
02299
01598
01845
01990
03174
01044
00230
02328
02682
00809
01875
00106
01556
01417
01492
00045
02409
00265
02861
00216
02002
00145
00279
02264
03337
01443
02946
01005
01549
00704
01759
03364
00514
02502
03347
01934
03004
00287
00917
00156
00089
01776
01000
02293
01950
00572
03115
02647
00114
01429
03110
03253
02335
03015
00216
00867
00966
03081
01219
00195
02562
02560
01321
00442
02805
00378
00680
00245
03247
00228
03128
00874
01990
01217
01542
01396
00279
02959
01969
01614
01889
00631
00249
03323
02346
02009
00279
00320
01324
02762
01024
01079
00623
03107
00075
02153
01226
02919
01146
01710
00044
00360
01941
03204
01429
01871
03041
01186
02474
00550
01888
02984
02564
00044
02658
03285
00962
00012
00938
00813
00837
01370
01091
01253
00585
01972
01849
03171
01028
00496
01164
03215
02719
02720
00006
01472
00649
02326
03094
02724
02395
00086
03381
02104
02054
01767
02150
00744
01688
03125
00635
02708
01686
03006
02434
01704
02308
03062
01278
02254
02839
01490
02530
01217
01139
02566
01584
01009
02744
00243
00752
00230
02431
01929
01076
03258
01627
01300
01720
01448
00123
03014
00359
02395
01844
02665
01064
00333
00426
02687
01319
01933
03215
00696
02256
01507
03173
03287
02503
01787
01501
03161
01659
00635
01202
01483
03041
01435
01615
00712
02516
00392
01637
00652
02554
02285
00937
01423
02369
02511
00930
02689
01153
01203
00112
00862
02899
02423
01128
03015
00631
01970
02580
00453
00164
03176
02095
03290
00631
02197
00254
02966
02646
02989
00842
00731
01847
00182
01394
00013
01586
02596
02294
02337
02309
01487
00574
00289
02630
01218
00472
03258
01259
00466
01537
00834
01933
01561
01315
03281
02115
00942
02252
00779
01523
00891
03271
00502
02379
00331
01060
01423
01646
02965
00954
03283
00362
02090
01813
02405
02862
02367
02907
02379
01472
00015
01632
01061
00212
00665
01993
00716
00465
01361
01373
01762
01606
00837
02584
02683
02682
02638
01489
02463
02177
02273
00859
00804
03378
01681
02257
03172
01485
01883
03098
00720
00578
00822
03277
02921
03245
01957
00374
01526
01989
02850
02333
00495
02460
02000
03304
01653
02480
01725
00367
00059
03360
00818
00397
01621
01475
01673
02814
01756
00177
00778
01524
00300
02749
02714
01476
03026
00258
02168
01461
00340
03371
02949
01832
01591
02959
01360
00363
00519
03137
02011
00616
02487
00605
01693
00315
03021
02103
00357
00416
00321
00077
00775
00282
00266
01349
00518
02505
01957
02793
01671
03339
02619
01246
03102
02739
01541
00493
00320
02342
02759
00704
03020
00410
01950
02726
02582
02705
00839
02282
03104
03307
02094
01974
03167
01507
02823
00309
00640
03368
02477
00325
01110
02499
01117
01651
02250
03216
00606
03193
00853
00765
01183
00195
02004
00335
02004
02335
00792
03228
02479
02306
02832
02956
01415
01663
00582
01153
00112
00194
02372
01621
00079
02539
01489
02306
02111
02550
00163
00348
02517
03127
01050
02475
00388
02140
03279
02213
01174
01434
02456
00408
00168
01049
02713
01157
01545
00564
00287
01280
02807
03120
00404
01596
01654
03246
01523
02947
01997
00675
00935
01603
00398
00388
01332
02285
02066
03023
02137
01358
02647
01829
01025
02672
03000
02156
01245
01115
01207
03057
03095
01909
02625
02298
02062
00457
03046
00906
00833
01787
00515
01405
00665
02553
00398
01651
02071
01702
00461
00898
00839
03216
02772
02947
01576
00361
01545
01367
02401
01698
00990
00043
02786
02731
01362
01654
02148
01256
03188
02635
01502
02958
01925
00218
01485
00275
01112
00616
02135
02018
00785
01647
01388
01358
01504
03161
02641
00806
02561
02182
00162
01351
00537
00597
03148
01487
01214
03150
01460
02509
02659
03214
00687
01143
01079
01260
01239
00115
02089
00920
02623
00295
00266
00099
01620
01732
02119
03378
01327
02572
01962
01916
00067
01316
01996
03267
03343
02197
03193
03239
01105
00533
02071
00701
00888
02906
03388
00695
03252
00430
00292
01630
02340
02334
03372
01858
01435
01013
01550
00442
00368
00134
01153
01038
00832
02247
02604
02969
00170
00208
03031
01133
02359
02210
01149
00191
01068
01348
01474
00289
00094
02945
01205
01878
01305
03366
01963
01880
00949
00455
01136
02829
00301
01329
01410
01000
01213
00962
00236
01196
01359
00901
03171
02595
01162
01993
00569
03253
00385
03385
00235
02292
02811
01630
00721
00596
01699
00881
03218
02664
00422
03245
03034
00872
01869
02648
01921
00998
01486
02914
02424
01111
00179
00415
02491
01095
02391
00399
02838
02437
03072
02540
00437
03334
01862
00699
02532
01613
00398
03195
01631
02152
00011
03251
01407
00629
03186
01744
00698
01884
00040
00716
00565
02182
00050
02418
02481
02627
02496
00246
02800
00978
02584
01690
02962
02505
01099
03034
02064
02548
01086
00337
00892
03218
02222
03045
01819
02179
01056
02333
03361
00549
00013
00074
00975
02310
03391
00851
02642
02268
02763
00923
01531
02720
00331
02558
03287
01097
02206
00073
01155
03309
01974
01414
00246
00138
00397
01343
03155
02955
00957
02458
02825
02854
00851
00026
01201
02890
02975
02486
01587
03382
00667
02563
00388
02724
00741
01141
00840
01196
02251
02418
00657
01701
00338
02695
03162
00342
01883
01180
00298
02851
00267
01163
00312
02499
03125
02295
01215
03270
01382
02126
01414
02708
01012
00424
03015
02393
01316
00330
01049
02164
02639
01523
00533
03022
02248
00024
03250
03104
02220
03314
02637
00742
02143
00557
03128
01776
02951
02788
01125
02558
00151
03144
03096
01659
02874
00408
00263
00563
01538
02834
01590
02878
00196
03343
02331
02630
00138
00588
02883
01389
02565
01148
02567
01952
01444
02396
02951
00008
00317
01935
02616
00647
02887
01959
01269
00495
02922
02717
00736
01030
03388
01624
01283
00022
03264
01049
00400
00505
02165
00647
00513
01569
01192
01686
03292
01981
03135
00059
00071
02832
00228
01922
00948
00804
01105
03328
02201
02812
00726
00493
02631
02287
01677
03249
01180
02328
02078
00887
01487
00809
01188
01295
03248
01136
01307
02709
00753
00114
01348
01342
00149
02564
02854
02115
00356
02937
01235
02623
02112
02446
03276
03202
03295
02129
01818
02264
01189
00255
03210
01876
02573
03212
01516
03221
00315
00917
00017
03235
01513
00306
02222
00146
00965
03208
02489
00669
00980
03107
03119
03223
01717
00360
00967
01218
01260
02400
00767
00474
02313
00144
02033
01547
01588
00062
01905
00287
02496
00014
02246
02557
03321
00602
00610
01675
03139
00192
03256
03044
03321
00533
03313
01916
01526
02383
00683
01272
02371
01496
01007
02106
00014
02591
02701
00106
00371
01705
00022
00977
01642
00973
01198
00943
00324
01356
00092
03332
02947
00703
00903
02539
02966
00827
02542
01331
02205
02727
02980
00159
00919
02990
01951
02333
01926
02200
01068
00748
01356
01875
02976
02622
01396
02191
01045
02333
02423
02166
01471
00738
00009
02154
00914
01640
01279
01089
00634
03135
00960
02028
00238
01485
02189
02189
00490
03279
02526
01214
00960
00501
01099
02367
00403
02699
00083
02847
02391
01795
01717
00604
02880
02824
02417
02789
01421
03350
03337
00724
02329
01909
02625
01785
00982
00789
01992
00850
00758
00035
02730
00415
00279
02505
00788
03329
02522
00203
01876
02419
01105
03278
01882
02728
00706
02219
00878
03228
03341
03001
03055
01559
03126
01313
00125
03100
03214
01219
01365
02583
00781
00037
00502
02149
01364
01436
00444
01846
00042
01843
00617
01885
00749
02360
03011
00480
01491
02950
02982
00546
01292
00325
01422
00150
00421
01518
00336
00551
02556
02730
00134
00762
02411
00331
00390
02485
00651
01122
01191
02537
01439
00758
00671
00242
01713
01510
02419
00919
01837
00038
00531
00493
01568
00406
02825
00630
00868
03065
02775
00775
00219
00704
02202
01519
00445
01126
02526
02938
01121
00711
00135
00246
00540
02513
00026
02181
01000
00453
01918
01481
01988
03359
01882
02303
02956
02928
00924
01545
01005
00261
01635
01167
02223
01360
01170
02304
01903
01692
02098
02778
00544
02831
00211
01393
02830
02664
00046
01316
02167
01111
00457
01187
02037
00348
01856
01277
02228
01343
01524
03334
01517
01758
00667
01013
00349
02854
00301
00115
02269
00657
01094
00703
01886
01694
00764
01431
02544
01950
02295
00113
02560
00537
02871
00320
00180
02673
01015
02834
03284
03231
00901
00446
00919
03274
01122
02875
01487
01078
00028
02611
01626
00232
02213
02646
00230
02200
00088
02243
02416
00903
02864
00145
02560
01816
00869
00956
03013
00043
02508
02316
00513
02692
02961
00359
01456
03290
02916
01198
01419
02580
02541
01628
01467
02998
03197
03203
00780
02537
00467
00905
01936
00840
02919
03128
02788
01182
00262
01108
01579
00102
00011
02445
00997
00114
00318
01868
01692
01597
01012
01705
01843
02644
01099
03347
00132
00662
01624
00937
03188
02261
00079
01302
02260
01821
01022
01482
01983
00937
00119
03314
02091
02837
00480
00778
02838
01085
02648
02385
02502
03316
01992
02730
01797
03386
02219
01643
00072
02429
00596
02110
02978
03104
02771
00037
02617
00833
02875
02290
02525
01971
00899
03076
01824
01532
00055
01478
00287
02673
01210
00178
01972
00718
01578
02195
01900
02618
00256
02400
03372
01494
01811
02684
01579
01990
01072
02554
03331
01648
01352
01173
02474
02330
00430
02198
00568
03144
00379
02599
02332
01859
02248
02628
01479
03061
00631
00993
02660
00120
01943
02310
00611
02102
00082
01304
01193
01219
03100
01609
02646
03311
01794
02055
03330
00288
02421
00690
02460
01613
00130
00975
01001
00981
01055
00858
02990
00485
01396
02696
00906
00776
00387
02274
00642
02369
02469
00198
00466
01500
03387
01847
01269
03234
01238
02652
00098
03379
00139
01094
03027
01286
03334
00931
03010
02532
00474
01384
02099
02675
01323
01028
02504
02134
00304
00655
03173
03026
01424
00665
02097
01659
03104
03327
02837
00340
01414
02696
02036
01862
00733
01093
01239
01560
03365
00263
00292
00876
00758
02259
01866
01274
00049
01712
00692
03270
02187
03210
02703
01981
01415
00822
02506
00413
00319
01661
01321
01602
00135
00398
02182
01900
01206
02412
02757
02398
00633
02903
01106
00802
00414
01062
02009
03215
02842
02122
01465
02669
01495
00197
02718
00095
02406
01993
03185
00775
02532
02142
00015
01975
02380
00435
02459
00955
01082
00190
01416
02133
03399
02438
00031
01208
02406
00773
00242
00118
01457
01084
02635
01421
00169
01054
02235
01780
02728
00358
01251
00067
02909
02237
00920
00448
02155
02907
00055
00998
01542
00407
01149
01352
00067
00393
01105
02780
02955
01549
02057
03082
00260
00202
02862
00035
01748
02336
00613
00255
03099
01489
00954
03070
02587
01126
00907
03264
02967
01258
03382
01257
03029
01427
02376
02556
01161
00884
01979
02384
02224
00576
00020
01056
01006
02906
01374
02307
03180
00000
01350
01828
03377
00845
01812
01565
01924
01405
03018
01420
02827
01683
02964
00392
02380
00279
02997
02300
00045
01067
01266
02913
02025
00068
00548
03163
01650
01606
01944
03066
03046
01936
01163
02400
00472
01775
03012
00538
01979
02727
03306
01040
01253
03171
03150
02638
03302
02485
02271
01717
02307
00418
03024
01396
01699
02669
03312
01383
