00583
01332
02170
00451
01434
02778
01841
02134
03171
02497
01491
01340
00519
02424
02713
00232
03194
00570
02233
03288
01717
00223
03117
03032
02167
01890
00188
02672
02998
00555
03364
02735
02031
01622
03460
00887
00742
02335
00033
00994
00153
01209
00140
02504
03236
01625
00596
02788
00608
02960
00547
01441
03133
02398
03467
03022
03469
02466
00687
03101
02326
01563
03298
01092
01583
00721
00200
01134
00227
01220
03305
02114
00308
01507
02627
01987
01968
00077
01508
02212
00191
00757
02245
01227
01120
00311
00513
03296
02573
03134
02643
02803
00658
00723
00364
00379
00917
03444
00653
00979
02762
00491
01176
01584
01926
02566
01589
00401
02994
00195
02992
03163
00114
00232
00962
01077
01451
00004
01842
03242
02035
01442
02239
02690
00031
00736
01228
01684
02515
01473
00843
02307
02218
01179
01463
03004
02104
00675
01260
01435
02915
03487
02357
00070
02718
00750
00758
02946
00166
02489
02280
01217
02898
02990
03307
01343
00685
02769
02638
01589
01775
02058
01118
03056
02828
01601
03065
01795
02379
00922
00330
02831
01858
00113
00875
00104
02520
00743
00377
00036
00551
00656
00048
02841
03248
01017
01043
00948
00790
01770
02428
03209
03378
01352
02406
00863
03247
00780
01107
00100
01917
01327
00853
01710
01192
02702
01945
00633
03426
02735
02280
01009
01593
02675
01409
00633
02339
01056
03387
01234
02576
01299
01228
01694
01636
00342
01656
01648
01519
01368
02197
01592
01742
02781
02859
02680
00211
01933
00012
03343
00929
00018
02177
02259
01209
01017
00025
01126
01529
00003
00852
01645
01395
03245
02071
01736
02677
02022
01023
01939
03245
03253
01370
01959
00776
00137
03163
00938
02962
01654
03463
00327
00229
03247
02858
00077
00301
01087
01173
01647
02168
00030
00216
01526
02002
01631
02404
03400
02769
03014
01390
03384
00704
00071
03212
02236
02330
01936
00206
00142
01050
02914
02115
00268
00186
00727
02274
00538
02473
01144
02996
03045
03037
02844
02137
01455
01317
03049
02344
02258
00440
00675
01695
01852
01537
00371
02768
02787
01552
00355
01210
01297
01689
01692
02736
00371
01091
03170
01381
01460
03207
03368
01512
00843
01468
00474
00046
03169
02841
00019
01083
02781
02570
02321
02914
03329
03119
01253
01273
02721
01009
02437
00365
01908
00323
01288
02154
01043
02862
01996
02223
00642
02726
01755
01934
02114
02225
01548
02427
03149
00773
01046
01496
03001
01947
00351
02725
00688
01458
02087
01621
00954
02963
02636
01325
01713
03407
01614
02200
03117
00478
00848
01085
03240
00439
01337
00037
03189
02560
01506
00145
02197
03066
02157
03092
00279
02330
02671
00229
03177
01119
02399
01009
02709
02352
00093
02036
01386
03237
01623
02350
00436
03322
00763
02625
03294
00700
00051
02546
00757
01097
01363
02830
03211
02143
01992
00326
02579
02684
02799
00987
02461
01685
03028
01068
03167
00454
02736
00133
02601
02562
00974
01942
00574
00216
00849
00233
02515
02981
00132
01597
02574
00300
01241
02824
02325
01200
00376
00852
01168
02622
03484
02222
02830
01993
01954
01919
00195
02603
01561
02848
02776
01833
01115
01174
03263
01422
00766
03472
01713
01456
03253
02213
02318
00233
00350
00989
02585
00562
01084
01168
02455
02106
02801
01330
03486
00290
02110
02462
03341
00644
00320
03202
02529
02370
00398
01859
02712
03069
02162
00338
00439
02228
02833
01399
01272
01883
00507
00563
03213
03488
03208
02078
00823
01277
02348
02627
00615
02240
03442
01140
02947
02445
02812
03361
03370
02262
02424
03456
03337
02917
01224
02463
03421
01126
02092
00855
00374
01688
03140
00545
00055
01519
03140
03495
01233
00591
01383
02177
00859
01484
03469
02002
01162
03378
02326
00123
03437
00877
02808
01778
00169
00778
03077
02423
03143
00068
00334
00252
03069
03470
00172
02808
02950
02826
02377
03287
00320
03152
02659
00472
02072
01153
02892
02120
01113
02887
02366
00911
01636
02741
01291
01909
01436
01284
01941
03495
02805
00458
03175
02191
00068
01434
00312
01154
01001
02361
03238
00734
02893
00344
03256
01897
02308
01796
03341
00009
01386
00943
03307
02749
01622
00332
02007
01532
02671
01307
02156
03421
00095
00411
02040
02160
03399
01664
00216
03209
00114
03049
01035
01471
01832
00135
02490
00226
01261
02532
02135
02818
01833
02612
00471
01753
03363
02858
03250
01624
01286
02339
02781
02483
01602
02995
01156
03230
01747
03232
03444
02179
01328
01477
00401
01599
01811
01033
03440
02285
00141
03250
02818
00495
02407
02501
01472
00503
02130
03286
00743
03257
02028
03355
00750
00852
02296
02087
01524
00146
00444
01258
03496
01414
03367
00042
02319
03073
00285
03325
00051
02913
03074
02624
01814
00503
03171
01245
02307
03267
00601
02236
01223
00358
03498
02845
01481
02380
01990
01946
00974
01964
03477
02746
00455
01889
02838
00331
00281
01263
01968
02101
00795
03110
00774
00013
02960
00091
00298
02273
03140
02774
01331
02285
02513
01344
03267
02135
00087
02655
02476
03056
01724
01471
02391
03444
00342
03228
01815
01108
02963
02842
01844
00627
03000
03233
00664
00926
01251
00571
01200
03414
01750
01279
00896
00576
03201
01207
01076
01515
00503
00138
00490
00778
01090
00568
01701
02648
03333
01712
02933
02706
00562
02041
02530
02288
02613
01716
01616
01697
01468
02002
02256
00006
03315
01422
01020
03494
01239
01862
01152
01911
01710
00935
01656
03431
02750
02575
02112
00030
00040
00963
00336
03145
02389
01038
01098
02549
01167
00353
00873
03354
03273
03277
01198
01394
03401
00547
03198
01050
01420
01214
01072
01920
01733
00584
03291
03024
02958
01183
02079
03353
00454
03071
03456
03123
01204
01770
02407
01564
01827
01095
01953
02036
03024
00868
03107
01978
01113
02290
01016
02016
00423
01535
02907
02190
00502
02228
01317
02116
01253
03321
02399
03271
00009
00942
02617
01038
01140
00256
02658
01970
00838
02410
00251
00495
02164
02622
03083
03202
00670
01651
02217
02201
02408
00836
02786
01837
01689
01211
03115
02792
03439
01733
03124
01098
01187
01706
03327
00462
00451
01817
00394
01875
00423
01166
01219
01708
01590
03428
01881
00785
01714
01427
01357
03336
03475
01486
01797
00145
01384
00013
02242
02098
02533
00674
00760
01875
01012
01770
01450
00370
02587
00405
00523
02823
03064
01919
01305
01534
01173
01461
02670
01709
00931
03160
01416
00778
01649
00205
02487
00130
00417
01986
00228
01153
02098
02585
00506
00906
00034
01539
01714
03498
02324
00952
01051
00757
01979
01173
00609
01989
00773
00618
03193
02181
01614
01180
01602
03374
02601
02396
01172
03388
03169
02807
02459
00563
00814
00765
02740
01047
02351
00455
00655
00931
02104
02909
01859
01423
00006
02601
00339
00862
02818
00271
03019
03116
01335
02042
01188
02364
00195
01972
01025
01510
02560
00262
02477
00720
01082
01991
00778
01138
02509
00572
02581
03000
00709
01452
00378
02300
00453
01086
01911
00053
02649
01764
00139
02584
00697
02502
00760
00841
01012
00365
00638
01546
02406
00905
00056
00708
01560
02727
01129
01667
00802
01612
02436
01861
02387
02563
03329
02383
01682
01320
03329
00181
00393
03176
01042
00983
02230
00657
01915
03016
02507
00862
01754
01006
00426
02855
01270
03116
01450
00573
00801
01726
00154
01913
03388
02995
00292
02324
00015
02242
02139
01723
02505
03142
02402
02884
00655
02486
02720
02405
01325
01234
01428
03448
02125
02976
01525
01948
00205
00540
02132
02160
00169
02123
02743
00506
03298
01530
02154
00156
03050
01175
03081
01379
01083
00932
01184
01887
01207
00637
01712
00640
02934
01978
01943
02874
02148
00638
01647
00241
03499
01378
00028
02341
00990
02157
00299
01671
00872
02988
01300
00674
01150
00355
02540
00480
02423
03252
01172
00175
01993
01844
00797
00644
01918
02604
00765
03401
01067
00569
00776
02580
01894
01564
00572
00027
00435
01702
00959
03133
01259
00399
02298
02555
02656
03254
02588
02695
00257
00490
01801
03113
02526
00771
02513
02423
01718
01957
00077
00365
01753
01173
01456
01051
02785
01546
01815
00451
01013
00536
00699
02242
00363
02551
02369
02047
01783
02664
01792
03282
01709
02280
02871
03436
00146
03362
01826
00204
02648
01728
00015
03282
02407
00326
00602
03300
00127
02499
02182
03097
00807
02896
01999
00936
00005
01291
02056
02597
02320
01801
02765
01655
00875
00856
02127
01526
02140
03377
01729
03000
00305
01498
03156
00335
02036
02720
00131
01445
00334
01443
01700
00553
02066
01779
01410
01530
01043
00475
02319
00146
02459
01761
01311
02425
00768
01266
02060
01024
03200
03152
00238
01305
02386
01258
00258
01865
00801
00599
01139
01597
01889
02291
02205
02570
01145
02787
03445
01104
02570
00516
02886
02258
00551
00632
02962
00876
02374
00121
02118
03381
02071
00926
01681
03005
03073
00932
00647
00071
01749
01306
01194
03432
03048
01390
02453
00860
02005
00313
02516
03114
02991
01725
00934
02768
00316
01441
00206
02909
03490
01329
02325
03362
00941
00545
00245
03210
01196
01509
00719
02330
03249
02783
01475
02067
02610
00261
01852
02137
00469
01205
01603
02332
01020
03463
03414
02661
01032
02150
00566
00738
02501
00503
00526
01571
02785
00871
01815
01362
00173
01189
03325
01818
03220
01204
00379
00324
00961
02567
01175
00943
02630
02747
00770
00739
00003
02969
02914
01312
01444
03457
02227
01513
03133
02942
02744
03163
00528
01429
00475
03060
00638
00142
01396
00655
00971
02387
01322
00277
00812
00540
01021
02287
02663
02146
03204
02129
01162
02111
01983
01519
01542
01788
01489
01852
02127
03111
03427
00475
02377
02704
01245
02748
02293
00566
01279
01096
00426
02426
01712
01769
01583
03437
01799
02508
01697
02336
03402
01064
00931
00762
01444
02392
01494
02069
00176
02341
01620
01373
00844
01911
01773
03182
00984
02503
00520
02773
01503
02709
01308
00102
02453
03008
00302
03037
00604
02539
01036
02168
01304
01903
00584
00645
01625
02631
02883
01689
02691
02091
01882
03129
03178
03023
01103
00132
00678
01355
00921
01110
00590
01840
03161
02927
02692
00290
01845
00197
02672
02864
02287
01181
02534
02570
01971
01201
02003
02165
02674
01064
01767
02427
02039
02801
02517
01962
00088
01882
03033
01610
00526
02125
01623
03295
01586
00345
01286
00199
00880
01164
02767
01074
02846
02860
03167
00553
02215
03181
01644
01686
00914
02214
03045
03119
00433
01692
00745
03476
01135
01556
01925
01975
00170
00559
00258
03399
00903
02280
02803
01144
00023
02875
02625
02994
00082
02574
02604
02984
02419
02373
00258
02626
00132
03303
01362
03300
00326
01975
01623
02759
01401
01273
01900
01721
02644
03023
01860
02951
03235
01800
02059
03255
03474
02308
02295
01792
02987
03037
02097
02772
01625
02018
02204
02288
00304
02003
02033
01743
01240
02400
00566
02969
01729
01883
01605
00551
01918
01565
02956
00348
02579
03405
02229
01626
01273
01250
01144
01583
01064
02166
00366
02976
01840
02595
00871
02293
02920
02005
01768
01331
00085
00503
03430
01442
02112
00396
02747
03242
00971
01070
00786
00518
01826
01543
00995
02520
00556
00590
00489
02024
01038
00417
03239
03368
02007
01785
01682
00341
00039
01211
03236
02032
03276
00019
02032
01816
00398
00070
02283
02327
01315
02598
03023
03164
00624
00157
03075
02865
03060
01574
02256
02711
02260
01790
00491
02884
03052
03391
01245
01251
00611
02267
02329
01654
01244
01444
03079
02500
01742
02927
00568
00067
01165
03003
01061
00679
02511
01853
00129
02461
01715
02826
01235
01955
01623
01693
02027
01240
00914
01161
00688
03288
02260
02139
02059
00137
02191
02811
02579
02373
00752
01964
00596
00225
00299
02240
00154
02659
00820
00441
02311
00193
01922
02429
00414
03165
01022
02801
02183
00552
00217
01644
01156
02999
03083
00525
02666
00094
01256
02815
01364
01257
02469
02634
00305
00740
01172
03010
02706
00939
01650
03458
02271
02323
01745
01939
03439
00565
01290
00096
03279
00824
00409
03312
03304
02581
00892
01494
02741
02180
03363
01380
02703
00121
02705
02375
02368
01979
01020
02679
01019
02384
03375
00268
01231
00521
01136
01357
01228
00610
02454
02780
01258
00737
02350
02607
00792
03314
00706
03043
01733
01918
01723
03059
03063
02885
00495
01892
03141
03115
02259
00055
01339
01250
01015
01283
00796
02170
03288
03306
01156
02781
00691
01731
02762
00246
01372
00819
02461
03041
03150
01902
02206
03302
01494
03107
00816
01660
00283
02477
00608
00469
03181
01516
02861
00188
02491
01955
00753
01834
01399
00046
02619
01609
03048
01643
02489
00447
02583
02876
00446
01092
02615
02163
02035
02435
01371
01933
01594
01827
02606
00169
01732
00182
02506
01817
02834
01199
03038
01812
03081
03029
00151
01194
00902
02840
01490
00874
00700
02788
02587
02205
01703
01852
00293
02080
01398
02530
00374
02980
02994
02450
02860
00874
02451
00296
02098
00835
03165
01794
02165
00950
02463
03091
01866
00754
02116
00288
00197
01370
02006
02897
02152
01130
02432
00160
01810
01512
00361
00073
01163
00393
02227
00340
00420
00811
00275
01465
01225
00396
00934
02927
01656
00013
00528
02909
00325
02080
01169
02409
01516
01572
02837
02871
00814
02480
01802
00802
00867
01643
00861
01498
00710
01003
01658
01594
02791
00219
02332
02488
02407
02040
03209
00184
02134
02796
02500
00842
02753
03342
01938
01676
03263
01996
01915
02564
01889
00026
03404
01115
02555
01420
02874
02891
01335
00154
00305
01627
00568
02548
01224
01861
01624
03021
02970
01785
00063
00673
00419
01005
00228
01468
01501
00385
00843
00418
01301
02346
02553
02284
01046
02490
01923
03189
00343
01338
01062
01499
00734
00108
03264
02152
01461
01845
01648
00546
03170
00051
00048
00602
02900
03004
00516
02941
00028
00180
03456
00109
03482
03112
02274
01611
00148
00956
02410
00008
02322
02506
03487
01221
01240
00761
00263
03164
02372
00762
03495
02836
01716
02022
00145
01853
00668
01859
01187
00677
02539
00136
02625
02287
01400
01298
00848
01435
02567
01949
01734
01870
00905
00180
02798
02900
00776
00566
02023
00392
01701
00970
00002
00293
00001
00310
00601
00420
02275
01456
01515
02305
01000
01322
02871
01019
00465
02824
03160
03450
00726
02136
00047
00084
03248
02166
02791
00397
01953
02606
02067
02924
02300
02683
00111
03081
00628
03378
00461
00896
01149
02624
01379
03432
01565
00621
01293
00176
00310
03366
03320
00363
01862
02434
01950
02628
03197
00909
00906
01968
01799
02150
03133
00560
00833
00143
02695
02762
03149
02371
02560
01741
02330
01988
01870
02003
02341
02478
03003
01072
03327
02413
00701
01511
02741
01983
03014
00955
00435
03442
00871
03104
02446
00245
02229
01616
02275
02045
02883
02351
02056
01628
00330
02855
01625
02907
02562
01437
00785
01461
02971
02765
00344
02667
00644
02656
03293
02314
01676
00577
00397
01204
03423
00513
03055
03420
01080
00592
02611
01234
01269
00865
03021
00026
02033
02350
01659
00772
02358
00194
02148
01189
01062
01908
01444
03218
01647
03409
01357
03072
00172
01541
00228
02243
00372
01267
03424
00287
01574
01508
00733
01680
01082
03454
01189
03469
02462
00678
00396
01113
00510
02083
02490
03232
01947
03281
02868
01701
02055
01267
01938
03481
00861
03253
00512
02707
01715
01387
00772
00398
00774
00623
01240
03429
01899
01730
02975
03057
02680
01994
03499
01738
01977
02399
00747
02475
02600
01196
00000
03192
00501
02825
01338
03216
00484
00420
00216
00476
03364
01501
01784
03468
02916
03159
00946
02251
00030
01700
01976
02941
01713
01604
02262
01353
01861
03239
01159
01561
00613
02241
00196
00540
00711
03468
01411
00322
01748
03345
02377
01439
01644
00736
03342
02945
03153
02046
01369
02140
00893
03472
01306
02230
00337
02414
01387
00412
01693
03306
02755
03028
02407
03004
01108
00775
00431
00127
00853
03475
01573
02814
01476
01590
00149
00632
00813
02335
02281
00905
00586
03067
03138
01223
00183
01411
01425
00734
01935
01373
02729
01004
01806
01045
00409
02137
01475
01207
02571
00606
01390
01754
01388
02353
02550
00855
03021
01101
00773
00032
00123
02069
03032
01856
00247
02656
00062
02085
01368
01838
00250
01770
01305
01546
03377
02591
00268
00879
01730
01850
00461
01850
01520
02208
01749
00203
01770
00005
01430
00444
00951
02621
03436
00904
02513
00584
00718
00247
02168
00752
01627
01655
02884
00874
00729
00063
02899
01871
00292
00000
02161
01598
01971
02514
00966
01368
02363
02145
01387
01968
03333
01413
01073
02697
03487
01279
00179
00757
03001
03129
00656
02871
03410
02390
03484
00961
03477
00996
00488
03385
02476
00230
02240
00354
00963
00463
01301
01764
03179
00401
00236
02476
01291
00239
00722
00397
02489
01474
00459
00949
00462
03350
01590
02035
00048
00317
01123
01180
00353
00152
02788
00116
00352
02619
00826
02983
00388
02348
01583
00789
02080
01848
02738
00898
00290
00062
02915
02877
00057
00288
00233
02911
02971
00976
01610
00688
02841
02500
00461
02477
02285
00671
03259
00957
02869
00081
03200
03203
02005
00705
00570
01966
03295
01482
00033
00316
01900
02303
00262
01088
01192
01783
00605
02514
01963
00281
00265
01830
02727
03293
01126
01726
03437
02162
03346
02080
03407
00369
01454
03355
01592
00875
01978
01201
03116
00470
01968
02352
00368
02861
00138
02843
00266
03234
02090
00805
03097
01769
00794
03008
01263
02051
01949
03145
01809
00000
00068
03284
02417
00887
01156
00872
01280
01437
03425
01311
02886
01334
02725
00117
01457
03240
02631
03338
02325
01960
00825
00725
00423
03115
01057
00738
00059
00690
02547
02944
02801
01414
01922
01314
00644
02015
01594
02949
02980
00732
00733
01824
02985
00229
01734
00059
03473
02001
00109
00520
00836
01927
01118
02015
03184
00787
01582
00438
01143
03105
01980
00238
02321
03099
03442
00150
02931
00857
02535
02446
00682
02303
02193
01243
00434
00062
02700
01554
02723
01711
01165
00142
00861
00897
01297
02692
00912
01890
02998
00354
00494
02470
02700
02948
02893
00288
01410
02895
01591
02865
02400
02319
03405
01295
02102
02413
00512
03491
01506
02830
02226
02835
00034
01135
01332
00735
00070
03323
01979
03207
03084
02770
03209
03319
01355
03028
02886
00960
01794
01162
03379
02351
03077
01188
00453
02698
02006
01673
02480
00266
02170
02288
00400
02252
00465
00561
00726
00150
03420
01055
03432
01379
03265
00824
01935
02089
02012
01920
01606
00931
01072
00255
02828
02634
00578
00290
01882
00499
00679
02968
02722
02668
00586
02502
02948
00659
03044
03010
02211
02820
00460
03091
00237
00349
02515
02422
03329
03112
03276
00126
02686
02310
02098
02773
00221
02616
02394
03156
00080
02667
03137
00618
00933
01121
00675
00830
02526
01634
03365
03414
02758
00602
03394
01996
00057
01521
01564
03388
02078
02801
00823
02680
00890
00956
00835
03241
01687
00187
01359
02345
02395
02296
02550
01411
02642
00245
00209
00287
02705
02760
01887
03347
02728
01428
03454
00171
00628
00076
01599
01303
01727
01346
03181
02069
03247
03125
00543
03302
02545
03217
02131
02035
00579
01490
00596
01266
02068
01020
01000
01733
02527
00342
02603
02058
02916
03153
02023
01361
01434
02401
00789
01419
02732
01811
00022
01457
02955
03174
02139
03125
00344
00428
01543
03065
00780
02300
01546
00851
01611
01698
01067
03184
01035
01139
01640
00382
02870
02455
03418
03256
00675
03425
01380
02736
02984
02018
01309
02221
02380
01314
01942
00042
02228
02001
00754
02752
02462
01606
02796
01676
02793
01495
02555
03225
00901
03036
02222
00277
01524
02357
03115
00002
02131
01711
01282
00929
03123
01358
02663
00367
01204
02118
00508
00285
01732
02512
02674
02842
03057
01005
00103
02355
01559
02790
00500
00954
01109
00231
01217
02204
02499
01270
01486
03198
02874
02179
03131
02847
01890
00771
01800
02237
02933
01701
00498
00309
00800
01297
00985
01313
03193
01528
02678
03265
02344
03329
00678
01073
00539
00035
00246
01827
00070
01668
00111
01284
01469
01810
01113
00730
02805
01004
02875
02918
00553
01156
00774
01179
00861
02860
03348
00527
02378
00223
01605
02089
02245
00466
03453
02261
03483
00693
01616
01189
02899
01301
01377
01944
01778
03083
02598
03013
02459
02555
02090
03054
00970
03182
02246
00666
01083
00353
01559
00850
01684
00235
01285
00792
01817
01491
00724
00250
02673
03256
03375
02391
03250
00370
01249
01539
02354
00755
03017
01025
03284
03222
00823
00665
00898
02983
01326
03468
01265
00395
01509
02585
00295
02020
01916
01298
00158
01434
01116
03320
02349
00357
02747
00976
01944
02683
03099
01036
01581
02425
02647
01821
02453
03310
01275
02063
00287
02292
01000
01950
01319
01264
00683
00644
01520
02764
02828
01818
03280
00736
01949
02712
03435
00835
02277
03061
01204
00504
00783
02898
00419
00681
01050
03247
01846
03423
00210
00780
02959
01860
02802
01407
02347
02587
01045
02212
00737
00318
01493
00333
02876
01177
02323
02756
00087
02134
02504
03490
03219
02117
01132
01307
01977
00980
01160
00800
03038
01869
01999
01129
02008
00892
03055
01077
01190
00091
02091
02227
00035
02187
01089
00515
03445
01365
00633
02702
01534
03275
00756
00971
02497
00502
00171
02334
02441
01769
00393
03415
01414
02920
00736
01645
00925
02483
02464
01141
03330
00509
00741
02867
01283
00273
02498
01155
02996
01900
01976
02037
01158
00409
02770
00443
00973
02895
00360
02268
03064
03385
00471
02150
01817
03104
00939
02348
01797
00741
01720
02186
00679
02997
00798
02195
02515
03263
03043
01094
02993
02242
01672
02245
01524
02805
02777
03334
01303
00700
01711
00611
00059
03247
03344
02002
00400
03021
01277
01590
02858
02951
02323
02829
01401
02508
02864
02311
02280
02502
02277
00040
00727
03087
01749
00654
00828
00858
01013
00178
01056
01136
03284
01420
00288
00531
01883
00850
01918
01543
02697
02627
01019
00972
03345
01070
01354
02712
00037
02375
02095
03097
03347
01648
03179
00079
02694
01624
01811
02588
00102
01725
01032
01797
03054
00592
01057
00474
03396
01264
01336
02573
02553
01259
00928
01149
03130
00801
03029
02638
02589
01663
00298
00221
02961
00199
00228
01657
00745
02327
01483
02960
02065
00444
02946
00733
01162
00078
02876
