01006
02820
02128
00692
01556
00417
02585
01450
00884
00237
01948
01380
01709
02123
03387
03358
01990
02396
00275
01547
01209
00381
01350
00829
00763
00734
01584
03185
01752
01789
01384
01697
03231
01584
02021
01021
02616
02897
00506
01636
00910
00275
02127
02988
01421
03187
03086
00737
03304
03067
00967
00010
03575
02192
02496
00567
03564
02538
00381
01590
00528
01156
03192
02549
01055
00041
01069
03170
01245
00623
00052
02159
02243
01920
02939
00065
01610
00706
01872
00631
02787
03321
00712
02327
00688
01810
00239
01332
01443
02480
00028
01884
01969
02100
01008
02510
03474
03173
01675
03001
02263
03247
01547
01183
02248
01319
00131
02440
02842
01356
03540
01811
00666
03194
03226
01111
02217
03161
00469
02104
03283
03538
01233
02597
02365
02321
01781
03518
01227
03381
02725
02180
02011
02869
02484
01976
01345
03325
02938
02165
03088
03078
00462
01577
03218
00771
01216
02654
00276
00023
01990
02920
03585
00356
01888
02199
01258
02687
02042
01035
02974
00544
02430
02935
01164
03429
02339
01359
01570
02453
02854
02011
02912
01954
03299
02190
01519
02088
02528
01488
02487
02690
01238
02710
01569
00763
00509
00388
01498
01730
03283
00281
00961
00679
01049
01784
00302
01395
02411
01575
02030
01108
02073
03104
03455
00965
02518
03013
00100
00924
01260
00032
02421
02940
01098
00184
01431
02971
03164
01888
00787
03598
01861
03514
00278
02465
01260
03513
02069
01283
00400
00580
02570
00365
02808
01974
01551
02307
02860
00898
00118
02499
01322
03123
01058
00059
02742
03570
00438
01399
03313
01457
01256
02120
02020
01060
02594
01328
01401
01311
00757
00473
02454
01722
00937
01541
01431
03090
03062
01584
02088
00201
00232
02226
02956
01933
01635
00113
01132
01878
00115
03236
00703
01449
01421
02258
02178
01978
03096
00440
02677
00878
03458
03353
01154
00366
00913
01503
02362
02263
00726
03472
02878
00559
01759
01389
01687
00754
00010
03220
02306
02010
00177
00773
02492
01709
00039
02001
02005
03056
03085
01182
02676
02842
03073
03271
02312
00707
01443
00032
01621
01627
03045
02200
00131
02119
00415
02647
00207
00134
02429
01127
01756
00481
00309
00223
00330
01057
00968
00633
00113
00619
02965
02197
00298
03110
02788
00599
00122
02957
01622
02412
00940
01840
02278
00650
03530
01669
00748
01173
02616
01068
02174
03437
02381
00864
02275
00165
02510
02857
01350
03439
01113
00158
00723
01842
03099
01079
03425
03421
01566
02097
02540
00822
00003
00875
03006
00635
01640
01774
01497
03482
00214
01753
00547
02796
00521
01866
02287
01276
00573
00632
02388
02389
00161
00813
01932
01609
02203
03121
03291
01230
00424
02946
01274
02626
01662
00960
03135
02144
00224
02964
02155
02283
03597
00145
01775
01959
01189
01251
02556
00631
03257
00803
03238
00912
01006
03084
00724
02989
00670
02168
01558
01724
03083
03172
03555
02533
01008
00275
01391
00651
01254
01533
03109
02955
02992
00312
01638
03538
03076
02383
01886
03099
02375
03230
00768
00245
01139
02400
02142
01282
02231
01056
03351
01852
02907
00251
03164
00579
02879
00647
01920
01458
00223
02573
02860
01391
00517
00865
03389
02976
02379
02514
02475
01643
03483
01725
00806
02118
02629
01260
00863
01230
01388
00540
00192
03539
02157
02572
03305
01679
03309
01489
03032
02439
01455
03031
00244
01818
01806
03281
03238
02647
00077
00209
02741
00540
01609
03572
01165
01833
02967
00884
01290
01634
03119
01217
01079
02835
00468
03082
02573
02782
03439
02101
01482
03136
02792
01454
00081
01441
01425
01884
01671
01226
01758
02735
00449
02433
00596
03366
00119
02752
02909
03389
01845
02020
02870
01443
00366
00449
01029
00697
00685
00755
02410
01655
00362
01327
01888
00409
00966
00872
00704
02182
00835
02493
02067
00913
03234
00607
03346
01704
00394
00641
02604
00458
03490
02840
00819
02390
02011
00114
00259
00990
00557
01843
02592
00346
00781
00474
01099
02121
00039
03202
02000
00115
03182
02372
00015
00682
02413
01162
02470
01054
00697
00638
00935
01759
01717
02737
02251
03389
03489
03544
01955
03436
03249
00417
00582
00340
00533
00835
02204
00404
00858
01587
01285
03206
01084
01971
02519
01166
02694
02981
03251
00316
00744
03453
00947
02001
02339
00580
02658
00589
00917
02137
00327
02455
00748
01426
03024
02807
03240
01040
02071
01165
00129
02272
02051
00772
01345
02030
03534
01505
01824
02932
01710
00869
02747
01745
03027
00226
02112
00260
01932
02587
00857
02103
02550
01491
00578
02185
02994
00727
01449
03012
02497
02776
02113
01613
00862
01233
03426
01769
00537
02887
01376
03340
01532
03262
02454
00349
00987
01592
03328
02278
01389
00664
03362
02504
00705
01061
03353
02203
02399
01034
01963
01314
01085
03546
00237
03405
00154
01537
03249
01384
01434
00165
03450
01489
01343
02683
02270
01175
00432
02758
02134
03582
02345
01115
01013
03550
00190
00272
00931
00715
00013
03555
02053
03376
02015
01446
00154
01653
02843
02935
02388
01951
01480
00238
03585
02566
01804
01120
01446
02834
01893
02545
01927
03262
00019
00518
00645
02527
02177
02808
01636
00030
00318
02309
01112
02577
00444
00192
01948
01944
02421
02073
02174
03474
00164
01847
01994
01312
02103
02209
00082
02209
00335
00444
00679
03165
02081
03198
00310
00718
01021
02706
01538
00168
01768
02053
00057
01913
02888
02717
03254
02762
00171
00265
00435
02246
01876
00226
01673
03186
00164
02225
00326
00810
00241
03019
03561
03325
03333
00487
00140
00702
03078
01073
02910
02924
00973
01686
00589
01323
01541
03567
00493
00369
01571
02059
02167
01597
02764
02517
01761
00273
02599
02101
02742
01840
01967
03346
03138
01026
00933
02533
02331
01317
03281
00057
01631
01502
02562
02878
01287
00445
02794
01532
00421
01902
02543
02133
00431
00156
02431
02388
00647
01952
00883
03297
02838
02727
01566
02646
01381
03521
00259
01436
02248
02886
00705
00222
01415
00115
00300
00783
02698
00386
02264
02296
02273
01912
03172
01497
02957
01111
03537
01409
00255
00820
01326
02041
02042
03363
02946
03050
02007
02014
00548
02799
03382
03141
00698
01653
00811
00735
00077
00622
02685
01662
00277
00869
03350
00353
00262
02925
02071
03218
01719
02562
02492
02064
01354
03424
02951
00488
00525
00418
00156
03148
02301
00259
00776
03397
02625
02321
00047
00949
02938
01743
01601
00517
03029
02553
01032
02221
01641
02658
00496
02018
00884
00314
01171
00153
01805
01468
02720
02650
02805
02291
00007
02064
01440
01068
01636
03100
02137
02086
03494
00489
01399
03510
00491
03003
02986
02279
02138
00641
00881
00303
02924
02441
02956
02749
02295
02466
01961
01695
01433
02509
03566
03536
00926
02157
02289
00157
00013
00173
00023
02264
01973
00016
00167
02198
03200
01236
03019
00372
00561
03200
00450
00759
01839
01389
01604
02624
01918
01088
00724
01422
01414
02965
01819
01325
02866
02663
02470
00172
00104
01548
01006
02364
01920
02638
01248
00597
01314
00020
01113
02099
03104
01087
02688
01101
02381
02240
01024
03558
00202
01703
03200
01756
00555
02966
01568
03166
02970
00980
03394
01163
01671
01389
02835
01701
00714
00278
00949
03109
02423
00991
01034
00696
00941
01810
01359
01894
03131
00823
02498
03411
03535
00650
00594
00815
02205
03460
01250
00776
03368
03029
00089
01951
01056
01252
01993
01784
01256
01533
02089
01338
02242
02185
02210
02215
02826
00252
02018
01542
03228
03095
03312
02092
00610
00029
02318
02137
03406
03523
01940
01822
02977
02001
00430
00780
00245
02389
02404
02359
03197
02870
01282
01498
01527
01926
00307
00164
02923
01473
00591
02593
02051
02002
02398
00003
01287
00613
03080
01343
02452
02871
00794
01236
02408
00489
03383
00245
02956
01236
01593
01608
00590
01318
00930
02055
00331
01626
02196
01508
01493
00262
00520
00010
00662
00670
02879
01022
01154
03158
02819
00916
03202
00052
00937
02142
02194
03556
03462
03248
00984
00037
00155
02926
00671
01105
00110
03478
01664
02521
02886
00554
01900
02047
01251
02358
03225
01965
00599
00817
01670
02131
00165
02382
03148
00830
00213
02193
03315
00340
00800
01359
00718
03276
03518
02766
01620
03129
02554
01883
01196
01960
02063
01435
03316
00783
01986
03209
02398
00341
01307
02990
00472
01185
03377
01823
00694
01290
02320
01344
01470
02141
03338
00806
01168
03421
02327
02859
02464
02789
02666
00794
03505
01833
01859
00778
01504
01163
01770
02807
02186
01049
00110
03419
02955
02835
02314
00076
02692
02090
02801
02800
01240
03204
00518
00635
02211
02876
01658
00953
02248
01335
01346
03223
02773
02801
00596
02651
03301
01606
01295
01140
02962
01388
03141
02619
00212
02301
03206
00585
03547
00627
03113
00435
00677
02828
02601
02977
02252
00669
01114
00636
02335
02723
00902
00885
02731
02613
03577
01746
03014
02516
00389
02099
02329
01028
02803
02195
03191
02997
00519
02458
02909
03114
01038
01327
03000
02714
03191
01547
00046
02229
01099
02857
01354
00270
03306
03241
00840
01175
03555
02019
01736
03067
00624
02585
00306
02100
03068
01782
02535
02716
02306
00450
02560
03553
00083
00039
00838
00402
02515
02254
03533
01094
03169
02546
00061
00684
01298
00151
01134
02316
02200
00595
01919
02492
03396
02874
01939
00032
00901
00616
00122
02953
00075
01958
00807
01277
00285
01552
01331
01991
01347
00638
01949
00869
03521
02734
00332
03392
03537
03314
00195
00697
00828
02901
00399
00494
03156
02777
01344
03339
03537
02989
00785
03534
01862
02666
02694
01251
01663
02524
01762
01950
02746
02862
01698
03174
03439
03262
03050
02830
00733
02688
02633
00352
00338
01582
02203
03219
01974
02124
00667
00315
02101
02489
00147
00047
03063
01010
00418
00421
02414
00449
01816
00202
02011
01843
01377
01118
01646
02552
00763
01739
03496
01059
00806
02711
01774
01248
02104
02303
02924
01845
01386
01475
02260
00833
02722
02593
00562
03266
01949
03433
00221
03059
02153
01119
00556
01378
03228
01023
02770
00655
01221
02091
00007
02128
01197
02320
00629
00033
01785
01415
03212
03257
03183
01799
03378
02312
02883
00567
00939
01181
00221
02993
00176
02100
02968
01522
00575
00060
02713
02447
00095
02007
02042
03217
01503
00730
03170
02449
02314
00660
00035
00830
00648
02860
03344
01579
02100
02803
00761
02774
01461
01432
01316
01459
03148
03274
01370
02295
03513
03304
01179
01808
02378
01045
00927
02978
03538
00055
00890
01116
00449
01406
00778
00281
01333
01634
02880
02115
03293
00133
03241
02818
00950
01991
00424
00465
01604
02952
01026
01809
02047
02137
00662
00455
00423
03531
03175
02529
02261
00489
00279
02935
01951
01762
01537
03036
00888
00958
02147
02419
01010
01554
02295
00974
00784
01054
01340
01281
02061
02435
03254
01317
01475
00418
00190
02473
00393
00032
02263
00803
03116
00869
01567
02020
03080
00468
01853
03322
02883
01813
01310
01263
03014
02382
02566
02590
01897
02432
00453
00102
02458
02653
01911
02742
01594
00168
02168
01464
00900
01781
01571
01883
03450
01631
03205
02777
03166
03176
01458
01223
02570
03307
02771
00235
01181
03037
00043
01175
01875
01410
01797
00211
03359
01468
00828
00441
02904
00575
02054
00698
02525
02240
00270
01518
02917
00667
02092
01161
00871
01939
02724
03049
03571
01508
01944
03243
03052
01060
01930
00701
00323
02008
03361
02558
01409
03396
01351
02626
01664
01914
00830
02962
02615
01876
02573
03264
01968
01468
00347
00647
03335
03080
02662
02369
02609
02867
03279
01571
02470
03110
00150
02051
01997
01366
01118
01978
02195
01431
03533
01236
03576
01983
01603
01795
01558
01205
01316
00195
00190
00839
00115
03081
02401
02539
02540
03285
02344
01517
01550
00487
02064
01352
01508
02638
01109
00032
01791
00170
01194
02219
00114
03443
01315
03568
02105
00467
00687
00311
00774
02142
03493
03088
01337
03090
01641
00704
00908
02761
02411
00166
02376
00907
01069
01580
03224
00609
00031
00969
00200
02708
01273
02355
00857
02500
01188
02370
00340
02037
00629
00495
02168
00963
01687
00235
00258
00582
01556
01356
01688
01200
02256
01650
00370
00803
00050
01976
00341
01425
03023
02278
01757
01675
03141
02532
01399
00698
02849
01000
00792
02812
03597
00976
00877
00182
03209
02412
00417
00937
00213
00962
01028
02607
02073
01941
03518
00372
01250
01792
00144
02769
00745
01723
01714
03331
02288
00128
02159
03002
00380
01944
02010
02638
03402
03439
03307
02796
00432
02518
02569
00654
00769
00423
02566
00825
00299
02722
02274
01744
00641
03430
02589
01094
02848
02172
02988
02224
02289
03133
02454
03288
01674
02452
02108
02478
02065
00830
03572
03289
00990
01870
01809
02635
00123
02925
03392
03443
03402
02142
01600
01660
02916
00000
01279
03187
00154
00460
02174
01174
01337
01327
01056
03527
02463
00385
02612
02944
02724
02803
01020
00928
02424
03560
02986
00611
01175
02698
00806
02176
02571
00669
02814
02828
01070
02417
03419
00925
00313
00257
03131
00793
02142
02216
00545
01212
01311
00499
00549
00295
01610
00305
01081
00966
01698
02648
02473
01034
00938
03073
00701
03573
02304
01651
01791
02357
01171
01373
03172
02503
01539
00093
00025
01837
01204
01566
03276
00618
02926
00974
03027
03497
01412
01757
02092
00270
00127
02929
03267
02484
01815
00887
03529
02390
00013
01572
00503
03321
00280
00409
00671
02294
02538
00309
02123
03350
01214
02164
00981
01637
02928
01781
01698
03209
00009
00954
03164
03004
02741
01528
00858
02997
00643
02302
03326
02150
02712
02947
02939
00238
03200
02056
00288
02942
02611
02956
00102
03272
03280
01918
02578
02067
00537
02813
01671
02507
03546
02172
00123
00198
02455
03457
00772
02177
00481
01580
01391
01465
01908
00629
02541
00790
00432
03262
02443
01282
03442
02232
00364
03303
00255
00321
02021
00965
00972
03530
02052
02707
03021
02823
00382
00109
00408
02512
03476
00956
01429
01445
02737
03188
02309
02814
00835
00711
02955
01680
00515
00886
03163
02187
01923
03527
01326
03472
02371
01074
02367
01680
02143
01573
01477
00704
03241
02792
00734
00393
00622
02699
00436
01259
01352
00331
03454
01313
02320
01059
00518
00240
02221
02399
00162
03146
02765
02140
00977
02575
00879
01931
01188
00531
03307
02757
01735
00090
03327
02169
02939
03391
00086
00304
02737
01604
00759
00273
02533
03428
00744
01952
01108
01412
03132
01649
01659
00793
00224
02298
02077
01187
00414
01367
02929
03526
01548
01191
02598
03033
02901
00052
02612
03303
02609
02992
03537
01011
02211
02666
03068
00377
02623
00144
01561
01008
00982
02831
02633
01611
01999
02053
02598
02798
01396
02296
03016
00718
00758
03007
00055
02049
00062
01102
00333
00485
00882
01215
01863
00845
02975
00795
00120
00085
01497
00969
01226
00694
03404
02829
00658
00597
00046
01362
02174
01222
00164
01634
00318
03199
02478
01505
03325
00359
00015
03418
01738
01405
00124
02177
01175
03396
02497
00584
01197
00124
01914
00669
01402
02684
00853
02673
02041
01579
01074
00851
00444
00351
03219
02314
01831
02173
00870
03105
01676
00270
03084
01197
03359
00946
02661
03275
02982
02462
00010
03140
01039
00017
01991
01298
02942
01957
01363
01356
02033
03201
03181
02637
01041
03467
00037
02963
01719
02923
02708
00036
01785
01114
03289
01451
02016
00825
00848
03519
03079
01855
03425
03028
00994
02842
02403
01739
01065
02166
01899
02404
03375
01259
00501
00357
01875
01648
03005
00306
02578
03534
01739
00620
01255
01120
02425
01751
03521
01126
00290
02866
01983
00137
02760
00491
03450
03241
02754
01163
02895
02386
03120
03213
02119
03484
01133
02797
02485
01601
01040
02059
00892
02138
01999
00798
03035
01843
00608
00677
00742
02525
01853
02889
00833
01186
01012
02286
00459
02851
03208
00424
02821
00141
00551
02859
01198
01834
01705
01850
02556
02195
00226
02353
03481
00371
01444
01182
00296
02343
02548
00410
02002
00690
03382
01926
03009
03037
03448
00048
02425
02411
03225
01493
00494
02763
00740
01360
01654
02103
00637
00961
03115
01737
00166
02601
02637
00412
01214
01761
02418
00592
03015
00954
03435
03032
03410
02159
00596
00494
00362
01862
01479
03063
02601
02710
02687
01440
01963
02803
01076
01095
00861
00388
02055
00327
03137
03142
01947
00779
02337
03385
00110
01555
02878
00056
02563
01620
02756
02262
02974
00746
02283
00900
02875
03177
01101
02239
00875
01457
00767
02294
00395
02064
00206
00825
02515
00769
01735
02636
01656
01154
00962
01947
00207
00099
02220
01480
01359
02330
00928
00097
03249
01076
00258
03212
03351
02902
01448
02212
03414
00945
00116
03453
02433
02900
03426
01522
03299
02860
01019
02977
03161
02166
03412
02252
01514
01300
03254
02512
02899
00206
00778
00018
00371
02032
01233
02325
01296
00418
03277
01384
01077
00197
03568
01533
01657
02696
00719
01733
03420
01530
02418
03510
02256
03403
02731
00862
02642
03067
03040
02945
00868
01316
00135
00367
01640
00051
02061
01537
02603
01840
00674
00337
00747
00992
02357
03417
02950
03072
00712
01540
02241
01666
02015
02065
00258
00180
00875
01559
00219
00075
02557
02194
02260
03311
02697
03594
01075
00720
00713
01044
00282
02934
02426
02386
02845
01126
02952
00550
02382
03104
03041
00277
02727
03525
03112
01798
01971
02054
03192
02313
00890
02536
01346
03060
02712
01732
01078
02313
00856
00475
02442
00147
00178
01190
01226
02687
02654
00555
01980
02888
00787
02779
03374
00267
02033
01449
00399
01545
01239
00965
02438
00474
01666
01094
01731
02366
00947
01607
00720
00062
02268
02712
00036
03026
00327
00693
02868
02700
01026
00195
03526
00146
00106
01751
00291
00105
01299
01457
03176
01740
00146
01141
03482
01868
00360
03322
02627
00722
02699
00779
00493
01439
03298
02540
00698
01284
03484
00967
02270
00142
02350
00691
00330
03561
03320
01318
03477
02373
00034
02785
02232
03590
00984
02874
00263
02165
01071
02359
00823
02340
02547
01846
00609
02415
00463
01497
02673
02830
02375
02751
01915
01959
00085
02318
00731
00544
02415
03404
02679
00082
01649
01278
01395
01561
02637
02727
01072
02007
02939
02113
01107
00537
02878
00682
00686
00002
00469
00870
02605
03011
01067
02210
03375
00732
02508
02089
02158
00651
02580
02815
00253
00003
02101
00986
03117
03225
01924
03537
00379
03304
03441
02141
02746
01124
01458
03580
01833
02315
00315
03156
00081
00392
00795
02276
01870
03105
01334
01318
01895
01648
02875
02737
03403
02926
00913
00604
01129
02827
02963
00604
01916
03291
02741
02238
01585
00154
03185
01280
02903
00176
00723
02089
02418
00096
01821
02265
02188
02794
00455
02139
03513
01344
03159
01080
01237
00662
02714
00805
01676
02946
00140
02652
02309
00451
00553
01864
02588
02943
02800
00409
00555
03268
02209
02824
02484
01024
01907
02293
03549
01611
02180
01756
01929
03458
03518
00693
02319
02207
03458
00843
02057
01539
02788
02532
00555
00550
01699
02335
03534
00406
00035
03357
00856
02475
02937
00197
03146
02187
00034
00587
03286
01737
02961
00859
02666
02519
02195
03135
02605
03165
01056
03329
02821
03570
01056
02586
02547
03591
02087
01736
00588
02355
00959
01918
01444
03337
01008
00485
00777
03286
02031
00080
01658
03238
03168
03214
02802
02198
01897
01321
01604
02740
02741
00219
00356
03522
03346
02240
00848
01274
02456
01702
00602
03323
02006
01969
02371
00930
02138
01659
00773
02180
01788
00488
00284
02055
00103
02936
00819
01249
00438
01254
01431
01704
01799
00461
02122
00968
01615
01739
02022
00483
03178
01837
01291
01954
01276
01561
02343
00250
00009
02107
00385
01418
02734
03495
00226
00017
00554
03597
00977
00364
00748
01563
01994
01117
02282
02828
02154
00583
01243
03246
00633
01573
00770
00081
03348
01003
00151
00892
02470
00245
00132
03001
03362
00651
00265
00017
01312
01974
03036
01730
02113
00380
02896
02748
00257
03415
01425
03435
02937
01796
01002
03311
02701
01430
01683
01879
02488
00763
01674
00412
02802
03239
00060
03562
03596
00220
02112
01289
00472
01883
03185
00890
00647
00628
03414
02604
02992
00282
01008
03503
02202
03378
02863
00496
00487
01497
02433
00786
03069
01045
02009
01182
02161
00500
02967
02241
02050
01009
03529
02692
01487
02389
00382
00489
01111
01561
00563
01889
01468
00570
00124
00970
02162
01909
01984
03046
00121
01202
00353
01127
01892
01454
00263
00982
01974
03312
03449
00338
03081
01069
00407
02406
03210
01750
03382
03124
02548
01807
03289
00605
02615
02875
02488
03330
00197
01795
03344
03444
01625
02069
00119
01912
00148
02393
03289
03031
01541
01279
03300
00946
01476
01844
01261
02146
01724
02836
00766
00477
03027
02457
03356
02821
00535
00529
02840
01018
02390
02206
01410
02976
02970
00822
02821
01227
01215
00971
00788
00791
00274
01285
00799
03124
00761
01227
01761
01534
02329
00257
00905
00170
02679
03035
01362
00061
00031
02192
01857
01191
02218
00458
03404
00220
00576
03129
00146
01043
00170
02247
03354
01624
01954
00246
01259
01788
01257
02774
01957
00588
03541
02707
00747
03023
01142
00891
00782
00056
00179
02700
01207
00892
01781
03228
00336
02445
02847
02626
02751
02853
02152
01026
01920
01759
02248
01463
02174
01454
02059
03272
03214
02417
02340
02508
03161
01134
01985
01322
03395
01259
01335
03594
02988
01757
02842
00615
03251
01143
00955
00694
00066
02884
01087
03135
02842
02655
03223
01402
01948
00335
02177
00502
00192
00321
00027
03042
02262
03261
02447
03390
02807
00219
02671
01916
00951
01374
03150
03120
01193
01166
02009
00615
01310
00164
00400
01795
00476
01758
02661
03348
02904
02274
03328
00739
03135
02991
02220
03112
03334
02863
01794
02395
01580
03577
01552
00103
01721
03108
01941
00379
00678
02997
03163
02474
01560
01833
03410
02994
01258
03262
01045
00633
02742
02619
00252
02180
01647
00929
00829
01073
00142
02457
03039
01700
03176
00956
03132
00015
01816
00242
00354
03563
01934
01570
01015
00595
01731
02968
02711
02991
00728
00724
01980
03262
02714
01103
00184
00780
00484
03561
01841
01443
02082
01822
01737
00574
01245
00247
02153
03033
02071
01244
00874
02340
01797
01735
02496
01414
01892
02211
01508
02766
03385
01076
01276
02341
02554
02417
00441
01872
02338
00220
01404
02289
00933
03330
02645
02812
02384
00509
01210
01703
00091
00134
03361
01051
01983
02008
02650
00056
02110
01009
03228
03172
00355
01633
01450
03108
03223
02917
01714
00819
02077
01565
00530
02047
02283
01673
01655
00947
03045
03139
02067
03503
03383
01733
02874
01428
02511
02379
03306
03179
03525
01587
01108
00613
02793
01313
02811
00429
01511
02735
01080
02714
01880
01890
00920
00257
01624
01303
00882
00087
00752
02348
00841
03155
03152
00060
03562
00354
02203
03250
01378
01428
00654
01263
00224
00068
02830
02742
00898
01077
00701
02100
