00084
01111
00144
00370
00398
02862
00190
01401
02235
00089
03066
02822
00609
00765
00826
02371
02677
00882
00232
03065
02378
00745
03031
02694
01299
00170
00224
00365
00662
01909
02845
02439
03184
00394
02369
02776
01791
00069
02707
02045
00367
02017
01413
02496
02020
01885
00117
01358
00065
01147
02559
01280
02580
01765
02940
02005
00542
02411
03100
00129
00514
01895
01308
00030
00136
01730
02083
00001
02063
02191
02879
02728
02317
00341
00247
02511
00452
00362
01676
00033
00644
02810
00849
03084
02198
01959
01316
01709
02124
00458
02184
02283
01699
02520
00480
02079
02578
00353
02250
01393
02162
02609
02582
00446
01545
01689
01250
00949
00436
02120
02003
02689
00433
00850
03186
02592
01671
02643
01440
00339
00018
00813
01464
01710
01966
01772
00192
02639
00128
00459
01738
02859
02524
02896
01901
01796
00726
00786
00603
03063
02152
00411
00799
00945
01213
02152
01782
00578
00408
01037
01351
00137
01124
02421
02495
02767
00472
00071
02573
02161
00326
00229
01079
01972
01281
02958
00791
00189
02153
01059
00246
02456
02069
01543
00708
00502
02843
01951
02161
00244
00382
01401
01386
00534
02485
01417
02995
00210
02132
00781
01821
01993
00985
00914
01829
00144
02582
01169
01385
02093
02486
02225
01223
03102
02157
02992
02964
02066
00832
03164
01782
00699
01518
02363
00479
02107
01914
02634
00934
02107
01238
01251
00964
02843
00685
02999
01319
00195
02509
03067
01206
01560
00944
02848
01378
00395
02342
00058
00485
00843
00160
02306
02203
01179
02459
00247
01017
00445
00166
01695
00430
00654
01170
01515
00340
00683
00566
02488
02131
02385
03164
01138
03155
01347
02636
02387
02651
02916
00882
01737
02315
00484
02734
02934
02930
02199
00696
00721
01933
01505
01326
01897
01373
02894
00444
03018
00804
01982
01639
01912
00187
00701
00630
02968
01043
01009
02941
00814
01990
01580
00647
00641
00345
00162
02271
02587
00657
00820
01403
03053
00878
02027
02694
01039
00712
00384
00265
00420
02053
00151
01845
02268
01781
01549
00207
00531
00074
02278
01080
02967
01719
01897
02456
02694
00419
02504
00551
00214
01546
02294
00408
00495
02929
00925
02338
00243
03076
01960
01579
00797
00717
00891
00660
00967
02579
01603
02843
01797
01613
00743
00625
01135
02753
01693
00729
01661
01854
00794
00889
00778
02290
00353
01601
01659
02153
00445
01781
01017
02083
02506
02904
01497
01360
02989
00503
00669
00938
02659
01167
02068
01391
00439
00412
00668
03194
02637
01791
01160
01021
00348
02250
03100
01373
00249
02987
01589
01834
02062
00628
01414
01466
02921
02883
02429
00225
00880
00083
00196
02766
01907
00221
01891
00517
02842
02476
01922
02548
02301
02236
00460
02229
01235
00014
00752
02655
03137
01675
01601
00649
00724
02706
01917
01116
02442
00160
00555
01364
00651
00027
02589
01299
02037
00955
02453
00354
00085
00022
00772
01093
00945
01862
02158
03001
00833
00184
00105
01164
02751
02708
02499
02393
00596
02500
01603
00799
01201
02467
01032
02813
01343
00196
00783
02701
02670
03164
01744
00474
01322
01229
03079
01151
02412
01232
00144
02141
01901
01213
01899
01656
02165
01786
00736
01519
00593
02814
01596
01430
01506
00001
01337
00434
00082
00194
02811
00848
01890
00884
02999
02370
01759
00454
01006
01335
02100
02446
02391
00118
01944
02449
00731
01335
01767
02673
00954
01566
01167
02355
02763
00340
02849
02796
02144
02500
01031
01545
00968
03183
02133
02487
00622
02285
00184
01141
01694
01281
02315
02612
02792
00471
01928
01063
02077
00988
02459
00301
02934
00314
02898
02521
02773
00495
02033
01050
00803
03081
00419
01036
02776
01152
01226
03034
01432
02608
02423
00845
01787
02545
01013
02934
02661
02644
00128
00500
00148
01533
02707
00611
00313
00024
02015
00737
02109
00377
00983
03134
01700
02132
00104
02623
02831
00149
02247
00015
02139
00990
00994
00835
00871
02971
02808
01800
00628
01986
02116
01900
01957
02732
01492
02629
02853
03083
01529
02498
01767
02568
02775
00012
02825
01402
01820
02840
03026
00068
03022
01420
01242
02379
02620
03147
02761
00786
02710
00543
01079
00629
02201
01794
02483
01663
00994
00393
03039
01768
02148
03182
02104
00814
02293
03000
02036
01102
00386
01673
01284
03103
02147
03076
00057
01356
02506
03032
00643
02540
02516
00494
00596
02880
03138
02731
03107
02312
02625
01762
02188
02050
00613
02394
01172
02688
01461
02166
00651
02724
00351
02055
01290
01979
00908
01323
02076
00308
01230
02143
02425
01468
01590
02601
02669
02551
01411
00475
02008
02524
02804
02308
02766
02605
01599
02041
02398
02706
03098
03195
00112
02641
01782
01157
00072
01580
01099
00565
02087
02008
02830
02516
03088
00533
00704
00516
00808
01006
02464
01669
00311
00271
01537
01827
02123
03134
02998
00192
01403
02424
00809
01018
02121
01833
02699
02808
00161
01670
02469
00342
03198
00907
02766
00043
02348
01420
00757
02227
01960
01018
01374
01694
01571
00821
01514
00500
02341
03080
00014
03107
02127
03142
02278
02726
02489
01662
03170
00212
00889
01117
02846
03139
00453
00545
02768
02647
00560
03126
00347
00106
01296
00367
02304
00921
01025
00098
02740
01321
00258
01760
00140
01813
02364
01295
02516
00053
02659
02982
00064
03084
02997
01733
00698
00558
02464
00495
02138
01484
00000
02725
02804
00606
00646
01696
02762
02923
02356
01322
00866
00760
01028
02585
00499
00651
01833
00745
00761
03162
01261
02165
02792
01557
02617
00082
02172
01741
02227
03144
02607
01152
01026
02030
01988
01090
02989
00609
02945
02184
01825
02336
01402
02068
01233
00647
00007
00249
02552
01255
00855
01482
00762
00446
02718
02275
01128
00280
00618
00595
01058
02817
00787
00741
01815
01061
01105
01737
02216
00519
02664
03044
02091
00090
01790
01457
02572
00511
00269
02386
03085
00028
00371
01335
03117
02261
03110
02025
00551
00810
01286
02164
01169
02797
00331
01263
02085
01630
02077
02089
00285
01381
01475
02418
01079
02283
02163
01539
02392
01749
01479
02187
00205
01821
03025
02263
01964
01167
01861
02972
02137
01566
02517
00612
01445
00736
02330
00403
02192
00813
02733
02326
00943
01103
01494
01191
01321
02022
01244
02494
01371
00987
01019
02327
02076
03071
02548
01756
01306
00703
03134
02544
02915
01670
00858
00856
02432
02351
01348
01477
02619
01061
02949
02626
00002
02970
02150
02422
02788
00608
01343
00535
01464
01511
00493
02412
01245
02644
03170
00764
01307
02874
01749
00600
00680
01527
01051
00898
00967
01966
01294
01017
01675
03036
01577
03170
00826
00537
00182
01109
00204
01005
00158
01856
02067
01357
03168
00124
01268
00305
02973
01514
00211
02387
01743
02889
01677
00133
00922
02712
02974
01455
02619
01826
00740
01125
01949
02603
02427
01569
01930
00821
01862
03106
02942
02927
00655
01888
02711
02619
01734
01962
02473
02523
01126
01502
00495
01591
00501
01733
00988
01485
02090
02952
00911
02485
02984
00595
01380
02768
00361
02565
00807
01677
00054
01681
02403
02263
03154
03188
01881
01695
00567
01363
00396
02305
02040
01200
02297
03093
01221
01992
00996
00853
01805
01037
01358
00806
01470
02235
01667
00133
02344
03097
00079
01871
03199
01871
02257
01068
01919
01886
01639
01433
01194
02239
00841
00273
00045
00540
00050
02520
01377
00293
00696
02660
02412
00273
00317
02024
02824
02610
02942
02686
02012
01842
02760
02544
01158
01263
01611
02723
02234
00625
02695
00544
00388
01540
01507
00448
02985
01655
02780
00372
00300
00367
02650
01838
03052
03176
01439
02928
02154
00714
00856
00239
01705
02596
01878
01123
02734
02567
02262
03054
02215
02689
02172
00550
01448
02357
00863
01089
01936
02580
02237
00476
00906
02490
01615
01768
02991
00743
00568
00945
00585
02456
00919
03084
02995
03009
02107
02973
02652
01450
01014
00963
00746
00227
00778
02464
00251
02661
01729
02504
02182
03015
02329
00261
00224
00410
02459
02372
02139
00993
02124
00417
00777
02864
02493
02570
02334
02911
00701
00402
02035
01003
00559
00468
01447
01387
01782
01026
02656
01962
01036
01929
02991
00229
00818
02019
01426
01954
00962
02936
01682
02091
02976
00049
02573
01190
02511
00668
02190
02770
01568
00949
03160
02656
02692
01367
01154
01899
01667
02879
00188
02326
02758
00312
00687
01089
02766
01513
00899
01511
01095
02743
02042
01560
01143
01240
01337
02829
02001
02422
01575
00621
01190
03195
01646
02459
01275
01407
02207
00826
01653
01740
00882
01086
02289
00906
00810
00688
02736
02060
00279
01278
00431
00053
00821
02044
00789
00264
00498
00635
02630
00332
00141
02180
00917
00600
02842
02738
02838
00128
01954
01193
02705
00924
00999
02998
02450
02481
02629
00645
02845
00063
02227
00249
02046
02855
00617
01708
00191
00182
02204
01155
00051
02770
02917
03052
03120
01855
01087
00439
00986
00911
00431
01550
01433
02724
01662
01682
01836
01763
01442
00148
02519
01015
01851
00621
01976
00831
00313
00123
03000
00469
00922
02616
00669
03132
02385
00504
00827
01829
00962
00319
00330
01502
00234
01468
02003
00856
02588
03174
02117
01747
01894
00178
01956
02856
02578
00622
02145
02483
02248
00061
03140
01499
00209
03120
02565
02623
01270
01917
02299
01918
03079
00222
01644
01699
00375
02696
00387
02092
00933
02758
00479
02613
00950
01330
02888
02502
02973
02832
02684
02741
00572
01607
00168
02617
01316
01533
00242
00269
03193
01742
02995
00573
01905
00936
00322
01297
01147
00325
00107
02067
03196
02502
01791
00445
00308
00745
01797
00324
00319
01255
02062
03195
02104
02285
03110
02662
00120
00564
03174
00732
00764
02111
01191
01623
01124
02097
03025
01244
01944
02248
00337
02433
01541
00634
00681
00288
03077
00810
01441
02455
01373
01543
00027
01464
02144
01154
02436
02772
01840
01513
00871
00479
02212
00293
01819
01344
02629
00780
00285
02744
01907
01636
00632
00620
01701
00117
02656
02448
02510
00458
02015
01842
02394
00772
00551
01825
01495
01370
01158
00888
01073
02352
00759
00714
00150
00083
02516
02667
01656
02383
00681
01625
01584
01005
01189
01990
03136
00461
02090
01603
02737
00539
02691
01418
00155
00113
01973
00744
00067
01225
02030
00709
00478
02205
00666
00081
00244
01565
01045
00461
00352
02828
01531
00116
01140
03000
01306
01028
01849
03092
02185
01900
01236
01396
00338
03091
02051
03172
03018
00962
00711
00420
01666
03120
00412
00580
02134
00041
02020
01496
00930
02138
01634
02137
02709
01211
01249
01816
02589
02457
01653
02399
02050
01343
00857
02342
02063
01728
02679
01647
01002
02020
01671
00703
00261
01837
01487
02873
02477
00005
02696
01368
02112
01029
02273
00456
02428
03172
00541
01250
00370
01274
02263
01347
02585
02288
00230
02823
00894
03079
00731
00679
00153
01409
00167
02669
00316
03119
02650
00655
03108
01432
00646
01776
01202
00195
02626
03055
00435
02466
02762
02025
03035
00539
03140
02258
00593
02483
01437
01259
00868
01625
00018
02464
01243
01101
01611
02434
02537
02859
01057
01500
02495
02968
02944
02036
01980
01544
03048
00736
00192
01449
01805
02689
01054
02415
00287
01569
01967
00701
03108
02725
01027
02477
03072
01647
00563
02044
01943
00722
01490
01173
01673
02482
01794
01720
02460
00952
00930
01991
01336
01200
02853
02093
01803
03071
01150
03179
02509
01604
01463
00961
00925
01417
00418
01013
02058
00038
00422
02114
02991
02610
01851
01376
01142
01063
01136
01964
02813
00913
00809
02037
01173
02291
02535
00738
03174
02871
02112
00515
01201
02511
01773
02418
01582
03052
02434
00678
01428
01370
02232
02004
01719
01014
02278
02817
00843
02765
01295
01577
01222
00723
01428
01413
03044
01981
01034
02557
02756
01019
00422
01834
01840
01877
03157
01926
01402
03105
01129
00307
01025
00798
02669
01124
01235
00753
02457
03180
02284
02361
01377
03169
01949
00337
02343
02413
00392
01953
02578
00689
01224
00545
02806
02389
03117
02668
02162
02608
00804
02429
02457
00145
00694
02824
00328
02216
02343
02423
00663
01812
00318
03071
01387
01290
00037
01631
01575
01182
02918
00053
00642
01074
01557
00381
00756
01144
01805
01318
00458
01573
02770
02515
00857
01204
00022
02091
02639
00595
02263
02653
02340
02414
02981
01715
01840
00215
00641
01746
00727
00015
00353
00652
02527
03124
00337
01634
01122
00006
03123
01561
00607
00279
02727
01527
00490
01295
00901
01306
00388
02713
01927
00502
02181
02798
03076
02665
00437
00124
01879
02045
01531
02226
00734
03129
01069
02539
00031
00164
02182
01908
00900
02263
00949
03132
00071
00190
02578
01559
00873
03051
00747
00175
00603
01942
01021
02311
01728
00821
01919
02861
00714
02100
01111
00892
01345
02898
03056
00907
00930
02200
00931
02102
00612
02293
01618
02502
01750
02043
01556
01984
01571
01840
00906
00839
02552
01810
02896
02990
02620
02731
02960
02974
01790
01612
00304
02144
00109
00489
01323
02249
01408
01681
02685
00447
01590
00648
02232
00363
02807
01794
00308
02045
01434
00894
02915
02198
02048
02109
01091
01367
00605
00222
01644
00644
02071
02968
02249
00340
02118
00787
02659
00343
00988
02531
02777
00516
03038
01698
01260
02398
02768
02600
01335
01603
02480
01898
02684
02385
00536
02284
01433
01909
01414
01892
01945
03089
02489
00621
00742
01609
02738
00484
02589
02411
02778
01763
03194
01401
02626
00472
01010
00084
00772
01089
00992
01926
00969
02566
00983
02347
02020
02930
02198
01405
00412
02895
02969
02171
00008
03102
01868
00182
00402
00112
02266
00568
00669
01252
00420
01425
00835
02878
03150
01535
02999
01055
01011
02745
00586
00871
02552
01624
01161
02340
00126
00355
01027
00309
02161
03061
00936
01023
01726
00269
01356
00715
02593
00882
03147
01851
00924
00961
00199
02279
02435
00532
01549
02969
00052
01361
00534
01953
03173
02316
01321
00981
02454
02330
01566
00936
00421
02355
01597
00357
02944
00451
03012
02953
01908
01613
00519
00827
02340
00252
00434
00617
01046
02120
00298
03072
02280
00577
00274
02631
00288
01020
00618
01753
01185
02455
01489
02621
02744
02921
02667
01572
02390
00203
02013
01854
02137
02302
00757
03129
02051
03000
01895
02007
02059
00462
01074
01066
00466
01663
00418
00751
02734
00602
02670
02181
00099
02509
02305
00776
02608
01228
03158
02958
00261
00282
02172
01150
00466
00183
00697
01288
00762
02534
02763
01860
02278
00090
00457
01643
01974
01277
01961
01324
02067
00988
00859
00556
00800
00177
02449
01821
01679
01806
00930
03065
02384
01956
02948
00604
02787
01710
00119
01788
02126
01021
01473
01478
00811
02848
00148
02069
02777
01199
02315
01169
03027
00949
01619
02722
01181
01207
01383
02704
01242
03045
00627
02873
00635
02780
02010
00622
01810
03094
02515
02026
01476
00495
02094
01647
02653
00084
02101
01151
01790
01930
02605
02484
03057
02328
00764
01340
02845
00339
02276
00117
00021
01924
01005
01569
03018
02231
00737
01350
02785
02211
01905
02341
02976
01969
02037
03028
01921
01195
02385
02042
00745
01794
03187
02215
02290
03004
00376
02510
00996
01144
01134
00736
01731
02079
00052
00261
00770
00681
02302
01273
02517
00521
00885
01537
02596
02742
01915
01801
02715
00343
01164
00220
01886
01803
01344
02431
02138
01362
00877
02218
01719
00795
02281
01892
01386
00746
02413
02874
00614
00933
00149
02587
01266
01404
02563
01363
00534
00756
00548
00930
02223
00014
01546
00121
02594
02200
00505
00208
01069
02703
01789
00551
02393
00047
01336
01175
01420
01050
01978
00531
03002
01441
00392
02625
00700
02865
01343
02543
00057
00220
00595
01203
02880
02563
00752
00036
03192
00798
01281
02350
00879
02088
02894
01558
02446
01833
02880
00779
02862
02657
00192
01253
01603
01294
00318
03197
01334
01883
00334
00423
03025
02789
02156
02640
01364
02666
00608
01713
00676
02576
01340
03117
01827
02640
00899
02765
02587
01789
00868
02261
02899
01141
00035
00899
02372
01635
00409
01251
00229
03117
00466
02258
01187
01281
00084
00909
01261
02167
00255
01781
03179
02659
03088
00353
00974
02747
02111
01568
00066
01183
02569
02954
01921
00905
00008
00193
02817
01042
01917
01801
01613
02781
02928
00705
02930
02725
01263
00894
00911
00863
00882
00963
02704
02187
00735
00478
01268
01821
00296
02017
00841
00770
02834
02492
00442
01105
02833
02676
03007
00655
00463
00642
00754
00415
02764
01482
00386
02500
01312
01334
00832
02644
00475
01775
00343
02812
00525
01848
01305
01450
01505
02407
01652
02075
03044
02432
01795
01793
02148
02415
02112
01999
00371
02914
00344
02853
03083
00065
02071
03027
02507
01483
02050
02828
02144
00974
01028
02345
00511
01410
02880
00022
01294
01539
00005
02269
02146
00106
01120
02509
01827
02311
01354
01350
00844
03004
02946
02724
01487
00248
01526
01734
02005
03151
00731
02490
01315
02099
01500
01927
01816
01618
02798
01174
00851
00395
01218
00189
02801
01037
03028
01897
03188
00399
00673
02024
02239
00678
03061
00849
00061
00966
00866
00144
01954
00983
01869
00530
02889
01907
03106
02697
01469
02874
02855
01116
00468
01235
02670
00559
02036
01279
00868
02058
00889
02395
00647
02088
00687
00306
02229
02015
00378
00892
03103
00166
02709
00504
02652
01608
02935
02145
00794
00292
00849
00463
01903
01054
01972
01197
02126
00038
00592
03027
00021
01379
02136
02112
01218
00891
01153
01525
01222
02562
02472
00880
02546
01788
00019
01988
01166
01808
00336
00082
02952
02636
01977
02342
02890
01551
02201
02288
00036
01431
01001
01180
02536
00168
00051
00529
00021
02773
01688
00899
00427
02030
02413
02422
01310
00774
01535
02384
00357
00799
00119
01816
00817
01908
01113
00465
00187
00611
02342
01261
00054
01526
00034
01776
02404
02189
00560
02467
03141
02601
00345
02800
02793
01879
00363
00737
02919
02231
01470
00176
00230
00296
02450
03082
00472
02065
01684
01637
02759
03151
01151
02938
02888
02486
01887
00097
02316
00966
00753
00201
01684
01132
00807
01488
01797
00369
01480
02053
01809
02307
00307
01655
02965
00222
01347
03065
00450
02327
00334
01142
02034
01925
01352
02923
00540
02124
02950
01285
00611
01543
01308
01879
02120
01937
02535
01591
02816
03057
01702
01846
03169
00224
02883
00315
03062
03063
01328
00188
00049
00378
01645
02840
01344
02619
02213
00659
02936
02732
02680
02158
00622
00645
03156
00034
01573
00910
00508
00441
01249
02953
02731
00074
01690
01984
02129
02063
01420
01958
03196
01700
01643
02221
00338
00094
01460
01571
02491
02374
01823
03145
02203
00689
01329
03059
02621
02941
00493
02005
03147
00234
00170
00751
01145
02578
00000
02967
01858
02054
01372
01056
00843
00775
02099
00804
00995
03038
02644
01523
03116
02264
02773
02200
02643
00738
00943
01668
00762
02237
01894
00986
01080
01757
00480
00470
01206
01636
00216
01243
03066
01590
01514
02455
02880
00568
01742
00853
00004
00938
00546
03038
00285
02335
00351
00141
00515
00789
02542
01902
01713
01461
02899
00658
02725
03112
00007
03058
02053
00659
00356
01790
01116
02353
01594
03137
02561
01548
00383
02866
01816
02264
00162
01817
00562
00108
02688
00667
01936
01758
01008
02021
01157
01977
00505
01777
01401
01373
01443
03064
01545
02804
01898
00756
02124
00780
01487
00208
01073
01622
02442
03119
02308
01914
02266
02774
02959
01301
01660
02615
02269
02384
00058
03099
01818
00158
02714
00619
00662
00786
01336
02074
03176
00730
00686
01202
02479
02396
00943
02426
01652
00875
01331
00194
00427
02726
01356
01995
01497
00365
00792
02901
00591
01409
01999
00581
00660
00055
02684
00243
03041
02905
00457
00014
03141
02073
02675
01964
00361
01075
02908
02034
00494
02078
01983
00093
01650
02158
02558
01578
02994
02249
01303
02536
02249
01283
00181
01816
03095
00729
01635
00766
01853
00071
00987
02311
02244
00262
01788
03158
00093
00806
03163
02925
01731
01347
00240
02804
00572
00103
02289
02345
00575
01916
00317
02405
02992
00492
01390
00839
02887
02007
01681
01663
00654
01520
00370
00185
01033
02037
00656
00163
02799
01609
02607
02973
01431
03119
00141
00636
00622
00677
00172
02939
01317
02395
00846
01471
00231
02254
00511
02182
01992
00518
00972
00747
01337
01640
02833
00984
02231
00440
00112
02824
01541
00175
02654
01591
01806
00181
01367
