01734
03332
02188
02221
02856
01464
00344
00917
00396
00175
03046
02072
01773
03336
00564
03219
03002
01236
01805
00552
00250
00772
01550
00016
02319
03525
03555
03341
01333
00404
02155
00609
03104
00801
00056
02830
02031
01353
02618
01649
01533
02867
01812
01977
02524
00768
00478
02413
02509
00045
02557
00583
01379
00698
02432
02816
02634
00242
01243
01729
02096
02602
03463
02103
03376
02076
00506
03299
01063
00904
01424
02282
01452
02362
01583
02293
01479
03027
02524
02497
02607
03031
02481
02748
03054
00864
00675
00572
00758
03004
00139
01457
03417
00369
02509
01551
00961
01209
02668
01466
01070
02870
03495
02314
00137
01652
01498
02347
00912
02958
00844
03081
01300
02400
03016
01365
02706
03114
02385
02004
00278
00903
00360
02950
00181
00301
01771
00219
02895
01928
01185
02490
00041
01254
00669
03499
02565
00257
00190
00227
00208
01325
01976
00871
03428
01534
01354
00898
01197
03058
01321
00267
02026
01399
03582
02763
02360
00903
00983
00508
01966
02485
01746
01708
03447
01693
03699
01990
00167
02574
02749
00305
03150
00107
01893
03152
02763
02335
00028
00921
00180
02353
01114
02646
00978
03201
00583
00892
02457
01938
00934
01086
02850
00613
01369
01867
03506
03490
00021
00174
00090
02957
02543
01298
03248
02725
00435
01544
02770
02713
01729
02676
02906
01705
03690
01758
02002
01511
01910
02821
03641
02967
01380
01321
02828
02742
00093
01427
03215
00842
01003
00809
00116
01375
03375
02749
01139
00138
03590
03602
00047
03091
02493
00938
00617
03114
02399
01556
00467
02974
02104
01611
02776
00082
02517
01460
02538
01897
03675
02392
01229
00853
01749
02301
03448
02988
02445
02942
00559
00667
00330
02244
03000
00484
02949
01440
02566
00127
00407
00023
00507
02998
02019
03033
01049
00802
00421
00645
01438
00238
01582
00099
02842
01486
01039
02811
01831
03273
02173
00698
02395
01287
01291
02592
02036
02918
03233
01721
00976
03045
00696
00698
02012
01908
01490
00835
03165
00639
00948
01818
00991
00329
03155
00298
03435
01681
00684
00971
01979
02200
01433
03188
00148
02699
00573
02075
00839
02012
01272
00553
01088
00687
02151
03040
02597
02234
02246
02817
03068
03618
01702
00243
02829
00619
00449
02984
01475
00383
01342
02188
01837
00315
00790
00584
02701
02818
02460
02200
02977
02546
00638
01020
00642
01358
01392
02830
01754
00386
03486
02764
02629
00451
03406
00498
01253
00082
00812
02874
02315
01936
00512
02864
02906
00884
01962
02590
02899
00845
01171
01985
00175
02848
02955
01470
01973
02974
00423
01563
01960
00310
03371
00059
02069
02393
00654
02265
03009
03223
00789
00422
03555
03407
01741
02701
01889
02232
02672
00795
00114
01851
03544
02108
01227
02661
02840
01544
02839
01633
01172
03533
00229
02620
01152
02002
01296
02740
02108
00433
00663
01459
03439
00659
00850
02561
00274
02280
03614
03028
00937
00046
00669
02397
00781
01666
03331
02799
00749
00605
00777
03306
02507
02882
02743
01274
01409
03354
02629
01094
00225
01210
00026
02540
00071
03437
01398
02869
01427
02149
02173
01398
01688
02431
02945
02359
01480
01119
00250
02101
03141
00150
02886
00267
02487
03423
00472
00074
00431
00482
01933
00492
00030
01520
00293
03115
01904
00117
01892
02172
01284
02963
01887
00072
03221
00042
00882
02003
03091
02314
03404
01343
00164
01538
00924
02192
03458
02320
01074
03254
00389
01238
03488
00097
01521
02710
02502
02189
03262
02657
00327
00213
00070
02771
02682
01281
01409
02576
01296
02560
02043
03349
03337
00753
00850
01029
02955
02198
03302
02469
03232
00304
02168
02734
01173
01282
03671
01874
00809
01648
02358
01200
01913
01445
03270
03058
03308
00184
02452
02896
00862
03288
01552
01654
03409
00775
01536
02239
01505
01753
00797
00417
01367
02218
03683
02107
01997
02870
02856
03146
01516
00010
00924
02251
03342
03355
00407
00881
01947
01775
02164
03335
02604
02148
03110
03074
01580
03633
00642
03388
01736
03628
02289
02566
03093
01678
02806
00924
00511
01170
02140
02970
02885
02829
03014
02348
00568
01640
01592
00203
00129
02741
03408
02831
03204
00267
02181
01908
03095
03343
02019
02125
00584
00563
01567
02262
03255
03579
02290
01569
03648
01889
03271
02640
02998
03663
03450
02610
00973
03619
00141
03046
00234
00353
03489
03122
01308
02761
01600
00506
00121
03049
02019
01145
00223
02376
01547
00082
00154
01477
00222
01595
02796
00205
02648
01730
01193
00871
01120
02077
03617
03153
00273
00516
02644
03577
01313
02343
02668
00739
03025
03522
01154
01475
01975
01893
02595
03692
01905
03089
01333
01927
01555
01937
02811
01686
03253
01094
01905
02844
02387
03017
02218
00542
00154
02903
00148
00900
00351
00127
01622
02081
00971
03317
00646
03262
00594
02391
00504
00869
02629
01304
01888
02295
00104
01791
02956
00597
00528
01234
01186
02844
00951
02155
00910
02269
03642
03307
01427
00790
02124
01109
00196
02130
00029
03439
02669
02532
01084
01605
01732
01127
03323
00488
03667
01864
00174
00161
01116
02734
03143
02474
01333
01458
03209
01166
00325
02882
01874
02654
00560
02298
02331
00381
00070
03527
00804
03176
03304
00874
01426
01259
02173
03529
03423
02323
03446
03314
01303
02672
01422
01904
01648
00928
00468
02161
00828
03563
00932
02738
01638
01050
00638
02070
00057
00759
02358
01799
01781
01851
01005
02616
03279
02355
02431
01836
01500
00633
03550
03049
00182
01699
01223
00883
01720
01106
03413
02963
03208
00880
01963
03609
02366
02756
02731
01641
02173
00740
02538
01335
03054
01449
02542
03607
00184
02963
03347
03236
03660
02492
02390
01229
00548
02102
03511
00868
01496
01873
03547
01379
02774
00547
03170
03154
00330
02504
00435
02731
03659
03223
00406
00971
00356
02562
01618
01897
03364
02162
00577
02711
00953
02562
00101
01070
02847
02506
01342
02207
00030
02741
00706
03517
03589
02771
02064
00973
01330
03458
02572
02932
00436
02480
01636
02973
03299
02678
01581
01775
01852
01244
02353
02580
00081
00732
02861
01948
01819
03001
02047
03175
02174
02266
01278
01937
01306
00661
01178
03211
01438
01777
02648
01952
03699
02679
01254
01964
02535
02748
02431
02598
01071
03678
02258
02617
01482
02478
01181
00011
01515
01753
01863
02425
02154
01779
02375
01499
00640
02740
00280
01688
01510
03343
02085
00335
01825
00061
02772
01346
02408
01142
02988
03532
03609
01379
00565
02314
00853
03680
02646
01043
00527
00202
00401
03332
00869
01169
02657
03250
02472
01776
01373
03643
01581
02966
02473
01493
01321
00421
00735
02587
02521
02858
00765
00190
01071
00447
03150
02652
00538
02257
01678
00344
02092
00034
01758
03621
02159
00256
01245
03524
03197
02589
03394
02605
02665
02954
03443
03034
00859
00039
03135
02836
00036
02057
02828
00925
01032
03351
02368
02175
00569
01658
03283
01022
02325
01775
00642
01583
01315
03056
00770
01780
03415
03468
01718
03517
03384
02137
03271
01618
03552
02228
01824
02957
00235
01790
01435
01711
02488
01441
01800
03474
03230
00675
03095
02377
02814
02645
03236
02531
01539
01896
01955
02394
03595
03420
03110
03688
00364
01465
00477
02378
02539
00659
01553
01285
00140
02879
01197
03106
02136
00891
01221
02461
00293
00804
02232
01057
01604
03070
02965
00572
00025
01266
03066
02631
01932
00241
01498
02150
01643
02799
02834
01424
01641
02116
00763
01764
01861
01170
03566
00329
01100
00645
02880
03629
00613
00088
00857
03318
01291
01632
02613
02099
01790
03168
01255
00145
00710
03059
02334
02305
00070
01863
00061
02053
02181
01539
01346
00456
03119
01368
02310
00619
01998
03321
00201
02726
02672
00809
01010
01541
02285
02358
02391
02087
03595
02767
02944
02305
00318
02291
00329
01616
03549
03565
02661
00389
01791
03477
03457
00962
02859
02609
02958
02882
02765
03517
02800
02767
00488
03289
02280
02600
02769
02896
00648
01641
01538
00466
02659
02307
02076
02432
02180
00677
03116
02460
00724
01493
00608
03489
03405
00988
02055
00760
00964
00640
02634
02956
03332
01685
00771
03073
03449
02412
01944
02595
01692
01433
02212
02599
00434
02183
02106
01058
02458
03192
01987
00486
03297
00687
01259
01003
02433
00362
01488
02494
02974
02835
01499
01895
02334
01587
03503
03508
00795
00713
02688
02558
02642
02462
01921
01496
02683
02189
01111
01166
00844
02146
00466
00205
01429
02700
00873
01828
00030
02543
02157
01416
02791
00282
00388
02993
01157
01378
00853
01580
03197
02868
02856
03201
02459
01316
03068
03006
01921
00345
02416
02811
02646
00903
01436
02494
00786
02949
02881
00210
02300
00392
02300
02335
00287
01877
02391
02486
01254
03069
02525
01391
03199
02815
00421
01288
00943
00204
01899
00665
03576
02860
02847
02189
00576
01902
01159
02200
00141
02516
02656
02564
02979
03677
00904
00518
01442
01507
00235
01330
00897
01609
01835
00014
02145
01252
02326
03384
01201
00490
02409
00596
01592
03328
01836
03577
03389
01567
00545
02416
02383
03362
00236
00927
02338
02480
01784
01620
01393
03454
01237
03645
01841
03461
01323
00989
02103
00937
02616
01056
02714
03393
01817
00313
01270
03354
03245
01605
01069
03623
02052
01451
00939
01164
01276
02845
02225
02264
01598
00140
00982
01165
01607
01624
02639
02334
01601
00759
00065
00236
01542
03405
00890
01853
02213
00262
01792
01323
02297
02195
02934
02038
01098
01487
02533
02156
01245
00245
01838
02223
00976
02687
02623
02952
02141
03446
01739
02628
01117
02293
01100
01355
01240
02521
03428
01552
00687
02368
00300
00389
02097
02671
01126
00823
03284
01564
03257
00456
02053
01663
03239
00641
02832
01625
02139
00327
03109
02948
01981
03366
00531
01952
00011
01344
01375
02426
01429
03283
02464
00306
00049
03646
00319
03235
03022
03619
03614
00888
00612
02310
00720
00135
02605
02795
00744
01661
01138
01446
02674
00425
02836
00508
02478
03017
00502
01537
01314
00215
01553
00473
01421
01694
03167
02032
02303
00145
01009
02977
02200
01357
03468
02804
03009
00526
02315
00661
02877
00417
00516
03649
01317
01409
01236
01391
01980
02999
03369
00544
02274
01189
01979
00107
01524
00894
03538
01429
03524
02164
02580
02174
00110
01980
00667
01989
01928
01127
01578
02858
01163
02703
02973
01560
01992
03680
02451
02047
01055
00245
01972
00887
00882
00366
03416
03416
02590
02239
01387
01951
02762
03284
02383
00085
02980
03141
00911
00096
03542
01394
00086
03358
02018
00872
00778
00779
01383
00082
02703
02707
03092
03406
02443
03564
01626
02152
00803
03346
00851
01945
03448
01212
03237
01086
03433
00827
00498
03632
01802
02059
02174
00800
02766
00430
02326
03259
02193
00690
02933
02200
00132
00727
02499
01383
03387
01458
01755
02739
02926
00101
01886
00899
00183
02206
03175
00285
01603
01624
01648
02956
01088
00849
03653
01724
00619
02082
01367
02278
01988
00997
02494
01773
03348
03456
01013
02768
03391
00953
02981
02893
03014
00234
00165
02619
02419
00195
00545
03449
02173
01582
01633
00566
03287
00402
01282
00022
00333
01121
01996
02639
02070
03692
03346
02270
02029
03618
01724
02156
01850
02276
02618
02196
02902
01220
00807
01583
00004
00421
02249
01235
02266
03240
01071
00370
01572
02145
03553
01471
00799
02432
03423
00015
02259
01647
03111
02009
01307
00540
03604
01525
01758
03613
00588
01563
03588
03472
00295
00880
01778
03518
02866
01850
01755
01972
00896
00864
00148
01460
00099
03633
03506
01782
01942
00654
03615
03182
03618
02992
03660
02191
03143
02665
01427
01831
00703
01758
00477
00122
02482
01366
01097
03405
00885
00786
02976
01578
01545
01844
00525
03658
01011
00218
02870
02360
01719
03468
00923
02454
03153
01867
02929
03330
00644
02781
00107
01398
01602
03210
01048
02473
00109
02152
01050
01234
03521
00515
01184
02779
00102
00337
01933
01223
00017
02606
03302
00717
00016
00356
02425
01241
00291
01860
03201
02942
01863
02156
03179
01726
01153
01190
02799
01693
03494
02419
01548
01396
02154
00782
00980
03135
02819
03064
03139
00431
00030
02307
01471
03250
01338
02007
01459
01728
03349
03465
01858
01950
02575
00028
00432
00363
01028
01474
00651
03695
01238
02571
02126
02261
02749
01286
01479
03021
02460
02165
03660
02246
03042
02295
02541
01402
02009
00793
01548
02844
02290
01649
01245
03423
02042
02319
03629
03589
02389
01143
03207
00359
01029
03692
03622
01908
01458
00863
00003
00882
00253
01119
02370
02164
02931
00881
01707
02734
03557
03022
00484
01203
02211
02052
02962
03329
02270
03094
01098
01683
02365
01428
00293
02116
03083
02750
03147
02189
03639
01969
01249
02249
00118
00028
02903
00457
02188
03090
03206
02421
00810
02349
02491
02494
00782
03271
01056
02955
03604
00021
01519
03192
03542
00553
02566
00103
01268
00276
02794
02096
03282
00509
00956
03030
03519
01014
01905
01765
02198
03497
01126
03532
01976
00140
03601
00726
01114
01773
02720
00885
00652
01844
02132
00349
01879
03146
02865
00927
02220
00564
00693
00397
01775
02854
00626
00899
02283
03474
02378
02420
01927
00418
01390
03167
01234
00805
01623
01369
02180
03342
02701
02420
00386
03526
01693
00855
02589
02868
01959
01533
02258
02187
03154
02536
02033
02517
00652
00381
01284
00376
02629
00626
00231
03141
01847
01525
02230
01616
01624
01009
02423
02383
00541
01515
00142
01296
00647
02586
03407
00266
00496
03640
00068
02988
00391
03293
01488
02876
02362
00927
02448
01091
02698
02291
02856
00882
02169
02998
01111
01951
01607
03536
03060
00062
01434
02108
01968
01314
01697
00726
02170
00572
03699
01581
00788
02830
00858
03412
00717
02533
02735
00974
00289
00977
01357
00887
03329
02070
01767
03243
01864
00437
03150
00356
02165
02093
03380
01064
02504
01900
01503
00583
00968
02638
03425
02415
00632
02368
02642
02249
00035
01075
02736
00269
01193
02032
03231
01270
02023
02052
01726
01160
02874
03093
02072
01675
03461
03500
02248
03381
00190
02269
01121
00705
01936
01529
02250
00891
03090
03247
01627
01668
00895
01291
03520
02754
02849
03133
01534
02988
02360
03049
01473
00968
00402
01240
01150
02727
01185
00861
01414
01771
00309
03435
03555
03152
02788
03620
00221
01276
01439
00915
03586
01017
02076
01624
02136
03169
00873
01008
00536
01338
01464
02656
00249
01880
00438
01565
01926
00658
01716
02802
01798
00841
00311
02676
01025
01625
02756
00688
01807
01747
03467
00600
02105
00016
01094
03574
01000
00391
03617
00600
02640
03666
01922
01813
00506
00067
03347
03086
00378
01698
02875
01250
00695
00876
02718
01909
00940
00758
00984
00383
03488
03032
00558
00109
01462
03149
01610
02253
01492
01403
00753
03606
01994
00317
03110
03004
00940
00998
00165
00677
02740
01706
02225
00506
00657
00879
00763
02381
00570
01968
00937
00951
01699
02486
00992
03503
01836
02576
03435
02830
01007
00630
02105
02386
01610
02624
02881
02385
02866
02640
01092
02203
00426
01450
00666
02757
00802
02231
02763
02322
00797
01860
01015
00391
00389
00597
00513
01278
03259
00122
02398
01679
03261
01336
01072
00304
00165
02445
00650
02057
02477
00394
01799
01552
02103
02097
01267
00123
02280
00811
03468
03114
01752
01788
01396
01404
01146
00790
02001
00026
01455
03353
02718
00463
02452
01440
01164
00132
02465
02353
00165
00371
00192
03695
00276
02684
02768
02497
03435
00588
03216
03288
01251
03158
00635
00182
00794
02836
00753
03001
02271
00159
02880
01746
01771
00383
02762
03267
03651
00797
03196
00509
02107
03476
03344
00348
03078
03234
02527
02937
00095
01520
01029
01701
03224
00778
00719
03416
02657
01557
01023
01445
01769
00856
01483
02094
02426
03109
01252
01728
03043
02740
01417
01935
00275
03586
01141
02776
01080
02660
03234
02461
02722
00468
01996
01395
01983
03261
00478
01311
03412
03187
00104
02683
00041
00918
00978
03659
01466
02716
01873
00763
02930
02853
03608
03041
01274
00019
00031
00888
01032
00368
02767
03497
00072
01539
01457
00521
03447
00341
01574
01624
01159
02604
03255
02642
03425
01617
02391
02250
01784
03312
03550
00714
02445
02092
01813
02433
02707
02479
01797
01496
00808
03071
00676
02017
03398
00638
01275
00536
00322
03004
00449
02998
01671
02502
00249
03166
02931
01129
00005
01056
00867
01266
02031
02586
03352
02412
03124
03429
02531
03052
00783
03323
01865
03676
01312
03665
02895
02348
01023
01308
03687
02503
02169
01428
00023
02284
03354
01961
01708
02117
01832
02503
02691
00980
01971
02174
02495
01995
01018
02364
00528
00244
02123
02705
02499
02908
02527
00088
00320
01237
00725
01420
02437
02093
03645
01736
00340
02499
00037
03348
01864
00162
03356
02717
02417
02521
01831
00543
01026
01263
01782
01689
01189
03334
03227
02311
02246
02260
00573
03604
00208
02521
03484
01640
02433
02064
02437
02984
00329
01766
02735
03054
03603
03684
03670
00660
02200
00374
01299
00992
02637
00521
00143
01526
00783
03310
00348
02141
02046
02721
02035
01885
03575
02928
03565
02642
01052
02306
01002
00426
02310
02045
02811
00729
00673
01203
01148
02062
02885
02373
02530
00534
03088
00568
02539
01249
02581
02297
02437
00686
00799
00854
01152
00577
01234
00239
03696
01871
01160
02212
03106
02041
00708
02440
03031
01353
02926
00847
02180
01545
01275
00449
00929
00328
01570
02438
03437
01736
00992
01582
00035
00622
02225
01578
00447
00853
02005
03309
00052
03437
00366
03678
01787
02192
03123
01603
02009
03631
03442
02707
01253
00139
00494
02506
03668
03644
03681
02917
01902
02894
01150
00457
00346
02983
03523
02452
00606
01677
02382
00887
02878
00984
01918
00123
01004
03181
01757
03371
01833
03574
02728
02536
00723
00523
03103
00860
03666
03486
01671
03318
00604
01539
00330
01550
02957
01482
01739
02289
00768
03549
01475
01107
03522
03387
00720
01765
01845
01467
01200
01399
01120
03063
02762
02186
01630
01068
03073
02264
03616
01799
01602
00221
00573
03527
00897
01174
00789
02694
00319
03037
00542
00437
02004
03519
02487
00299
01840
02866
00802
03394
03544
00124
03682
00450
02862
03445
01102
00868
01065
01585
03438
03515
02704
03689
01211
02617
00154
00964
02930
01972
03677
03007
02322
02369
01276
01659
02298
03083
03293
00095
00955
01626
01704
00336
01375
01354
02461
01008
01196
03606
03658
02376
00259
01493
00302
00099
02988
03091
00150
00629
01923
03575
01415
01981
03502
02178
01163
02889
02803
00844
00013
00284
01201
03335
00796
02377
02678
03219
02164
03561
02070
02610
01381
03451
03628
03005
00820
02576
00387
02268
02204
01407
02813
00332
02678
00781
00136
02034
00966
01095
01261
01957
00399
02164
02710
00652
02688
03439
01427
00998
00233
02138
03630
01799
01513
02292
00765
02868
01354
00753
00197
01356
02836
01064
00912
01166
01330
02252
03326
02794
01772
00092
02637
02055
01206
01068
00732
00483
00890
01436
03004
03023
02329
03288
01715
03379
01958
02182
03021
01402
02700
02477
00304
02155
00111
03655
02823
03615
02563
02954
03427
01803
00949
00888
01479
00825
00503
00020
00554
03407
00731
00550
01511
01509
00980
02322
00521
01097
01913
02142
02305
02754
02630
00359
01125
03061
01380
02433
03019
02535
02277
00538
02735
00979
01990
02716
03394
00608
02627
00068
00932
01920
02309
00924
03157
01765
01238
02918
01280
00125
01649
01959
01000
02189
00008
00774
03441
02450
01160
03372
00803
03483
01936
03413
03507
01479
03595
01211
03107
01748
01952
00864
01475
01402
01163
01238
01197
01446
01582
02810
03001
01807
01886
01581
03444
01994
01249
00027
02123
01674
00794
02922
01909
02014
02096
00380
01601
01084
03534
00209
02889
02096
03067
01799
02973
01066
03358
00449
03648
03397
02198
03119
02186
03095
03485
00080
00014
01970
00779
00490
02907
00949
01638
03143
01123
00609
02224
03112
01647
00512
00881
02555
01490
01088
01104
03122
02768
01850
03321
00780
02034
00685
02213
02997
00501
02593
02973
00285
01325
02748
00828
00174
01965
01371
03553
03317
01869
02768
01030
00312
01348
01369
01500
03059
01599
03441
02379
00105
01142
03327
01049
02847
00406
02103
01694
02583
00469
02217
03507
02299
01915
03077
01742
03416
03321
00709
02814
02694
01656
00642
02716
02990
00908
01757
03558
01123
02931
02351
01387
02676
02909
02069
01608
02087
03277
00626
00322
02386
01874
00611
02646
02274
01549
02536
01451
01605
02664
02409
02318
02001
03688
02064
02484
01736
03071
02130
00999
01331
02056
02441
01706
00263
00216
00912
01637
03110
01703
00995
00506
00287
00684
01251
03275
02218
00887
01138
02924
00607
01808
03480
02912
01499
01069
00037
03128
00420
02577
01511
00544
03325
00731
00224
00959
00201
02499
01548
02274
01910
02600
01041
00136
03151
03631
00321
01389
03220
02332
01282
01289
00054
00295
02934
03424
01298
02750
03357
03537
02322
02194
03691
01148
02175
01911
00711
00929
00359
03415
00354
02627
01051
01335
02485
00785
02725
00916
01261
00624
01995
00160
02845
00662
00620
03304
00463
00319
02180
02368
02350
00203
02348
03627
02756
01376
00580
00025
02431
00138
01869
01898
00688
00240
00003
01148
01795
01269
03075
02822
01011
03393
00607
02193
00675
03511
00199
02691
00932
03136
00653
02894
03389
00862
02112
03215
01245
02895
01293
02765
00251
00824
00370
01530
02999
01898
03516
01125
02802
00292
01735
00948
03188
03587
00961
03225
00703
00124
03340
00036
01179
01876
00035
03457
01933
03466
01731
02482
03113
01185
00697
03047
00852
01888
02824
00346
03636
01357
01737
02328
01930
02334
03431
00704
03318
03263
01260
01261
01829
01016
01027
03436
01557
01810
00936
01173
02495
01667
02757
01900
03062
02023
03508
01198
00765
02382
00425
00330
01061
03527
01567
00469
02788
02759
02207
00666
00282
01396
03400
02608
00174
02793
00603
03093
03583
02475
03219
02882
02414
00344
03238
01789
02303
02560
00906
02643
02651
02422
00598
03186
03691
01363
03501
00338
03112
02690
00097
02756
02584
03386
00026
03175
03190
00073
00466
01589
02459
00521
03152
00147
01031
02043
00173
01389
01676
02401
00115
03381
01801
03292
00187
00202
00423
02682
00571
02320
00493
02745
01839
02387
01317
02218
01752
02770
03500
02318
03430
01579
02771
02363
01684
02833
02009
03346
01868
01213
03484
01109
02408
02609
03324
01216
02715
00246
03183
02458
00581
03030
03084
00734
01078
01760
01063
02567
00280
03364
03301
03282
01080
03303
03041
02306
00186
01915
00254
03227
00669
00023
01157
00020
02436
03083
02103
02782
03164
03131
00325
01082
03164
01270
00196
01370
02118
03642
02644
02026
00910
03103
01876
03626
00180
00121
00075
03317
00446
02282
02830
02208
02924
02393
00242
01587
03680
01830
01099
00629
01544
00892
00643
01547
00546
03617
00934
00654
00323
02097
02838
00370
01888
00328
00842
01474
01929
02669
02655
03213
02813
03426
00826
03026
00879
02230
01171
01561
02227
01699
03316
00235
02908
01617
03143
00860
00106
01887
03017
00552
01101
01689
01918
02527
03088
00550
01742
01994
00668
01636
02127
01868
01498
01762
01878
01845
02356
03302
01896
01639
02301
01946
01409
03258
01703
03438
01408
01074
03301
01755
03634
01961
01335
00646
02001
02270
01433
00435
02873
03214
02389
00065
00538
02765
00077
00147
01721
02961
01760
00414
00177
03064
03510
02934
00162
01600
00195
02327
03089
03344
03269
01482
03124
02213
02366
02500
01897
03590
01167
00487
00130
00182
03340
02467
02647
02465
01898
01969
01911
02226
01515
01432
00110
02608
01238
