00727
02415
00448
00079
03793
02665
01295
03035
02698
00682
02245
03401
00402
00703
00506
02424
03342
02170
03342
00906
00395
02255
01151
03265
01431
01012
01094
02817
01307
01301
03186
01437
02564
01852
00173
01745
01065
02706
03107
00826
03311
03788
00248
03133
01472
03197
03201
03195
03307
01228
03122
03015
02437
00778
02143
02128
01068
01202
00623
01146
02627
02181
03610
00115
01946
02929
00211
03229
02693
03021
03592
03223
02165
01492
02390
03392
03236
02763
00370
01041
00266
02929
02074
00069
03644
02338
02274
01233
02620
02183
00715
02586
01211
02470
02629
00039
00451
02642
00517
01988
00890
03255
01914
00239
00240
01084
03218
03699
02161
01773
02553
03207
03358
01387
01641
01259
01774
02835
01989
02390
00258
00352
01135
02118
00583
00805
00354
01773
02796
03411
01617
00004
00314
02619
01262
01279
02980
03233
02087
02364
00692
02038
02139
01818
02301
01048
01411
02834
03111
02624
01707
03300
02348
01839
01583
00705
03225
00958
00010
01864
00553
00113
01698
00848
00115
02518
03160
02633
02556
00424
02811
01847
01647
02331
02900
03180
00161
01595
02284
01184
01193
00398
03009
00207
00676
02114
02792
02680
02215
01716
02908
02134
02925
03342
02756
02837
00577
02284
00635
03530
00293
02172
02753
01807
00808
01967
03615
01714
01039
03072
02672
01169
01346
02424
02746
01468
00911
01764
02012
01030
00492
00532
02394
03521
02349
02400
02403
00518
01158
03161
01364
01222
03275
01393
03277
03744
02915
03192
01896
00775
00938
00492
00115
00255
01053
00948
02419
00469
02969
00609
03272
02816
01620
00649
02176
01591
02741
00282
01539
02807
03616
00944
02758
00945
03193
02403
00203
03447
01650
02328
01893
02481
00504
00353
00209
01073
02511
03588
02224
01654
02373
01789
03417
02393
01060
00681
01147
02234
02225
00576
02272
01677
00618
02198
02925
00991
03157
02910
00991
01191
00467
01611
00391
02627
00243
00445
01470
02776
00154
00980
01195
03277
01281
00732
02609
01709
02655
00766
00206
00247
00509
03470
00998
02436
02856
02006
00135
02348
02625
00951
02276
03549
02377
01014
01181
00993
00712
00203
03758
02618
03508
02842
00891
02989
00663
00739
02677
01865
01433
00092
01406
02346
01884
00577
02393
00758
03039
01285
00893
01835
01346
00104
02128
00491
00224
02885
00464
03510
02483
01343
03117
02931
02777
01135
00882
03794
02283
03621
00178
03088
02103
02088
00919
01655
00027
02187
01965
00873
02882
01879
01990
03786
00340
01919
02270
00016
03013
02740
00015
02600
01639
01581
02711
00269
02251
01666
01588
02087
03107
02973
01890
00478
02419
00886
03548
00042
01926
02290
03798
01329
03189
00727
02899
00803
03666
00151
02306
00846
00475
03350
01075
02833
02090
00505
03488
02119
00000
02557
03511
02266
00281
00729
00179
02320
03211
00090
03417
03415
00457
02873
00833
02129
01373
00210
00931
02420
01649
03620
01080
01169
02742
02800
01499
00654
02310
03776
00460
00202
02747
00277
02268
03461
03755
01444
02496
03410
02011
02727
03628
01577
00632
02068
03176
03037
02508
00660
03768
01775
01534
03226
01829
03501
02010
03349
00233
02483
03360
03444
02215
03068
00657
01646
00873
00005
03779
03131
00700
01390
00893
02714
00254
01238
00654
03319
02480
03074
02849
01448
00638
02513
00546
03093
02715
01071
01052
01338
02289
02380
03779
01811
01534
03657
01812
00619
01170
01718
00685
02520
00813
02178
01335
01878
02173
00728
00048
00838
03093
00611
01805
03115
01722
02830
00236
02162
01511
03707
03031
03011
03024
03333
02653
01568
01339
01163
00530
00633
02810
01228
03703
03553
01229
00122
02924
03472
02517
01629
02034
00110
02244
00949
00541
02345
02247
00298
01479
03611
03613
03571
00552
01988
03425
02170
02656
00303
01059
01129
03527
03163
01182
03699
01499
01376
02938
02809
00881
00580
00105
03247
02224
00394
01095
01827
03486
00037
01066
02193
01710
02382
00697
01502
01617
02048
03145
01975
02665
02396
02419
02468
00141
00830
01129
01367
00302
02859
00039
00867
03681
00110
01862
01115
00133
01797
02315
01745
02260
02492
00527
02743
01654
03278
00671
01365
01888
00516
01868
02543
03060
01204
02237
00338
02866
01190
02240
00260
02564
00333
01608
02197
01664
02241
00255
02278
01206
00165
01037
00500
00521
00178
03169
01784
03403
00527
01404
02646
03016
02147
03317
00392
00588
03401
02566
02279
02969
01215
02806
01686
01441
00067
01368
00714
02914
00257
02481
03058
03391
00110
00199
02223
02627
00410
02820
00687
03184
00502
03298
01413
03750
01482
01921
02053
00511
01865
01675
03454
00486
02156
02608
03016
01120
02919
01117
02055
03484
01484
00208
01700
02796
00002
00414
02510
02453
03025
00166
03138
01426
00917
00766
03268
02524
03301
03691
02369
02319
03551
01582
00723
00150
01698
03273
02112
02519
01199
00298
03055
03400
02036
03510
03759
02240
00094
02031
02294
00235
03099
03408
03139
02662
03626
01669
00922
03352
03023
03687
02025
01425
00671
03781
02891
01884
03692
03006
03616
03160
00693
02115
03294
00261
02862
01090
01961
02985
03167
00324
01875
01234
02179
02568
01328
00885
02103
02065
03440
01358
02725
01626
01345
01641
02765
00410
01297
01788
03743
01603
02029
00295
01375
02836
02257
03052
03181
02366
03445
00009
00568
02059
03744
00349
00702
02122
00387
03238
02922
03744
02740
02008
03219
01720
01350
00514
01717
03675
00401
02499
03511
01667
00460
02050
01184
00641
01955
03515
02190
03494
00294
02269
00181
01111
00153
00712
00360
03553
01257
01012
01606
01340
03290
03356
01212
01132
01394
00001
02780
02707
01632
02324
02567
03474
01039
03539
01988
03782
00017
03637
02413
00279
01346
01992
02178
03235
01186
03687
00236
02882
01766
03218
01648
01098
03460
03453
00405
01451
03673
02315
00724
02565
01498
01355
01676
03637
00883
00240
03375
00895
00558
00686
01525
01397
00331
03024
00059
03613
02632
03495
00007
01784
02214
03069
01138
02279
03145
01832
02770
02225
02649
03585
01299
01959
00353
00116
02626
02224
02564
03018
03470
03344
03199
03218
00899
02819
00454
03183
02068
02528
00383
03299
00580
03288
03293
01257
03562
03782
00098
00479
02887
00216
02037
01666
02492
01075
01979
02084
02580
01358
02213
01312
00028
03205
01606
03182
02619
01597
00592
01738
02162
02127
01770
01455
00401
00622
03487
01057
02362
03034
01285
00448
01254
01783
02569
00696
01571
01991
00228
02190
01231
03236
01052
02525
01700
03410
00810
00749
03296
02689
02939
02301
02927
02928
01005
01976
03079
00428
01520
00747
01464
03457
02766
01238
02838
03360
01336
01505
01637
00798
01815
03046
03783
01589
01884
03060
01844
02971
01972
01228
03487
02112
03772
00212
01425
01182
03053
01576
03005
01137
03787
01345
01311
02917
01752
00790
01433
03679
01080
03319
01756
03100
01592
00248
01223
01781
01896
03346
01543
00644
02530
01677
03684
03376
00415
01514
00379
03549
00077
01854
01013
00847
00934
00928
02779
00332
00663
01659
01420
02833
00923
02974
00766
00045
01956
02873
03428
02122
01350
01267
01858
01105
02712
01230
02674
03293
02807
01916
03777
00176
00905
00275
00004
00730
00251
01251
01897
01993
02728
01817
02147
01226
02558
00324
01293
02836
01638
02084
02514
01317
00312
01810
01919
02351
01601
02427
00822
01626
01138
00094
01792
03701
00622
02237
01661
01127
00887
01600
01123
02144
01550
01460
02401
01229
03509
02843
00847
02279
01643
01269
02908
01477
03427
00405
02676
00944
01289
01662
03356
03452
02939
01772
02738
03279
01079
02631
03166
02330
02079
01801
00959
03252
00221
02961
00139
02566
01917
02896
00687
01473
00350
00321
01327
01611
00540
00686
01939
03121
02277
02229
03287
00671
03309
01801
01813
02362
01281
01189
02608
00942
03325
02163
00512
01747
03698
03107
03133
01450
00584
01239
00057
02894
00131
03179
00583
02934
00557
02546
01242
00279
02504
01795
02732
02837
02598
00522
01324
01642
02391
01227
00210
01936
01558
01178
03418
02576
03768
00110
01850
03101
01450
03180
01650
00098
00119
02055
01071
01512
03435
03253
01636
00636
00342
02212
01678
01021
02280
00220
01242
00091
00173
00630
01686
00995
01086
02594
01801
02375
00836
01943
01215
01722
02737
00442
01772
00065
01141
00649
02244
02413
00242
00826
00557
03533
00300
03461
03139
00897
02304
02048
01158
02625
01880
00561
00249
01683
02841
02958
01225
00148
03097
01872
00712
00854
00400
02470
03413
01167
02314
02118
00898
01946
00053
00918
01874
00943
02246
01577
01340
03021
03234
03373
02289
00656
01748
03145
03742
02510
03258
03075
03374
02763
03436
01063
02440
00132
01563
00892
01296
01248
00497
03145
01404
00171
01850
03541
03413
02068
01862
01116
00328
02678
01867
02517
02560
02380
03475
02104
01226
03221
01287
02293
01949
02272
03552
02040
00932
00673
00069
00984
00841
00376
01062
03087
03759
03123
02420
01819
01212
01562
03186
00155
03545
00720
01076
02878
01432
03585
01971
00764
01169
01047
03107
01240
00361
00327
01921
02437
03279
02024
03451
00966
02564
01867
00206
03226
00567
01718
02726
01732
00594
00835
01102
01616
02508
01614
03708
02306
01588
01907
00024
01784
01878
01053
02609
00760
00061
03372
02780
03516
01406
02278
03018
01481
00725
01430
02948
01584
02543
01041
03238
00419
03483
01813
02517
03297
03029
02700
00382
02685
02039
00614
01797
02241
00390
01910
00998
03528
00583
01907
01388
02448
01253
01806
01516
02742
03369
00131
01669
02732
02068
01936
02310
01598
00579
00058
03083
02162
03487
01447
02798
02293
02631
02767
02990
01586
00557
03628
00447
02173
00083
02288
00934
01726
00568
00069
00558
01457
01618
03783
03172
03506
01033
00486
01219
03423
03582
02232
01813
01181
01871
03219
00463
01012
03760
00016
03032
03159
01670
00139
03062
00347
01963
01983
00341
02345
03298
01022
01068
03070
02166
01598
00037
01983
02155
01912
02289
02370
00120
00465
00326
02800
00992
03539
01047
01303
02292
02494
01750
00540
02014
02112
01736
02213
01301
02292
02189
03757
01592
03214
03458
02992
02200
01756
01117
00694
02998
00201
01484
03109
01926
01075
02651
00750
00279
01268
03592
00802
01312
01621
02085
01086
03521
00046
03033
02265
00147
02787
00579
00046
01605
00185
03660
00053
03284
03270
00551
02707
01158
03341
01480
01146
02875
00889
02407
02388
01200
03177
02416
02817
01257
03354
02920
00760
01091
01114
02909
03305
00539
00064
03258
01481
02110
00538
03430
03567
02142
02086
01736
00899
02814
01754
00465
00166
01315
03367
03694
00109
00710
00735
00393
01943
01466
00119
02147
01654
00134
00384
03384
01346
02272
01496
01854
01576
02367
03677
01835
01738
00867
03329
02611
03201
01691
03681
00107
03581
01706
00024
00797
01725
02263
02497
00776
00945
00295
03626
03083
02556
02537
02723
00390
03128
02102
01629
02444
00594
02891
02815
02849
02436
03597
02660
03796
02817
01872
02905
02618
02643
02060
02266
02207
02840
01732
01492
02241
02491
01188
02861
03075
00495
01318
03200
03658
02558
00985
02412
02000
02848
01288
02348
00058
00439
01834
00105
01504
00927
01594
02932
01561
02451
00133
00256
02329
02595
02572
01227
00112
03065
01453
02621
00927
02938
01626
02306
00010
01570
02918
00914
01325
03104
01679
02095
00812
00817
02693
01358
03691
02928
03333
02470
01070
01675
01274
00502
01166
01112
02209
03683
02481
00519
00103
03479
00796
02881
00905
03133
02664
02342
02815
02785
00951
03517
01255
00101
02977
03628
00066
03189
01895
02423
00725
02260
00107
01125
02565
01488
03010
00614
00207
00632
02448
03016
02940
02917
01358
01017
02990
00918
02545
03455
01762
00206
02730
01187
01154
01873
02350
01644
00781
01452
02354
01520
00165
02537
01341
00245
00380
02810
01530
01334
03092
03333
00896
01561
02426
00021
02808
02453
00814
03545
00634
03441
02130
02174
01595
03639
01676
01664
03527
01903
03490
01933
01272
01848
02209
00762
00657
03193
02530
02151
03473
01502
03234
00870
01511
00262
01436
02330
02014
03121
02213
01697
02845
02631
03467
01883
00310
02460
03491
02685
01144
00783
01374
02430
00100
03041
00359
03043
01273
02739
02371
01789
03396
03129
02630
01808
02207
00091
02886
03487
02620
03673
01278
02995
02399
02446
01185
01435
00630
00294
00233
00589
00485
01001
01779
02970
02322
03273
00569
02407
00514
02072
02716
00311
01854
02859
02219
01079
02310
01067
01452
02370
03343
00226
01198
01626
03340
03370
03577
01152
02519
02409
02795
01555
01514
03097
02063
00612
02815
01748
00756
02610
03280
01444
03791
01073
01347
01472
02942
01758
01558
00395
01435
03093
00171
00231
03480
02787
00224
03647
03541
02064
02574
02786
00228
00764
02227
00179
02021
01658
02998
01924
02691
01722
03319
00707
02746
03384
01968
00805
02347
02953
01100
03127
00677
01862
02003
00652
02930
02802
01711
03081
00483
03397
03382
00036
03441
03467
00020
01802
00825
00351
02316
02039
03283
01320
01290
00760
01624
01902
01264
03733
02541
02749
01948
01915
02600
00688
02147
02278
03518
01378
03644
00611
03254
02101
00211
02731
02318
00285
00320
02667
00544
00670
00963
02073
00032
02074
00855
01497
01333
03232
02720
03141
01377
00150
01098
02315
01495
03759
00208
00616
02664
03743
01709
00274
02946
01003
00386
02715
00126
03581
00965
02202
01372
00429
03578
03124
01293
02396
02633
03376
01853
01722
00411
00687
01139
01727
01098
00402
03270
02678
03021
02446
01653
02638
02188
02154
02859
01962
00726
01377
00398
01632
00605
02115
00699
00503
03643
01750
01711
02865
02787
01826
01676
00760
01758
02897
02822
00541
03128
01749
00065
03187
01950
02444
00969
03514
02855
01719
03117
02816
00428
00760
03089
01786
01077
03465
01175
02576
00306
02386
01898
01022
00098
01522
01518
02582
00772
00791
00095
03131
03440
01232
01412
03281
00904
00271
03552
00896
02096
00884
01581
00408
02015
03477
02093
01374
01305
02674
02574
02404
00891
01540
03241
01494
01891
02662
00056
01121
03289
01787
02881
00350
00693
03015
03020
03244
00534
00266
02189
03716
02284
02823
02077
02654
01084
00258
00540
02144
03245
01592
01603
00551
01443
01473
03065
00246
02808
00560
03500
00363
03354
02963
02442
01073
03117
02941
02795
03376
02101
01425
00116
00929
02991
01466
03555
01749
01853
01821
01778
01718
03341
03016
00402
01701
00662
00100
02654
02633
02150
02317
03088
03649
03330
02426
02900
02281
00306
01144
00359
02057
01064
02089
02915
03236
02070
03106
00090
01883
01073
02810
03596
01305
02309
03357
00856
00778
00518
01081
00035
01564
02441
00600
03359
01096
02461
02884
02915
02234
01153
02610
01075
02075
02043
01324
01548
02016
03746
02330
01910
01403
01529
01451
02446
02639
01217
00893
01031
02850
02658
01572
01789
03355
02925
00263
01054
01986
00336
01446
03180
03215
00247
03416
01083
03666
02803
00617
02964
03713
01042
02768
02156
01057
02564
00694
02492
00988
01877
00258
03381
00097
00779
03178
00743
02417
03382
03388
03791
00956
00766
02403
02195
03516
03326
00821
02795
01754
00916
01329
03094
00309
03329
00158
00158
02857
02235
00062
02289
01315
02700
03033
01877
01299
03271
00302
00607
00634
01823
00524
01727
03035
00828
03407
00700
02182
02699
03575
01304
03055
02336
00114
01383
01213
01787
01585
00994
01727
03748
00831
03194
03273
01492
00734
00299
02140
03210
01660
02951
02035
02118
02635
02187
03177
01549
01615
00674
00465
01754
01480
03740
00341
03261
03423
01747
02568
00179
03628
02498
00407
00378
00878
01955
01609
01039
00412
02515
01352
00358
02201
02603
00264
03437
01013
01678
00420
03358
01133
03562
00576
02143
01741
03301
00504
02855
02484
03301
01711
02791
02749
00484
02333
00690
02062
02279
01792
00283
01689
00369
01699
02642
02200
03704
03460
00026
03677
01620
02558
02610
01391
03063
00495
02454
03337
00374
00084
00393
02501
02419
01601
02689
03766
01995
01957
03695
03347
00499
03745
03618
03247
01698
02161
00863
03501
00538
02667
03151
00000
01425
01109
02885
01745
03487
03243
00570
01754
03227
00054
02447
01311
02502
02352
03670
00036
00155
03363
00014
00697
02130
00409
03193
01779
00656
02870
00603
02876
03397
00322
02881
02082
02529
02443
03380
02077
02531
00192
01097
02234
02160
00560
01118
01165
01549
02776
02307
01515
02001
01467
00290
03237
02313
02068
01748
03225
00233
03471
02858
00002
01836
03493
00789
03079
02617
00902
03642
02865
01730
03041
01837
03374
02361
02823
03057
01419
01314
02806
01578
02679
00607
00161
02471
03378
01732
03037
03207
00516
03672
03358
00447
01642
03628
03431
00821
00491
01323
03625
01652
01104
00054
02403
01588
03658
02971
02655
00717
02990
02521
03589
02688
03571
01907
02081
01674
03445
03710
03080
01750
00569
02521
02024
01790
01528
03632
03605
00606
03753
02157
03127
01429
03391
00508
02433
03624
01130
00257
03709
02901
00137
02944
03498
00817
03205
03136
00600
01022
01632
00797
00930
03109
03628
00552
00890
00475
00345
02814
00234
00283
02094
03754
01334
03113
01713
01063
03168
02110
02905
02646
03219
02957
00392
01041
02945
02824
03767
01994
02008
03224
00529
00570
02439
02015
03161
00106
00390
01156
03768
02647
02795
01810
00030
01110
00353
03093
02562
03036
02827
03250
00956
02520
03375
02738
02728
00248
01701
00275
02637
03165
01182
01419
03667
00188
03586
00786
02444
00193
02745
02242
00857
01714
01779
02990
00941
01437
01468
01764
00934
00271
03247
02368
00063
01266
03563
03287
00067
02971
00051
02021
01637
00253
01462
01603
02795
02901
02663
03320
03216
02891
01992
03219
00304
01617
00407
00978
03382
00203
03763
02211
01362
01484
02655
02412
01422
01577
00820
02680
00183
03251
00174
02449
02249
01599
03733
00301
00611
02314
02515
03063
00018
02139
02493
03610
02874
03561
03291
00868
00510
03245
00217
03277
00736
00398
03760
01754
00157
01383
01031
01874
03192
00735
02322
02349
02086
00973
01981
02588
03393
03110
00810
01153
02286
01269
02310
03108
02218
00885
01825
01902
01417
01854
00036
02038
01263
03673
03677
01270
02175
02074
02950
03289
02280
02425
02933
01075
02752
01989
00212
03621
02169
03230
02863
03467
03296
01149
01901
01220
01420
03274
03416
01350
01723
02458
00751
02067
01840
01123
02843
02332
01593
00133
03727
03640
00133
00790
02464
02552
00211
00226
02684
03571
00437
01246
02447
00809
00059
01855
00488
02662
01308
00708
02914
00774
02416
02853
00054
01871
00449
03678
02838
01415
03711
02627
00172
01787
03642
01386
01681
03713
03322
03608
03098
00610
02139
02009
03101
02551
01869
01560
02545
00127
02271
01150
03131
02971
02451
02587
03789
03151
03789
00190
01969
03661
03581
00179
01315
02398
01820
03496
02684
00568
01603
01723
02667
02759
01222
01636
01662
02449
00688
03442
01606
01451
02864
00773
00632
01473
03569
03008
03704
02766
03240
00593
02696
02384
01342
00854
00535
02398
03629
01861
03093
02146
02952
02480
02625
00221
03003
02867
02077
00531
02001
03571
01842
01396
01836
03413
00549
03700
02102
02544
02595
02032
00926
00377
00177
01261
01719
03201
02875
00879
02283
00909
02454
01514
01997
00145
00738
00745
00868
03209
02311
01057
00211
01614
00312
02297
00349
01130
03357
00160
03350
01960
02658
01170
01836
00642
00205
00496
01932
01777
01197
03588
01818
00547
00758
02110
00064
01292
01681
00574
03255
03107
02887
01687
00476
02999
02934
02107
02905
01375
02205
02808
01852
02091
00481
02431
00357
00570
02162
01422
02425
01776
02264
01745
02756
01532
03007
02985
00699
02564
02329
02696
02071
00653
03594
00128
02910
00274
01375
01968
02867
02032
01072
01546
01526
02253
00804
02180
02318
02347
00220
00241
01946
01044
03504
00467
03671
02707
01357
00311
03236
00797
00624
02924
00177
00818
03348
02609
00734
00820
03455
01227
02856
01011
01947
00225
01958
00434
02328
00956
01345
01625
00390
02429
03650
03720
02408
01733
03630
01181
01709
02707
03356
01483
01872
03742
00360
03367
02240
01607
02112
00735
01937
00177
01267
01402
03401
00408
02945
00710
01103
01443
00164
01442
02901
03744
00710
02312
03518
02107
02590
00358
03226
03466
00738
02450
00807
01488
00296
00704
01634
02044
01199
02201
01675
03749
00424
03497
01591
00829
02706
03445
03454
00702
01939
02360
02900
02501
02690
01761
01437
00298
03329
00466
01345
01065
02561
02359
01568
00528
02077
01048
02647
00637
00800
03613
02440
00556
03267
00630
01088
02642
00583
00748
01185
01233
00032
00223
02744
00736
03034
00133
02577
00077
01109
01132
00710
00810
00284
01580
01775
02978
01516
02844
00187
00862
01000
00431
00404
01729
02841
01307
03633
01684
02714
02542
00733
02542
00713
01933
01204
02044
01865
01354
01446
01681
03701
00873
02460
01882
00344
02207
01296
00393
03416
02752
03153
02691
03368
03355
00211
01768
01204
00924
02653
00943
00752
00671
00588
00931
03393
00739
03565
03023
01349
03563
00904
01281
03630
03252
00792
00757
03481
03459
01702
01553
03517
00207
02373
03712
01855
00518
01409
01550
03323
01527
00129
03607
00596
00571
00259
01756
00052
01016
01958
01563
01064
00771
02163
02129
02667
00826
02613
02823
03259
03036
01463
00751
02568
00974
01389
01089
03792
00554
01106
01958
00279
01845
00392
03136
02676
02246
01135
03084
03743
03718
03052
00453
03551
00377
02723
03766
02824
01007
01176
02684
00177
01598
00822
01438
02659
00232
00866
02682
03382
02789
02434
00445
02030
01581
00591
00166
03290
01372
03506
00351
01277
02802
03443
00841
03749
02998
02180
03428
03473
02846
02156
03448
02744
02446
03727
00426
02540
00426
02627
00742
00902
03746
01765
02902
01171
02561
01858
02284
00963
02346
01786
00802
01562
02480
00870
01355
01320
00399
02866
01589
00211
03556
03053
03262
03124
02534
02190
01240
03103
00264
01889
02075
01900
00221
01255
00325
03146
03310
00492
00584
00795
02186
01825
02712
03403
03755
02009
03727
03018
01649
00545
03463
00073
03381
03553
00132
00937
00180
03031
02172
01230
01838
02275
01115
01043
03002
00796
03119
03720
00320
03785
01941
02070
01586
00396
03534
03650
02632
00441
01273
01432
01750
00205
03798
01279
03781
03794
02372
01898
00259
00630
03792
01687
00423
00554
03188
00216
02069
02064
00879
01047
02386
00966
01118
02079
00181
02760
00991
02133
00578
02170
00085
02086
00532
02122
00517
00465
00295
02940
02708
00013
01895
00447
00475
02557
01968
01229
03128
03272
02459
00752
01306
03758
02121
02807
01392
02595
01143
01344
00559
01464
03470
02183
01983
03055
03446
00573
00968
02580
01215
00340
02558
02348
02380
01390
01454
00429
02948
00198
03468
01916
00862
01510
00627
02214
03504
03463
01472
01894
02356
00375
02139
00349
03048
02541
01962
03032
00553
02608
00404
02835
02419
00517
01407
00412
02846
02879
03407
02674
03025
01145
02404
02731
02228
00375
01566
01965
02421
01939
03416
01356
01369
02411
02678
00914
02540
01551
03356
00037
01063
03136
00372
01987
02021
00836
02163
01672
02522
00894
00825
00376
00504
02587
01668
01552
00160
00647
00696
02422
01481
02518
03757
00497
03176
01110
00524
02578
02261
02850
01759
00098
02037
01161
00653
00222
00417
03181
03614
02566
01027
01248
02153
00115
02656
01383
00696
01078
00198
02411
00924
02341
00635
03277
02867
02776
03127
03134
02626
01298
00816
03305
03048
00331
02680
02336
00834
02362
00837
03586
03764
00160
01308
00879
02218
00280
00091
03474
01524
01666
00874
01005
02407
00726
02669
03267
02638
00798
03057
00070
02276
03013
00040
00297
00076
02955
01667
03703
02951
00490
01171
01042
00353
03747
03323
01704
03273
03042
03038
02336
03651
00488
00481
01330
02876
01470
00396
02365
00001
03079
00450
01322
01893
02359
00386
01933
01141
03448
02858
00531
00313
00131
02439
00751
01081
01491
02548
00479
02945
03621
01980
03444
03083
02267
02757
00615
03512
02144
00219
01710
03354
00111
00478
02749
00193
02188
00050
00690
01160
02684
01289
02065
03419
03416
02111
00790
02055
02219
01641
02441
00526
03157
02898
03354
02822
02745
03220
03262
03133
01865
01048
01003
01188
