02453
01834
00629
00444
03644
00915
03729
00454
00955
02195
01406
01627
03772
03386
01823
00779
02138
01915
01647
02166
02289
03447
01000
02283
03076
03108
01116
02226
01761
01179
02050
03799
01577
01296
00797
02331
02851
03280
02979
02258
00603
03446
01321
02142
02941
02541
02390
01643
03559
00002
00496
00531
00976
02073
01350
01969
03374
01775
03196
00630
01342
02839
00437
00736
00869
01297
02083
00775
00558
02285
02770
01470
00908
01168
03894
02136
03210
00483
00187
03317
03054
02329
03815
00787
02300
01298
02931
03317
01454
03053
02232
00043
02354
03630
01389
03608
00111
00651
03793
00369
03477
01106
02682
01311
01437
02465
00657
01321
02417
02109
02214
01588
02386
00779
01429
03336
00614
02496
02135
03848
01029
02141
01403
01673
02120
03561
01020
03755
00457
00527
02883
00650
01156
01503
02515
00276
02254
00540
03301
01593
03264
01540
00035
00648
00927
00113
02985
01913
03646
00289
01370
03105
01694
03377
00773
00524
02721
02190
02879
01326
00358
01061
01374
03032
03574
00541
02117
02558
00992
02378
00263
00748
02560
02253
03210
00462
03577
03135
00980
02417
02868
00928
01800
02424
03305
02378
00663
00123
03069
03775
02907
02184
02871
03084
02742
02612
03848
00850
00428
02664
02358
03103
02754
01025
02784
02771
00863
01953
01845
01097
03489
00782
01068
03737
03261
02426
00831
02100
01681
01984
02439
03087
00178
00909
00819
00289
00154
00925
01534
00360
00580
01103
00036
00275
01803
00334
00210
00225
00558
02382
03145
01510
03677
01434
02577
03749
00637
03802
00547
00090
00454
00625
01521
03558
02554
01634
00594
03791
01750
00965
01112
01434
03153
02030
00919
00337
01761
01573
01860
01081
03751
00752
01424
02719
00815
03254
02844
02886
01069
00637
03285
03829
03454
03380
02565
01792
02229
03539
03700
03171
01003
01699
01522
03364
03543
03637
03545
00669
02529
01403
02771
00971
00026
02488
02511
03283
02924
02086
03049
02042
01215
01062
01237
02296
00770
01183
03784
03785
03401
01410
00926
00229
01013
00855
00519
03226
00235
03649
03264
01477
02971
00977
01835
01601
01939
00997
03788
01000
00327
03630
01992
00396
02908
00805
01616
03349
00242
01167
03270
00329
01601
00926
00302
00021
02707
01748
01784
00892
01979
02097
03604
01091
00509
03285
01996
01329
03078
00111
02574
03343
03381
02190
02604
01647
02516
00303
01457
01953
01369
03756
01058
01437
02176
02844
03351
01126
03462
03683
01749
01359
02340
03617
00415
02263
00882
01284
00937
00681
01435
03659
02397
02219
00406
02306
00927
00822
02420
00723
02936
01231
00992
00618
01614
03312
00828
03218
00150
03049
01861
02905
01950
01066
02543
00774
01475
03167
03240
00050
00560
01071
02551
00404
02474
02994
00605
02994
00139
00742
00122
01958
03894
02085
00514
03561
02744
01966
00692
01528
03061
03709
02469
02452
03006
02744
01670
01748
00659
03281
02583
02434
01767
02194
02156
03887
01316
00321
03034
00818
01176
03876
00127
01611
00241
01400
00660
01325
01853
03099
03180
02720
02411
03671
00757
03325
03358
03863
00734
00702
01232
03093
00036
02106
03070
03026
02551
02471
01119
01735
00498
01065
00860
01361
03428
03754
03244
01099
03653
02593
01628
03871
03515
01173
01136
03083
01830
00664
01086
01887
02048
00328
03441
00493
02499
02477
02715
03451
00669
00032
02203
00625
02465
02913
02369
01083
00931
03348
03696
00416
02930
01687
01191
02790
03579
02780
01937
01440
01119
00865
03698
02386
02298
00446
00946
03055
02843
02722
03324
02338
03396
00675
02145
02207
01882
03740
00065
02900
02338
03164
02295
01628
02347
03813
01008
03589
01495
00331
01241
03707
00809
00836
02038
03025
01746
01749
01347
00643
02141
03183
03818
00797
01549
01523
01864
02092
00038
03431
02021
02515
02655
00519
00584
01610
02802
00977
02352
03010
02439
00690
02624
00668
01248
03125
02849
00525
01906
01609
00293
01347
00736
01906
00989
01882
00385
01697
00804
02289
00012
02482
02196
00328
01068
00676
00231
02672
02098
01577
00371
03799
00963
01359
02590
00491
00787
02279
02700
00181
00520
02396
03086
00424
02733
00188
01105
03788
02902
03112
03610
03170
00965
03342
02657
03872
00995
01352
03828
00803
01193
02866
00316
03787
00815
00641
00372
00703
02438
03204
02391
00236
02294
02149
03777
03489
01051
00537
00229
03779
01573
00164
01597
01031
00028
02309
01055
02045
00758
01282
00620
02926
02919
03452
03325
01090
01723
00729
00217
02952
02334
00978
00382
00269
03546
03585
02651
01556
02535
02586
01219
00159
02843
03486
00833
03879
00226
00256
02811
03141
01811
01346
01218
02062
02137
02211
03012
02053
02859
02801
01317
01964
01895
01127
02036
01989
02359
00910
00702
01622
01776
01181
02669
01089
02167
02537
03546
03406
03250
00670
03729
00475
02408
01165
01330
01675
03443
02135
02962
03690
01883
02213
02309
01037
03744
03305
01378
02825
00184
02536
00005
00019
00847
01286
02443
00887
03548
03878
03649
01582
03073
01829
02529
01155
01040
01242
02289
03740
03020
01904
03434
02947
01551
02948
00571
01743
03381
02677
03356
02762
01675
02970
00568
00234
01799
00591
03087
01519
00012
03060
03845
03833
02098
01612
00726
01305
02814
01873
02186
01170
03249
00834
02470
02547
03475
02310
02854
03252
01019
02175
01726
00682
01391
02340
00488
01464
02813
00635
03163
02228
01805
03608
01346
01203
00210
01662
03149
01025
01204
00467
02189
02213
02505
03889
03256
02049
03579
01360
02079
03822
00710
03435
02636
02671
03211
01730
02979
00440
01572
03201
00913
03818
02817
02772
01017
01654
00516
00165
03230
03503
03669
00576
03667
03292
00161
03700
00805
03048
00703
03777
03852
01509
01033
02773
01897
00980
03201
01949
03320
01675
02289
01411
00739
01853
01195
01619
03644
02868
01621
02775
03369
03176
00125
01130
01582
01636
03436
00325
02169
03501
01735
00189
01576
00943
01053
01589
02730
01345
03884
00205
01508
00037
01340
00303
02745
00369
03034
03338
00174
02517
01413
00737
01865
02231
00680
00000
00588
01841
00695
01254
03240
00973
02800
02013
01283
03730
01697
02299
03471
00819
01728
02577
03281
00998
00624
01551
00961
00863
01004
03391
02824
02690
02967
02267
01956
01200
01882
03091
00729
02418
03545
00688
02325
02565
00792
02920
01573
01002
00974
03758
02340
03564
01489
03185
00722
02153
01470
01409
01013
02021
02940
00382
00912
01703
00115
02494
03620
02971
03398
02281
03231
01636
03379
01439
01509
03475
03732
03463
00503
00968
02831
00412
01416
00790
03111
03206
01643
03323
02209
01578
00346
00101
02898
02658
02313
02848
00243
02788
03886
03868
02606
01789
02176
02191
00628
01159
01900
02125
00601
03617
01800
02696
02913
01723
01693
01020
01178
01787
01532
00671
00361
00762
01532
00034
01537
02339
00291
02712
03332
01145
00685
02691
00609
02972
02735
01374
03037
02352
01586
02778
01493
03895
03825
01646
00976
00745
02525
01101
01790
02760
01022
03550
02379
03061
01767
02488
00151
00334
03838
02292
00700
00759
01295
00109
01127
03125
00609
00214
03725
01646
01810
02067
03453
02315
02152
02541
02575
01316
03848
03632
03875
01706
01652
02220
00955
03815
01830
02300
01123
02670
01855
03520
00831
02629
01206
00384
03888
02753
03609
03315
01065
00253
02842
02670
03890
03860
02843
00938
01230
01537
01120
02438
01185
01152
02987
01844
02788
02012
03570
01868
02837
02167
01237
03239
00784
00779
01367
00850
03276
00827
02763
00624
02877
01501
02204
01152
00762
01076
03209
02041
03810
02740
00551
00824
00720
02891
02053
02160
01811
01219
00191
00814
01017
00334
00096
03146
02928
00512
01046
01294
00959
01131
03751
02302
00956
00297
00157
02930
03299
02255
00147
01041
00675
01369
01727
03067
00740
01770
01936
03765
03535
00014
03181
03856
00755
02891
02385
03520
02574
00261
01774
00416
02318
03350
03310
00904
03370
03859
03000
02327
02183
01521
01068
01383
03720
03776
03762
00973
00165
02762
03203
01698
02645
00187
02239
02360
03143
01580
00179
00582
00147
01039
01865
02457
00227
00023
03882
01628
00044
00177
00459
03395
02928
03007
00660
01034
03813
03761
02896
00660
00683
01798
01879
01713
00664
01204
01499
03321
03221
01744
01230
01436
01798
01564
00049
01147
02423
01811
01833
03268
03630
01945
03300
01922
02476
00560
00527
02387
00707
02527
03235
03411
02586
00918
03407
03710
03529
02691
01071
00215
00237
03696
02095
02986
02972
01521
01403
00484
02670
01021
02195
02384
00303
01185
01740
03012
02309
03753
02482
02518
00446
01792
02653
01435
03687
00879
03495
00071
02668
00317
00324
02955
01679
01254
00044
03387
00697
02166
00530
03718
00072
02434
01143
02793
02484
01274
00963
01786
01857
01237
02443
01219
02021
03554
01623
01138
00412
02680
03811
00922
01656
02706
01713
00611
01912
01670
00567
02828
03784
03363
00840
02127
00538
02808
00853
02743
01724
03220
02792
01630
01774
01565
01557
01101
00293
02523
02141
00845
03054
02166
00428
02828
00361
02750
03188
01469
00078
02278
01288
02396
02861
00604
01975
03490
02670
01286
01829
02390
03380
01739
02732
00102
02435
03592
02301
02061
03513
01441
02283
03205
02462
00063
01877
03256
02568
03093
02219
02560
01726
02820
03313
00716
03297
00517
01896
02500
00925
02649
02919
03893
01731
03835
01392
00025
01272
01434
03637
00166
00150
01537
03600
03457
00966
01162
01130
01355
01904
01879
02039
03408
01188
03764
01588
01676
02380
01933
03519
00647
03756
01459
00900
03861
03126
01936
02041
00603
03524
02840
01284
02361
00119
02859
00501
00065
01239
01661
02547
03588
02939
00156
01564
01889
02932
02581
03336
01076
02065
02582
03476
03757
02693
00632
00343
00533
01236
02013
03050
00076
03229
00237
03274
00738
00625
02492
02634
02653
03482
00084
00781
00045
03662
02047
03109
01807
02867
00067
01470
01271
02396
03842
01070
00124
02594
03739
02913
03034
03586
03024
03762
01776
00374
00694
01920
01624
02995
01353
00231
01209
00201
00279
02307
02824
00827
02798
00560
00643
00175
00099
02712
02129
01890
03443
03638
02742
03461
03420
02392
02092
01123
02088
01336
00552
01935
00090
03265
03856
02882
01081
00816
00186
01410
03531
02801
00509
03446
00107
03523
00039
02249
01188
01608
01788
02631
02435
03348
00626
01824
01992
02030
03258
00740
02980
01037
03127
01896
02569
03885
01934
02214
00387
01736
02806
00227
01852
00020
00682
02842
00512
03579
02997
00350
02955
01446
00366
02202
02091
03712
02192
01561
03486
02527
02749
02140
02901
02545
02820
00377
02388
00456
00785
00993
01663
01532
03111
00090
00037
02151
02205
00940
00939
01883
02592
02076
01803
03148
02436
02660
00119
02589
02021
02014
03426
03885
03701
02556
02079
03603
01873
01117
01298
00619
02770
01122
03396
02404
00316
02517
03802
02762
02234
00271
02365
02893
02884
02693
03433
02748
02297
02452
01491
00201
00667
00105
01389
00006
02322
03008
02047
00497
01762
03202
03288
01625
00413
03707
03496
00152
00117
02538
02247
01957
02550
00240
03210
02515
02133
03531
02483
01669
01162
03423
02607
00674
01836
00936
03499
01449
01479
02131
00731
02601
00837
00395
00641
00154
01202
01480
01417
01619
03234
01228
00873
01893
03169
02558
02702
00218
00380
02404
00460
02856
01291
00112
03715
00265
03423
01457
03514
02182
00016
03226
00296
03484
01543
02680
03666
01803
03516
03079
02096
02310
01680
03798
02148
01061
01123
00830
02865
02970
01183
01826
00517
02783
02127
03664
03747
03549
00380
00150
01296
01138
03675
02376
00725
01169
02209
01686
03881
00606
02643
03029
02458
00601
02557
01646
00223
03249
03167
00763
02907
01782
02000
00311
02208
03788
00711
03790
03295
00956
00311
03182
03097
02888
03286
02805
03572
02890
00370
01235
02333
01790
03853
00472
01797
02044
01111
00415
03786
03150
01410
03062
01976
00544
00138
00817
00377
02127
01867
01119
00386
03488
00164
03297
02720
01600
00546
01190
01448
01677
02766
00876
01267
03524
03804
01308
02554
02395
03389
00808
00277
01603
03823
02675
01487
03146
01669
02926
01555
02194
00174
02955
00234
01770
01035
03894
03625
00006
03706
02815
01708
02415
01373
00333
02417
03694
01100
01496
03121
01049
02055
00715
00898
03332
02320
01409
00198
00257
01717
00469
02926
03231
02929
02945
03521
03725
03545
01567
01097
02583
03215
02175
01458
02852
01603
02442
01175
02715
01830
01201
03773
00991
00525
00139
03554
03373
02206
03736
01211
01493
03442
03825
03715
01777
01463
00881
00176
03063
03629
00823
03435
02774
01121
01531
01284
02616
00940
01899
01000
00171
01614
02694
02684
00801
03895
00796
02819
00199
03516
01949
01987
03505
03221
00740
00621
03040
02326
02508
02803
02354
02071
01562
01488
00320
01599
00774
02167
02930
03493
03705
01628
01162
03584
02072
01181
01791
03594
00054
01680
03365
00160
02328
00815
00922
02796
00941
00068
03125
03560
00950
02394
03323
02727
03792
00607
03535
02578
00505
02760
03159
03189
00118
01668
02149
02451
01110
02975
03276
01632
01645
03338
03523
03103
00368
02545
02704
01949
01736
00833
02955
02893
02502
03353
02334
01753
01337
03564
01905
02433
00512
03249
00367
01584
00699
03587
00175
00644
00593
03128
02594
03867
00569
02200
01954
03372
02225
01806
00371
03175
01009
00667
02802
03683
03509
00940
00515
03221
03857
00616
02917
01298
02993
03099
00038
02754
02025
01889
02381
02847
03385
02842
02751
01518
02338
02374
03752
01976
03008
00554
01463
00782
00100
00579
01187
00759
00518
02939
02853
01688
02340
03498
02156
03771
01423
00798
03151
03171
02022
03591
02337
02327
00904
00994
02704
01665
00776
02869
02947
01115
02857
01809
03787
02802
02080
00604
03009
00440
01605
02850
02674
02860
00614
01411
03352
02600
00192
01813
01800
02843
00795
00033
02845
01561
02517
02400
01148
03708
03839
03769
00167
03797
02595
02642
02421
02872
02499
01711
01504
00284
02072
03124
03176
00799
01379
00574
00927
02779
01000
01898
01895
00391
02517
01525
00976
03852
03466
00848
02425
00800
03031
03180
03795
00093
02735
02339
03154
01166
02204
01127
01900
00408
00280
00371
01619
01028
01063
00091
02745
01237
03152
01976
01085
03553
01850
03861
02035
00238
02871
02282
02769
01967
00584
02168
03210
00159
00260
02659
00429
03258
02203
00284
00726
01208
00656
01065
00165
01483
02890
03283
03028
01769
01804
03618
03529
00211
03296
02685
02937
02788
02533
02610
01449
00559
02354
01737
02227
01241
01091
03121
00061
03043
00464
01031
02916
00143
00253
01200
02744
02469
03684
03009
01954
01797
02039
00330
03529
00752
02969
03440
02526
01721
01172
01088
00700
03695
02145
02606
01219
00785
01747
01398
03217
00773
00019
00767
03005
01558
02794
02282
00917
01736
02121
02474
03378
01370
02981
02062
02111
03244
03303
00518
02778
00707
01351
01496
01280
01519
00041
00299
02388
01404
01629
03687
00742
00608
02080
03812
00230
02184
01961
03624
00988
01042
00230
03525
00741
00908
01612
03571
02880
01363
03824
02696
03134
00743
01431
02741
02427
00067
03039
01861
03377
01477
03357
00510
03456
03632
02020
03771
00469
02674
02570
01086
02409
03017
01633
03774
03493
01670
01065
03525
02452
00914
03414
03065
03272
00436
00843
02601
00042
01747
03793
01491
00354
02969
02130
01272
02871
01194
00921
02884
00745
03256
01914
03040
03148
00019
02379
00226
01668
03421
00314
02552
03726
02419
01376
02402
02919
02712
00164
03878
01625
01972
03416
03154
02224
03584
03428
00445
01038
02033
03092
01758
02794
02042
02452
01474
03144
01395
01296
03004
02810
01576
03255
03320
00987
00096
01569
00430
02928
01540
02785
03166
01732
03601
02644
00812
00338
00265
02444
01841
01338
00616
00533
02689
02077
00835
02249
01876
00934
01366
00301
01013
01189
03644
00083
02525
01483
02136
01667
00217
02113
01075
03607
01523
00830
01389
00650
01088
01332
03721
02262
02484
02775
00045
01236
01533
02581
03195
01145
01133
00038
00946
02136
03332
01855
02237
01235
03119
01290
01759
01745
01936
01205
02467
03369
00342
02892
01154
00572
00280
00526
00564
02861
02049
02001
02812
00878
03599
00578
03124
02227
01467
01403
03617
00035
01345
03611
03791
02658
00914
00904
01381
02551
03886
00600
02285
02844
01599
03718
03095
03848
03172
03489
01225
00265
03770
03400
03495
02253
02723
00028
03672
02392
00304
00387
00677
03144
00109
03649
02809
03649
02449
03068
01231
00977
00684
02623
02832
02539
01730
00256
00965
03456
00104
01820
02357
02023
01906
01147
03891
02786
00616
02128
02148
03547
01266
03596
00572
03828
01652
00802
00092
02820
02954
00284
00123
03858
01065
02413
00885
01099
00291
01050
02614
01718
02077
03596
02491
02119
01612
01835
00193
01202
03054
03105
01987
01856
01067
00223
01089
00236
01608
02237
02263
00482
00759
03690
01619
01888
02573
00202
02652
03755
01613
03735
02684
01000
02911
01139
03689
02136
01349
02820
02996
00219
01725
03203
00962
01528
03400
02635
00312
01695
01495
01450
02871
00619
03021
03795
01174
02810
03385
02202
02852
00896
02618
02268
00058
02096
02697
02535
01449
01587
01830
02682
01420
01730
03142
01191
03473
00799
02877
00514
01826
02912
03769
02626
02636
01708
02237
00518
00092
03296
03532
03278
03654
03486
00933
03437
02583
00176
03151
00491
00903
00043
00893
01856
01629
00644
02885
03280
00711
01796
01794
02442
00809
01473
03661
00680
00233
00141
00605
00180
03069
01898
00363
01745
03598
01776
02825
03570
03089
01446
01869
02988
01132
00297
00639
02247
03643
00439
01717
02622
01569
03020
01523
02092
03375
03624
00219
01840
01399
03301
02606
00558
03573
01368
00037
01147
01019
01046
02688
03130
00512
03564
02024
01904
02500
03160
00476
03483
01838
03329
03450
00529
01511
01383
00704
00664
02115
01859
02156
03134
03158
03868
00160
01394
00885
02670
00534
02589
03202
03373
01332
00987
00794
02612
00812
00221
00323
00045
03728
02716
03683
00696
03317
03462
03492
00275
03189
03326
00477
03861
00255
00727
01537
01507
01415
01012
03015
00700
01083
01585
03243
02081
02986
03191
02433
00229
01792
01215
02208
00735
03023
03430
01972
03138
02933
03252
02841
03147
03518
00405
01805
00053
02856
00074
01721
02010
02698
00830
00229
00302
03239
02098
03585
02165
01054
01022
03375
01543
03384
03592
02460
01743
00660
03064
00391
01234
02138
01967
00798
02697
00994
01874
01059
00749
01472
00303
02294
00132
00211
00554
02406
00196
00703
00017
03381
00758
01728
01242
00402
00281
00209
00874
01622
00253
02581
01359
01687
03603
00513
01840
00850
00449
01715
03289
00991
00848
03391
02534
02059
03590
03380
03193
00858
01091
03686
03312
02603
03319
01916
03509
03341
02113
00222
02952
02588
02596
00524
03779
02349
01819
01777
01485
02530
03072
03675
01786
00466
01762
01571
01516
02421
01735
01507
03615
01161
02521
02609
02126
01842
02441
03066
00116
02752
01374
00107
02114
00491
00968
02507
02744
01923
01541
03163
02649
02070
03590
03639
00065
02683
01207
01763
00548
01116
03356
02270
00583
03176
03059
02099
00263
01959
00867
03357
01527
03824
00576
01797
00877
01154
03178
02116
02674
00618
02592
01978
01841
02205
00438
00743
02581
00074
01882
03172
03226
03611
02892
02071
00775
02021
00961
00176
02435
02666
01654
03683
02982
00719
01499
02871
02488
03435
00086
01968
03376
00499
01746
00134
00271
02844
01412
03639
02335
03831
00337
03856
01175
01831
02144
03552
02717
03218
03376
01325
01171
00970
00937
03067
02277
03495
01367
02718
03447
01031
02979
02619
03823
01469
02910
01164
00622
03479
03701
00603
02767
02642
00599
02551
03594
02364
03271
01978
01978
00258
03498
02073
00094
03480
00521
00060
03427
03510
01552
00129
01343
03413
00421
01457
00675
00200
03248
01964
03286
01421
02373
00111
01645
02463
00832
03787
02351
00561
01406
03217
02274
03397
02680
00692
00437
02200
00941
01111
00681
03762
00570
03408
00151
01482
00661
02546
00043
03348
01000
00412
01775
01771
02899
00583
02900
02647
00848
01259
03582
03483
03156
00169
01000
01647
01791
03459
01838
02509
00718
00485
03655
02019
02201
02660
02899
01106
03255
01978
01909
01453
01970
00331
01662
01112
00364
00059
02181
01100
03471
00180
00692
00654
03754
03550
02177
00004
03729
03693
02143
01004
03384
01600
03176
03763
00101
00097
02447
00721
00334
01105
00371
03287
03534
01098
00326
00498
02383
02622
02284
02768
02925
02992
00868
00589
02460
02527
00534
03557
00783
00899
01051
02504
03386
02753
02946
02251
03534
03165
03196
01066
03311
01775
03342
01643
00051
03483
03235
01902
03097
03674
00345
03822
03490
02847
00122
00177
00661
00494
00800
00120
03050
03732
02791
03186
02528
00880
00995
03324
03204
01610
01885
03838
01725
01471
03102
02152
00259
03357
01698
02771
00221
01833
01688
01294
03099
02807
00823
03578
00521
00865
02330
02843
03600
02229
03146
00530
03343
03241
03832
00424
00303
01592
03886
02824
01453
01043
01370
02406
02349
00981
02082
00679
01520
00113
02812
03753
02610
01931
00498
01275
02577
03010
01994
02301
00955
02513
02128
02524
03079
00591
00781
00885
01655
01490
03139
02945
00286
02565
00203
02909
02498
00794
03503
01303
00901
03160
00386
02433
00856
02480
03607
00605
01937
03431
00766
03254
01190
00844
02997
00015
02339
02236
03485
00462
02684
03324
02121
01905
03221
03542
01898
02125
02676
00093
01010
00730
02421
02455
03838
02556
00417
02872
01362
02127
03568
01261
00628
02759
00676
00671
02442
02640
01976
01367
00137
02640
02127
00959
03267
03623
03046
00103
02028
01914
01200
01381
02845
02942
00255
03110
03100
01440
03693
00067
03108
02782
01743
03804
03864
01562
01743
01501
03509
00214
01641
01631
02157
01773
02610
01954
00114
00124
03256
00826
01896
03549
02074
02558
01078
03192
03356
01553
01047
01487
03481
02380
03244
00130
00037
00613
03344
02377
01805
00243
00225
03302
02842
01278
01685
03226
00078
01522
00360
00840
03023
03408
00448
00496
01866
02333
00525
03295
01744
00904
03700
01760
02179
01043
01666
02583
02611
00690
03770
03086
01148
00768
02475
02740
02601
00190
01397
03424
03299
01178
03795
00426
02372
03425
01710
00109
00584
01665
03608
01917
02850
02615
03603
02376
00160
00300
02639
02372
01200
03127
02719
03467
02347
03416
02049
01840
02015
00252
01920
01050
03194
02246
03026
03775
01271
02976
00396
03079
03729
00283
01525
01831
01698
02621
01584
01125
01069
01024
02850
01950
02309
02894
03307
02303
01706
00804
00398
02649
00231
00652
02424
01332
02165
00495
02802
00587
02691
03315
03186
02066
02195
00290
01311
00608
03581
02132
02183
00949
02532
01283
00135
03788
03289
00290
00950
00855
03536
03619
02242
03796
01367
00798
01703
03346
00390
03088
01017
02317
02412
03221
03470
01135
00551
02238
01343
02841
02679
01470
00007
01866
01198
00488
00490
00943
03429
01978
01079
03893
01747
01846
02646
01784
02935
02086
01405
01872
02467
01185
01969
02702
00351
01513
00206
01704
01081
00492
03392
01502
00811
02037
01517
01778
00740
01623
01560
00579
01636
02940
03176
02362
03774
03452
02345
03222
00496
02996
00640
03471
03778
00563
01690
00658
00600
02705
00160
01523
02382
00963
03686
00314
03602
01115
02625
01248
02328
02769
03644
01468
01167
01618
01447
01723
02973
02649
00295
02154
02365
00164
00518
01845
03697
03378
03582
00704
01766
03375
00545
00446
03132
00432
00349
02683
00859
00605
02387
01544
03284
02293
01094
00525
00310
03114
02512
00719
02460
02858
03412
03423
03391
01642
00748
01248
01114
02429
00951
03609
02686
01864
02512
02335
02225
02534
00649
01966
03671
03423
03699
01459
01595
03107
00591
00786
03768
01634
03857
02174
02999
03702
02497
00094
01926
03885
00946
02407
03811
02612
03448
01868
02347
02320
03068
02325
03415
03797
03695
00086
00081
03033
01992
03647
01448
00672
01585
02925
00477
02343
02928
03468
00754
00462
01741
01455
01197
03027
03112
03338
00666
00935
02498
01787
02158
00468
02892
02697
02676
01386
01774
02093
01266
02219
03823
03498
00597
03220
03626
02092
01146
02969
02094
03441
01721
03449
01416
00117
03852
00434
02561
01705
00981
02815
02724
00367
01798
02742
03669
02429
00222
00788
03291
02691
02389
00321
03576
01151
00176
00637
01230
00156
03215
01140
01359
03262
00540
02235
01655
02705
00636
02891
00175
02297
00898
02140
01446
03743
02620
01114
00475
00395
01111
01032
02200
00078
01467
00595
03050
03858
02867
01313
01695
00528
02547
03100
03187
00345
01331
01169
02308
00303
02297
03422
01808
01344
02004
02153
02352
03649
02011
00170
00101
02145
01473
03221
02187
03008
01155
02276
03463
03415
01005
03332
02531
01469
00786
01608
