02258
01694
03603
03889
01048
00858
00595
02538
02931
01197
00912
01075
02885
01045
02497
03770
00475
02147
03640
00534
00697
01059
03421
01662
01829
03414
00232
03221
03321
03658
00434
03472
03785
03787
01036
02771
01106
02375
03159
02026
00462
03843
01824
02172
00728
03226
03406
02767
02371
02844
00939
02228
01543
03879
01563
03118
03492
01110
00245
01957
01164
02902
01285
01700
02727
01509
02926
00557
02597
03391
01145
02906
02685
00985
03746
03893
03434
03078
03168
00813
02084
02021
01185
02431
01944
02124
02695
03180
03180
02895
00278
03717
02698
02364
03426
02628
01419
02030
00717
02970
01481
00326
02867
00043
01235
00214
00058
00239
00617
00035
03014
00532
00217
02158
01721
00467
00948
03182
02872
00351
02309
03049
01066
01394
00447
02075
01053
02155
00810
01673
00760
01123
01326
01048
03792
03731
01449
01971
02148
00530
02035
00503
01111
01276
02218
00644
00888
01505
03799
02089
01846
01729
03444
00704
03362
00822
03341
00525
03383
02205
03791
01747
02908
00255
01288
00488
02325
00979
01789
02766
00279
00545
03046
03190
02842
01241
00892
00486
01506
02317
02601
02164
01510
02017
03380
00405
03170
00469
02035
01480
02594
01534
01675
00243
03601
03871
00075
01868
02424
01416
01986
02621
02356
00440
03839
00530
03032
03351
00714
00933
00002
02142
00414
02764
03666
03779
02769
03407
02613
03138
01813
01321
01652
02154
01305
03873
00382
00391
02571
01922
02746
03692
03150
01407
01399
00888
00834
03029
00290
03798
01673
01451
01194
01269
03093
03213
01016
03179
00716
02342
02332
03458
03158
01416
00932
01181
00201
01017
02076
01370
02151
02239
01216
03581
01493
02653
00075
02465
03291
01073
01517
03198
02840
03186
03771
02621
03864
00487
03218
01369
00697
03655
03666
02804
03743
02308
00534
03504
00396
00528
02658
01652
00109
02806
03673
01881
03283
03658
02317
01434
00630
00348
01955
00379
02512
03621
01676
02367
03877
03077
03478
01505
00822
00757
00156
00037
03329
01483
01719
03621
00837
00220
03062
02790
01431
00853
01153
02682
02849
02814
00244
01807
02383
01870
02214
02313
03760
03017
01031
02370
00826
00273
03015
00211
03218
02920
00938
03152
00206
02859
01241
01949
01861
01747
03182
03892
00215
03110
02584
03606
00006
02993
02913
00389
03549
01689
02141
03676
02932
00805
01612
01919
02469
03509
02669
02379
03838
03817
01860
02450
02231
00609
01090
03300
02503
01293
00838
01137
03203
00470
01678
03739
00699
02232
02524
03032
01758
02135
03065
02041
00445
02453
02997
00914
00427
02834
03649
01149
03360
00602
01485
02979
01448
00048
02668
03690
00148
01293
01267
02174
00048
03505
01824
02871
03767
00645
00661
00907
00924
03745
01824
02194
02334
03297
02516
00502
02684
01299
02069
02054
01108
00113
01874
03534
02977
00510
00769
00244
01862
01251
00409
03034
00954
02042
03788
00232
02767
01127
01235
00063
01093
00299
01643
01504
02480
01690
03598
02195
02304
02814
01079
01268
03540
03438
01594
00487
01870
02273
03600
01148
02308
02407
00812
00722
01541
01846
01376
02733
03814
00275
02355
01251
02051
00013
01127
00164
02413
02759
00990
01186
01623
02517
00534
02184
02802
00999
02766
01863
01239
01498
03846
00859
01307
01909
03299
03433
03381
02258
02911
03454
01296
01075
01068
01852
00287
03690
01387
00904
02044
00132
01037
00214
03829
00177
00346
01690
02310
03878
01886
00618
00447
02709
00497
02134
00961
03446
03303
02336
02082
02831
02221
02150
00158
02790
00255
00713
02969
01263
00423
01113
01943
03537
03250
03377
02834
01150
00243
02418
03307
01146
03122
01043
03132
03014
02895
02679
01502
00465
00643
03382
03707
02292
00118
00527
01871
00904
01108
03619
00166
02604
03655
03668
02582
02107
03291
03160
02933
03315
01489
02513
00125
02824
03713
00474
03084
01700
03662
00684
02021
00571
03600
03800
00970
03096
02038
03164
03220
00046
02322
02453
02191
01589
01579
01315
02757
02813
02086
00065
01660
01474
03085
00293
03329
03658
03123
00736
03609
00404
01432
01995
00594
01690
02206
01945
01810
03078
00530
00333
01008
03787
01106
01780
00087
02398
03868
02524
02773
01987
01259
00528
03713
01769
01869
00515
02690
01978
03146
00233
01749
00702
03524
03302
01234
00340
02140
03186
03426
01843
00189
03282
02419
03795
01552
01552
02293
02442
02884
00973
00970
03406
00800
02548
01986
03525
00087
00404
00297
01768
01220
00828
02077
00086
02370
01655
03332
00393
01851
00006
01167
02675
02110
02907
00358
03046
02087
02563
02229
00498
02109
00832
00831
01285
01883
03838
00085
00853
01278
00038
01037
01558
00702
00578
03165
02895
03375
01428
03136
03239
02327
01438
00065
02529
00231
00379
01892
03301
00036
03768
01282
03050
02570
01903
02380
02040
00248
02237
03871
02387
01278
03575
03003
01658
02635
02530
00613
00403
02489
02791
03703
02384
00384
01614
03369
01615
00236
03436
03482
01935
02547
01529
01714
01262
00235
02876
02177
01227
02916
03014
01860
01209
01331
03853
03141
02723
00840
01601
02413
02896
03514
02554
00513
02295
00309
03489
01137
01051
00291
03605
00451
03072
00052
01562
01007
00737
02508
01486
02959
03775
01659
00260
03048
02588
02678
01402
01526
00594
02045
03118
03661
01903
02017
02539
03476
01416
02538
01200
03426
00606
00873
02938
02408
03661
02626
02889
02926
03060
00446
01720
01982
02655
03621
00924
01179
01896
00493
00320
01343
02357
01229
01862
02209
03287
03774
02360
01478
00720
00257
01978
00075
01415
02403
02208
01635
01600
01173
00987
02744
03755
03615
00420
01349
01499
02441
03413
00997
02120
00902
02809
02990
00970
01525
03856
02269
02174
02029
03632
03611
01774
01808
01507
02154
00992
02724
03481
00755
00948
00639
00010
02163
02422
00129
00381
00316
00208
00020
00652
00850
00426
00308
00087
03619
01677
00365
01497
02412
02082
00986
01855
03418
03062
03812
02740
02206
00351
00592
00822
03097
02114
02722
01286
03596
02041
02719
03518
01103
03685
02581
02065
01513
00008
00127
02252
01833
03712
02000
03773
00104
03204
00053
02704
01675
03340
02456
03741
03126
01485
02267
02927
03851
00832
02774
00262
01015
02883
03745
00001
01248
02042
03058
02651
03220
02035
01395
00167
03288
02633
03407
01623
00139
00455
00279
01949
00235
00673
02933
03005
00328
00702
03553
03568
00465
00089
03152
01303
00843
02473
01287
01773
00764
00555
02732
01538
02909
00147
03600
01403
00265
01199
00065
02699
03226
01985
00143
02153
01785
02404
02055
03705
00666
03510
01590
01541
03830
00245
01748
03892
03662
01251
00457
03802
02989
02253
03630
00783
03737
02479
01551
00162
00211
03850
01528
03862
01057
00284
01177
00116
02118
02834
02821
02252
03097
00268
00303
02859
03718
00188
03486
03454
03623
03841
00672
01420
02290
03863
03118
02946
01409
02300
00146
01739
02274
01543
03810
03820
00928
02745
00357
01370
02597
00457
01492
02435
00522
01093
00755
01604
02590
01387
01129
01904
03265
01342
02334
01035
01860
01565
00177
00614
00947
00886
03775
03070
00711
03857
02771
00316
02251
02468
00763
02827
02166
00443
02747
02186
01179
03565
01390
03477
01721
00849
02466
03575
03798
01884
01413
03091
03406
00384
03266
01747
02516
02373
02809
01187
02569
01684
01365
02095
01322
03333
00559
03087
00418
00779
02124
00715
03001
02144
03344
03299
02395
02591
00809
01395
01032
03825
03452
01148
02908
02822
02382
00822
02720
01733
02992
02582
01409
02533
02629
00732
03861
00235
00254
01750
02984
01366
03697
01673
03756
02545
03557
01312
01665
03727
01613
01058
02268
00342
01411
00650
03747
03725
03833
00755
00691
00617
03160
01994
02342
00951
01750
02727
02768
02576
01922
02964
02225
01306
00502
02882
01855
01770
02665
02693
01871
01659
02811
02967
02698
03358
02838
03777
02751
00809
01891
03361
02776
01367
01558
00457
01165
02730
02218
03282
02010
01838
01997
00165
00532
03557
01229
00938
01756
02985
03337
03203
03039
02526
00062
00720
00314
00707
02046
02925
02730
03593
00159
03809
02097
02888
01184
02506
02445
01122
00498
02762
03773
01281
02050
02773
02445
00639
00167
00610
03502
03875
03863
00952
01235
01361
02288
02349
02164
00879
01581
00726
02466
03416
01681
01698
02209
02655
00200
01309
00830
03588
00642
02566
03375
00775
00765
03776
01933
00182
03183
01374
02740
03579
01697
01454
03595
01219
01242
03127
03476
00611
02129
01000
01491
02313
00011
01825
02643
03831
02805
01450
02581
01462
00677
01431
02054
02130
01963
02262
02163
02940
00187
03701
01520
01959
03302
03299
01206
00748
00143
02566
01042
00418
02053
02183
01168
02285
00111
02353
03200
01191
01507
02341
02533
02487
00484
02968
01540
02735
03822
01299
02512
02456
00128
01611
00300
02501
02994
00509
02880
01888
03481
03529
03486
03398
00457
03295
03669
02782
01222
00587
03261
02748
00694
03038
01298
01072
03538
01571
00866
01250
01540
03556
02463
01519
03382
00146
03353
01034
00601
03206
02066
02912
01521
01589
00423
00893
01449
01989
00111
00799
00467
02415
02944
00258
01838
01470
01937
03631
02448
02276
03584
01331
00451
01115
01976
02195
02884
00263
03423
01518
00452
02832
02695
00534
03766
00057
01303
03176
03073
03179
00765
03728
02615
01912
00618
00777
00736
02087
02662
00083
03214
02104
03170
02074
03577
03349
00564
02242
01935
02168
00590
00700
03045
03122
03540
02737
02090
01594
01260
02371
03686
00910
03744
01950
00534
01650
03279
03212
00339
01678
03460
02124
01428
03414
02220
00154
01845
02418
01274
02140
00298
02709
03618
01833
02094
00163
01840
02538
01026
02743
03688
01230
03407
03306
03162
03564
01451
03178
01427
02116
02490
01135
02919
03635
02389
01723
02706
02704
01764
02835
01695
02911
01538
00141
01175
00489
01546
01585
02891
01483
00505
00169
02297
00776
02211
03444
02054
02858
01163
03744
01682
00177
02227
03206
00507
00687
02917
02295
00103
01208
03152
02950
02206
01569
02295
01421
00045
02032
01585
03271
00802
01239
02817
00435
03656
01146
02204
01774
00450
01824
01438
00259
03731
01791
03894
00440
02697
03252
00830
00797
03833
02933
00655
00217
03847
02685
00841
01132
02628
02762
01367
03893
00320
02658
02583
01206
00769
00972
01977
03714
02474
00511
01375
00787
00584
01702
03429
01755
00761
01850
03166
00522
01790
01277
01599
02970
00699
03547
03175
01919
02071
01386
00605
01035
00074
00881
03566
03289
00772
03442
00995
01830
03170
02714
02055
02329
03084
03453
00901
00476
03750
03246
00322
02133
01868
03642
01374
00314
03474
00636
00962
03306
03120
02782
02973
03676
00631
03523
03523
01237
02381
02056
01280
00148
00207
01566
03349
03441
03886
01721
01995
03728
00900
00303
01997
01362
01325
02133
02415
00314
02354
03479
00941
02124
00789
01380
01453
03522
00619
01356
00698
01565
00143
03617
02854
03550
00881
01905
00379
02626
01463
01606
02906
02649
03271
02413
01980
00202
02602
01141
03074
03513
02017
02248
02805
00993
01675
00385
00580
02992
02067
01700
03462
00646
03464
00362
02352
02502
00723
03701
02003
02997
00600
03096
01262
03312
03100
02705
02803
02633
03131
02684
02812
03154
01743
01864
01866
02390
03079
00884
03098
02046
01218
03284
01148
01944
00519
00767
02925
02822
02905
02753
00237
00725
02075
02350
00207
03022
02667
01910
03705
02390
01680
00540
02599
02667
01547
00746
03263
02315
01767
01422
02963
02684
03493
00647
01076
02026
03883
00424
00027
02012
02739
03798
03302
01871
01333
03001
02093
02609
03739
01516
01635
02094
02761
02994
02801
01310
02173
03582
03105
01423
01500
03220
01911
00870
03143
01529
00765
00296
03370
01804
03830
00898
03230
02138
00070
02874
02998
02025
03148
03755
01548
03531
01729
03589
02470
00022
03425
03597
03142
00176
01952
03382
03394
03116
00503
02640
02652
02287
01652
02871
00574
03361
00472
02138
02206
01079
00521
00039
02766
02534
01153
03326
03059
01628
03770
03657
00971
01328
00547
02091
01165
03681
00179
02101
00249
00602
01693
02930
02653
01647
03497
02723
00668
01785
03255
03711
02738
01797
00438
00401
02049
01128
00178
00660
03583
00354
00087
01909
02280
01283
02651
02815
00262
01600
03579
01036
03112
01672
03203
02232
00433
03056
01271
00115
00116
01916
02353
00749
02906
01698
01322
01145
02998
02830
03645
00592
00064
03617
02724
02311
01692
01724
02197
00643
02094
00625
03064
03814
02261
02968
03680
00278
03129
02687
01763
01252
00530
01476
00580
00543
02367
02280
03272
01579
00519
00829
03149
00161
03003
03298
01440
03519
00805
02583
02857
01842
02161
02452
00321
00536
01370
00055
03516
00253
01404
02470
03649
03281
00254
00359
02907
03639
02560
02710
00446
01226
00818
01345
02395
02269
00551
01463
01048
02998
03029
00328
00024
01808
00641
03218
00451
03401
01041
02613
03231
03675
01391
03560
01180
01051
01028
00346
01706
01364
01625
00324
00205
01886
03153
02918
03101
02619
02485
02191
01928
00980
02905
03659
00733
01505
02225
03870
03102
02610
00924
03585
02342
01517
00841
03389
00749
00361
03439
01409
03486
01182
03763
00891
03216
02936
02906
02604
01964
00342
00620
03167
02671
03268
02057
00443
00120
02488
02610
03216
00865
01474
00601
01381
01639
00847
00162
01761
01904
01000
01857
03404
01945
03489
00529
01978
00093
03216
03358
02750
01597
02076
03236
03701
01158
03090
02693
02353
01193
02931
02362
01909
00249
02374
01502
00087
02720
03490
00543
03361
02300
01839
01933
02407
02285
02981
03656
03669
03097
02001
01989
01141
00667
01612
02198
00836
02161
03379
01101
02417
01520
00193
02245
02084
01142
01725
01752
00328
01820
00724
01871
02020
00914
00431
00566
00873
01576
03878
03635
03397
00131
02663
02375
00557
03222
00454
02394
01836
02587
03163
00285
02447
03093
03486
03773
01709
00155
01416
00483
00652
02355
02554
00094
03007
00474
01031
02713
01407
00236
03792
03890
00589
02936
03063
01924
02341
00054
00050
01414
00749
00145
02277
01153
03442
01473
03678
01685
02132
02521
01326
02879
00594
00301
02409
03877
02996
00351
02780
02611
00045
02717
02523
00202
00393
00684
03589
01944
03171
01751
01120
00345
02540
03686
02694
02449
02819
00678
01317
01758
01886
01952
03776
00248
01271
03238
01763
03243
03537
01038
02202
03158
00842
02497
03551
01923
03805
03879
01264
00059
01801
00249
01972
03148
00252
02000
02173
01320
00762
02182
02807
01954
00442
02207
02922
00857
03132
02747
02037
03001
02349
03622
01192
01651
02040
01793
00780
03007
01414
02740
00853
03001
01216
02865
02609
03637
02325
02500
00759
02644
03655
03396
01380
03457
00564
02739
00411
01376
02478
01898
03784
00390
03133
00056
00070
00030
03529
00618
02218
00660
02967
00956
02963
00957
01280
00670
01321
03891
02548
00445
00939
00379
00234
00156
00321
01281
03733
02632
00131
02543
02108
01957
00434
02783
00664
03256
03293
02931
03430
02346
03121
01526
01008
01614
01299
01285
03656
02200
00971
02739
01488
02429
03058
02143
02422
00647
02764
00893
00252
03053
01255
03820
01192
00635
02729
03251
03862
00414
00449
03185
01699
02959
01289
02672
02805
03507
02444
02983
00109
00227
01264
00752
01725
03809
00271
00442
02972
03679
00874
01378
03117
03335
00935
00669
03816
00884
01836
00122
02947
00089
03489
02602
01271
00024
01490
00426
03531
00967
00847
01944
02956
02535
02666
03219
01920
00268
02539
02741
01060
00114
03727
02038
01840
03353
01150
02391
00938
02013
00822
03613
00588
03794
00734
02625
02595
00942
02861
00013
01725
03805
01016
00645
03654
00324
00846
00003
01107
00096
01009
02984
01882
02326
01531
01529
01630
00816
02449
01914
02186
03292
03681
01975
03375
03136
00907
00377
02207
00255
02092
01024
01496
02950
02726
03124
00202
03867
03176
03824
03752
03014
00462
03507
03585
03229
00407
03526
01362
01372
01839
02539
02078
03511
01199
03117
03835
02180
02408
00084
02227
02372
03008
01912
00470
02998
03533
01406
00102
00842
00008
00419
00579
01821
02518
03742
01126
02966
03233
03885
01668
01529
02929
01820
01280
00700
01502
01918
00117
01022
00603
01932
00523
01630
01613
01748
02181
01740
00074
03751
01800
00775
00894
00043
00230
03231
00360
02265
00849
02242
01930
03182
01865
03882
01614
01217
02597
01441
02161
02250
02343
00054
00961
01762
02178
01932
02884
02168
01196
00205
02081
03006
00446
01497
00235
00181
03543
00669
02236
00107
01290
01551
00303
01390
00348
01908
02223
00836
03485
00433
01144
01714
02504
01811
02597
00678
02526
03490
02635
02673
02428
00001
00353
03685
02664
00116
00745
02808
01345
02030
02771
01126
03565
00203
00198
03637
00733
03558
00091
02360
01008
02173
01338
03149
00572
02974
03273
03424
00597
01176
01124
02618
00207
03847
02710
03447
02600
03361
00777
02652
02625
02239
00585
02608
02917
01240
00048
01606
01952
03641
02407
03612
02417
00519
01885
00552
00028
02158
01453
02596
02975
02630
03189
00463
01271
03412
00477
01443
02736
03774
03055
01430
03674
01012
02761
01135
02703
00556
01570
03717
03198
02781
02482
01290
02666
02976
03272
03466
03035
02400
03554
01026
02178
00133
02016
00353
03612
02852
02958
00735
03114
02741
00932
01505
01908
01828
00836
03625
02399
00766
02194
00643
00634
01822
00105
01568
02001
03121
03115
00691
03641
01480
02923
00526
00032
03175
00787
02972
03648
02342
02444
02465
00903
01316
03602
02126
02643
02165
02553
01635
00233
02754
00866
00419
01540
01867
01944
01188
02194
01629
03758
02748
00114
02945
01045
00828
02326
03354
03676
01111
01517
02367
01360
00594
03202
02777
00495
00464
01011
01964
01997
02193
03637
01841
03853
03421
00981
02500
00450
00464
00595
00168
00801
02224
03371
02624
01124
03883
00620
01253
02453
03718
02814
03750
01149
02862
03394
03779
02953
00387
01689
01440
02219
00439
02342
02573
03642
00150
00607
01755
00419
03029
03126
00326
00352
03776
03431
01029
03599
00433
00066
02064
03300
02269
03520
00493
00632
03542
00638
03743
02358
02020
02704
02803
00960
03601
01265
01088
03339
00534
00384
00102
01932
00687
03248
03355
00327
03851
03458
03611
02646
00268
01899
02335
00479
00709
02578
02797
01624
03224
02419
01543
02292
01618
03401
01325
03519
01967
01762
01693
03106
02171
01900
00350
02369
00262
03265
01960
03034
03021
02085
00099
00198
01853
00077
01999
02564
00066
03488
01565
01266
03808
00017
03269
03541
01490
01198
01136
01957
03557
03020
01672
02205
00519
01489
01806
02885
01754
00953
03447
00933
03803
01082
01885
03403
00460
00850
02998
03582
01791
02634
02063
01997
00468
01791
01695
01383
00335
02753
03438
02237
02786
00557
03153
00119
00402
00817
00743
02788
03538
02284
02666
03436
02060
00296
01308
00604
01309
03178
00030
01497
00864
01700
03616
02434
01455
02359
01275
00064
03361
00502
01271
00832
02424
00307
03616
03544
02511
03343
01393
00308
01124
01413
03208
03051
02257
01028
02625
00066
02956
03375
02738
03232
00242
00979
00380
03249
00040
02395
00536
02526
01785
01323
00633
03389
01389
02523
03697
00591
02294
02916
02031
00106
01903
03017
02717
03394
02253
03864
00868
02360
01309
02191
02570
00309
03344
03122
00930
03717
00961
00108
01810
03655
00071
03022
01358
00673
00107
02581
01445
01986
00876
02455
00046
03816
01618
02788
03681
00190
00632
00599
03820
02343
01576
01052
03594
03843
01902
02326
00683
02234
03532
02125
03054
03638
01469
02146
01758
00224
01596
01208
00611
02000
01064
00684
02654
01438
03454
03793
02649
01389
00235
01597
01850
00862
00793
00051
03178
01390
00349
00221
01078
02425
01563
01512
02710
03391
01673
00951
01346
00317
03457
01742
00191
01189
03691
01179
02626
03616
02764
00730
03635
02212
02370
00690
02966
02490
03640
00715
01507
03714
03700
00681
02412
00482
03000
02487
01616
03841
01875
01514
00698
00820
01206
01225
00633
00221
01392
00513
03895
01996
01410
01341
02133
01275
00475
03443
00803
00238
02980
00135
01939
03655
02352
02750
00509
02800
00728
03835
02322
02886
01310
02898
01338
03791
00047
02950
00349
00904
02615
02601
00445
03601
03341
01447
03730
00895
02164
00783
01306
01551
03446
00238
03804
02149
01596
03034
01896
02087
03379
03008
01610
01409
02086
03655
01457
02207
02244
00104
01771
03010
03673
03707
01191
01725
00789
02308
01618
02958
01329
00783
00546
00988
01935
01957
02901
02276
01272
01407
03195
00021
03009
03122
01827
01758
00632
02842
02064
02002
01637
01677
03160
03735
00777
00391
03610
00060
02142
03075
01077
01977
02013
01253
02401
01962
02065
00228
02682
03484
01281
00576
01323
02679
01498
01008
02426
01641
02487
03106
03763
03636
01210
01491
02550
00767
02100
00630
00313
01291
03004
01773
02184
03629
02736
02947
02953
02745
03737
01574
01267
00909
00771
03785
03699
00771
02394
01535
03841
00642
00955
01895
03565
00060
02678
02515
01099
02542
00537
00019
00082
01465
03454
00610
01541
02100
02723
00628
02402
01607
03251
00941
03433
02415
01752
03103
00341
01941
01688
02599
00010
01481
01849
02957
01835
02475
02263
00553
00382
03748
01736
00138
00547
02139
02970
02262
00354
03080
03645
02385
01909
01987
02983
01899
00658
00030
00538
02905
02910
03672
02538
00540
03367
02474
01709
00977
00800
01876
03311
03044
02327
03769
03086
01128
02644
00985
01239
00757
02918
02967
00139
02773
03890
02343
00413
00005
00828
03306
03093
00151
00821
00057
03570
01970
00010
02909
01705
02113
00217
00004
03256
03362
03103
01437
03262
01952
03390
02150
03272
01026
03884
01363
02228
02396
02441
03576
02973
01731
03242
01707
02220
03746
01823
01980
03338
03368
00366
01590
02312
00800
01494
00122
01984
01913
02652
03468
01085
03478
01785
03103
01834
02487
02363
00978
00372
02774
01277
03093
00139
01352
02488
01297
00111
00944
00072
02755
03036
01807
02484
03093
03115
00215
00515
02191
03380
03534
00364
02047
00242
03006
01273
03183
00546
02870
02192
01826
02088
00184
02291
03838
02286
00550
00666
00201
03127
01195
02647
03337
00689
01383
00142
02230
02248
02024
03871
02099
01236
03840
02509
02508
02005
01997
01929
02306
00670
03755
00696
01050
00107
02900
02774
01533
01052
03519
02336
03237
02795
00391
01777
03124
01157
02019
03653
00301
00962
02106
03899
01757
00580
01277
01497
02616
02535
02010
03478
01854
01919
03224
03264
00001
00445
03213
03563
02435
02951
01511
01555
00058
03784
03666
02266
01596
02636
03505
00874
02114
03266
01021
03130
01173
02584
00067
01355
02427
03519
01493
01307
02880
01389
02547
03003
03329
00847
02720
03754
01814
01408
01108
03638
01308
01689
01806
03697
03890
02242
02923
03676
02581
02499
02298
02077
02028
00824
01807
03328
01522
03338
02867
00474
01299
01972
02597
01825
02561
02477
00879
03731
02018
00588
00333
03272
01856
00018
03563
00171
01454
00847
03418
01487
03467
02634
03344
00704
01026
02879
03573
03254
01455
02227
02282
00572
02476
00039
00010
03114
00444
00602
01069
03857
03591
03629
03309
01887
03388
02312
02091
01116
02155
02283
03386
02247
00850
03114
02111
02219
03226
00235
00269
02359
00119
01622
01357
01872
02934
02104
01658
02910
00284
01366
00698
00456
01567
03304
02249
01542
00450
02526
01868
02003
02941
01401
00862
02516
02767
02155
03567
01309
02356
03822
02570
03813
03047
01880
00285
03768
03774
01914
01820
00781
01584
00661
00799
03430
00941
00117
02533
02966
03756
02556
01781
01521
00289
02267
01752
01483
01291
01946
00953
00694
03889
00554
00633
03222
01917
01349
01232
02381
02939
02764
01717
02064
03588
00124
00299
01773
02227
00716
00824
02197
02899
00703
02346
01794
02331
02431
00362
01934
02108
01758
02340
01076
00801
00201
02538
01937
01839
01615
00261
03886
02927
01527
03453
00137
03428
02799
00682
00142
03581
02816
01715
01157
01420
02747
02884
01737
02062
00859
03409
01847
01371
00748
01440
01841
03107
01332
02245
01930
01547
03036
00576
01888
03198
01692
02104
00782
02168
00417
02484
00036
00972
02023
02391
01208
00394
01367
03306
02091
00359
03133
00996
03497
01861
02335
02798
01830
01924
00119
02785
01390
03543
03216
03245
03019
01549
03681
00322
01190
03500
02082
03074
01364
02967
02063
02125
00880
01056
01551
02372
01619
02401
01546
01869
02768
00468
03555
00357
03710
03543
01418
00180
00499
02466
03298
00421
01642
03552
03383
01594
01989
02152
02602
03159
03866
00015
01438
01928
01308
02104
00715
03166
00435
02809
01890
01958
02504
01970
03549
01937
01494
03213
00565
01120
02075
02779
00318
01259
02123
02634
00498
03261
01864
01328
00642
00295
01605
03580
02306
03031
00877
03700
03112
02689
01661
03338
01729
03584
01482
01557
02876
01242
00270
00353
