00820
01641
01757
03495
03548
00591
01402
01929
01877
00766
02429
01504
01937
01526
01084
00230
00226
02031
00931
03524
03449
00125
01343
01791
00162
00321
03775
01852
02986
00497
03103
02231
00647
03346
03498
02287
01618
02684
03739
03366
00027
01956
03104
03549
02130
01239
03132
01364
02445
03673
02880
00630
03243
01390
00245
01682
01979
00024
00000
03607
01882
00023
02146
01535
00879
03102
02427
02828
03605
00442
03291
03649
01348
02982
03757
00999
02412
02201
01360
02119
02296
03345
02755
02431
00211
03353
03156
01774
00481
02358
01540
03673
00724
01215
01883
03272
00162
01179
02412
02539
03095
03076
01565
03101
02957
00169
01854
03163
02588
02193
00395
01110
00831
03499
02167
01195
03741
01459
03511
03764
02801
01823
01248
03704
02687
02447
02326
03661
01290
02147
01282
03438
03351
00790
00422
00791
00768
02200
03529
03533
02102
01138
00106
03091
00590
00698
02730
01479
01486
03319
01659
02530
01109
01222
02366
03022
01364
01970
01334
01355
02165
01963
01271
02850
01326
01141
03242
03211
01954
01049
03680
02905
00660
01456
02456
03098
00113
01540
02423
03373
03249
02633
02099
02428
00154
00976
01388
03241
00769
00845
00616
01997
00917
02246
01521
00035
02306
03460
00884
02396
02415
01342
01705
03659
03773
02344
00778
01000
02588
02323
01891
02434
00403
01990
00988
00909
03355
01242
01781
01956
01410
00283
01055
00232
00335
02170
01643
02438
00870
03647
01601
02430
03106
02100
02463
00303
02722
03773
00140
02113
00442
00412
03560
03219
00231
03632
00658
03586
03134
00653
03493
03507
02321
03048
03552
03431
01695
01433
00569
03445
02823
00970
00405
03334
03441
03231
02686
03290
03617
01667
02834
02240
01593
02762
02475
01410
03322
02726
02737
02543
00430
00408
02888
02833
03389
02328
00631
02863
03657
02072
01495
02614
03104
01954
03131
02544
01047
01346
00890
03534
01918
01447
03599
03329
01627
03634
01009
01436
02294
00081
00900
01294
01718
00510
02003
03036
03695
01391
00423
02171
03409
02747
00705
00019
03222
01242
00440
03567
02535
01563
02552
01656
00795
02043
01727
01497
01182
02713
00085
02550
03242
03623
00311
02342
00932
00962
02944
02495
01085
00538
02109
01160
03531
03789
00571
02418
00652
00175
00840
01087
01847
01844
03450
00333
03279
00645
00496
03308
00572
03025
00787
00474
00239
02275
00400
02585
00986
01945
03749
03766
02299
00420
02685
00986
00795
03419
02898
03005
02558
03387
01590
02598
03145
01586
01430
00567
02755
00801
01724
00141
03058
03014
02527
02334
00611
01177
01569
01123
03046
01855
03229
02261
02211
02010
00395
00292
02701
00002
01545
02994
01657
03068
03167
02365
00282
02008
00871
00516
00333
01809
03128
00561
00212
03006
03342
03684
00906
01285
03551
00113
02898
01799
03740
02208
03004
00399
02234
03322
00788
01195
00732
01939
00376
02037
03015
00451
01079
02876
01025
00590
03001
02875
01543
01507
00382
01627
03298
00842
01831
03348
01093
03071
03683
01799
01190
02827
03743
00927
00862
00105
02742
01149
02879
01582
01352
01683
00361
03537
01354
01768
02224
00107
02650
02434
00382
00456
01780
01778
03745
01347
03646
03697
03128
02824
01269
02393
02055
03138
00674
02150
03549
02381
00957
00355
03390
01893
01148
01072
03122
03070
00896
02393
02897
03229
02988
00450
01865
02747
01202
00399
00757
02634
00028
03544
01844
00456
02620
01362
00644
00441
02737
00744
02873
02201
01214
02328
01749
00678
02200
01674
02365
03212
00365
03307
02398
00338
03467
01000
02043
01873
01356
02198
00372
03701
00084
02230
02972
02764
02532
00437
00663
00092
01447
03738
02342
00553
03669
02241
00825
01892
03217
03205
01408
00951
02132
02745
02517
02196
00965
01047
03097
03550
00358
02106
01682
03447
01931
02270
03229
01304
00961
03592
00446
03223
00688
01487
01202
03082
00575
01122
00733
00651
00731
03771
03428
02796
03723
02345
03129
01457
02067
02179
01167
01780
01459
00872
01713
02796
01628
02812
02635
02279
01646
02909
02428
02222
00080
03276
00471
01968
03502
02966
01612
00678
00944
00450
02224
02126
02525
00109
03734
01507
00699
01329
01152
01066
02585
00908
00014
01879
02683
03189
02769
02646
01145
03337
01613
03165
02357
02211
02641
03654
03558
00859
03452
00971
02374
00973
03414
01530
03453
03362
00192
00696
03176
03796
02465
01610
02690
00026
02222
02046
02605
00379
02828
00152
03316
02528
00261
01888
00912
02090
02862
02249
03437
03267
00937
03765
00841
03480
01091
03524
03296
02516
01491
00267
01039
02024
00742
01448
01691
03302
01843
00180
03477
01028
02840
01874
03645
02742
00121
02084
00015
00421
03255
03748
00406
00731
00893
02464
02860
02584
02482
00655
01859
01246
03060
03704
01667
00001
00602
00105
01624
01507
01515
00557
03383
00508
01800
01567
01638
01558
03059
00267
01037
02750
03403
01700
02997
03782
00037
01224
02683
01760
00193
00559
03672
03557
01470
03754
02216
01452
00474
02001
03597
02262
01729
00405
03600
02085
00217
00196
00092
00893
01297
01634
01951
03507
00196
02644
00477
00818
00918
01001
00626
01340
00321
00865
03268
00645
02372
01743
03387
02764
01961
01339
03094
02731
01386
02304
01748
00653
01111
03532
01643
01767
02510
01478
02288
03255
02247
00633
02708
03185
01907
01399
02215
01089
02353
03641
02427
01394
01036
01330
01632
01077
02285
02652
02823
01669
02504
02778
03197
03151
01141
00428
00047
01392
02206
01945
02629
00846
02440
02575
01460
00136
02464
03181
00299
01570
02163
03666
00369
03184
00665
01799
01273
02915
01959
00023
02556
02418
02129
01439
02194
03200
03776
02415
01764
03395
00277
02616
03784
03645
02770
02921
02258
02435
00009
02738
00500
03459
03668
03537
00330
00826
00960
03794
00876
02507
01446
03368
01665
00212
03327
02179
03636
00683
03196
00426
01654
01278
01647
00608
02872
03607
01130
01971
03098
01990
02586
01359
01973
00144
03535
00633
00482
01854
00219
00695
03717
03368
00588
01645
00793
00008
01984
01890
02521
02532
03076
02889
03256
03043
01473
01707
01790
03664
00243
02610
02152
00484
03263
02673
02891
01814
01961
03535
01628
03541
02280
02618
01063
03415
02878
03511
00898
02906
03303
01112
01293
03471
01133
01295
00392
02070
01086
02383
00009
00925
01083
02833
02672
00682
02165
01436
03313
00552
00798
01958
00166
02494
03057
02031
00654
03290
01808
01821
02206
00021
00736
02337
01754
00504
00419
01944
01641
02661
00761
03262
03690
01832
02188
03790
01534
01348
02687
01228
01060
01642
02977
02699
01746
03700
01052
03178
02047
03119
02837
00624
01987
00215
03623
03641
03447
00468
02889
03505
00942
02171
03312
03710
03663
03183
03514
00114
01718
02006
01489
00317
02270
02696
03479
01537
03566
03706
01876
01375
00645
03737
02162
02695
01147
00402
01577
01596
00821
01182
02076
00262
02740
02267
03414
00353
01571
02350
02954
01635
03316
01099
01943
01971
03086
00207
01516
01757
00108
00261
00093
00562
03197
03685
02146
00860
01259
03091
00504
03526
03394
03795
00879
01018
02024
00626
00600
00253
00283
00615
01312
01861
01571
00977
00781
02634
03046
01834
01635
00074
00753
02673
01468
00775
00698
02118
02946
02315
03335
00350
01538
01220
02938
02398
02519
03194
03316
01659
03488
03300
00026
02832
01656
03651
03417
00114
02263
00751
00618
03358
00009
00573
00609
03250
00643
01730
00192
01416
02758
02897
00435
00278
00498
01024
02960
02083
02888
03281
01381
02964
03044
00828
02021
01012
03237
03466
02160
01339
03450
01668
01838
01237
02098
03258
01336
00035
02768
01223
01924
03783
01250
00617
01251
01440
01020
01247
01512
00510
01534
00620
00615
02111
02454
02416
01855
02200
01579
01741
03037
03623
01880
02174
02039
02597
01121
03316
02362
02641
01598
00994
01057
02040
01921
02536
03491
00624
03012
00654
03791
02763
03692
00326
02046
03273
02540
01860
01756
01495
00432
00145
03381
01884
03711
01906
01785
00321
02323
01687
00683
02632
01809
01248
02884
03325
03495
00922
02302
00586
01759
01039
03264
03783
03735
00100
02029
00158
03297
02523
01993
02237
03286
00721
02418
00748
00666
03562
03494
00214
02804
03152
02199
00772
03685
03555
02848
01133
02298
03154
01698
02506
02191
00679
02943
01333
01074
01345
00354
01762
01458
00459
01473
02046
02482
00954
03561
02132
03397
01732
03228
00430
03119
02923
02849
00665
03446
00448
03513
00953
02004
02485
00873
03275
00826
01251
02041
01178
03642
02994
00384
00360
03529
01623
01193
03486
00551
00415
02822
02328
01989
03762
01943
00567
00921
01899
00679
00290
01425
00652
00148
02511
02274
02014
02921
02266
00819
00901
02849
03264
03419
01162
01970
01974
00524
01443
01812
02114
00058
00845
02213
00115
01348
03209
03786
03381
01950
02437
02987
01164
03080
02609
03252
02194
01967
00881
00924
00611
01110
03683
02924
03701
00729
00862
03702
03526
03501
02283
00278
02165
02487
01303
01281
03771
00776
03022
01497
02002
01929
03428
01779
02035
02441
02732
00742
03438
00896
02492
02175
00922
03615
01503
02381
01853
02551
03674
01846
01813
01490
02827
03252
02420
00257
00514
01968
00746
01115
03356
01393
03684
03503
02884
03393
03515
02807
00170
02941
00008
02137
00280
01862
02274
00010
03495
00561
01474
01329
02097
01127
03286
00798
03735
02097
00666
00461
02930
03261
00413
00899
02174
01909
03006
03028
00099
01274
02623
01926
01173
02725
01554
01349
00324
01557
03625
01068
01870
03738
01898
03013
00311
00309
00782
01637
00682
00450
02275
01759
00274
01963
00167
02515
01234
00594
02357
01267
01242
00434
01804
01722
02955
00523
00763
01161
00393
00112
01441
02736
00519
03599
02000
00997
03489
00620
03610
03331
00882
00994
03091
02994
03326
00167
00094
03567
02442
00387
01004
02417
01352
03397
00254
01496
00726
00810
01244
00633
01398
03275
00879
00009
03168
02137
03776
02574
01147
01696
00643
00957
02611
01701
03422
00091
01228
03638
01396
02060
00564
01108
03271
00217
02247
03287
03129
02442
01876
03623
00123
01008
03180
02178
02958
01365
02155
02999
02367
03251
00552
02149
02992
00998
01887
01600
00145
02350
00109
02394
02942
02628
00499
01242
03034
00217
01595
01948
01009
02326
02007
02813
00187
00699
02434
00944
01092
01615
03038
00234
01896
00081
01628
02071
01580
02097
02259
02247
00479
02822
00519
03008
02408
00037
00242
00257
02785
00427
01401
01272
01705
00031
02181
03168
02800
00134
02882
00067
01307
00532
02908
03080
00591
01604
01605
00201
01290
01508
00635
01428
01293
00456
02414
03004
01565
01986
00391
00347
00761
02499
01132
02126
00742
03369
00729
03525
02214
01212
01240
02957
02424
00206
02041
03380
00544
00143
02220
01681
00167
03458
01771
01309
03053
02000
00437
01378
00443
01663
02517
03342
01629
01470
03593
01524
02612
00248
02030
03591
01914
00114
01433
01196
00191
03755
03201
02875
01032
02175
02520
03169
03503
03160
03303
00030
00709
03081
02969
00750
03228
00880
03032
00350
02450
00392
00324
01972
03503
02680
00258
01531
00127
00660
01177
02746
02995
01277
03127
03712
01274
00608
03506
01655
01069
03264
02491
01282
00305
02904
03725
01347
03221
00641
00036
03606
00754
00517
03288
03211
03178
02910
00128
03332
01170
01893
00531
01780
01961
01450
03393
00640
01171
01461
01137
01725
00463
03344
00108
03277
02827
01265
03462
01431
03506
00887
00893
03058
01483
01432
00793
02862
00347
00156
02268
01055
03685
01890
01035
02478
02414
02677
02170
02598
03221
00323
02310
03024
02495
02290
01532
03076
02393
00879
02575
00293
03174
01740
03350
03678
00441
03349
01108
02119
03684
01592
03713
02959
01094
02655
00078
03308
01859
00835
02878
03182
00102
03510
03128
02028
02954
01652
01888
03234
02766
02383
03581
00488
02630
03710
02677
01528
03166
02834
00309
01235
00138
00237
03637
01456
02832
02543
01272
03698
00519
01302
02697
01997
03657
02537
03769
01653
03108
01449
00101
01051
03662
00453
00211
01901
01438
02320
02741
02417
02376
01689
01655
01094
03488
00079
02979
01199
01888
01175
01060
00020
00301
00107
01759
00302
03331
02865
02541
00983
00976
01901
00133
01764
01590
01292
02862
01593
00442
03310
01482
01471
02218
02735
01263
02564
01484
01210
02759
02943
02177
01962
00375
01342
00680
02903
02948
03126
02702
01233
00873
00430
00651
01701
01445
03329
03713
01537
01650
03430
02854
03445
00240
03581
03584
02495
02112
01856
00400
00603
03629
03388
03487
02230
00780
02651
00981
03093
01980
00392
01192
03383
03192
00118
00682
03507
02186
02788
00171
00975
02506
01401
00741
03679
01500
02272
01255
00126
02735
00696
02113
02044
03321
01899
02494
01260
02208
01305
01656
03561
00195
03648
01189
02813
02727
03082
02598
03013
03654
03195
00265
00140
01410
01406
01236
02482
00480
02339
03290
02600
03495
00967
00235
01091
02671
02367
00091
02227
03398
01082
02660
01087
02781
03107
02671
02679
00978
02920
03622
02398
01951
03458
02325
00265
02439
03233
02111
01728
02753
02867
02109
01576
02093
00408
03633
00275
01547
01773
03561
01645
00259
00636
03582
00867
01711
03612
00196
03186
02364
02586
00596
00146
02383
03548
02693
00573
00157
01621
02354
03231
00195
00170
00709
01043
01028
02272
01704
00248
01257
02064
00996
01671
00298
00465
02179
03026
03595
02536
00655
02234
03498
00086
01558
01061
02324
02333
02845
02106
00319
03200
01817
02906
02970
01695
00524
01837
01929
00220
00533
00606
00397
01525
00008
01013
03264
02678
03045
01670
01766
02970
03045
02451
00871
01646
02934
03035
01673
01466
03735
01949
03482
02757
01271
02565
03250
01004
02240
01682
02271
02590
01849
01025
02291
00815
02650
00690
01656
03591
03208
00757
02580
00294
03720
01864
01687
03087
00976
02968
01817
02942
02753
02257
02417
01199
00185
01005
00208
03037
02965
00197
00587
01123
02171
03166
02375
01994
00469
02954
00519
02832
01746
01482
00529
02337
01662
00654
03184
02349
01322
00801
00098
00534
01734
00363
02969
00540
00147
02716
00510
00238
01637
01346
01969
02119
00909
00176
01453
00467
01165
01867
02721
02141
00469
00585
01946
01422
03155
02944
02219
02884
01982
02121
02119
01581
00027
01031
01589
00470
00376
00392
01729
03404
00278
01855
01132
02174
01797
02738
00866
02669
03447
02671
00937
02586
01254
03294
01441
02938
02097
01131
01791
02864
02377
03164
01523
00591
02027
01009
00202
01706
02814
03748
02094
02307
02723
00382
00896
02772
00877
01354
01776
02477
02438
00987
00115
02882
03481
01318
01963
01208
03238
02163
01165
03429
00735
00726
00548
01289
02818
03068
00547
03324
01959
00604
01015
02397
01473
02499
01282
00245
02665
03556
00916
02486
03558
00498
00388
00187
03745
03475
00429
01141
02301
01364
01548
02358
00236
03467
02365
00030
00468
02341
01653
02280
00144
03724
02769
02425
01987
00172
00302
00044
01391
03034
02898
00436
02492
01201
02736
02999
00012
00587
00457
02507
00122
00313
02309
03505
00771
01823
01482
03387
00845
02799
02995
00810
01789
02656
00073
02920
03125
01018
01927
01535
00489
01033
00943
03212
03762
02956
00122
01204
02228
02001
01957
01569
01330
00831
03055
02480
00106
00375
02278
01859
00082
01967
00826
01206
00201
00548
03137
01072
03371
00900
03258
02376
02420
00798
00117
02705
03430
03446
02391
00108
02566
02969
03395
03680
03792
02529
00444
00289
03059
02005
03631
01074
02406
03553
02637
03232
02458
01301
01711
03364
03562
02484
01970
01604
01364
00300
02442
00880
00180
02797
01690
00876
00350
01519
01625
01879
00648
02284
02904
01206
00906
01975
00792
01389
02126
01584
01905
01363
00834
03206
02997
00881
02636
01767
00388
02648
00877
00871
02008
00500
01446
00234
02712
01456
02591
03175
00201
01959
01023
01596
02760
02180
02445
01792
01709
01431
03733
02033
01370
01181
02758
00315
01121
03394
00248
03153
01667
03766
02715
02059
02764
01945
01202
01476
01188
01948
03214
00222
01889
02134
03304
02244
01232
02247
02902
00236
02818
03373
00655
00088
00131
02560
01809
03136
01502
01524
01695
02613
01292
02059
00177
02036
02811
02252
03491
00597
03619
03476
03799
02759
00228
03591
00863
03017
03563
03339
00450
02088
01419
03754
01824
00808
03728
00578
00953
02985
02591
03666
00759
00720
00818
02979
01980
00086
00311
03384
02285
01977
02856
02196
03054
03421
02981
01311
00752
03343
03077
00708
00101
03350
02116
00450
00908
00542
00270
00781
00272
02442
00810
03745
01683
01710
03698
03314
00632
00846
00774
02682
00677
02190
00816
01704
02255
01622
02890
03689
01720
01442
00091
01430
02171
01388
03497
02226
01088
00062
01209
03294
00115
00472
03554
00931
01623
03498
01903
01428
03440
01623
00083
01845
03030
01606
01198
00531
02869
01157
00614
00842
00666
01085
00321
01733
00536
03309
02726
01229
00711
00867
00076
00505
00454
00142
00802
02607
01768
01513
03462
03116
03178
00860
03361
01630
02964
03333
01375
01451
01806
02999
01316
02597
02314
01212
03202
02492
01359
03700
02784
00880
00294
00058
00324
01898
03469
03767
00224
00926
00672
02342
01658
01784
01680
03443
02686
03551
01300
03745
01855
02810
01379
00542
02514
00006
02028
00973
00627
03081
01821
02416
01057
02902
01583
02575
00172
02885
00419
02353
00967
01158
03558
03374
03096
02322
01799
00888
01373
00839
00833
01780
00104
02110
01707
00440
02995
02314
01589
00066
03071
01407
02550
02978
03382
01396
02288
02261
02009
00966
02757
03688
00675
00307
01371
03349
03452
03064
02234
03277
01569
00239
00935
02722
02345
00353
01137
01991
00907
00196
03616
02847
02235
03753
03509
01503
02795
02092
00557
02833
01990
01225
03279
01014
01992
01256
01325
01831
03489
02828
02127
03239
02128
00581
00954
00921
01356
03696
03080
00417
02566
03144
03049
03458
03002
00588
01360
03420
02468
02925
03376
02431
01704
00097
03661
02896
03546
01569
00335
01423
00011
02867
03680
01099
03413
01141
01479
01530
02918
01239
03501
01497
00384
03123
01829
01437
02137
01044
02241
02003
01918
01608
00567
03530
02786
03292
03482
03003
01820
02091
00893
01130
01359
02585
00042
02300
02212
03714
00377
03644
00834
01570
03148
01388
02533
02281
03335
00988
00395
01133
01701
01482
00403
01884
03757
03471
00537
00356
02435
03482
02404
01993
01683
03731
00937
03651
00657
02230
00920
00336
03340
00033
00068
00245
00833
01388
01849
02573
02379
01812
02909
01331
01800
01044
02776
01306
01942
01962
02944
00527
02940
03025
01373
03663
01934
02639
03716
01858
02041
01365
03031
00964
03132
02358
00257
03268
02679
01518
02632
01395
03437
02545
00443
02186
02693
03494
00986
01144
03783
02694
00620
03207
03009
02356
02915
02602
00433
00458
01605
00357
02581
00741
01796
01857
00726
00959
01517
02211
00491
00871
03462
03375
00106
02319
00639
03566
00601
03154
02187
00321
00675
02976
03025
03521
00398
02711
01322
01309
01985
03359
00215
03287
00626
02322
01187
03620
01693
02527
03651
01141
00553
01930
03575
03582
03501
02217
01616
01059
02056
02093
02241
00194
00574
02243
00314
02473
03646
01694
03287
00973
00976
01035
02751
03396
01092
02145
02256
00079
03382
03019
03544
01216
02549
00963
03519
03140
03050
03412
03096
03180
03782
01924
02934
02414
01333
01076
03531
01203
00942
00078
01196
01557
00164
01610
00352
01695
00639
00021
02655
01497
00851
02670
01543
00262
02315
00990
01330
01892
01262
01396
02876
03671
00255
00730
02632
00858
01242
00487
01905
01163
00610
03226
02462
00130
00408
03256
01455
03406
00103
02018
01132
03452
00106
01990
02493
03356
03414
01519
01068
01202
00276
03100
00687
00806
00398
00035
00641
00313
02947
02592
03600
01493
03734
01358
00673
01391
02961
00456
00255
00339
00871
01236
03131
02900
01206
03420
03613
01743
03275
00243
00497
00834
03032
00929
00757
02199
02905
00123
00431
03287
00444
00018
01435
03101
01366
00390
01337
00368
03666
00350
02141
02819
03748
03511
03064
01189
03356
03551
02444
00353
00078
01380
01605
02825
01078
02966
03035
03756
02441
00158
02844
02089
02167
02866
02534
02214
01493
00822
00458
01418
02335
03368
03036
02747
02378
02591
02543
01956
03063
01345
02126
03711
03291
03616
03021
00787
01499
00441
03589
00386
00741
00025
03014
01658
02314
00811
01159
01118
02360
03746
00537
02976
01284
02712
00945
01789
00380
00105
00172
00701
01955
00847
01230
00253
01405
03330
01379
03587
02482
01187
01230
00213
02320
03294
00992
03383
00304
03642
03015
02071
03411
03295
00368
02758
03582
01338
00720
00726
00120
03567
01316
03706
00596
00036
01760
01207
02378
01926
01580
01485
02895
02603
03355
03577
02365
01867
01005
01323
02806
03707
00749
03214
02946
00967
02348
00945
00720
03500
02284
00722
01688
00391
01521
03258
03399
01541
03281
02808
02308
01464
03501
02942
01519
00323
03023
03498
02241
01051
00195
00346
01575
01330
03266
01240
03520
02600
03410
00493
01798
02808
00817
00340
02345
00604
01056
00022
02326
01902
02501
03078
01535
01373
01128
03001
02373
03352
02295
03340
03528
01154
03581
03041
01599
00098
00125
03127
00394
01965
03324
00052
00372
02394
02500
03442
02903
02506
03717
01780
02752
02955
00079
01812
00865
02727
02578
02434
02757
03413
02350
00770
02030
00516
02694
02291
02914
02615
02031
00616
00260
02698
03455
01581
01423
01056
03473
03039
00149
02662
00101
03015
02158
00191
00051
03509
02620
02604
01864
02750
00491
00808
02129
00978
03694
03013
01804
00412
02452
03775
00287
01311
01394
00915
02440
01905
03282
01668
01259
00006
01417
01682
03018
03092
02086
01758
02718
02599
02966
00455
02204
01248
00900
01786
02803
02078
00925
00746
00594
02113
00538
03100
01031
03127
01080
03013
02097
02126
02337
00394
03079
03261
01997
03508
03569
03071
00179
03342
01156
00948
02552
02548
01836
01253
02771
02330
00849
00740
00815
01686
01900
00470
02255
00851
00315
00342
02585
03107
03328
03336
03537
01175
01112
00718
03046
03662
02679
00482
03681
03769
02640
00993
01753
02135
03058
01032
01092
01098
02679
00790
01320
03028
01846
02766
03152
01799
03448
02567
01842
03384
01887
03265
01125
00399
00731
01734
03343
03766
00238
00747
01021
02444
02983
02586
01508
02892
01996
03270
00212
01271
01008
01289
02060
00594
03068
03749
01792
01325
01282
03165
02775
01178
03108
00088
00033
00390
00875
00538
03630
03623
02588
02574
01753
01474
00460
02451
00548
02624
00676
03482
01189
01996
02528
03049
03550
02636
00514
00456
00963
01985
01516
01478
02236
02828
01378
01470
03441
02775
03421
02756
01045
01614
03323
02877
01444
01416
03268
02080
03350
01894
00480
00824
01013
02438
01332
00251
03715
00548
01076
00050
03765
02830
01482
02268
01364
00466
01236
03177
02210
00271
02468
00321
03617
02013
01313
02679
00487
02106
00834
02381
03366
01881
01923
01733
01648
00545
03376
00856
01439
03215
00334
01487
01626
01121
02977
00053
00708
01409
00872
01357
00711
02202
01181
03572
03142
00610
03176
01989
00160
01827
01123
03358
02664
01743
01136
00484
00416
03632
01151
02647
01590
03498
00996
02428
00703
01382
00805
01715
01584
02251
02425
02548
02996
03531
03307
02739
00344
03455
02438
03277
02418
02088
00866
01550
01215
03019
03037
02121
00307
03416
03198
00931
03627
01272
01946
00940
03783
03040
02753
00851
03652
01030
02906
00813
02214
00079
03683
02473
02450
00066
00533
03395
03697
01565
02660
03251
01888
02538
01317
02385
03708
01781
02424
02976
02692
02117
03436
00044
00695
02884
01402
02193
03484
00733
01313
01977
03608
03465
00328
00306
00193
02254
01739
02602
02553
01285
01285
02591
01335
01406
02636
02407
02216
00074
01361
00873
00483
02325
03590
01543
00177
01782
02523
02873
01667
00428
00769
00726
01758
01206
03167
01209
01873
02551
01603
02318
00255
02125
03128
01088
03136
00669
02701
01504
01634
01404
02439
03276
01757
03276
01093
01913
01467
02369
00984
02015
03302
01199
01702
02184
03068
02762
02756
03723
02294
00626
01056
03196
03030
02017
00289
00576
03078
01385
02622
02855
01638
03063
01331
