02821
01579
02673
01744
00451
02324
01259
01680
01535
00183
01664
01290
00557
03163
00720
00206
03007
00003
01347
01082
00092
00035
02384
02177
02623
01392
01132
02766
02223
00464
01165
00769
01046
00369
01881
00151
02369
00757
02160
00297
00435
00075
00979
02699
00294
01049
02415
02069
02335
01365
00458
02046
01964
02803
00713
00227
03005
02617
03099
01128
01437
00302
02758
01013
02443
01584
00972
01826
01273
01061
01017
01581
00864
00842
01740
01320
01214
02215
02304
00048
01966
01315
02741
02135
02082
02996
01216
02339
02238
00558
00780
00176
00724
01213
02347
01904
01016
00750
01149
00147
00704
02279
01787
01666
00154
00439
00929
01668
03146
02888
02678
03076
01406
01777
00569
01386
02063
02344
02985
01445
01622
00213
00753
02378
02217
01217
03119
01494
02545
02861
01440
00399
02665
00383
00105
00009
02037
01688
00644
02757
00797
02753
01477
03188
00164
02243
02568
01369
00329
02965
00762
03020
02201
00944
00768
00730
02543
02431
00071
00010
03082
01522
00233
02107
00585
01970
03129
02729
02437
01775
00171
01038
02827
01748
01507
01637
01077
01948
03160
01737
00035
02750
00293
01532
02587
01604
00492
02564
02811
00314
02663
00496
00727
02369
02573
00697
00947
00067
02140
00067
02782
02881
00329
01539
01513
02247
02754
01338
01859
03073
02524
02399
00754
01256
01822
00410
01648
01813
00361
03181
02080
01078
02050
02157
02411
00414
01982
00814
01020
02934
00713
01086
01812
02193
00786
02375
02954
00862
02647
02136
00355
00502
00200
02493
02569
02261
01755
01418
00300
00422
02476
02871
00690
02615
01038
00485
03164
00012
01074
01983
01270
01423
03186
01660
01978
01253
01467
02432
01219
00347
02965
00674
01961
01791
00721
02184
01085
00844
01742
02991
03170
01789
01511
01031
00646
00514
01020
01979
01340
01552
02844
00910
01144
02387
00460
02273
00358
00831
02166
02769
00231
01028
02929
01661
02472
01056
01833
00997
02529
00526
00235
02286
01320
01820
00208
01922
03055
00474
02115
00212
00928
01582
02736
02241
02515
02693
02890
01618
03114
02980
03065
00222
02506
01820
00991
01100
03190
01116
01798
00374
00457
01120
02088
00042
01680
01288
01561
01994
00322
02563
01493
02835
01309
01002
01826
00250
00733
03049
02657
00434
01947
01432
00759
02507
02369
01128
01618
00116
02470
00312
02330
02529
03146
00519
01398
02248
01711
00708
02680
01797
01234
00834
02982
00733
01349
02375
00678
00991
00490
00964
02437
02406
00718
02462
02212
00316
00671
02730
02623
02649
01739
02872
00411
02377
00695
01862
01356
02475
02457
00598
01824
02517
01779
02522
02220
02709
00813
02635
00625
01426
02893
00728
01194
02642
00597
01596
00948
02389
02745
02600
02970
00734
00379
00096
03004
01745
02917
02914
01692
02872
01378
01344
02630
03167
01786
02959
02393
02720
02793
00248
02101
02361
02394
02795
00323
02777
01989
02932
02011
01850
01890
03110
02006
00359
00584
01459
01074
00671
02983
00158
00219
00466
01694
02439
02076
00968
01082
00805
00674
01505
01804
02259
02344
01783
03046
02753
00964
01247
02738
03019
02766
01039
02286
00870
01000
00857
00072
00566
01327
02133
00209
00062
01533
01630
01889
00943
02903
00947
02568
02017
01914
00957
02604
02911
03197
01519
01092
01564
01827
01993
02352
00196
00703
00760
02994
01454
00196
02968
01165
01133
01001
01561
02104
02950
01653
03007
00575
01211
00300
02499
00823
01926
02390
00023
00732
01698
01256
00071
00201
01858
03026
01275
03154
02021
02148
01945
02049
01601
00861
01287
02988
01116
00018
03086
00943
01850
00568
02650
02380
01841
03150
01182
00027
02136
01961
02772
03119
00670
00925
00418
03016
01911
00069
00472
01966
02224
01776
01174
01968
02020
03112
01547
02489
01415
03040
01112
00011
02847
00825
02322
00539
01683
00753
01894
02441
00412
02921
02776
02107
00600
00849
02340
02069
02301
01778
01605
00214
02858
01175
00787
02450
01753
01049
01927
01096
02929
02694
02330
02975
01912
03181
01996
01858
02278
00201
00193
00085
00660
01928
00262
02962
00084
00310
02161
02053
00154
01099
00421
01504
01367
02061
02356
01276
03046
00675
00480
00237
00287
02744
00122
00576
02186
00584
00492
00979
01966
01035
00210
02257
01671
02554
01730
00073
01301
00002
02860
02795
00785
02244
02525
03038
01083
01799
03102
01344
03150
03003
03065
02235
02837
02731
00923
00192
01943
00574
02389
02276
00494
00489
00445
02643
00182
00437
00241
02805
02080
02280
01915
01563
02470
03027
01104
01638
00217
00823
02419
02357
00086
00981
03127
01480
00983
02065
01441
01782
01509
00066
02539
02695
02475
01433
03109
00943
02023
02987
01015
00040
00249
02716
02049
02154
02334
02026
00355
00010
01078
01363
01496
01836
00577
03172
00893
01830
02408
02336
01200
00435
00696
01353
00403
02769
00233
00205
02096
00568
01373
00848
00055
02423
00548
00594
00610
01068
03132
01149
00761
01631
01110
00270
02545
01787
01235
01117
02864
01515
02254
01162
01516
02766
02514
01478
00433
02902
02988
02619
01409
01090
00092
00921
00533
03189
02341
02111
00962
02867
02244
02562
00119
02809
03133
01948
00227
00502
02512
02356
01459
02089
01291
01029
02553
02712
00377
02990
00680
00298
01656
00790
00956
00802
02088
00634
02294
00440
01023
02709
00965
00726
02810
02539
02753
01516
02542
01329
02128
02160
02301
02268
03179
01653
02084
01860
01275
01767
01904
01269
02653
01121
00464
02067
00901
00811
02822
00871
03134
03027
01080
01930
00143
01510
02339
02604
00442
01355
00367
00770
01246
00957
03101
02890
01212
02532
01052
01404
02710
01934
02555
01678
01843
02958
01082
01380
00000
03121
02233
02259
01232
00858
02898
02129
00964
00441
02690
00058
03142
02604
02370
00577
00815
00050
02804
02289
00393
02440
03193
00991
00366
00098
01759
01135
00911
00455
02488
02367
01873
01673
00133
02867
02065
02016
00977
01822
02696
01955
02395
01801
02250
01570
00876
00804
01001
01058
00966
03015
01078
02038
00317
02979
02471
01974
01887
00265
00980
01055
00974
01494
02716
02439
02479
01787
03172
00763
01595
02597
02175
00630
01395
02573
01322
01984
02288
00989
02222
01890
01368
03005
01320
02113
02157
00378
00101
00479
02111
00723
02791
01705
00514
02271
00005
02429
00762
03102
01710
02749
01298
01306
01357
01417
01421
02105
01737
00028
02772
03106
01956
01093
03053
02634
01091
02943
00524
02970
01228
02223
02756
00191
01835
02683
00598
01933
01584
00578
03114
01681
02002
02747
01244
01713
02327
02093
02029
01282
02571
01864
03098
01703
01005
00799
02506
02400
01770
00195
02848
00694
01025
00125
01840
02753
00005
00423
00335
02197
03009
00423
02052
02759
01717
00009
01178
00031
01791
00056
02647
02524
02645
01113
00967
00158
00815
00965
00817
02804
00130
00801
00043
00386
00422
00411
00714
02639
02520
01474
02289
00681
02396
02946
02378
01589
01467
02235
02131
01815
01066
01406
01424
00314
01803
00739
01631
01980
00396
01290
02024
01785
03182
00428
01586
01331
01632
01757
00979
00603
02697
00352
00704
00382
00805
01702
00962
02127
03015
01125
02442
00333
01084
03154
01755
01553
01808
02939
01381
00566
01578
01602
02994
01125
01426
01913
00057
01019
01875
03095
02704
00858
01788
02965
01087
00073
02368
00232
01840
02312
01853
02331
00706
03061
00858
01928
01660
01876
01609
01714
00478
00703
02604
02114
01236
00425
00852
01693
01988
00272
00164
01310
00582
03007
01428
00757
01267
02365
00593
02843
00086
02006
00258
02545
00256
00195
01574
02549
01720
00760
03097
02719
03151
03082
02229
02270
02960
02748
00789
03114
01238
01061
01397
02118
00825
02431
00949
00404
01120
03086
02429
00020
01914
02474
00890
01659
00200
01387
01861
00108
02641
00881
01765
00341
01337
00462
01771
01001
02348
00528
01340
00821
01653
00494
01004
02273
01451
02061
01604
00134
01418
00368
00742
00934
00735
03195
00136
02124
02461
02594
02268
02369
01166
02739
00400
01384
00163
01980
00113
00055
03180
01050
02474
00978
01827
01567
00171
02501
02018
02271
01189
02398
02677
01815
00561
00549
01354
00059
01296
00250
02309
00667
00269
01865
00432
00177
00255
01515
00528
00521
01003
00028
01938
00845
01222
00277
02788
02412
00087
01734
00033
01895
02491
03122
01060
01208
01539
00486
00126
02527
00119
02967
02306
02186
00638
02263
02301
02655
01685
01652
00643
01642
00765
02541
03044
01310
02034
01426
02878
00010
01941
00439
00172
02969
03051
02452
01308
00005
02814
00700
02495
02650
01313
02104
00537
00291
00593
01984
01464
01331
01463
02197
02049
03089
01099
01534
02725
02433
01682
00861
02867
02859
02183
02668
00072
01003
00664
00282
01377
02740
01607
02940
02897
02081
02161
02545
00205
01818
01068
02647
01829
02847
01609
02788
02958
01972
00248
02338
00282
00105
01675
02057
00456
01413
01235
02618
01080
02767
00423
03030
01015
02040
01667
00889
01528
01960
02380
02647
02212
03107
02737
01905
00392
03096
02862
01779
00429
01798
02602
01709
02821
00331
01473
02860
02177
01355
00924
02676
01728
03001
02043
00989
00225
02053
02132
02439
01017
01890
02965
02172
00800
00499
03078
01504
02470
01937
02506
01495
00227
01851
02564
00371
01836
02971
00919
02392
00610
02865
00005
00879
00164
01822
01017
01731
01444
00655
03168
02427
02967
02628
00433
00116
01990
00572
00206
02299
02882
01023
01282
02724
02613
01416
00810
01738
02515
03148
02545
00419
01006
02155
00564
02302
02857
02674
03076
00284
01732
03147
02249
00425
00279
00578
02051
01877
00026
02484
00300
00275
02593
02646
00314
02798
00165
00671
00064
00387
02492
02771
00436
01311
01195
01197
00843
01269
01810
02217
02305
01916
03141
03051
01077
00483
00187
02383
02416
01202
03104
02062
02246
01791
02693
00393
02773
01865
01975
01334
03051
02420
01069
00420
01732
02273
02971
02348
02032
00681
02851
00950
02387
00887
02603
00933
01094
01279
00329
00992
02268
01567
00219
01918
02111
01168
00308
01805
03000
00712
01393
01279
01485
02416
01385
03122
00644
01277
00322
02971
03142
01774
02721
00142
01887
00160
00121
01580
00674
00721
01029
00361
02601
02607
00848
03000
00698
03100
02033
02262
00454
01025
00085
02608
00267
02124
02613
00114
01241
01799
03110
00686
02417
01942
01998
02340
00904
02829
01204
02100
01772
02348
02993
00221
02366
02680
02051
01393
00093
00374
00385
01367
00099
02439
02280
01020
00585
01755
01747
00600
00806
00915
02761
02969
02580
02295
00625
01518
02099
00208
00096
02033
02631
03044
00659
00049
01917
02444
03192
00603
03147
02291
00166
00261
00245
03181
02350
02584
01963
00497
00265
02007
01232
02613
00560
02704
01749
00229
01099
01373
00964
01791
01793
02583
02777
01102
02926
01497
00842
01408
00051
03116
00552
02662
01063
01364
01373
02376
00170
00566
02005
02403
00538
00484
00698
01793
01247
02759
02263
00563
00546
01128
01310
02604
01819
02907
01093
01597
00646
00072
00650
01896
00695
00023
01944
01444
01605
00823
01538
02605
01506
02700
01516
00132
01611
00883
00073
01546
01114
01010
00702
03125
00441
01921
01317
01004
01073
02415
01838
02693
01952
02931
00289
00089
03081
01104
00191
00512
00837
01187
01478
01838
02392
02380
02834
02473
00479
01143
00096
01126
00677
00326
01582
02879
00852
02205
02751
02260
01992
00009
02618
00891
02047
02766
03058
02277
02989
00267
02497
00718
01132
00908
02317
02016
02577
00684
02156
00165
00794
02021
01892
01831
00963
02806
02251
01703
02999
02351
00973
01270
02148
00860
02316
02290
00615
00460
00866
00544
02471
01917
00193
02531
00510
01509
01084
01879
02321
01119
00031
02253
01600
01201
02616
00995
02489
00694
00185
02110
00935
01580
00181
00871
00136
00156
02248
03135
00413
00738
03028
02464
01530
02776
02917
01810
02365
00547
02742
02343
01499
01945
00589
00756
00918
02766
00321
02988
01291
02234
00156
01626
02535
02824
02907
02234
02362
02685
02322
02997
01124
00387
00812
01656
02475
00466
02897
01072
00239
00058
00224
03044
03060
01935
01179
02286
01247
01841
00866
02967
01468
00438
02200
02510
01596
00055
02210
02309
03068
00052
00270
00425
02944
02212
00720
01340
01598
00158
01575
01040
01111
00797
03102
02849
02401
00243
01710
00912
02015
00205
00000
02488
01490
02271
02641
02415
02920
02988
00751
01883
02515
03187
01888
03182
02229
02617
01057
03071
00183
00496
01036
00518
00569
01601
03155
01268
02979
01531
00936
01709
01754
01815
03071
02083
00719
00487
00235
01424
00945
00219
01317
00207
02243
00752
02348
02008
00072
01974
02310
00342
02074
03196
00420
03175
02906
00410
02659
00112
00705
02138
00303
00153
02069
00003
00066
02924
00184
02820
02954
00134
02906
01978
01065
02039
02383
01374
02710
00060
02300
01166
00352
02902
02794
02806
00787
01030
02556
01947
00051
00552
02365
02756
01893
00809
00083
02053
02094
00167
01041
03049
00338
02851
01704
03003
00862
00485
00764
02033
02370
02541
03093
01974
00150
01041
01964
01554
02173
00056
00742
01465
02599
01585
01181
02157
01520
02353
01369
02960
02726
01639
02909
02506
00616
01726
00734
02003
02601
02479
02767
01373
02900
02495
02775
00417
01802
01564
02660
02949
02950
00848
01369
01255
00162
01440
03043
01929
00370
00643
01769
01305
01038
01986
00417
02651
01006
02473
00448
00373
00878
03047
02505
01623
01264
01287
02823
03013
02336
00907
00150
01666
00467
02082
00027
00410
02185
02951
02323
02508
00913
00630
03145
00659
01867
02378
01762
01104
02057
01720
01170
00662
00911
00162
02673
01937
00698
02969
00360
01171
01981
00498
00837
00445
00902
02819
00495
01862
00831
00763
00691
01259
02544
02907
00572
00883
01601
01173
01825
01886
00221
00575
02073
00042
00499
00244
01226
00193
00854
01352
01854
01666
01348
01765
01398
02666
01604
00070
01945
02271
02728
02704
02629
02969
02738
00008
02951
01965
02259
00437
01765
00311
01551
01555
01688
03108
01020
01777
00599
01818
02153
00744
00206
01156
00282
01784
02990
02493
03122
02880
02909
00472
00810
00346
03150
02442
01661
01489
01516
01717
00486
01471
02352
02065
02497
00264
00211
02809
00142
00045
02333
01616
00405
00333
02139
00142
01187
03134
00622
00490
02290
00964
02688
03110
02342
02028
02898
02034
00116
00648
01329
00894
03037
01991
01288
01695
00664
01904
00142
01693
02318
03131
01184
01815
02303
00716
02985
00915
01858
01229
00829
03110
01705
00551
00965
01596
03075
02524
00213
01157
00955
00260
00154
00124
02589
00481
01519
02709
02233
01313
02574
00387
00352
01969
00227
01187
01611
00057
01020
03080
02140
02359
02077
02596
02300
00059
01137
01167
01059
02109
02394
02423
02294
00918
01513
01573
03082
00673
01129
00296
02118
01519
00662
00544
02663
00929
01515
02216
00286
00358
00537
01249
01748
00018
02195
00024
00013
01495
01478
02323
03050
02978
02791
03197
03016
02452
00484
00747
02439
00027
02428
00522
02277
02605
00746
00615
00648
02337
02621
01499
00154
01194
02883
00785
02702
00880
00291
00438
01794
00204
01674
01851
02621
00928
01662
00202
01495
01106
00974
01603
00120
02019
00170
02289
02616
00431
02255
01102
02342
02243
02266
02159
00100
00982
00574
02061
00496
02022
02513
02482
00125
00241
00897
00893
02559
00972
01443
00273
01350
00034
01644
00288
01602
03085
02168
03087
00869
03146
00904
00071
03110
02972
02121
02200
00929
00064
03023
00457
02907
03080
02081
00448
00164
02839
02541
02890
00277
00312
02012
01672
02617
02267
00640
01783
00840
02476
00234
00922
01678
01233
01881
00710
00491
03009
02317
02314
02931
01212
03001
01081
02998
02922
02198
02325
00153
02708
01812
02329
02915
01017
00171
02786
01620
02894
01744
02876
01007
01366
01924
03141
01625
00281
02182
00192
02650
02628
01577
01529
01024
00541
00064
00336
03170
00288
00821
01251
01410
02619
01465
00604
02892
00547
00021
00212
02235
03153
00672
00098
02715
02973
01353
03013
01641
03189
00724
00425
01494
02618
00418
02969
00490
00183
00552
00642
00198
02750
01538
00864
00770
02017
00800
01544
00052
00330
02462
02448
02066
02104
02994
01630
01967
00022
01215
02636
00097
02106
00262
00373
02756
01975
01276
03103
03159
03167
01206
00069
02755
01496
02176
00575
00572
02137
00654
03088
01921
00642
02634
00588
02173
00598
01356
00676
01936
02902
00616
01935
01127
01594
01888
03095
00775
03150
00442
02878
02666
00232
00173
00523
00704
01026
01333
00180
00598
02936
00710
02793
03092
00479
02717
02875
01440
00383
02609
02599
01825
02415
02376
00579
00542
00076
00423
02820
01156
02837
02274
00041
01606
02086
01361
02632
00543
02383
01443
02419
02035
02321
02444
02695
00339
03188
01946
02833
03103
01160
01958
02140
02758
01014
02149
02203
03114
01473
01054
01583
00670
02335
00118
00022
03089
02414
02791
02802
02372
03029
02895
02481
00567
01656
02980
00861
01442
02007
00966
00642
02591
02372
00109
02743
01509
00127
00577
00587
00302
02159
00905
00654
02234
01663
00763
02361
03053
02195
01586
02810
00404
01318
00061
03104
01477
00770
01363
00352
02148
02330
00421
02370
01986
02439
00588
02347
01631
01181
02146
00647
01616
00298
02348
01170
02492
00203
02804
01988
02560
03178
00374
01623
02291
01367
01008
02422
01475
03074
00604
01540
03198
01107
00314
02949
01325
01830
00902
00557
01307
00614
00074
02435
00947
00581
00972
02354
01159
01941
01127
03180
02285
01094
01783
00251
02116
00508
03182
01766
01748
00588
02564
01980
02131
00660
00907
00768
01924
01140
01632
01969
01146
00109
01277
00500
02299
02068
03116
01760
00127
02034
01110
01510
02136
01403
01018
01627
02027
00809
00313
02340
02972
01589
00909
00125
00712
02930
01946
02150
01772
02886
02461
02730
01635
02757
00897
02445
02636
00876
00912
02833
01034
02934
01094
00741
00228
00606
00962
00875
03149
02162
02902
02276
01855
00401
01853
01211
00576
02561
03180
01898
00903
01519
01537
02445
00696
00772
00984
01409
01482
01056
01469
00056
02185
03125
01083
01309
02231
02755
03091
00542
02254
00491
02632
00347
00993
00563
02263
00489
02464
02773
00389
01986
02810
02756
01872
01229
02141
02364
01543
00006
02329
01028
01781
00202
01250
01475
00697
03138
01268
00764
02225
00489
00209
02728
02453
00315
02854
00495
02208
00892
02508
00770
02920
03106
00362
02071
01871
00096
01207
00514
00914
02255
02013
00109
00895
02491
02809
02612
01603
02312
02239
00991
00737
01984
02875
01469
02239
02490
00818
01433
01626
01895
01063
00412
00538
03004
01017
02367
00449
00695
02857
02410
00124
01041
00826
00942
01308
01279
00561
00284
03166
01316
02108
00448
01638
02838
00751
01981
00971
02315
01961
02822
01227
00544
03093
00311
03103
02245
01100
02446
00234
03145
02968
01544
01099
03070
00212
01820
00914
00521
03055
00270
00910
02632
02447
00242
02692
02528
02002
02750
03005
01122
01583
02058
01719
01945
02299
02918
00251
01906
01416
00856
01550
02952
01512
01264
00641
03148
03151
02954
02979
01614
01558
00928
02263
02474
02908
01097
02048
01937
02887
03026
02200
01907
02280
03064
02912
02118
01597
00319
00434
00630
02383
00113
02290
02921
02940
01974
01315
00045
01615
01357
00918
00193
00523
00613
03005
03197
02887
01946
01181
01438
01075
01167
02786
02930
01016
00804
00012
01564
02750
02772
01351
02437
00199
03118
01369
02272
01720
03054
02357
00343
02168
02488
01964
02135
01969
00112
02243
00629
00628
00824
02079
02043
00249
00519
02589
02835
00132
01762
02814
01935
01250
03002
01216
01235
02323
01763
00008
03040
02946
02732
02874
02173
01391
01951
01963
01156
00621
00598
01262
00454
00775
00504
02891
02204
02814
00591
00206
02187
00814
00903
03067
01427
00526
01798
01439
00276
01750
00226
00321
02014
02619
02563
01592
02131
02646
00727
00726
01851
02467
00427
00322
02212
02340
02605
01379
00372
00293
00891
01528
00141
00795
01255
02373
00027
02342
01098
01512
02429
01206
01281
02762
02381
02377
00521
03121
00526
02514
02611
00113
01649
00566
01923
02754
01732
02287
02987
02989
02552
03155
00031
02465
00461
01007
00085
01698
02076
01549
03099
00417
01984
01749
02708
00870
02210
01680
02128
02730
02016
01287
02055
00321
02458
01034
01906
01652
01496
00141
00967
02285
00283
03052
