00696
01045
02874
02099
00006
03690
01379
03039
02731
00522
00807
01361
00823
01513
01236
01998
03512
00328
02560
02068
01518
02237
00118
00654
01722
02313
01929
02563
02191
01781
03405
00931
02257
02186
02557
02639
00585
01948
03702
00044
01250
00130
00619
03252
01494
03236
00882
03785
00106
01121
01403
01150
01753
01165
02769
03028
03299
01147
02121
03726
02870
02268
01912
01026
00525
00412
00025
02621
01276
02038
03675
00425
02574
03764
02960
02541
00318
02213
02234
02425
03465
00138
02713
02421
00997
01422
02528
01917
02035
00154
03605
02027
02743
00211
01750
01225
01656
00329
03025
00449
03187
03660
01932
02515
02506
01669
00572
03722
00338
01750
01537
00771
01426
01007
01325
01291
02455
02214
03013
00877
01325
00162
03056
01908
02823
00116
01757
00027
03359
00491
01242
01599
00578
01691
03663
02301
03258
00400
03192
00701
01983
02517
02905
02842
02280
01435
02748
03213
02747
02376
02094
01814
03652
00655
00111
01231
01002
03613
00968
00012
03781
03647
02479
02242
01516
00949
00006
01971
02123
01267
00426
00684
02673
02572
01695
03739
01015
00939
03097
00672
03309
03064
03077
02934
01455
02492
00646
00910
01300
03225
00203
01169
03119
02152
00557
02048
01502
00896
01095
01698
00952
00312
02734
00553
02780
02169
02128
02745
00220
01275
03449
00678
00936
03139
00328
03737
02119
01605
02760
02670
00601
00012
01714
01781
02064
02179
01704
00884
01596
00767
00764
01325
00869
03491
03511
01785
03723
00015
01886
00897
01066
01471
01799
00100
02226
01195
02401
02330
02154
00088
02353
01395
03660
03602
00929
02229
01884
01876
02971
03073
02578
00582
02211
02593
03375
03121
00562
02496
01283
02299
02983
03789
02965
03778
00704
02846
01829
00774
01958
00845
03355
03671
02502
00969
03418
00135
00892
02068
00951
03470
00578
03068
01547
01105
01527
00825
02184
02798
02602
01290
00921
02735
01125
03612
02785
02824
00127
03488
02685
02695
03242
03431
01462
01871
02331
00740
01503
01400
00063
00415
01677
02910
02042
03570
01508
01116
00859
03753
00726
03590
03300
03139
02366
01976
03710
01007
00907
02455
02561
01469
02824
03713
02624
00987
02800
03059
00691
01016
03607
02783
00718
03496
01715
01392
00223
00909
03737
02548
02517
03246
02812
03060
02196
03647
03609
02235
01420
03412
03038
00705
00209
01939
02913
03795
01430
03117
01084
02928
02531
00017
02117
01058
01453
01182
02116
00455
03572
01442
01606
02708
02952
02475
01055
01557
02724
02209
00348
00515
01605
03735
00302
03514
02748
02740
03043
02406
03271
00746
00166
03426
03118
01739
00447
02092
02424
01514
02245
00488
02486
03237
02919
02496
00575
02149
02274
00893
03003
00111
02228
01876
01892
01547
03008
03296
02334
01574
03235
01335
01863
00190
02451
00204
03256
02689
02471
00993
01116
01466
00512
03111
02864
03530
03255
01444
03456
02215
00201
03471
01979
01307
03133
00642
02652
01212
03679
00260
02906
02291
02084
02035
02753
03091
02493
01275
00263
02121
02785
03021
02939
02466
02963
02815
02719
01093
03291
01540
02102
00893
02864
00664
02536
00243
01147
01297
02291
02607
02415
01317
01284
03488
00700
01229
00675
01864
01834
01731
01020
01613
02347
01733
03490
00925
03610
00829
03494
03793
01367
02204
03581
00532
03076
02651
00615
00921
01802
01822
01244
00087
03316
02885
02289
01042
02557
00440
00768
00790
02542
01727
02806
00898
01343
00251
00709
02055
00007
00117
03090
00668
00679
01160
03209
01224
01896
00637
02996
01650
01013
02564
01643
00520
01691
00817
01645
00195
00692
03699
00668
02451
01547
02676
00647
00860
03299
01829
00448
02133
00104
03594
03286
03264
01022
02189
01590
03211
00752
03290
01482
00427
03721
03366
02587
01479
03127
03629
02771
03328
01301
02167
03627
03035
03663
02150
00843
01199
01256
00550
02672
00338
01824
02137
03327
01571
01362
03222
03776
00203
03689
02805
02614
02814
01514
00810
01698
01855
02684
01812
03719
02429
02180
00673
03241
01584
00269
03552
03367
01343
01405
02258
03735
01058
00747
01837
02008
03367
00053
00751
02715
00476
00062
02748
02379
01063
01155
03323
02755
02125
02766
02051
03062
00317
00236
02998
01962
00185
02322
02751
00382
02312
00213
01077
03539
03314
01710
03180
02566
01530
01828
02100
02083
01929
00475
00016
01381
01460
03450
03558
00794
01524
00810
01134
02652
01846
02715
01840
01610
00127
03265
02054
03397
00822
00315
02923
03206
00038
02156
00600
02877
01038
02650
03297
03092
01486
02452
00024
00786
01416
00905
01917
00411
01513
02939
02624
00900
02011
03419
00797
02381
03168
00190
00235
02280
01509
02324
00289
00693
02736
00897
00133
00512
02896
03477
02459
03690
01296
00310
02774
02811
00903
02781
03078
00386
02615
00366
01798
02323
01303
02088
02624
03207
03264
03605
00328
00602
03440
00924
03714
02477
02110
02738
00976
01579
02812
00183
02492
03145
01578
00764
02231
01439
03468
03594
01547
02083
00338
02677
03771
02796
03296
02664
01205
01044
00297
03242
02521
00407
01733
03535
03169
02504
01092
02513
00109
01707
02870
00301
01090
01197
01672
02018
02846
02431
01797
01411
00098
03034
01727
01374
03340
00644
00944
02421
02313
01472
00490
02146
02635
01852
00014
00984
00940
01996
01789
01420
00144
03044
03633
00722
01096
02858
02279
00868
03384
03170
00548
02582
03222
01723
01681
01172
03781
02831
01860
03628
01158
01887
01844
03784
00978
00621
03401
00972
02455
00699
00125
00535
02892
01433
00331
01516
01874
01796
02403
03119
00785
01538
00550
00517
00740
02754
02972
01468
03650
02079
00896
00089
03154
00286
02573
00481
01858
00213
01352
03063
00124
03179
01209
01852
00390
02143
03367
03245
00436
02384
01286
01214
02604
02227
03368
01972
02430
02555
00877
01937
00134
01643
00872
02848
00807
01535
01377
03456
03158
02353
02456
03317
01488
03247
00596
00281
03009
00393
00280
03714
03186
02904
02655
03142
00262
00602
02508
03009
02281
01282
01544
00751
02078
02221
02232
01733
00771
02071
00778
01193
02123
02180
01045
00330
02800
01242
00963
02809
01210
01443
00868
02719
00513
01569
01143
01689
02235
01978
03135
03407
02538
01547
00128
01858
00981
00753
02324
01307
01521
02347
01271
03448
00508
02050
02811
02745
00623
01162
03185
01145
01597
00635
03701
00064
02443
02744
01436
01789
02110
03656
03389
01425
03140
03603
03281
01911
01600
01028
02392
01967
01670
00717
00089
03625
00390
02081
00734
02791
02728
01458
03346
01020
02509
02330
03224
00536
00462
00767
03345
01445
00820
00312
01329
00548
02347
03596
01839
01976
00299
01962
02440
01197
02276
03290
01366
02681
03141
01042
01362
01216
01401
02110
02811
00902
01200
03271
01977
01796
02181
02251
00987
02318
02393
02069
02537
03780
00755
03483
00967
00212
01906
01230
01319
01160
00089
00799
00122
03419
01157
02700
01922
01391
01334
01177
03255
03651
02527
03428
01812
02984
02524
00425
02805
03634
01640
00060
03280
02236
03656
02916
02205
01324
00440
01604
00283
00158
01519
02838
03448
01844
02761
03409
02460
00042
01281
03433
03627
03663
01713
03413
00629
03184
02216
01835
01356
02039
00662
03760
02641
01473
03335
02132
01172
01230
02273
00793
03110
00769
02124
00477
03516
02758
02558
00749
01954
01131
01880
03009
01458
03551
01368
02399
01256
01344
02483
03663
02067
02553
00119
01573
03714
00968
02554
03061
00728
03573
02419
01681
00045
00814
03459
00646
03635
02287
00159
00717
03258
03047
03645
01189
01608
03686
02849
03029
00953
02435
00811
02295
00318
02706
01502
01448
00509
03074
01079
03757
02573
01213
01544
00695
00725
01392
01208
00039
01368
01322
02753
01660
02014
01346
00342
03457
00666
03465
01351
01252
02755
00038
00514
03353
00202
02464
00288
03781
01367
02662
02553
02830
02776
00851
00885
01032
02688
00493
02040
00778
00727
03452
02016
02719
03395
02008
02894
00193
03019
01771
00015
00048
00236
02117
01710
03223
03090
00950
03720
03247
02709
00847
00396
01397
03477
02001
01717
00863
01155
03287
02165
01373
01605
02016
00903
01850
03430
02292
03105
01577
02888
03000
03005
03356
00222
03348
01650
01663
02899
03761
01212
03379
02161
02416
02404
01807
00479
00766
03429
02337
02786
00435
02101
01922
03734
03138
01027
00664
01681
03203
03436
01237
00780
01452
02700
02980
03471
02862
00171
00844
03704
02403
03661
00580
02128
00406
02790
02558
00906
00755
00649
00281
02472
03437
00555
02951
02692
03294
00080
00165
00536
02657
01257
01049
00715
02467
01553
00069
00889
01696
02843
02313
03037
00754
03426
02767
03470
00053
01308
02456
02203
02294
03740
03228
02907
00033
00538
00023
02933
01545
02778
02119
03089
03618
01302
02553
01906
00442
03424
00571
01489
00318
00279
03772
00159
02634
03725
00152
01278
02776
01668
02264
02901
02450
01483
00206
02814
03602
03257
01853
03725
02862
03068
00135
03519
02017
01717
01601
02260
03676
01580
03337
03163
00492
02012
02144
00801
02629
00803
01314
02086
03197
01601
00129
03428
03475
00978
01649
02140
03221
02289
03327
02631
02921
02786
03651
00182
03011
00716
00461
01454
00774
03658
00332
02659
02638
03413
01704
02072
02513
03296
00449
02681
01222
02047
02073
00685
01285
03052
03284
00947
00510
03687
02840
00871
02382
03546
00647
00545
00116
02646
00097
00363
00994
02446
00543
03413
00975
00638
00994
01615
00897
02647
03618
02274
03448
01450
02787
02403
02789
03262
02105
01229
03089
00504
00756
02242
00538
01262
00430
00478
02464
02984
03609
01376
02926
02891
03759
00341
02596
02819
01945
00947
02978
01301
02416
00655
02678
00782
02202
01339
02158
00859
03604
03095
03274
01271
02751
03035
03248
00170
02453
02031
00963
02364
02210
01000
03566
02270
03679
00095
03441
00424
02905
02254
02078
03085
02848
02434
01926
01408
02724
02136
00365
01513
01690
00734
02092
01119
02956
00023
01205
00524
01687
00337
02360
01632
00534
03007
02148
02075
03660
03206
02354
01362
01302
01999
03163
01356
01358
00072
02506
00050
00820
01735
01084
00738
01343
03524
01372
01615
01345
01761
00611
03678
02193
00744
00772
01422
01162
02778
02854
02021
01777
03616
03618
03468
02868
01295
03477
02710
03485
00997
00583
03330
00030
02530
01777
01570
02566
02694
03150
01656
00257
00037
01264
02524
01990
01265
03355
02420
02138
02532
02303
01273
02939
00927
02151
01321
00015
00260
02438
00895
03570
03365
01401
03107
02741
01096
01495
01159
01132
02432
01526
03159
02936
02296
00183
00843
03419
00806
02745
03597
00083
03001
01083
02490
01101
00697
01459
00599
00539
02194
00244
00570
01576
02812
01868
01009
01631
01002
02947
00458
01068
02565
02671
02353
02346
01405
02397
03455
01620
01675
01546
00469
01327
00046
03215
01077
01244
01112
01155
03465
02412
01724
02666
02403
01667
03270
02619
02544
01103
01599
00104
03026
01482
02723
02166
02792
01347
00505
00540
00308
03084
01966
01929
02697
00380
00558
02302
00582
01100
03737
00594
02284
00686
02574
03676
01592
01257
03615
00099
00517
01969
03288
03306
02977
00244
00253
03727
00106
03495
02847
02882
00245
03327
00162
01947
03739
01004
01510
01348
00977
01632
01216
01814
03730
01813
00165
02575
00259
03603
02002
01960
02714
03025
01211
01165
01748
03179
03070
01286
00906
01922
01155
01995
00663
01450
00371
03076
01569
03453
01001
00398
03785
02428
00569
02649
00425
03117
01172
02350
01961
01232
00541
01774
01861
00587
00539
02814
02751
03750
01020
00367
03468
01473
00250
00625
00822
01593
02788
01151
02230
00633
02324
01718
01755
02389
01568
03040
01659
00122
03071
02181
01597
03209
01314
02225
02025
02963
00517
03456
02861
00079
00905
03469
03540
01966
03415
02330
02405
01751
00027
03082
00942
01758
02858
02594
01626
03279
02449
00079
01294
02144
02651
03545
03156
01925
01167
02460
01706
00165
03652
00255
00979
00410
03002
03693
00967
03582
03599
02697
03161
03688
02834
00479
01485
01110
03759
01998
02484
03373
02895
02137
03309
00787
03292
02988
01026
03646
02214
00772
02980
00053
00077
03727
00276
03028
00619
00027
02480
00365
02957
03643
00589
02081
02230
02355
00151
01943
00944
02988
03010
01571
00424
00947
00116
02000
01028
01260
01850
02376
01852
01925
03004
00983
00643
00933
01573
01288
03296
01219
03426
03055
00013
00386
02207
02230
01915
01802
02472
02003
02760
00562
01939
01303
00023
03249
00272
00681
02930
00685
00121
01768
02293
00243
01748
01927
03386
02356
02586
00987
00765
02960
00651
02865
02284
00804
03008
03770
02165
00951
02949
01432
03796
01915
01321
00258
00159
02047
00563
02867
02503
03161
01787
02217
01301
01409
02186
02298
00343
03240
01279
02169
03486
01615
03310
02717
03501
02917
02399
00762
01848
00976
01217
03345
02151
03460
03129
03634
00429
00881
03043
00291
01569
01918
00155
00896
00360
00900
03641
00194
03557
02014
03119
00477
02191
02356
00152
02664
00061
02783
03782
02553
00408
00703
01528
02585
03109
01568
00814
01195
03525
00506
01723
03131
00563
01407
03742
00209
03082
00472
01221
00012
03209
02225
00334
03003
02564
03435
01123
02055
03519
01816
01074
02620
00545
02337
00190
01102
00107
01339
02981
00073
01764
02952
03079
00904
01106
00025
01872
03111
02351
02377
03442
03668
00494
01853
00282
03272
01072
01728
02684
00956
02159
02171
02254
01726
00247
01681
00735
02715
00540
00529
02098
03174
00252
03269
02067
00671
01897
01895
00828
01127
02915
00098
01684
03583
01840
03086
01573
00072
01737
01798
03472
00901
00506
00116
02760
02908
00061
00669
02375
02140
00301
03734
03097
02713
02738
02853
02691
01242
02685
03269
01951
00596
00345
02241
03311
02783
03756
00041
02148
00974
00257
00898
03546
01612
01620
03384
00105
01682
00905
00855
00723
02413
01977
02431
03565
03460
03041
00638
02340
02647
02609
02095
03637
01914
02262
03016
02992
02569
01909
03321
01754
02350
03309
00680
00398
00983
02471
00898
01856
02978
01509
01660
00846
02066
00780
02831
01202
03339
03111
00082
03768
03616
00457
03298
01889
01807
02783
00164
03402
00394
01320
03082
01652
01382
01577
03100
03792
02040
02865
00774
02623
01595
00694
00672
02099
02446
00115
02299
00430
03747
00239
03734
01205
00915
03714
00576
03112
02572
03550
01929
00337
03260
02960
03137
02390
01199
00226
01978
02813
00629
03590
03009
02499
03783
01377
02102
00536
00519
02345
03622
02891
01839
00108
01054
00654
01978
01255
02664
00205
02047
03720
01666
00433
03117
00897
03521
00771
02688
00226
03693
03503
03400
00945
00342
00943
02786
02624
01100
02792
03112
00899
03788
00646
03380
03332
02902
03311
03627
03541
00067
01918
01020
00625
03356
00806
03151
00008
01030
01800
03306
00174
02266
01548
01495
03526
00289
00128
00633
01576
00324
01600
02541
01164
02537
02002
02878
02225
00233
02740
01513
01511
01951
01389
00007
01973
02955
03268
02408
00728
03084
03345
00524
00193
02437
01566
01524
00570
01974
00250
01824
02805
01723
03530
00802
00528
00353
03564
02888
02696
00253
03209
02591
00577
01055
03190
00250
00248
02043
00288
00250
03718
01120
02465
03192
02353
02897
00275
01893
03656
00810
00760
03218
03730
01613
03164
03396
00356
02737
01728
02575
00030
03156
01075
00851
03456
00367
01878
02860
02934
03256
02733
00819
03581
01725
00269
02186
00457
01580
00279
00869
02629
02487
00639
03516
00189
01317
00185
00133
01219
00812
02025
02766
00357
02994
03445
00088
02711
01772
01481
03783
02139
01325
02014
02869
03281
00799
00657
01935
02252
01584
01876
01096
02211
01924
03147
03697
03697
00672
02605
02450
02546
01719
03316
00969
02442
03693
03075
00201
03379
01152
01043
02775
03450
01111
02713
03758
00319
00123
03400
02298
01704
02866
03095
03009
03505
02042
02583
03598
00769
03418
02420
01535
03740
02844
01053
02494
01569
00743
02601
00796
00007
01818
01975
03489
03233
01362
02050
00209
00811
01804
03423
01760
01895
00462
01589
02686
01577
00135
02912
01894
00987
02967
01730
01432
03165
00377
00511
01870
03797
00198
01555
00532
02384
00443
00330
02656
00914
03242
03539
03225
02967
02158
00018
02213
01494
01887
00561
01658
03015
02006
01882
03230
00121
02467
02907
01921
01746
00666
00351
02792
03356
01635
00613
02645
00608
02473
03767
00665
01906
02930
02393
02484
02193
02381
02428
03076
01841
00755
02406
01241
00351
03427
00984
03201
00952
02921
02972
02783
03383
03785
02128
00485
02769
00085
02827
01019
03230
02703
03171
01360
01270
02832
03665
02789
02661
00838
01866
00809
01053
02324
01930
00447
02742
03443
03447
00924
03789
02414
00760
00684
02686
01316
00488
02212
01359
03415
00642
00466
02403
03049
01458
00736
02560
02926
01910
01224
02022
00828
03320
00433
02852
00815
02785
03304
00192
00841
02819
00466
00690
01262
00306
00637
00981
01886
00617
02207
01596
03420
02349
00262
01373
01267
00704
02862
02221
03649
03428
02697
00288
00755
03481
01512
00362
01319
00725
03160
01463
02553
02431
00816
02948
00181
02520
01343
00320
00555
03671
02474
02154
01961
03312
03507
00688
02970
02696
03205
00513
00188
03599
02123
02160
03447
01602
00209
02277
00810
00836
01291
01082
00287
00952
02361
00199
02159
00670
00604
00866
01392
03215
02706
03582
01010
00695
00613
02967
00001
03711
01018
03272
03509
02603
00940
01457
02373
01550
02761
03584
02346
00784
02493
00754
01936
03186
00858
03110
01839
00062
03721
00143
00920
01389
00274
02124
02410
00654
02728
03662
00549
02056
03632
02117
03126
01397
00871
03551
01552
00667
00771
00639
00436
01495
03442
01949
02911
02592
01447
01455
00098
00789
00067
02860
01959
00581
01807
03353
02215
00634
01856
02730
01504
01808
00979
00398
03524
03439
03720
02519
02013
00482
03260
03469
00252
02588
03766
03231
01512
02159
02075
03133
01548
02960
01468
01932
00002
03426
03301
03255
02459
02125
01481
03078
01552
01403
03305
00022
01666
02975
01523
01269
02550
02146
00791
00439
02885
03747
00453
01770
01264
02146
00114
01555
01328
02642
00298
02844
02859
03777
01599
03674
03627
02725
00359
02934
00008
02660
00748
01920
00150
00680
03252
00411
00577
01037
00769
00602
01005
00944
00907
01845
03298
00239
00225
01575
02916
01911
01159
00599
01624
00277
01665
00976
02499
01621
02918
03295
00093
03488
02240
02914
00106
01670
01959
00888
02425
03568
02541
00232
02926
02616
02700
03657
03394
00103
01124
01811
00978
01747
00977
03025
00973
00124
03729
01588
02398
03113
02346
03789
00706
01451
03610
03454
02491
00781
03104
00101
01243
00454
00432
03342
01565
00726
02981
03084
00164
00521
02990
01588
02455
02482
02586
00903
02748
03631
01152
03433
03009
00021
01168
00514
01675
03160
00141
03513
03277
00657
00532
00760
00642
03581
01925
02144
03253
00565
01696
00042
02653
03271
02036
02662
00367
00857
03328
01348
03291
01917
01948
02149
03249
03213
00706
02701
01964
03260
01462
00047
02532
00863
03669
03004
00826
00678
00793
03498
02748
00731
03554
03758
03480
00278
02305
00309
01965
03666
03646
02780
02877
00464
03361
00266
02311
00838
03661
01151
01002
00811
02569
01828
03339
02897
02288
01118
03351
02296
03504
02472
03292
00515
00039
01724
00801
03234
03498
00653
02799
03427
01823
02092
01783
01293
00178
03446
02114
01674
00645
00190
03584
01120
03433
02868
01024
00389
03585
03361
02342
01605
01141
00182
01482
00714
03756
00368
00749
01502
03666
01410
00575
03783
00345
00792
03084
03151
01284
01987
01229
03471
02327
03101
01162
00072
02962
02435
02309
03142
00660
02530
02329
02122
03644
03335
02770
01714
01243
02944
01599
01423
02174
00968
01850
03522
01535
01155
02080
03027
00530
00710
01083
01376
00629
03673
00740
02519
03017
00957
02678
00104
02182
03316
02639
03474
00562
02409
02687
01552
00706
02261
03627
01496
03249
01675
02339
00328
00669
02665
01983
02581
02889
01491
00777
01937
01093
03437
01851
00496
02898
00453
02977
00352
01049
01963
02753
03586
02731
01895
02247
01337
00571
00405
00429
02446
02896
00582
03432
00318
01519
00382
03253
03184
02045
02454
02066
00543
01193
03302
01218
03720
02184
03137
02944
01984
01226
00580
02797
02806
01554
01396
02164
03304
02907
00835
03530
00341
00638
02175
01011
01446
02112
01423
02295
00642
00552
03019
00996
01252
03263
00439
03029
03307
00991
01299
01368
00382
01790
00218
02854
02305
03580
03381
02563
01825
01527
01916
01413
02928
00520
00472
02617
03534
00438
03664
01280
02324
01489
01366
01361
00198
03377
03068
02121
01004
02685
00752
03309
00245
02191
03186
00280
01409
01804
01262
02992
02560
00793
00707
00586
01772
00514
01463
02510
00945
01812
01204
00597
03365
01522
01682
02766
00631
00693
01882
03433
01920
02211
01093
01179
02520
03522
03431
02632
00463
00783
02387
00190
03114
01519
02892
02117
01021
02758
02198
00917
03059
00326
00799
01905
00335
01071
00861
02255
01501
03453
00380
00881
02003
03232
03356
00109
02325
01124
03717
01760
03034
02976
03713
03594
01569
02756
03404
00059
03415
00811
01834
00324
01104
03368
02157
00496
03030
01085
03449
00808
02603
03687
03287
01541
02568
00821
02674
02369
03552
00967
01217
01135
00572
02644
01073
01161
00995
03435
02271
03135
01821
02795
01831
00733
03796
01134
02963
01366
00272
01312
02164
03492
02790
01381
00982
00602
02020
03585
02555
03569
01619
02097
03695
00790
02273
01118
03162
02020
01466
02610
01903
03630
03227
00635
00489
00405
02563
01748
03797
03759
03087
01043
02904
02729
00728
00101
02821
02675
03090
03517
01451
01513
01916
01532
01001
00387
02471
03291
03231
01546
01820
02420
02531
00722
03095
02710
00756
02255
00338
00366
00046
00640
01551
00434
00130
01073
00382
01370
02001
01740
02247
00352
03182
00855
00877
00350
03725
00257
03688
00622
02804
02021
03469
02588
00292
01689
03171
01584
00315
03185
02300
01968
01362
03772
02942
03515
00150
02305
03189
01816
02285
01682
02487
01036
00431
03525
01052
02610
03343
00900
03704
02452
02420
03547
02191
02624
01696
02598
01027
00310
00188
02701
00869
00406
01550
00648
00974
02111
01448
01940
02200
01002
00910
01616
02398
00053
01228
01921
00468
00259
02274
02832
03165
00505
03245
01414
02039
00003
02738
02558
02485
00404
00986
02856
03497
02493
02205
03590
02243
02876
03796
00687
02235
03510
01247
00058
01135
01576
02687
03333
02881
00551
01738
03178
00257
01480
02697
01410
01234
01169
01679
03620
00779
00437
00248
00486
02164
02319
01595
00308
01443
00374
00742
02391
03738
01823
01829
01228
02999
02801
00270
01573
01408
00513
01076
03749
02136
01093
00949
00189
02003
03749
02426
00340
02465
01774
00107
03259
02843
03233
01125
00814
03296
00600
00490
00718
00849
01817
01234
00363
02409
03131
01035
03431
03219
02100
02563
02246
03503
03405
01837
03089
02765
00109
00344
01642
02901
00810
01488
01074
03080
03415
02198
03086
00606
03543
00147
01960
01621
02984
02669
02738
00714
01930
01787
03237
01544
01398
00435
01623
03154
00988
03413
01387
00374
02692
03348
01323
00073
03294
02601
01632
00073
00414
01275
02170
01778
03415
01471
03563
03617
02120
02951
01917
01830
03779
01355
01524
03146
01594
00961
00486
03013
01693
03089
03383
03394
02126
02538
01826
02561
00518
03507
02089
03465
02520
01007
01613
03704
03610
01336
01945
01744
02069
02422
01409
02497
01554
02917
02712
00357
02756
02872
01254
00587
02108
01069
02241
00267
01103
01967
01859
02339
02444
00818
02737
02108
01058
00831
01115
01676
02959
01036
03751
01264
01475
02150
01440
00414
03698
00149
02509
02781
01104
01509
01844
01777
02110
01605
00028
03655
00019
02134
03474
00401
02439
02354
00931
03430
02713
01542
02905
02841
03640
02621
03105
02100
02302
00818
00056
02890
01976
03737
03742
03070
00194
02587
03683
02075
00695
02445
03366
01040
02310
00036
03036
02743
00241
03247
02277
03699
00623
00464
01394
03572
00089
03760
01731
03657
01242
02374
00869
03184
00975
03348
01592
01188
02773
00719
02583
00044
02770
02288
00057
00900
03516
03476
