00386
00926
02087
02800
00779
00798
03230
00427
00848
01008
01556
00633
02308
02627
02134
01512
00282
02592
00574
02012
03467
00650
00454
02459
00765
00919
03350
01041
02190
03369
00592
02742
00387
01172
03111
02092
02431
02564
01391
02661
03032
01567
01485
00274
03216
00636
00059
01855
03038
01791
01682
02748
01379
00395
00064
00211
03144
03426
03376
03036
01983
01804
00451
00658
02890
00605
02988
01980
00473
01189
02172
02329
01914
01547
03397
00636
00999
00117
02532
02273
01348
00272
02470
01949
00751
00884
00212
00689
01843
01728
03387
01382
02092
00836
02775
01603
03066
01735
00689
01340
00092
01899
01368
03052
02355
01108
02896
01015
00532
00482
00361
02315
00114
01655
01751
03037
00687
02865
03056
01302
02271
02936
01592
00623
02994
02377
01810
02382
01879
01828
02879
00740
00121
02752
01742
02673
03350
01501
01575
02303
02708
02489
03438
02364
00871
00131
02769
02570
00511
01954
00742
00936
00774
00431
02286
02615
01489
00947
01086
00107
00713
02164
01521
00820
01160
01907
02092
00321
01980
03486
03358
02920
01971
00703
01335
02412
01120
01381
01063
01405
02858
01599
00225
01851
00962
01981
00818
02154
02989
01655
01949
03172
00689
02713
00216
00340
00721
01355
00073
01787
01223
01901
02876
01918
00885
01297
02676
02004
00752
01161
03358
02710
02217
00985
02336
00297
02915
01369
03016
02872
01970
01416
02045
00711
01290
03333
03243
00331
01399
01543
01620
00328
00265
01048
00774
00357
03037
01614
02037
03344
00555
00254
01037
01850
00652
03479
00237
02933
00943
00408
03379
00336
03339
01421
01888
01932
02920
00536
01780
03291
00771
02752
00615
01651
01721
00983
01763
02853
00180
03026
01882
03370
02613
03393
00848
00959
00362
00297
01527
03272
03336
02549
01511
02736
02989
00440
00656
02618
00828
01644
03135
02678
03113
03051
02693
02288
03152
01792
00739
01325
00038
00401
01655
01204
01171
02710
00733
00445
03281
02711
00230
02204
01241
00421
01357
00599
00836
02717
00647
02889
03104
00439
03153
01790
03289
00081
02654
01656
02181
01641
02632
00435
00203
03067
02373
02502
00468
03228
01693
02126
03115
01141
02417
02637
00499
02776
00044
02948
00768
03294
00964
02249
02498
02205
01522
02697
01742
03489
00053
01646
01328
00626
00603
01477
02423
00888
02018
02383
00704
02056
02627
02341
02965
01827
00854
00906
00908
00122
00589
03108
02025
02700
00131
02008
02674
03448
03025
03468
03470
03062
02172
00463
02893
02749
01715
00636
01253
00521
00291
01123
01052
03470
03008
01910
01646
01737
00540
03023
00982
01174
01820
03091
00282
01704
01763
03335
00446
01118
00674
00639
00707
02659
00830
03026
01273
01548
02418
01120
00046
00265
02956
02863
02295
02733
00835
00956
03124
02464
01127
01073
00560
01085
00048
01966
00316
01021
02866
01348
02804
00807
01546
01670
02322
02917
01099
00935
02514
01887
01860
02674
00082
00555
00542
03282
01257
02126
00310
03481
01465
00187
02419
01411
02131
02898
02870
01475
02427
02855
01835
02066
01884
01096
02813
00469
02734
00497
01919
02391
02139
01568
02582
03360
02369
01777
02639
02292
02450
02801
03157
03299
01202
02146
00708
01753
02830
03318
02305
00139
02998
03390
03270
02006
02320
03345
02050
01676
01617
01084
03442
01025
02401
00289
00963
00574
01123
02623
00964
01346
01087
02733
01161
01675
01011
00829
02138
00680
00849
00873
00269
01197
00595
03002
02867
02003
01838
00198
03150
00831
01713
00000
00244
01505
01822
01830
00824
03386
02695
00139
02110
02111
00995
03431
02089
01785
00592
02092
03165
01803
03116
01778
02944
01183
01824
01184
00710
02206
00841
02402
00232
02893
01439
00819
00505
00976
03341
02344
00313
02195
03162
02254
03147
02912
00582
02866
01790
01853
02276
00980
00433
00983
00180
00995
00211
00096
01514
02094
00031
03206
01185
02618
00473
01760
02307
01672
00317
01734
02222
02603
01761
00333
01860
00933
00797
01740
02744
02367
01784
03435
01688
02011
00190
02631
01772
01945
00553
01003
00305
00750
02594
03099
00475
01189
00156
01814
01664
03091
03256
02442
02510
00119
00308
02315
03193
02547
01426
02328
01134
01438
00358
02671
02168
00319
00844
02324
02780
02727
02951
02394
00536
00563
00323
00018
01074
00981
00494
03033
02632
03425
02175
01472
00935
01719
02311
02646
02832
02048
01524
01439
03243
00391
02680
02925
02268
00343
00688
02761
02233
01015
02312
00099
03308
01017
00166
00998
03198
02395
01354
00031
02537
01204
00868
00453
00232
01236
03222
02979
02578
00632
00409
00129
01087
02349
00247
00561
01899
01247
01372
00754
03209
01981
00946
00324
01914
00324
01407
03023
00519
02278
01369
02553
01196
03166
01556
01864
00394
02150
02528
01064
00631
02871
02899
02467
01411
02157
00755
00142
00943
00783
03349
02752
00210
01299
01253
00151
00087
02088
00158
01498
02702
02552
00450
00663
02360
03461
02351
03065
00815
00716
03242
01914
02763
02190
00672
02184
02638
03142
01863
01826
03082
00207
02359
01166
00044
01799
02678
02045
01466
01190
02391
03155
00858
01074
00926
01321
00195
01059
01870
00169
00882
02123
01335
00661
01049
00287
00446
00769
01548
00337
02420
01619
02545
02684
00587
01940
03021
03241
00672
01034
00697
02529
00114
00924
03064
03483
01345
00959
00067
00263
01535
01767
02375
00538
00019
02661
01411
02336
01144
02805
01849
00742
02893
01298
00847
02608
02123
00627
00935
02551
02324
00590
03070
02340
03291
02916
01074
00621
00250
02201
02333
03346
03399
00396
03239
03354
00736
01206
00451
00900
02170
02456
00066
03229
00595
02524
02666
03421
02376
01943
01841
00847
02178
01193
02759
00669
01127
02536
00470
01089
00661
03286
02177
01910
01671
02279
03164
00303
02428
01944
03162
02979
02679
03475
00286
03285
00133
01815
01508
03266
01807
01646
01900
02685
02349
02922
01704
02615
02280
01778
00075
02238
01639
03064
02295
00573
01833
02604
00368
02213
02027
03479
00519
02649
01213
01225
01114
00919
00488
00100
01366
03359
00458
01403
01155
01371
00018
02219
02143
00035
02075
01002
00750
02470
01052
00261
00486
02761
01122
03192
00847
02415
02282
01790
02520
03159
02123
02675
03444
00474
03371
02991
00352
03317
00446
00331
00702
00663
00104
01242
02970
01515
02437
02526
02141
02402
03019
00475
01535
02444
01315
02750
01507
02865
00828
01447
02623
00415
02397
02256
01130
00275
02379
00448
03129
03394
02116
00728
01797
01073
02043
02605
02206
01565
03188
02577
02330
02885
02321
00972
01258
00217
01614
00855
01670
02177
02126
00876
01045
02691
01651
00136
01171
00386
03444
01022
03183
03428
00390
02774
01964
03079
02284
02518
03107
02612
00857
00624
02173
01708
01573
01565
01931
03376
00481
01574
02260
00213
02971
01170
00238
00366
01405
00008
03056
01234
01393
00935
01064
03297
01850
00627
01172
01975
02383
00147
02061
01567
03309
02197
01944
02499
02812
01818
03385
03054
03094
00076
02715
02246
01632
01914
00177
02536
03119
01899
02515
00204
01534
00638
01089
01979
01039
03090
02085
01721
02171
01782
00188
00169
01082
02384
02869
00729
00921
00099
00894
02021
00687
03120
01393
00323
01561
01246
03304
01717
03089
00798
02394
00760
03104
02746
02865
02381
01720
02296
00417
00950
01173
01020
01075
02767
01190
01392
00763
00275
03393
03376
01756
02727
02047
01886
00777
03197
01265
00635
00733
00301
01323
03188
01764
00609
02963
03072
02010
00860
01143
01979
00018
03166
02501
00873
01663
01194
01639
03361
00359
03393
01987
02913
01196
01442
02833
02335
02939
03076
02980
00737
01509
01720
02741
00213
02562
00068
01266
01525
03102
00870
02511
00947
03199
00053
02293
01565
00672
01283
02971
03343
02631
00786
01280
00154
02589
02236
02531
03366
01108
01711
02392
02631
00368
01307
02467
03494
03083
02521
03161
00051
01626
02412
00871
00091
02812
02714
00176
03115
01121
00420
01092
00756
02033
02535
00055
02858
01261
00169
02156
00435
00835
00183
00834
00239
01413
02305
01369
02570
02275
03003
00518
02099
00002
01887
01841
00467
03205
00430
00184
01425
02304
03447
02852
03277
02413
00636
01493
01427
00222
02755
02487
01491
00568
02612
00828
02888
03193
01598
02859
03166
01966
00015
02082
03381
01305
00762
02876
03051
00923
03104
03281
01034
00975
02735
00206
02168
01873
03140
01645
01271
01961
00599
01226
02718
02676
00213
02426
03193
01280
01718
01441
02301
02665
02733
00823
03449
01413
00153
01600
00512
00157
01674
03312
02269
02631
02664
00509
00456
00307
00000
01504
02080
00582
00610
02876
00430
02133
01727
03035
03184
01918
01181
01703
01188
03259
01004
02849
03463
02260
00992
03292
02158
00424
01037
03300
03000
01983
02895
03019
00730
02346
00420
01710
01536
01640
00623
01625
01098
03293
01914
02320
02475
01711
03252
02485
02937
00344
03209
01451
02642
01859
02795
01990
01808
01491
02268
01406
01253
03317
00958
01719
02281
01930
00967
01370
03060
01092
00497
02973
01955
00132
01901
01872
02599
02786
01329
02212
00183
03081
00476
02990
01152
01929
00535
00281
03342
02289
00305
03010
00237
00211
01519
01041
02593
01556
02582
02684
01376
00826
00698
02560
02951
01984
02785
02108
00625
02796
02822
00714
00767
01049
02836
00549
02704
01084
00927
03381
00709
03081
02057
02543
00804
02330
02193
00968
03463
03491
02901
00202
01044
02510
00734
00334
00729
02131
03326
01879
02151
02041
01734
01128
00407
01168
02682
02173
01557
02702
00026
00442
03220
00840
03135
02134
01034
00486
00036
00146
00831
00671
00679
01045
00708
02080
02763
01715
00034
01056
00967
01182
01170
02837
01849
02503
03255
00878
01549
03190
03204
02580
00574
01584
02067
02752
00516
00666
03227
02415
02500
02702
00059
00953
01069
00531
01420
00375
00791
00655
02433
01684
03193
03357
01914
01600
00927
00813
01450
02476
01667
01003
02670
01678
02574
00587
01699
01240
03464
00448
02571
03328
02297
00040
01689
01099
01310
01444
00736
00993
01320
03046
01387
03290
03432
01087
00474
00321
02976
01875
00964
03061
01422
00324
03309
01104
01639
02379
02731
03232
03103
00943
01754
01826
00435
00996
02413
02739
01867
02791
02275
01764
02632
00524
02783
00502
02387
01060
03392
00077
01669
03498
00286
01049
02890
03078
01078
00621
03143
01536
00536
03373
02584
02259
01012
03085
01107
00442
00486
02741
00536
02701
03295
01452
01930
03157
01781
00456
01863
02909
00443
01908
00720
01364
00451
01276
02952
00949
02301
00878
03092
01654
03085
01726
03347
00906
01916
00813
01120
00238
01512
00963
01681
01169
00002
03303
02166
02197
03478
01820
02015
02718
01910
01841
01247
00287
01304
02243
01004
00080
00942
03379
00588
01805
01379
03167
02702
02302
02304
03426
01401
02112
01424
01727
02961
02096
02569
00967
01328
02216
00061
01899
02505
03310
00839
00290
03013
00281
00068
01337
02554
01791
03192
01788
03313
00126
03409
01861
00179
02947
02386
02287
00569
00480
01609
00213
01633
02209
00721
01213
00609
01934
01343
01456
00927
01901
01656
02273
01782
01736
03387
01678
00821
03243
01917
00680
02366
01283
02055
03239
02915
00422
02003
03465
01009
02066
02756
01167
00376
00093
03352
00253
00332
02155
03247
01584
01477
01088
00166
00147
00379
03087
01382
01483
00574
00652
01336
02165
00467
00689
03410
02121
03193
01318
01967
02128
00622
01090
01048
03251
01863
00140
00151
02999
00760
00988
02858
00937
00564
02403
01545
00880
00146
01789
02468
00175
00764
00917
00752
01321
00153
01536
03125
00503
00238
00060
00139
00675
02949
00276
02797
01596
02854
02365
01602
01143
00983
00467
02218
00053
01096
01537
00665
03387
02801
02744
02101
01202
00196
03451
02595
03137
01254
00816
03408
00322
00502
02008
02853
02624
01784
01520
00764
00834
00865
01148
01657
02108
01248
03021
00714
02440
01069
02747
00054
02734
02906
00127
02730
00584
00402
00917
03055
02580
03116
00222
01048
01828
00904
00708
03265
01133
00925
00563
00596
03306
00179
00578
00715
00087
02340
00227
01735
02600
03070
03332
00016
01427
03131
00913
00967
03090
00994
01060
01745
01204
02278
01640
00933
01628
01273
02267
02105
00415
01031
01747
02994
02531
00729
00035
01702
02392
02073
02775
02727
02243
02344
00037
01795
03023
02719
00720
01283
02959
01779
03407
00101
01643
00768
03216
01174
00583
02477
02063
03008
01714
02598
01969
03273
02565
02966
01858
01169
01390
03292
02566
01038
01400
00030
03265
02955
00345
00614
02279
02406
01996
02649
03119
00359
00058
01158
00912
01931
01739
00367
02257
02482
01441
02438
00009
01985
03360
03455
02219
01367
00055
01026
02309
02719
00992
01389
01237
00875
00403
03485
02970
00500
01003
03326
01635
00371
03189
02764
02937
01820
01463
01360
02920
00530
00054
02492
01072
00679
03121
02104
03135
00702
03149
01566
01466
02210
00357
01369
00257
02857
01159
02990
01916
00898
02110
00688
02192
01289
01835
01927
01524
02894
00491
01383
02360
00886
02267
00795
01576
03234
00051
00024
02662
00128
00733
00468
02787
01952
02825
03397
01104
02707
03022
03175
03471
00264
03064
02612
01730
01349
02434
02321
01271
03389
02808
03294
03335
02012
02477
00258
00291
00543
00506
02216
03491
00898
00546
00328
00254
00992
03007
02539
00558
02438
01132
02435
00150
00957
00530
00225
00963
00726
00112
00316
03236
02451
03017
01735
00542
01273
00963
00367
02103
00485
00243
01140
02195
03400
01914
03367
01897
02430
01612
02148
00084
01875
01104
02814
00681
02829
00206
01984
01110
01474
00194
00599
01602
00583
01662
00594
02104
02445
02835
01297
00169
03416
00253
02667
00737
01694
00175
02455
01482
02523
01799
02655
00201
02996
00632
00932
02596
01868
00282
01669
02309
03399
02275
00886
02872
00610
01371
00368
02338
02728
00943
03340
00278
02621
00716
02366
03470
01940
03398
02194
01719
01570
01460
00190
01074
03286
02298
01129
00471
02036
03285
02143
02517
01267
02009
01237
03168
00878
00209
01565
02803
00878
01500
03049
02012
00643
02576
02553
00821
01522
00155
00874
02991
02980
03171
01142
02119
00041
00379
02206
01434
00742
02304
00091
00929
00828
01902
00228
01280
02119
01611
03461
00148
00543
00278
00294
00005
03103
02086
02196
03171
02564
02486
01549
02357
02524
03421
00114
01495
00513
02082
03061
01301
01708
01846
00405
03393
03455
02179
00972
01426
00480
03361
00267
01332
02183
00381
02993
02432
01428
00825
01382
02587
00049
02278
03099
02163
03235
03493
02843
00767
00069
01105
00100
02036
00333
02291
00160
00186
02028
01600
00216
02389
01145
01356
00168
00441
00970
02060
03485
02428
00238
03393
02471
02526
02723
00372
01382
00540
00620
01031
01745
02630
01951
01238
00978
01952
00890
01667
02153
02536
03127
00008
00439
01321
00610
00315
00251
01983
01939
02144
03006
00623
00534
00875
00184
00560
01352
01304
00095
02964
00335
02983
00195
02273
00965
00238
01447
01211
01970
01315
01892
00714
03444
03265
02751
02953
00904
01634
02938
01627
02624
03433
02036
03384
00479
00621
00817
01604
01458
01402
01823
01983
01065
00782
00702
03211
02357
02837
00971
00982
00513
03338
02076
02061
03183
01721
00468
00523
03147
01869
01358
02717
00971
03059
00999
03126
01566
01513
00782
00730
00479
01930
01793
01368
00877
01327
01514
03385
02149
00739
00919
01153
01740
00684
03090
01836
00736
03489
00972
03438
02222
01473
01790
03388
01210
00185
01748
02543
01334
03427
01942
02443
03388
01491
00604
00497
02360
03190
01766
00342
02571
02183
02841
03232
03014
00922
00350
00616
02402
00381
02760
01382
01937
01457
00276
00348
01295
00541
01990
03482
00660
02957
01310
01111
00241
02314
02830
00633
02457
01752
02103
00739
01249
02106
00015
00368
00352
00735
02887
01996
00331
00752
01525
01735
00833
01421
01509
03370
01951
01513
01760
02859
02227
01869
03446
02881
02990
01759
02903
01144
00472
00852
01357
00963
00728
02720
00568
01403
01973
00263
02790
01785
03241
01075
00606
01541
02645
00637
02308
00798
00794
03113
03116
00517
03327
02559
02865
02698
01659
00262
00093
02586
02126
02486
00051
03391
01980
02689
03296
00146
03294
02978
01062
03395
01890
02654
00355
00164
00157
01258
00894
01599
00196
02823
01445
01918
00937
00261
03244
00153
02116
00926
03338
00663
01482
02075
02982
01394
01865
00112
02027
00434
02258
00533
03361
00772
02260
02921
02644
01156
01210
00395
01315
00158
00141
02485
01592
01273
00676
00201
02003
00994
00225
02480
01968
00387
00169
03105
01865
03205
01643
00719
01045
00405
00517
02459
02240
00407
00680
01228
02805
00425
00947
02101
01575
02942
03117
02585
01191
00566
02192
00742
03257
02599
02501
01564
02437
01542
02582
02258
02838
02772
02693
03068
00323
02113
00488
01840
02114
00370
01038
02866
00399
02783
01517
01570
01601
00616
03239
00537
00432
01169
01578
01480
02115
00765
02170
02290
00576
01884
01177
03462
01763
02710
00325
03148
00032
02952
00274
02576
02349
03137
02014
03344
02524
02274
03271
02972
02581
02787
00285
00101
01913
01638
00673
02692
00748
01387
00202
01078
02165
03237
01691
00815
01376
02415
02345
00390
03439
01928
03003
01824
01410
03133
00300
00018
00462
00438
03214
02775
00029
02588
01729
02867
00044
02253
01418
02573
01197
00270
02758
00707
02592
01845
02503
03411
01958
02512
02871
01896
01530
00887
01328
01675
00289
02662
03004
00352
02892
01595
01837
01401
03303
00298
02309
00537
00924
00702
00484
02575
00246
01041
03075
02870
00062
00157
00782
02909
03193
02553
00861
03092
01600
03091
00653
00329
02385
03415
01837
02478
01110
02846
02168
00444
00440
01634
00495
03312
01025
02545
03380
02591
01995
02046
02935
00419
01098
02955
01863
01362
01133
00777
00464
00475
02578
00694
01912
00487
00567
01961
00377
00567
00656
03457
03208
01055
00419
01211
03176
00868
02508
02674
02037
03287
01855
02897
00999
02410
00187
02204
00170
01756
02865
01401
03313
01601
00986
00530
00288
01676
01550
00067
03015
00636
01310
01877
02316
02838
03237
02154
01604
02465
02275
00757
00723
01033
03463
01019
00475
00102
00539
02608
00260
00437
00158
02872
01070
00265
01614
03134
02114
01488
00939
03486
01742
00325
02629
00598
02396
02218
00030
01767
01863
03322
00076
00827
02791
02177
02202
00251
01423
00664
03105
01644
00516
00800
01955
00563
02024
00217
02824
02385
00876
01359
00882
02001
00015
01537
01459
02329
02681
01714
02685
00777
02289
00512
02378
00962
01100
00209
02773
02854
00774
00220
02294
03030
02119
01534
02385
02965
02690
02351
01150
01489
01862
01778
01666
02065
03042
02946
02702
02572
01311
02898
00027
02476
00910
02471
02161
02487
00315
00955
01576
03344
00818
02842
02632
01023
01848
00170
00436
02639
01406
00236
01635
00565
01822
00240
00449
00309
01172
02650
01325
00573
03457
02498
03264
02137
02154
00435
02725
01042
03247
03066
00398
00912
03270
00462
02860
01004
02031
01920
01588
02848
00635
02971
01500
00489
02079
01614
03088
00942
00295
02370
00812
01554
02559
01127
01083
02176
01352
01884
00098
03316
03052
01951
00049
02719
00641
02411
03255
00751
00921
01640
01964
01505
00560
01674
03387
03028
02254
01178
01118
01259
03444
00310
02292
00528
00493
02584
02493
02740
02386
00373
00481
01335
03235
00380
00606
00544
03048
01474
01748
02814
02862
02671
02681
00061
00599
03499
00322
03488
02105
02202
02205
03265
01662
02593
00391
02808
01888
01653
03310
00637
00066
01503
02344
01180
02355
00047
03380
02255
01872
01495
03355
01195
02828
03416
01326
00541
00990
03235
02175
02260
01964
00045
01918
02387
01015
00001
02091
01676
03208
03439
00761
01061
01994
01646
00789
03200
02285
03024
02257
00694
02151
02014
01936
03096
02021
02631
00488
01133
02663
01250
01768
01308
00473
03264
01316
01450
01926
01776
01598
03266
00056
00453
02015
01129
03432
02662
02631
01461
02928
03057
02873
02390
03094
03035
02504
01899
03033
02157
00599
00828
00176
00339
00648
02728
02779
02129
01512
02410
01598
00587
01018
01501
02304
02519
00231
00232
00137
01594
00746
00541
02136
02476
02326
00221
00301
01913
01493
01954
01251
00080
00938
00342
01790
01636
00799
02740
01595
03002
01390
01586
02973
01557
01042
00428
00940
03153
01391
00351
02353
02840
00570
02546
00534
00484
00958
02119
01564
00061
01805
01600
02951
01955
00658
00364
02409
02027
01065
02792
00327
00470
01997
01250
00409
02416
01491
01289
00445
00648
00292
02821
01632
01126
02840
02498
00093
00158
00230
02012
03087
01403
00566
03488
01218
01927
00207
00526
02853
03117
02171
00116
01975
01342
00766
02675
01703
01286
02707
02914
01943
01223
00241
00079
03042
00964
01966
00571
00618
01776
01161
00858
01318
01718
02018
01504
02015
03018
01920
02035
03098
00513
03400
00876
00826
00405
02237
00777
01296
00820
02435
02049
03157
01310
03084
01692
01219
00676
00154
00755
01424
00672
00968
02936
00108
00204
02269
01883
01270
00494
02979
01107
03159
02157
02667
02084
01812
02927
02905
03071
02290
03362
03476
02281
02219
02218
03494
02778
03362
03328
01207
01776
03484
02914
01719
01956
01747
00215
02577
01152
00668
02322
02473
00244
00926
01715
00458
00552
02722
02056
02891
01894
01686
00656
00173
00374
00873
00910
00623
00609
02593
02842
01725
00740
02764
00372
03181
01082
00593
00728
00843
01313
03213
01631
02729
02451
00098
00316
01004
03056
01243
01625
02323
02893
01904
01789
00942
01359
00365
00294
03014
00158
02143
02971
03048
00478
02387
00724
00875
02635
03256
01483
00088
03113
01423
00083
01845
00518
01074
01424
03422
00445
02511
03317
00984
02917
01039
00718
01631
01290
02408
02534
03412
02069
02387
00106
03272
00665
03010
00461
02856
01895
01518
00639
01283
00712
00085
02637
00549
00697
02043
02679
01350
02457
00879
02352
01699
01377
02505
00195
02012
03194
00660
03427
01028
00673
01250
02626
02830
02303
03151
02519
00518
03185
00752
00638
01823
01462
02864
02677
01311
00563
00518
02120
03290
03285
02206
02015
03347
02434
02733
03460
00254
03247
02436
02336
00891
01986
01728
03298
00732
02959
02138
01995
00027
01373
00990
03438
00206
00147
00466
00788
01609
00345
01477
