01904
01314
04481
00281
02602
01885
02231
04725
04687
01813
02028
02432
01934
04273
03036
04742
02056
00207
02591
00395
01899
00562
00651
04746
01566
00902
00118
00198
04120
01040
03801
03151
04172
03830
03279
00212
03071
01768
00573
03935
00121
02282
02701
01457
04377
03200
03602
01786
02755
03957
03344
00565
00501
04359
00979
01950
01784
01330
04221
00721
02354
02775
01630
04608
02520
02505
04731
02065
00832
01781
02289
00914
04244
03243
02035
02394
02339
01677
00816
02365
02897
03986
00208
01707
00815
01272
04764
01637
03558
01860
00381
00413
02572
04599
04060
01514
02713
00911
04265
01701
03507
02998
00376
04387
01189
01548
00837
01870
02542
00588
03160
04706
04598
04381
00771
01858
01115
02487
02697
03316
00874
01904
03481
02240
00874
02530
01719
02080
04433
01595
02300
02404
04378
00097
02676
02085
03694
01024
01893
02083
02239
03505
00751
01854
02612
02504
00719
01997
01982
01466
03517
04447
00522
02793
00118
03724
03343
02574
01556
02102
04103
01602
04056
01505
00826
04201
02378
02156
03509
04603
01399
04268
02842
04528
00282
01892
01425
03528
03413
01634
01436
00948
03742
02873
02633
04772
04727
03350
04288
00622
00981
03905
04476
00600
03618
00306
01495
04034
03358
00653
02941
00371
03169
01788
02307
01470
00507
03688
01872
02064
00764
03732
04089
00857
01679
02710
01067
03925
04673
01714
02561
02166
00672
00212
00502
04656
01662
00490
02676
01057
04693
00348
02955
02906
03140
03049
01405
03982
00631
01887
03574
03990
00102
00502
04056
02974
04148
00714
02741
02416
02295
02740
00214
01627
01239
03588
01400
00703
02639
03164
04758
01400
02385
04332
03105
00741
00070
02629
03917
01300
01395
00220
03717
03531
00695
01374
01663
04533
00113
00746
04329
00744
03390
01392
04355
01423
00032
03812
01542
01529
01082
02014
00642
00765
01655
04689
04741
03015
03979
04070
03255
02308
03985
01268
04163
01318
02580
03486
01520
03860
00297
01226
02958
02673
04729
03705
03019
02376
00733
02952
03429
04433
03554
00898
00890
01762
03948
03551
01979
01141
00822
04062
02047
00914
00375
00442
01011
04505
04064
03020
03248
03118
01922
01085
01381
03585
02701
04517
01907
03640
03828
02437
01688
03260
02028
02397
01922
00029
01746
03883
01989
04323
02028
00770
02472
00818
02631
03075
00474
03929
01408
01786
00258
04599
00927
04695
01844
01674
00286
01607
00831
00085
03655
03438
02083
04013
00763
00836
04000
01441
00911
02441
02985
02436
01552
04006
04087
01881
01127
00418
02107
00665
03928
01213
00747
00035
01956
00108
01918
01601
02959
01842
04275
04178
00060
02328
03658
00538
02804
03145
00470
00675
02821
01164
00042
03405
00647
03742
04017
01977
03002
04395
01370
02062
02571
01129
03888
00678
03189
01425
00391
00473
01220
00635
02514
00996
03445
00854
02706
01077
03322
01473
02281
01685
02394
00904
04173
03442
03252
00830
01175
02312
03619
02931
04283
01964
03965
03858
00978
00885
03574
04058
03028
01927
03810
00759
00609
01725
01048
01852
01214
03250
01650
00319
00861
03756
00752
01810
04308
00934
01596
02841
04208
01465
00456
00077
04387
02470
00148
00460
03864
01538
04171
03482
02663
04351
03405
03000
02148
00083
04360
03807
02706
02822
01535
00281
04725
02717
00877
01277
02053
03550
01730
02693
03070
00448
04556
01997
00597
03441
00305
01258
02885
01987
02329
00293
03846
00756
00488
03411
04511
03992
00105
01618
02963
04325
01350
01250
03447
02203
01395
03933
01763
00142
02859
02517
02567
01297
03219
00776
02133
03265
03002
02754
03612
00491
04034
00784
04597
00731
02200
03420
01686
01666
03742
01258
04612
03715
03370
00046
04645
03162
00168
03143
03507
04649
02203
03868
00973
04321
02432
04178
02279
01097
01619
04199
04066
03438
03051
00430
04215
03048
04672
04583
01420
02308
02701
00122
03113
01107
04752
01936
03844
04750
01455
02766
02616
04516
03125
00751
02580
02978
04153
02109
02960
02110
00927
00300
00603
02112
03512
03411
03215
03406
01797
04680
00454
00850
01561
02646
00838
00522
04188
01949
02008
01259
01323
02055
01206
01075
03421
01955
00674
02826
03041
00415
04115
02836
00323
03110
01610
01366
01165
02324
00452
03522
04106
04370
01544
03681
01382
01491
02144
02075
01201
03370
01828
00102
04162
03077
01521
04297
01336
02122
04665
04492
02972
03660
03380
02302
01954
01578
00501
00034
01870
00132
00215
00567
01204
00155
00982
02403
04312
03012
02874
04475
04275
01225
01645
01458
03543
04573
03694
01051
00234
03321
00734
03804
03662
02135
04472
02801
03297
01738
02462
03418
02848
01976
04238
01187
02918
02998
04083
00974
04499
04542
04760
01246
01480
01615
01783
04546
01230
00481
03184
00477
04246
03908
00405
01966
03675
02516
03618
02145
02979
01115
01674
03953
00229
01091
02604
02872
02629
03446
04389
04628
00635
00148
04414
03192
01553
01872
01606
03660
03467
00616
01531
01282
00992
00895
02082
00631
04391
03096
02550
04353
02061
04017
00573
04251
02562
02554
04469
00618
00180
04272
03822
02539
02548
02715
02417
01660
01268
00416
00734
04547
04657
04483
01748
02687
03694
01982
02888
00809
00150
01654
00249
04742
01347
00544
02170
04108
03356
04144
01198
03438
03928
00313
03474
03462
03874
02598
02676
00607
02581
03091
04738
00540
01190
00777
01149
00391
00289
00532
01549
04538
02956
02115
02285
03684
01768
02876
01286
01976
02197
01913
00154
02104
00405
02467
00983
02714
00745
00201
03852
01108
03415
04349
00055
00521
00845
00907
00508
01424
04383
01239
04275
02589
03373
01042
02776
02958
04192
01432
02342
00660
02003
02282
03197
02940
04622
03395
03839
02777
02733
00473
03003
01872
02591
00561
00513
00768
04042
00095
04373
00011
00140
00537
03198
03270
02269
01655
01726
04153
00656
04426
02331
01491
04728
01942
03100
02605
04007
01901
01296
03641
01362
01193
01543
03655
04368
00837
02084
01907
04033
03416
03402
01903
02827
03312
01012
04137
01344
00903
03297
01880
04764
03365
03948
02088
00426
03793
00057
02176
03461
03125
04300
02348
02812
01293
04212
03564
04367
03403
03748
03992
00726
04747
00097
02094
01537
01198
01943
04026
04218
02709
02759
04449
00871
03452
02715
01737
04171
04720
04635
00616
01100
00750
00823
01832
04495
01050
01860
00180
00319
03801
02372
00034
03949
00523
01374
02813
00466
00232
04460
01965
03055
01398
04403
02053
03733
02596
03566
02154
04609
04359
02435
02139
03423
02862
01175
03680
02927
01763
00765
04307
02757
02945
04489
02501
03114
03693
00387
03407
02016
03186
04087
02103
03843
01021
03562
02235
02635
03122
04647
00061
03630
00872
02614
01610
02723
00008
04206
02056
01024
00573
02146
04284
02757
00344
02295
03894
00305
00580
02646
02394
03474
02912
03452
04747
02203
01406
00174
03125
02285
04216
02954
01271
02040
02090
00185
00364
01403
00335
03393
04565
02087
04795
03447
02148
02529
00242
02962
00423
00871
02596
03034
00847
00586
03014
01022
01501
01305
03598
01157
02536
04446
00395
00861
01805
04226
04510
02832
00627
01355
02009
03668
04345
00454
03634
01345
02943
01792
02211
03741
03150
04334
02466
01619
02917
01260
00184
04739
00993
01634
01985
02290
00392
01923
01215
02850
02290
01775
00090
01789
01620
03833
01208
01387
02410
02818
02613
00067
03520
03844
02623
04445
01310
00171
00593
00518
00590
01757
02762
01101
03851
00539
02601
03386
00520
00383
02024
02910
01625
00805
03570
03782
01026
04582
03969
00329
03099
02944
03032
02817
03100
02641
01818
00854
02827
01602
01798
00502
04095
01601
01360
03361
02767
03430
00732
00224
00477
01911
03481
00597
04792
00135
01336
01518
00178
02297
03592
02483
01536
00034
02992
01791
01031
00652
02248
03724
00969
01943
01236
04647
04587
04411
00413
01602
01186
00936
03886
00936
01850
03214
03368
04171
00323
00761
01154
04601
04312
02132
03041
00685
04557
00078
00400
00578
03892
04313
00028
00387
04492
00527
02447
01949
04423
01903
01095
00886
02743
02182
01714
04758
03860
02217
04200
03523
03308
03934
01252
01388
02535
03227
00928
00827
01078
04582
04493
03597
02648
02843
04460
01598
02121
01228
00588
03101
02247
02051
04000
02431
03650
01186
03260
04399
03743
04332
03436
02947
02985
04252
02673
04617
03221
00499
02521
00609
00240
04175
00634
03044
01063
00823
00202
00770
02930
04467
02526
03562
03870
02776
04413
00802
01783
03490
04001
04406
01614
03385
00905
02253
01132
02774
00062
03351
04563
01151
04640
02082
04653
04270
03179
04108
01684
01296
03276
01363
01405
04073
01242
04232
03138
00788
02419
03106
01098
00232
01012
02159
01942
02743
04564
04261
03179
00112
01245
04055
01304
03428
04232
04035
00547
02726
04725
03848
02772
02059
03460
04597
01245
04304
01427
01852
02852
02267
04308
04421
00623
03226
04425
03871
00171
02184
02719
01489
01305
04174
00549
00719
04182
03846
04135
02696
01093
00218
01771
00732
00731
02827
01223
03691
04358
03982
02141
00137
04411
02128
01845
03789
02715
02779
01781
01288
04417
00272
01087
03539
04138
01940
03559
04610
00193
03656
01360
02549
00967
02480
03810
02508
04124
01013
03049
02810
01004
03013
03981
02163
04537
04248
04394
03903
03136
04302
00843
04017
01227
01524
02376
01264
04371
00102
03577
02996
01615
04622
02774
03917
01885
03786
02285
03677
03276
04460
02238
00038
03204
00539
04726
02942
04626
04118
03783
03999
01108
00729
04768
00859
00893
03480
04046
04460
02566
01768
01967
00234
02418
04157
02702
03349
01595
01358
03232
00274
02014
02581
00474
03315
03968
03826
02477
04463
03900
03439
04319
03889
02186
01758
02759
03659
01485
00223
03685
02699
02425
01086
03484
00806
00670
01657
03660
04433
02326
03359
04624
03247
00327
00531
03089
02149
01046
02864
01669
02697
00297
04423
02696
00504
04694
01667
03989
02950
04333
01390
01377
03729
01246
03852
02708
04078
04489
00037
00484
03653
01185
02720
01168
04665
01467
02763
04407
01791
03321
00824
04498
02640
02701
02369
00148
04537
03052
02603
04125
01232
01042
01896
04181
04673
03947
02998
02411
02758
00421
02790
04778
03125
04240
00055
00885
03507
04142
01313
04447
02182
03741
02029
03305
03273
01438
04545
02137
03576
03457
01722
02035
01451
01647
02034
00151
03744
02835
01953
00375
03313
02790
01375
01842
03236
04631
04743
01362
01633
02067
04087
01183
03774
02806
00309
02910
03574
02318
00108
04457
00249
02183
00980
00428
01629
00697
04399
04409
00306
00779
03119
02633
01458
04418
04789
01552
04311
00810
00820
03771
00135
02271
04724
01929
00555
02616
00883
01347
00541
00337
02213
04506
02304
03124
00668
02523
00937
01636
02244
04177
03898
00133
03845
02423
01488
02091
00459
01048
04562
04285
04770
02373
01642
04677
02042
03378
00656
00792
01546
04718
02050
00540
03473
02430
02064
02683
04536
03669
03795
04515
01492
01201
02110
00823
02823
04116
03788
01685
03974
00221
01689
01668
01781
02180
02061
03322
00878
01007
01331
03656
04640
03827
00103
02531
01492
02090
01710
02896
04619
01581
04448
03243
01988
04526
00576
01811
00089
03957
02476
04662
01801
02421
01007
03636
03409
02442
03252
00882
00115
00146
01686
01534
01304
03493
03602
03290
03025
03186
01118
02983
01657
02231
00467
00367
01463
03484
01797
03599
00032
04013
01395
01023
00505
00114
03162
04352
01497
02285
04260
01633
03181
00112
02046
02413
00982
01944
00583
00052
04141
04266
03555
01845
03110
03208
03888
04709
01234
02063
02065
02398
03902
02257
04517
01255
02041
01194
01948
03740
00307
02113
00416
03386
03457
03357
02734
03017
00958
00993
03272
00486
01803
03749
04419
03116
00566
01523
03067
00511
02360
03995
03943
03124
00473
02099
03399
04064
02478
01903
03386
00572
00450
01305
02156
04146
01747
03821
03820
01158
03827
00531
03483
03428
04240
02809
03328
03714
01549
03596
00377
01649
02894
01684
00844
03590
02451
02154
00924
01055
01148
01174
02871
00468
01387
01865
04044
00188
04102
03763
04282
03033
03867
03266
03907
04129
03295
00249
04063
01962
00975
03432
00621
04657
04088
02894
03332
01542
00145
00647
02408
03608
04486
03955
03481
02841
00272
01510
04485
04365
03071
02245
01501
04660
03545
01731
01604
00850
01884
01464
04260
01048
03488
03419
01883
02800
02585
01628
04563
01066
03320
00673
01264
03134
01136
02906
01890
04221
01174
04419
00922
03097
03041
00374
00408
01101
04305
00810
01443
03306
04141
00268
02451
03840
01316
03384
03592
04581
01173
04564
01149
02021
00426
03337
02038
02950
02399
04703
03159
03766
01441
01460
00783
00659
01617
04377
04465
03479
03559
00777
02979
00799
04340
00135
01007
02326
01600
04115
04791
00898
02833
02440
03205
01259
00461
04437
01537
04067
02551
03798
03771
00503
00021
04494
04456
00880
00626
01475
02602
02182
02303
04727
03592
00546
02389
02814
04477
04430
00278
01025
01004
01660
02033
00397
01137
02160
01091
03096
03922
03594
00347
00083
03604
04404
03606
03493
01322
04132
04073
04169
00328
02958
01790
04357
03863
03242
00245
03525
00833
01245
00715
04757
02859
04615
04568
00760
03843
01704
04530
04327
04270
04719
01455
04457
04580
03553
02568
01035
02264
02018
02522
03645
00271
00356
04614
02569
01746
02793
00823
00048
01215
03894
00835
03811
01913
03606
00811
03675
00767
00967
01405
00597
03290
00902
04569
02670
02672
01330
00208
01878
00822
02463
04712
04596
00067
02042
04220
02710
04095
00084
02304
00211
03514
03597
00930
03520
00729
03614
03149
02059
00171
02690
01735
02871
02138
01090
04090
03700
00828
01500
02320
00346
00393
01807
00823
04098
01383
00774
02820
01729
01634
00542
00436
03522
02231
02774
01933
03007
04559
03282
01827
03228
02185
02892
03766
04768
03760
03736
01273
02448
02252
03665
03757
01642
00212
00293
02412
00507
01409
00699
01922
03421
02365
00188
00566
03153
03002
01669
00422
01717
03232
03495
02832
04450
03550
04377
02285
02276
01826
00315
04343
03799
01251
02119
01804
03290
04187
00150
04395
03315
01555
02957
00730
04095
01046
04386
02730
01044
00455
02382
00786
01653
01743
03217
03385
01329
02286
01117
00720
01560
02995
03680
04315
01371
00390
01969
03151
00191
02211
01942
00407
03773
00033
03760
00753
04538
02992
03396
02677
03038
00546
00742
00822
00083
01888
00196
02177
04252
03197
02316
04354
02639
01767
02299
02822
01137
04025
02307
00155
00556
02478
03992
03860
03375
04401
02520
04521
01122
02384
02581
04283
01029
01358
03776
00628
04644
00471
02931
04749
02041
01294
03930
04329
04190
03011
04607
03935
03245
00320
00050
03669
00310
04674
02129
02375
01756
02629
00569
02791
00588
01272
03977
03359
03675
04688
02128
04210
02555
01593
02899
03328
00730
04518
03452
01768
02008
04041
03681
03208
00610
02719
02672
00607
02672
00931
00821
02260
01303
04770
03656
03088
04363
00942
03414
02758
03445
01900
02378
03154
02413
04361
03287
01919
00085
02825
02532
02019
04433
04416
01877
01701
04134
00921
02675
01759
01006
00595
00503
02910
03381
02124
03448
00070
04788
01590
02734
00915
03112
04262
03234
03770
02573
04683
03956
04013
01276
00571
01416
02494
02462
00681
01743
01499
03916
00243
01325
03959
04101
01112
01228
00970
00075
00455
01917
03822
00410
04690
01286
04138
00646
04289
02316
04172
00496
02691
03742
04591
02404
02816
03931
04061
03986
03338
03330
02829
03751
01969
02452
01421
00648
02677
03688
01147
01387
00022
02315
02989
02514
04424
01809
02737
00548
03651
02877
00302
02921
02294
02184
00937
01825
03163
03857
00292
04354
04454
01506
02592
03789
02071
03995
01924
02636
04655
03902
03990
00298
01151
03286
00293
04462
00283
04420
01737
03478
00750
03879
00195
02828
03943
04263
00766
00967
03729
03935
04599
00385
00449
04005
03448
04496
00360
03575
00959
03172
03208
02499
01790
03612
04548
04178
04156
02693
00144
03475
03801
02479
00327
04416
00750
04526
04059
01199
02003
03370
01702
01847
04538
01763
03232
02813
00952
00646
03114
04506
00484
02212
02950
01450
02776
00533
00106
03188
03541
01128
01961
00561
03587
03397
04753
02427
00149
01186
03988
02963
04107
03550
02462
03215
03409
00893
00901
03358
01797
02625
04703
03577
00790
03041
03757
01705
03079
03881
00564
01839
01747
03309
03692
03219
03435
00491
01874
00908
03547
03260
02392
04296
01290
01591
02812
02394
04000
04515
04150
03646
03010
04054
00459
01353
04664
03886
02943
03313
02160
01003
03239
02422
02588
00424
04189
04205
03574
02996
03212
00871
00739
03473
02026
01794
03893
02760
03462
00524
03595
02599
02487
00271
02259
00601
03764
02301
04272
00096
03522
03769
02295
04017
00840
04095
03410
02604
02750
01906
04039
00374
03204
03905
02259
04469
04559
00756
01200
04455
03262
02329
03830
02399
00715
01285
02014
02462
00540
03913
00353
00010
01401
02227
02815
00845
00473
03006
02203
00205
00725
03479
01667
03203
03198
00012
01358
02170
04170
01043
02462
01062
01513
00181
00837
02527
00757
00918
00196
01401
01224
00417
00495
01920
00617
01940
00428
00789
03998
02021
01946
02016
01701
00528
04238
02288
04605
02174
01464
02999
00031
02195
03556
04315
01802
03988
00669
01978
02172
00755
00108
01981
02684
03449
02558
01943
03476
00143
03427
01435
04125
03881
00242
01336
02098
02896
00715
00530
02246
03786
02997
02301
02706
00615
01061
01304
01383
02923
00544
00004
01441
02515
01399
01984
03708
01286
00370
00675
04672
01370
02632
03508
00856
00959
00201
01257
01665
04556
00670
00763
00286
02596
00169
01442
02536
04612
04614
04082
01922
01773
02867
00722
02346
00552
02700
02644
01804
00187
01902
04406
02800
02534
02814
03316
04116
03290
03842
02696
02197
03511
03052
04736
01798
03840
03640
03257
02595
03806
00683
04029
02336
04109
03386
04407
03290
00871
04493
04431
04463
03595
02648
02534
02857
02218
04713
02159
03989
00814
04161
03624
02290
01159
04761
00181
00197
03539
00454
00855
04042
02344
02358
01357
01412
04353
00410
00839
02485
00772
01758
01859
01834
02796
03603
03911
03886
01432
00302
04409
01887
00943
00170
02270
00157
02094
03528
02221
01246
01551
00951
04495
01118
04439
02638
03830
03700
04797
01525
03543
00640
04594
03620
04229
00513
02833
02307
04204
00963
04005
02801
02406
03061
04369
00225
01853
02712
00928
04446
04798
01044
01130
00879
02166
01317
03999
00021
02572
02994
02419
03313
00251
01022
02854
01474
01898
03639
00943
00396
03241
02476
00900
01621
04106
03676
00073
04554
02842
01641
02514
02878
02107
00684
04567
04498
00031
00290
02035
03567
02083
01347
02072
00816
01925
02163
01172
02717
03140
02066
03576
04115
00723
02734
00746
02815
03001
02904
02761
04169
02248
00276
03128
03917
03063
01642
00778
02692
02718
03161
02184
00705
04750
00107
02145
03672
03275
03044
03695
00473
02728
03028
03554
03578
01405
00780
00459
01874
04550
01325
00391
04162
02395
03355
04294
03182
01288
02833
01207
00361
00904
01295
00274
03887
01571
01198
01153
03019
01889
00211
04460
03481
04009
04738
02015
02598
04155
03338
02714
01011
00327
03870
04662
03097
03368
00708
02735
01414
03904
01702
01746
02917
00112
01671
02116
01692
01716
04367
01516
03439
02394
04231
00510
03393
02909
01632
02085
02619
02594
04653
01676
00581
03470
00817
04554
02994
04290
01491
04712
00312
04212
02478
03279
02076
04715
00709
00467
04524
03799
03027
04694
00166
03722
02241
01882
00759
04759
00689
00679
03549
03782
00567
03861
04781
04464
02600
04343
03441
04733
04170
00676
02601
01528
03115
00803
01586
00012
03149
02674
01669
02590
02174
03571
00790
01606
01350
00372
04188
01771
01850
02905
00624
04409
02798
02920
02895
04674
02760
03889
00250
03246
01967
00728
02365
01248
02401
03009
02572
02600
03876
04566
04040
01246
03284
03256
01057
02273
03931
03648
00342
00428
01919
04336
02201
00145
02390
01851
03214
03030
00788
00173
01265
04329
01413
04280
02838
01728
02198
04637
04748
03921
00461
00627
03675
00619
03097
04759
00429
01968
03972
00753
01417
01327
03652
03358
02426
02402
00625
02175
01358
03009
03858
01053
03386
02625
03152
02424
04635
01836
00396
01067
03543
01950
04300
04157
01890
04441
00528
01350
01949
01798
03843
01915
00984
01481
00333
01433
00312
04735
04165
02155
04020
02199
00772
01399
00505
00842
04693
00203
02222
01464
02312
00159
04626
00864
02150
00871
03456
02236
03710
00248
04436
01975
02078
04180
01832
04620
03293
03156
01016
01212
04629
02417
00100
03435
04463
00174
00659
00152
02391
02342
00819
02232
02190
02285
00607
02157
00733
00934
04122
04456
02023
01377
01720
02648
04248
03950
02972
00525
04410
00835
02524
00302
00678
01413
03777
03219
04439
03190
03498
03136
04506
04540
01231
01087
03745
03658
01507
00729
00375
00429
00275
03888
01999
01461
00236
00572
04213
03262
04441
02272
02150
00666
03657
03688
03771
01052
00367
00162
04223
01028
01315
03478
02978
01602
02918
01187
01223
04265
00003
01911
01016
02225
02960
01002
01401
02537
02452
04088
02170
03959
02115
04697
04389
01229
02916
02559
00728
00106
00467
02731
01581
01226
03491
01965
02932
00492
02459
01398
01538
01982
01377
00283
03106
01062
03445
00104
02666
00559
04628
02015
01321
02510
04412
04748
01597
04689
01551
01862
02177
02531
00337
00836
02403
04670
02252
04505
00531
00877
04115
02317
00791
04349
00675
04122
01723
01344
03429
04288
03430
00957
00848
02309
00841
01463
01387
01357
03120
04248
00880
03089
04539
00634
02508
03135
02022
00018
02947
04526
01539
01146
01073
04604
01098
03994
04523
03783
03079
02546
01668
03844
01777
04102
02027
02751
00411
00997
02226
04527
04035
00216
04521
00629
03656
02596
04393
04657
02169
01724
03885
00897
01929
04167
01050
00600
01758
01673
00991
04278
03336
01584
04663
04553
04047
04670
01547
02528
01061
00269
02549
03848
02170
04740
01120
02501
01519
03221
03915
04335
04450
01135
01580
00294
01512
03207
03313
00691
02648
03455
00801
03772
00772
03952
02146
01507
01283
04761
01171
02813
00426
00099
03737
02602
04633
04432
00056
02902
03569
01920
01943
04299
02979
04448
04582
02224
02404
02607
00923
00226
01724
03054
01815
03373
00510
03748
00808
03750
01106
03915
00679
00169
00686
04506
04418
04459
02851
03568
01684
02427
00852
01562
04592
00794
02881
03585
01341
02099
02113
00819
00891
00312
03470
04748
03108
04763
03834
02753
00237
03750
02880
01544
04587
03320
03574
04327
03667
00477
00926
01240
04762
02120
03163
03094
02427
02095
00384
04488
01815
03780
02180
04678
01654
02123
04306
02764
03883
01308
03773
01722
03094
01143
04241
00197
03588
02239
03460
02238
04401
04117
00204
04413
03245
03346
00778
01706
03739
00352
04451
03367
02966
02742
04656
02013
02863
02286
01931
01826
01234
01604
00330
01284
00391
00813
00328
00693
03220
03793
01886
00658
01087
00871
02097
03154
01136
04076
01125
00584
00117
04032
04208
01876
01952
02077
03657
04524
04747
01524
01535
00450
03708
04006
02021
03219
00675
04124
02731
00204
01216
02627
04424
04312
03297
02727
01491
03594
01609
04459
00305
03684
02605
00995
01961
03842
00344
02638
03732
04454
02094
02099
03440
04321
04557
02198
01107
00666
03343
03415
01724
01982
04524
04136
03269
00772
02429
03561
02484
00539
01051
04002
01393
02035
03238
01308
01619
00165
00545
03228
03795
03584
04731
00573
03362
02481
00936
01449
04438
00334
02926
02484
00383
02751
02556
03925
03928
04297
01012
03777
01370
04345
00714
01189
01130
02857
02372
01152
03698
04594
02145
00412
03852
04014
02006
00295
02907
00360
00307
02738
01652
00739
04709
01221
00890
01987
02068
00924
03976
04316
02348
00259
00198
02582
00634
03913
00223
00762
01900
01060
04425
04187
04155
01761
04675
04707
03748
04166
03229
03193
00721
01798
01969
00972
01303
01503
00943
01919
01113
03284
02966
02609
00329
04418
04799
02151
00078
01826
03859
02073
01794
04250
04189
04630
00402
03071
04218
03796
02633
02348
01325
00152
00806
01848
02191
04670
00361
03990
00036
04710
01261
00014
02696
03771
03567
03668
04552
04705
03692
01026
04685
03578
00297
00695
02930
01174
01292
02379
04791
03893
04072
01326
03151
03705
02902
04316
00660
02413
03006
00703
01435
03116
00821
02913
01057
02479
00192
03083
03940
02871
03959
01407
03406
03091
03589
02575
02124
00526
04172
02521
01918
01785
04325
01311
04359
04689
01989
04295
00067
01356
01147
02476
02712
01221
00214
03550
00101
04289
01443
00893
02200
01757
03667
02733
02204
03606
01403
01782
00559
01333
04534
00507
00401
03925
00421
00533
04312
00402
04759
03020
03361
00464
00835
03249
00545
01253
04786
03867
01561
00100
01914
04348
00744
00135
00932
02783
04154
01912
00111
02048
00862
02236
01646
03207
01782
04284
01740
00035
00135
04338
00880
02560
01265
00556
00891
03108
01848
03968
02798
03051
01600
00781
00105
04125
01943
03113
02574
02281
02029
00940
03908
01921
00223
01496
03288
02321
04592
02404
00893
02461
00920
00612
00116
01014
04343
04566
00967
00536
04002
03275
01135
04515
02334
00815
02133
03572
00619
02039
03573
00480
03255
01127
03423
00972
02036
00126
00920
03116
00707
00254
02973
03734
04175
02779
02439
00770
00119
04672
01098
03553
01187
02680
04695
01750
04216
02176
04194
00917
03302
03686
00894
03031
04446
01821
00931
02807
02977
00033
02130
03564
00948
03649
01167
02787
02032
01870
00269
02169
02165
01310
04776
01170
03775
00509
03468
00153
00017
00049
04083
03732
03149
02729
02315
00674
04133
00129
01781
00084
02988
00948
00042
01190
02630
01823
01208
02777
01150
01582
00298
00046
00758
03749
03206
02432
02937
02509
03312
00447
04525
02745
02412
02501
00484
01396
03073
02006
02129
04681
00633
03065
04375
01901
00644
02413
00701
02253
03708
00906
01726
01072
02563
04598
00829
01417
00008
04224
03030
02524
00041
02396
02960
01162
00690
03899
01582
03259
02756
04103
03557
01574
01745
00760
02343
04160
04164
00598
01182
01791
04541
03979
03188
03145
00506
01508
00591
00446
00081
01956
00090
02910
02009
01669
00190
03929
02857
04684
02737
01458
03704
00135
03877
03791
01956
00550
03680
04447
04686
02612
03563
00104
02530
01712
02660
01516
03444
04236
03823
02231
01158
03137
03209
03656
01446
00077
02300
04313
03316
04682
03375
04109
02434
02348
04053
00630
00084
01111
01926
03968
01350
00731
03882
02173
01101
04173
00913
00461
00469
01603
00416
01897
02954
00107
04199
03852
00499
01417
03790
01088
01080
03595
04396
04737
00900
04618
01274
01679
02565
00607
01948
00789
04496
03360
04511
04081
02850
04086
00321
01120
01666
01756
03177
00775
02626
01206
01847
00032
04515
04299
02358
04735
01816
02593
03310
03712
03171
00820
01430
03408
01500
02706
03751
00212
02705
00790
04172
03577
01542
01919
04214
00985
00733
00876
01355
00455
01617
04662
03070
02231
00796
01834
00122
04301
01401
03553
02808
02048
03332
03838
04528
03563
03005
03588
04779
00176
02795
02130
01591
00137
02013
03707
00692
01196
02763
01670
02060
02522
02268
02111
03392
01733
03329
00120
00221
02524
00574
00608
01613
03700
03913
02429
02249
04180
03275
00137
03372
00157
04163
02471
01187
01876
03146
01600
03969
03022
00049
00382
00815
04343
04102
00293
02561
00446
02038
01225
00099
01441
00396
02288
00946
04688
00151
02372
01191
00577
01962
00436
02862
00207
00061
02025
01621
04175
03313
00417
02143
01202
03441
03817
00057
04624
02932
01019
04292
00791
02783
00817
03537
00591
03526
00101
04139
01609
04499
01384
02765
02852
04415
01179
00948
02235
01598
00109
00847
04654
04536
01521
03540
02763
01265
01179
03500
04314
03401
03415
04494
03842
00607
03717
03945
02011
01681
03285
03771
00721
00543
01660
01215
04337
01518
01040
04547
04115
01704
03974
01687
01509
04160
04741
01826
01616
01811
02150
01614
00200
02730
01547
04131
00117
02588
04761
01522
02425
01873
00147
02471
02590
04385
03540
03394
00989
02266
00169
01055
03661
04320
02953
04529
02151
00303
01713
02061
01202
00637
03808
02018
01871
01659
01516
00199
00867
01785
03392
02605
03228
03177
01331
01972
02274
04667
03845
04313
00348
03368
00632
00332
02908
02379
02761
01951
04200
04713
03146
01115
00486
03409
03933
01773
01699
03743
03086
04158
02432
00154
03406
02912
01465
04029
02824
00483
02195
00531
01378
03016
03170
02043
00594
02893
01012
02571
00282
02919
00542
00849
00610
01614
01952
03637
04080
01842
01015
02682
03526
00779
01280
00995
02520
00910
02692
01266
02088
02235
02148
01100
00320
02835
00738
01400
03723
01895
03273
03718
04241
02636
02619
03980
01933
02155
03477
04363
00813
01781
02368
03377
04390
02931
04567
00312
02865
01211
00496
02412
01829
01663
03274
00201
04274
00767
03793
00706
02551
01118
02256
01950
02497
02003
01459
01341
01185
03254
04728
02233
04457
00954
02482
04200
02819
00890
00186
01277
00173
00172
02546
00334
01748
04530
00247
03184
04044
01551
01443
02942
01770
02166
01851
02425
01215
03454
03132
03273
03057
01267
03581
02530
04791
03334
01281
00642
03568
00036
02523
02134
04257
00611
02046
03708
02570
02393
00416
01380
01443
02375
02443
01679
01656
01011
01664
02873
04574
02259
00584
02516
04497
00037
01496
01386
04075
00732
04064
03043
04611
02484
04272
01767
01184
01126
02567
00859
00857
03192
01658
00904
00010
02348
00958
02522
02293
04376
00466
01540
02546
02262
04747
03328
01812
00209
00445
00244
01114
04736
03523
02929
00015
02991
00492
01364
02239
02169
01346
02895
03606
03602
00632
00386
00854
02369
02735
02499
01524
01258
03813
00381
02768
03017
01851
04020
03152
02235
04577
02086
01560
01014
04128
02189
03047
01498
04419
00386
00977
02591
04003
00315
00725
02285
04302
02421
04634
03146
01811
04781
02763
03053
04717
03655
01867
03826
02186
03346
02711
01383
02422
04771
01783
04355
03113
03165
02209
04598
00489
00275
04074
01948
03165
03588
02601
04427
01968
00773
04139
04491
01950
01596
02060
01125
02910
00968
03000
03220
00620
02238
04030
01944
01970
00143
04558
04522
01554
00517
01999
00394
01555
00492
04511
03444
02981
04237
03880
03313
00146
04054
00859
02121
02884
03413
02892
01110
01837
04643
00234
00243
00535
00477
03801
02196
03656
03982
04206
04655
04113
03369
04678
01880
00755
04273
01156
03563
00687
02619
00805
03234
02217
00075
04673
