02837
03602
00474
01225
01955
02376
03650
00541
03058
01111
02295
03171
00955
02224
00629
01560
03579
00074
01378
01650
01294
00434
00447
02083
02829
00000
01776
00633
03554
00614
02726
00807
00291
00130
01990
01822
01875
00402
00312
00021
01264
01063
00589
01417
02938
03633
02477
02749
01506
00826
03101
03938
03978
00400
03786
02001
03230
01530
03764
00917
01071
00907
03546
02439
01000
01044
01342
00401
01935
02932
02100
01908
01850
03307
02508
01924
03786
01292
03066
00912
03369
03441
02718
00224
02876
02696
01685
01272
01413
03018
03772
03833
03895
00332
01051
01127
00438
01231
02902
01669
02603
02451
02283
02555
02050
00232
02985
01498
00768
01188
03982
03990
01764
03569
03514
01426
01048
03166
00821
01562
02196
03541
02618
02185
00239
00653
00159
03467
03907
01366
02946
00957
03132
00593
02289
03633
00829
03586
01430
02829
00751
03102
00989
02835
00134
01631
03716
01403
00947
03510
02686
01628
02879
01599
03587
02441
00011
01008
03704
01688
02369
02828
02134
02207
01366
01940
00250
01591
00319
03901
01512
02531
02124
01373
03389
03049
01189
03966
02704
03294
02496
02293
01411
03585
03900
00044
00876
00093
03422
03963
03899
01138
03077
03158
00839
00462
00300
02400
00089
03028
01083
03805
01780
02206
01834
00164
03328
00767
03476
01236
02034
02817
02259
03902
03641
01645
03390
01120
02248
02250
00316
03921
03707
03804
02787
01304
00199
01773
00786
03031
03107
03178
03495
01061
03053
03556
01822
00826
01338
03479
00998
03971
03454
00935
01057
02709
00628
02533
01593
01886
02443
00466
02522
02999
03373
00155
00943
02837
03916
00450
03581
01759
01867
03485
02230
02778
03943
02392
01275
02688
01601
03637
01713
01136
02569
00308
00798
00126
03431
02477
02368
01739
03625
01882
02699
02319
02148
03122
01341
03891
02121
02640
01408
03227
02343
01938
03707
00992
00918
02109
01813
03836
00839
03774
03047
02558
01733
03595
02813
00382
01287
00712
01961
02091
02806
03654
01027
02783
02006
01350
01153
00948
01394
01851
03439
00656
03432
01197
03468
01307
01198
03129
03904
02737
03648
03798
00189
03411
03176
01298
00818
01080
02024
00379
03910
02849
03494
03098
03447
00650
01845
02586
02095
01597
03100
03527
03903
02208
01317
00305
03195
01966
01956
02607
02802
03364
02402
02528
00584
00337
02533
01452
00561
02832
03165
00873
02764
03763
03726
03483
01274
00373
03093
02451
00954
02897
03865
00247
02275
02289
03184
00194
01917
01983
02347
02594
02172
03415
02046
01984
03770
00221
01904
00861
03151
03083
01915
00535
00400
02915
00321
00715
02017
02243
01804
03124
02488
00822
00735
03633
03024
01702
00510
02309
03206
00400
02326
03640
02900
01328
00907
02619
00616
02235
01789
03241
01536
01484
00534
03849
02436
03734
03058
03439
00735
01752
00843
00226
01211
02734
01633
00888
02937
00164
01346
01950
00202
01798
01819
02964
01357
02258
01659
01077
01190
02543
02432
01972
01846
00983
02945
03681
00797
01744
00599
02731
00489
00600
00713
01728
00153
01758
02163
02032
02578
01198
01809
00400
01693
02564
03373
00890
03772
00514
01731
01009
00839
02748
02158
01506
02600
03409
03793
01926
00590
02644
02564
02148
03922
00936
00792
01427
00260
03594
00649
00957
01456
02088
03295
03296
02963
00720
02241
01262
02068
02595
00343
03476
01505
03816
01594
02103
02759
03708
03322
03994
02317
01319
01355
01724
01102
03019
01581
01375
00529
02294
02103
00931
01671
01398
03936
00593
00160
02380
01577
03188
00874
00921
01674
02401
02183
01045
00055
01815
02953
00094
01295
01601
01453
00877
02145
01625
02034
01989
03132
02407
00564
02117
03729
03814
00329
00253
02855
02440
01207
00477
03899
03696
03633
02760
03505
00445
02380
03911
02875
00838
02370
01787
03909
00704
02306
03082
01659
01501
03537
02650
03640
03983
03969
00476
03820
00427
02796
03648
03720
00872
01998
02950
03657
01254
01661
03957
01855
01803
00262
03684
03609
00072
01636
02069
01040
00891
01951
03298
01004
01038
03039
00303
00950
01884
01932
02367
03259
03444
02596
00355
01209
03062
03703
00013
02185
01498
01475
02339
02986
03312
00007
03310
02470
00161
02438
02834
02723
00405
00442
03288
01064
02318
02033
00647
00329
00402
02473
00242
00049
03462
00260
00267
02892
03925
02216
03124
00942
02640
01654
01558
02339
02479
02340
01898
01524
00854
01465
02197
02323
00146
02149
03122
03939
00675
03611
01383
03622
03444
02699
01016
00933
01221
03776
00090
02966
02858
03155
00096
03597
00972
02922
03090
00257
01933
03569
00188
02713
03433
01459
00547
01747
01432
02325
02577
03185
01359
00495
03345
02561
01895
00264
01815
03080
00885
01037
00854
03178
02552
00781
01557
03000
02642
01876
02556
02390
03277
02018
01544
02152
00063
02472
03070
02424
02248
01630
00124
02919
03640
02916
01707
02990
01774
00883
01201
01231
03483
00830
01507
02653
03460
02826
03543
00996
00454
00168
02423
01719
03124
00395
02418
00789
02908
01035
03308
03606
00808
01268
03990
03607
00481
00619
03992
02176
00653
02111
00203
00207
00345
00776
02691
00323
03986
00286
01449
01830
00012
02744
00327
01271
00998
02368
01501
01940
02629
00848
03184
02561
01948
00107
02690
00375
00941
01082
01693
02220
02634
03425
01768
00154
00116
02974
00028
01903
01861
02077
03409
03089
00649
02843
02257
02315
02246
01429
03534
01753
00540
00555
02767
03852
02343
00759
02469
02106
03810
03748
01404
00549
03462
01613
00014
01286
01169
02484
00625
01366
00769
01115
00081
00729
02751
03330
03576
01383
02712
00446
01801
02680
00038
01970
02156
02508
03534
01164
00195
00596
02659
00222
01915
00160
03976
00824
01311
01702
01362
02815
02631
01420
00043
03628
03277
03858
03763
01507
01152
01823
02753
03022
03153
03174
03912
02102
02859
02164
02805
00318
01056
02617
00372
01307
01758
03057
00977
01812
03296
01070
01084
01298
02945
03780
01607
00580
00779
02544
02345
00370
00269
02182
00197
03195
03500
03317
01860
01869
00720
00025
03998
02208
01823
03678
02264
03664
01415
02027
01384
00662
02997
01138
01524
03233
01987
01747
00344
03510
02093
02920
03206
02401
03108
00176
00775
01527
02524
02811
00384
01194
02912
00463
02544
00488
01509
02933
03509
03536
02588
01859
00623
00593
00417
00231
01276
02753
03441
02924
00771
03320
02872
01772
00332
02407
01192
01843
00428
03191
02982
01835
03102
01026
03774
03658
00173
01576
01590
02260
01262
02447
02336
03821
00426
02299
00074
02111
00890
00806
00815
02597
01963
03452
02512
00082
02304
00757
03517
01345
00023
00912
03117
02490
00036
02568
01902
02877
03737
03573
03030
02958
02983
01154
02296
02301
01694
00071
03026
00464
02576
00323
03458
00656
01012
00855
00889
03341
01063
03681
00648
00655
03245
01428
03063
01242
02964
00368
02901
02684
03481
00068
00169
00247
02980
01437
01350
01414
01455
01640
02174
02221
01380
01100
00206
00609
03332
02525
01206
01169
02883
01023
03436
01776
02545
01880
02950
03360
00692
02863
01973
02141
00945
03751
02354
02467
02921
02866
01968
01404
01376
00276
02865
01802
01401
03861
01077
00365
03260
00162
03981
02418
00090
01986
00653
02617
03912
02416
03711
02465
03558
00889
01237
00690
03844
02227
01494
03718
03386
00695
02586
01973
03893
02941
01233
01371
01234
00627
03197
00744
01859
00186
02208
03813
00750
01054
02415
03390
02517
02959
00998
01840
01392
01056
02518
00688
00118
02332
03353
03189
03387
03904
02470
01507
01075
00952
02208
02837
02709
00378
03337
00710
01243
02809
00243
03836
03813
00487
00407
01490
02717
01259
03679
03329
01653
02523
01469
01098
02604
01941
00767
02530
00464
02016
01466
01466
01918
01050
02787
03274
01189
00669
03165
00570
00584
01747
01516
01101
03745
01810
01896
01962
03171
03799
01101
03400
00537
01435
02927
01109
03338
03700
02251
02147
01213
03595
03033
03632
01913
01077
01438
03152
03525
02544
02653
03769
02767
02300
01133
02667
03336
02707
00902
03034
03244
03878
01397
01273
03807
00182
01936
00805
03315
00364
01827
00235
00038
01173
02760
01783
00105
01854
01716
03514
00635
01992
01582
00535
02579
01703
00732
00490
02813
01725
00214
01589
03707
03726
01499
00681
00589
01855
03202
00589
02700
03696
03401
02862
00688
02548
00521
01187
03825
03881
00715
02428
02314
01048
02867
00711
02873
01034
03739
01118
02883
01220
03387
00528
02965
00257
02787
03690
03590
01867
01035
02946
01080
02518
01090
01024
01789
00281
00706
01354
01398
03529
00901
01930
01622
02260
01041
03614
00837
02327
02190
01627
03872
00573
02169
00191
02398
00628
00209
01106
02990
01133
01710
01432
02172
01488
03025
02870
00562
00634
02902
03870
01339
02196
01735
00696
01379
02577
03019
03663
00826
01476
03835
03990
01591
00699
02036
01429
03225
02492
03624
03284
00649
02170
00559
01410
00219
03860
01340
00418
02547
00810
02186
03635
03525
03869
02197
00155
00948
02466
01316
02927
00252
02115
01604
02145
03308
03314
00209
01799
02378
01931
03085
03172
03738
03589
01139
02965
01306
00372
02821
02394
03269
00702
01281
02238
03447
00247
02866
03621
02415
03644
00739
02962
01200
02345
00334
01746
03042
02903
00595
03880
01655
03862
03524
01878
01991
02562
03581
00965
02492
00357
00785
02033
02378
00233
03615
00723
01142
01112
00675
00876
01527
01682
00329
01803
03226
00554
03485
01308
02719
02494
02526
01646
03521
02000
03377
02590
01427
02502
02321
02949
03974
02171
03875
01691
00103
00383
01896
01798
03205
01170
02028
00227
02032
03448
00796
00848
00349
03610
00053
03091
02534
02841
02518
03083
02798
03759
02135
02545
03938
03428
03603
02410
01179
03114
00545
02796
00161
01813
01697
02250
00777
00986
00017
03198
03006
02851
01087
01810
02526
02157
01017
02923
03291
03902
01952
03219
03106
02950
00315
00994
03704
03185
00360
00007
00256
02213
00333
01656
00506
01279
00685
03636
03430
00741
03062
03057
02885
03175
03254
02888
01312
03094
02798
00217
00194
02529
00255
01275
01184
03529
00353
01700
03225
01472
00979
03474
03481
01090
00012
02132
01143
01423
03440
01176
00446
01125
03870
03025
01065
01366
00006
00516
00712
01643
02840
01519
01663
02453
03992
01879
01517
02923
02733
03661
00778
02021
02040
03805
02889
00500
02306
01234
01533
03644
00398
02089
01176
03311
01486
02672
00910
00678
03954
00443
02457
00703
02555
00259
03958
03086
00397
02043
03532
02273
00931
00944
01133
03221
01884
01436
00180
00142
02867
03112
02350
02807
03436
02268
03126
03222
03530
02948
02457
02443
02494
02528
01880
01797
03098
03432
01771
02369
02596
03386
00034
01664
03590
01346
02055
01251
01314
00708
02143
00966
02306
00201
02608
01398
03341
03204
03613
01008
02230
02336
00044
03960
00143
00616
02568
01555
02395
00018
02978
03969
03488
02473
03410
03226
03867
00981
00764
02372
00910
02313
00462
00270
01076
03113
01958
02924
00054
03254
01136
03280
02774
02808
02476
03169
00040
03783
00206
01531
03808
02805
02303
00291
03910
02395
01761
02628
00358
02527
03824
02539
00644
01439
02692
02363
02573
03453
03763
02990
02665
00934
01267
00553
00973
00096
01629
01083
03725
00656
02605
00274
03598
02886
03366
00538
01464
02821
01747
01618
01899
02803
00295
02412
00809
02489
00454
03777
03921
00791
01469
01391
01484
02536
01548
03345
01600
00109
02180
03705
03618
01816
01514
03916
02728
00503
01659
00826
01277
01403
03595
03192
00781
01061
02662
01340
00672
03148
00663
01813
02500
00557
03622
02820
01986
03663
02780
00634
00755
02129
00259
01360
02476
00563
02025
00413
03924
03390
03075
00408
00118
03313
02829
02634
01361
03913
01135
02734
02669
00779
03516
00456
01929
00209
00084
02944
00464
03568
02985
02522
00297
01346
02623
03155
02957
03764
02701
01721
00500
02286
01824
02887
00456
00474
01566
03420
00379
01907
00103
00183
01973
02059
01976
01041
01317
01977
03466
02391
03096
01982
00919
01251
01736
02162
00060
01206
02412
01424
01658
03860
02317
00059
03575
01307
00824
02571
03234
02753
00207
03095
02643
00842
03483
00000
01904
03811
03964
00344
01292
02814
00256
02990
03561
02186
02770
00951
03071
01646
02122
01979
01717
02914
03395
00249
01964
02473
01513
03767
02044
03503
01329
00010
02709
02620
01251
03614
02631
01522
01106
02690
03037
02504
00108
01748
02916
00803
03628
02885
02954
01742
02829
01256
02210
02678
03705
03676
01156
00197
00832
03891
02000
01529
01636
03166
01171
00287
02737
03448
01346
02769
00394
01036
03299
00202
00382
00835
00204
03874
00666
02798
02947
03915
01656
01036
01988
03782
00277
03416
03777
03074
01152
03219
01251
03410
02957
02089
01263
00682
01034
01283
00868
01590
02953
00584
02081
02231
02044
03568
03012
01371
03039
01543
00524
01879
02255
00699
01664
01508
00121
01730
00072
00596
03757
01610
00089
02511
03696
03806
02255
01646
00273
01938
03826
01139
00115
03372
03323
00291
01833
03887
01360
00674
02177
01317
01163
02025
02231
03880
01049
02502
03178
03117
01502
02032
01131
01709
01237
01796
02929
01809
00181
01249
00874
01242
01872
03294
00140
00363
03733
01987
03754
00499
00501
00330
01026
02235
00450
02451
01203
01384
03251
00766
02027
03789
03429
01289
03102
03792
03676
00390
01332
00599
00071
02039
03641
01167
00225
00681
03672
00761
03027
01546
03681
01361
00854
03881
03751
00477
02711
01129
01671
03118
02196
03489
02082
00694
02851
01363
00427
03622
03921
01127
03676
02338
02311
00387
02275
03012
02217
00745
03418
02602
03769
03629
03028
01949
03160
02641
01907
02623
02796
02303
03351
03216
03037
02275
02321
03772
00858
03363
02229
00420
02137
01499
02862
02632
02267
03225
02731
02926
01389
01906
03863
00082
00747
00735
01063
01739
01471
02328
01068
01077
03111
00843
01480
01823
02709
01144
00029
02355
00496
01356
01473
01726
02295
00408
00814
00284
02630
00942
03478
01953
02289
01144
00723
03942
01581
03348
02044
01550
00174
02160
00404
01107
01675
03774
00829
00210
03710
02644
00426
00560
02055
02499
03698
01671
01872
01137
02911
01714
02187
00597
01766
01585
00952
02863
03858
01752
01699
01921
00665
02618
02634
01806
00816
01550
03067
01646
00634
00763
01212
01323
02779
01766
01765
00859
00140
02964
03239
03898
00583
01598
03216
02595
00097
03729
01958
00010
02391
03614
03601
03354
01601
03237
02678
02342
00868
03960
03005
02254
03460
02895
03636
00016
01526
01032
01452
02888
03763
02521
01409
01542
02600
03444
01528
03211
02346
00181
02113
01407
03400
00587
00731
02609
03481
03489
03702
01516
02900
03783
01204
01491
00990
02082
00425
03609
01629
00364
00418
01055
03211
00809
00546
02251
00903
00168
03014
02689
02438
00979
00586
01569
00231
00403
03397
01884
01091
02594
03216
01972
02243
00078
01060
03376
00684
03623
01888
03032
01781
03206
01930
00883
03193
03193
02701
03035
02408
03311
01088
02842
01624
00381
00744
02627
00504
00746
02707
02799
03877
02237
00997
01426
03798
00097
02193
00153
02546
03539
01053
00611
01602
00488
00167
00633
02784
03933
00262
03755
01230
00956
02153
01161
03364
01959
03004
01210
02209
00165
03626
00957
02914
01222
01756
00154
01233
01941
00990
00163
02869
03609
01475
01292
01031
01095
03199
02852
00293
00648
02866
03823
03839
03939
00549
00194
01518
01095
01293
00475
00900
02070
02028
03066
01471
03505
02806
03487
01432
00188
02609
00833
02680
02478
03766
02408
01257
02808
01461
02921
03914
02031
03541
01660
01437
01816
02712
01082
00379
01391
03804
02168
00167
03795
01950
02075
00863
02737
03674
03511
00974
01484
01197
01800
01759
01606
02779
01548
00300
02382
01453
02651
03541
02854
00146
03075
00109
00655
00454
01541
00717
01555
01360
00774
00492
01199
02949
02387
02374
02427
00586
01524
02104
00280
02646
01387
01934
01301
02102
02026
02484
01981
01994
03694
03305
03616
01805
02875
03954
00700
03571
01877
01323
03272
00555
00633
02327
01630
01763
00982
01176
02723
03242
00652
02138
01588
03792
01439
02314
00174
00970
01047
01157
01689
02162
00951
02091
02098
01580
03735
03986
03860
03107
01345
01366
02466
01777
01029
01326
00436
03869
03449
00186
01756
00607
00273
00952
00596
00383
02582
00726
01733
00380
01702
02594
02614
00968
03433
03614
01423
02480
02187
00367
00361
00410
03930
01684
00149
01095
01662
00371
03941
03096
02255
02991
03963
00140
03544
00726
02476
01735
00903
03927
00880
03375
00845
00561
02537
03664
00888
00582
02029
02783
03882
03950
00177
00732
00726
00648
03604
02768
01143
03179
02342
00182
00653
00475
00723
00758
02741
00951
03984
01676
02915
00015
02241
01128
02783
03699
00740
00366
01657
03719
03678
01277
00074
03027
01375
01677
01737
03414
03508
00689
02822
01882
00810
01405
01286
01922
02106
00417
03804
00993
01973
02418
01377
02788
01933
02954
00271
02287
03389
03078
01215
00518
02550
01454
01021
02913
03943
02193
02021
02595
02089
01742
03869
02404
01476
02031
00783
00649
03393
02832
00481
02485
03566
01662
02450
03130
03879
03066
00979
02760
03847
00796
01247
03558
00266
01748
03801
00990
01022
02764
01281
01713
00870
02442
03218
03596
03146
03250
02939
00339
00479
03175
00248
03066
00782
02034
03820
00339
02724
02203
01117
01249
01078
01012
02828
00203
01038
03318
03856
03500
03830
00034
03310
02087
03808
01034
02647
01335
02351
02632
03998
01093
02406
00556
01364
02643
03883
03763
02050
02613
02360
00114
01026
02303
01342
03890
02715
00217
02294
02806
01655
02288
00837
03800
02658
03782
03306
01681
02721
00617
00744
01367
03117
01473
00171
00416
01707
02403
00569
02981
03241
02755
01878
01154
01335
03558
03731
02362
03039
02997
02357
00760
01570
01293
03326
02320
03857
02004
01274
03171
03525
00966
00167
03969
01627
02381
03041
02537
03439
02959
02378
02668
00340
00929
03251
00848
00718
01594
00650
01969
03052
01538
00672
02337
00325
00393
02612
01999
01390
03668
02113
03494
02709
02898
00066
03820
03485
01868
03486
00491
00758
00283
03411
02413
02936
02164
00323
02400
02588
01150
00021
02841
03927
01316
01194
01300
03316
00646
00958
01146
03757
00586
01110
03387
03878
00880
00940
01883
01926
00483
02195
00937
00178
00427
03305
03274
00520
01727
01401
01333
00437
00471
03850
02967
01011
01440
02440
00310
03555
01481
01421
03635
03107
03547
00395
03881
01227
01925
00472
02546
01674
01556
00439
01416
00248
02978
03711
03112
02232
03366
03402
01971
00237
01545
01916
00303
00789
00473
00718
01451
01669
00694
02710
00063
00963
03113
01141
02225
02746
01397
00892
01236
03102
03205
02620
03883
02748
01765
02089
03020
01501
01069
03722
03455
01719
01400
03359
01573
00944
02995
02351
00214
02640
00145
00846
01859
03745
03802
00967
00634
02854
01028
03596
03623
02069
01146
00279
02263
03314
03832
00763
03160
00202
03577
00588
00189
00009
02184
00456
02398
01720
01906
02976
03611
02646
02045
02535
03713
00402
03442
00054
00710
03843
00981
02874
03886
01956
02869
02075
00559
02254
02015
02121
02066
01492
01581
02437
00528
02965
03484
01929
02332
03202
00283
00661
01632
00781
00351
00183
02847
01705
03315
00118
00793
02980
00237
03036
00461
00190
00764
03325
02648
02084
03902
02248
03100
00046
00621
00713
01309
00753
02009
01272
00420
00481
01681
01026
03750
00039
02267
00721
03423
03067
02563
02203
03832
02302
01264
03332
01320
02615
01170
03985
01558
03368
00280
00234
01564
03308
01854
02283
02151
02063
02339
00616
01659
01098
02936
02074
00211
01177
00277
03145
02855
01979
03238
00280
03814
02310
00418
01800
03427
00004
02268
01610
00780
03758
01266
02981
00724
00515
01443
00096
03955
00100
00094
03244
02435
02608
02357
01617
03531
01495
00400
00692
00665
03422
03262
00962
02600
01518
02631
03387
01857
03704
03548
02877
01790
01801
03088
01676
00490
00838
03008
02747
01636
00037
00877
03546
00066
02183
03467
01469
01009
03669
01330
01828
02427
03670
02993
03372
02850
02507
03010
01937
00264
00136
00120
03134
01585
03247
00086
03763
02656
00714
02937
03474
02591
00580
02229
00902
02010
00452
00254
00688
03818
01735
00029
02255
01775
00666
01442
02891
02647
03473
02360
02687
03707
03719
02356
03808
01609
00114
03015
01998
00796
01826
00275
00279
03399
01494
00410
00418
01297
03738
01746
01726
02745
03009
01973
01000
01627
02299
02229
00243
03979
03572
03277
00151
00254
02057
03666
00088
01993
01671
01736
02770
02721
01922
03473
01374
02721
01455
03840
03140
01161
00766
00204
01981
01923
03511
01856
02115
00994
00208
01423
00919
01155
01640
00741
03119
03638
02851
02808
00570
00949
02307
00925
03025
00882
00159
01495
01756
00560
03042
02315
00382
00840
01763
00399
02815
02508
02621
03168
00948
02183
02666
00051
02188
00483
02721
03523
02201
03045
00008
02889
02233
02067
01880
01450
03521
00053
00108
03658
00389
01593
00421
01342
03206
03856
02974
00991
02712
02935
03590
01659
01999
01360
00159
00037
02790
00590
02546
01388
02027
03024
03245
01738
00458
00868
00507
00307
03157
03405
01182
03117
01581
03103
00971
03198
02479
01479
03105
03809
00606
03592
03752
00019
01128
03488
02754
00330
01272
00489
03473
01572
01048
01691
01477
02269
03649
01166
01823
00219
03393
02238
03464
00036
02023
01575
03271
01935
02189
02192
02819
01816
03555
01604
00949
01388
03700
02523
02984
02692
00311
00151
00496
03183
01397
03882
02405
03848
01137
01973
03034
01447
02457
03980
03806
02163
03912
02357
00783
03093
01589
03279
03925
03336
00027
03086
03650
01740
01894
01157
03236
00985
02615
02717
01413
01457
01780
01313
02239
01902
02287
00668
02495
00315
01873
00890
02613
02271
02083
03276
01653
00788
01529
00071
03277
00021
03292
03628
02467
03189
03730
02753
02763
00109
03275
02974
01314
02413
01003
01093
01866
00756
02991
02728
03618
01947
00894
01518
02592
03819
01933
00976
00110
03503
00687
02718
01535
03908
00056
03071
00300
00780
00076
00373
01200
01250
03592
02303
00860
03720
00524
02072
03959
01181
00196
00541
03126
02666
01138
02027
01268
02427
00058
02502
01262
02539
01386
00151
01214
00088
01571
00525
03057
00789
00072
03396
00775
03390
01346
01411
02535
01830
01773
02367
02429
02829
03459
02301
01873
02958
00195
00757
01444
02868
02622
03954
03017
01420
02142
03094
01854
01653
01394
02138
01126
03316
02426
01810
00069
03236
00300
01775
01399
02987
00609
00127
01165
01256
01248
00239
00357
03145
00132
00528
03205
00569
00684
00503
00595
00533
01919
02751
01876
02367
03385
00041
02239
02636
03127
00003
01533
00697
01691
00167
01920
00731
02652
00186
00413
00531
00270
00213
01159
00927
03561
00416
02217
00046
03128
01018
00736
00140
00865
01941
03667
03259
00940
00063
03440
00195
00081
01147
03620
01728
03171
01998
03318
02329
01299
02197
03264
03729
00482
01811
01963
02582
01670
02217
01095
02327
01144
02750
01444
02035
00536
02622
00783
01068
03998
02847
03980
00059
03230
02494
01485
03197
01399
01640
03340
01834
03544
02645
03659
00550
03247
03246
00773
00720
01104
00495
02480
03769
02782
01576
01906
01807
01657
01501
03901
00599
02340
03854
02377
03608
03825
03632
02668
00404
03020
03322
01720
03122
02369
03516
00753
03638
02122
00266
01737
03475
02457
01558
02011
00567
01407
01115
02176
00932
01591
00982
00881
02110
03953
03471
00153
03040
00126
02934
00982
00745
03637
02888
03949
01077
01409
00624
01959
01318
02311
02218
00331
00481
03031
02723
03001
02901
00942
02940
00672
02165
00773
01613
01469
02855
03931
01543
02226
00213
01082
01906
02910
00033
01544
01301
01790
00534
01836
03635
03648
03385
00986
01906
00799
01822
02845
01208
03488
03127
00064
00014
01224
02183
01562
00806
00120
01173
02771
03065
00198
00796
01015
02217
02457
03775
02838
03845
02944
02426
03510
01995
00528
01908
03926
02471
03897
00816
01503
02266
02979
01602
01769
00982
02858
02463
01095
01765
02611
00269
03120
02058
00778
00217
00299
02847
00378
01704
00374
00125
02376
01797
00243
03611
02220
01785
02672
02765
01004
03065
00081
00589
02039
00665
01436
02167
01019
03998
00577
01039
00324
02898
00836
00381
01458
01616
01737
00856
02453
01502
00794
03169
03624
01851
00855
02726
01671
00430
02459
02823
03374
03710
00103
02709
03471
00384
03662
02646
03535
02379
00573
00166
03615
03144
01796
00599
03186
02436
02820
02873
02975
01895
03511
01812
02133
02687
03863
03506
01365
00630
00204
01466
01969
01283
01654
01271
01856
00924
03475
03863
02362
00105
03309
01711
00598
02995
03971
02492
00318
03131
01811
01252
02795
00935
00609
01819
02915
03255
03270
03617
00075
00758
00567
02473
02219
01068
00817
01941
03037
03728
01854
02077
02672
00571
03815
03854
02687
03415
02294
03631
00842
01207
00391
00606
01294
02240
00203
03353
00230
01157
00920
00825
00701
01104
02288
01241
02766
00476
02955
00308
00794
03808
01508
03596
03237
03750
00190
00679
02126
00569
01041
02644
00713
01277
01685
01708
03739
01848
00617
03187
00657
03918
00193
01117
01598
01098
01674
02829
00303
02744
03322
00953
01580
03313
00025
02953
01933
02957
03174
03007
03094
03484
00872
03024
00113
03856
01554
02704
03623
01010
02257
01836
00666
01397
02613
03601
00162
00520
01530
03562
