00591
02354
00336
02680
03787
02719
01883
03499
03988
00879
01241
02165
01646
00157
02401
00522
00709
00864
03163
00958
03996
00484
03304
00677
01959
03602
01103
01496
03379
03906
01129
00151
03552
01852
01231
03980
01772
03904
00132
01435
04046
00195
01866
01307
01667
01792
01319
00830
01106
02915
03761
03749
00687
04097
03688
02967
00221
00021
00140
01269
03153
03499
01782
03315
03986
01580
01903
00773
02800
02606
00715
02424
00678
03962
02157
01543
00260
00740
03448
02823
00346
01006
02091
01060
03489
01010
01255
00423
01004
03466
01425
02713
02264
01621
01759
00189
01118
03952
00851
00055
02646
03338
02271
00864
03981
03590
01033
02246
01327
01108
02155
01320
01578
02475
01995
00002
02820
02554
00933
03885
02108
02888
01398
00438
00144
01555
02232
03058
03519
00070
03444
03198
00299
00691
03372
03804
03822
03021
01927
02594
00869
00917
01376
03150
02850
00908
02399
01979
00187
02097
01874
02200
02404
02449
02002
00631
03001
02137
00894
00694
03842
03919
02427
01182
03025
03778
00599
03867
02298
00952
03555
03925
03170
03397
03227
03220
00757
00970
02521
02692
01217
01204
02343
00721
02861
03200
01710
01113
02492
01144
00876
03692
03419
03516
01945
01147
01465
01818
00514
00527
02012
04003
03717
03621
03162
01480
01593
04071
03428
01701
03961
03447
03836
02054
02646
02031
02814
01904
02102
02434
03039
01111
01543
02613
03665
02231
00009
01198
03931
01091
03535
03081
02417
02222
02792
00104
03658
00057
03189
04079
00622
00806
00437
02014
03078
04088
00946
01719
02795
03931
00310
01855
02571
00131
02953
01869
00204
03713
02149
00641
01779
03034
01706
04096
03221
00157
01785
03721
02852
01196
01311
02468
02624
00439
03327
00947
03381
03805
03496
02249
02622
04099
01138
04013
03464
01459
02432
01267
01197
02942
01715
01522
02185
02446
03705
00150
01519
02040
00052
01313
00293
00477
03708
01693
01365
01196
01568
03644
00360
00841
01142
02921
03980
02077
02713
00099
03535
01955
00715
02048
03276
00829
03669
00488
02254
00648
02030
01476
00087
03350
01969
00522
03886
01621
02871
02039
00382
01719
00420
03268
02831
01061
01215
03826
02124
02141
01841
00661
02906
01392
02247
03620
01960
02396
02723
00655
03856
03895
02232
02821
03246
02085
02752
01078
04097
01248
00488
01757
01838
00823
02767
00420
01805
03352
03147
00241
00524
00347
01588
02051
03215
00837
02510
02250
02705
01598
00879
01500
02632
01895
00496
02650
03388
00023
01664
00759
00443
02177
02975
01748
02918
03203
01648
03406
00216
01911
00799
01277
00264
01151
01646
00329
00144
03458
02314
02995
02892
00986
01839
00565
03350
01277
00729
04075
00172
03174
02606
02123
03401
00956
03533
03476
00549
03073
01425
01923
03967
00921
02282
00003
00113
02989
01209
00344
03147
00304
00891
02847
01097
03658
03845
03924
03291
02272
02523
02603
02199
01980
01062
02649
00425
03938
02945
03213
03448
02115
03020
01236
03998
01666
02708
02679
00026
01017
00995
00494
01338
03603
01619
03509
01903
01088
02166
03363
01985
01633
04050
02788
01876
04014
03540
00025
04001
01166
02539
02086
03291
03327
03453
03100
01701
04095
01085
01276
03024
01855
01405
01381
01695
01486
02712
03586
02899
00913
02341
03336
01518
02331
02458
03243
00432
03368
00568
03376
02312
03684
03088
00147
02397
02271
00438
00055
00744
01319
02930
00987
02055
00142
01883
02436
03160
03281
02561
04017
01804
01393
02045
00274
00408
00278
03068
00295
04078
02538
02941
02240
02173
03793
02526
00094
02602
01368
01029
02557
01223
00855
01438
01288
02134
03996
02529
03991
00003
00092
02363
01112
02195
03761
00109
03458
00585
02435
03507
01010
02635
01748
00764
02995
03294
00773
03715
03205
01447
03162
00487
01570
01254
01914
01761
03282
02869
01775
00798
03478
03098
01584
02893
03076
00399
02019
00850
02122
03843
03489
03052
01564
03398
01834
00093
00476
01253
00810
00515
02633
02836
04053
00040
00907
00873
03520
01296
01346
01905
00312
02736
03210
00247
02401
02655
01356
03793
02415
00404
00756
02952
00077
01261
03683
00292
03248
02891
00643
01748
02454
00544
03781
00172
03913
01000
03466
01080
03538
00789
03116
03862
02387
02649
02049
00021
00198
02505
00310
03628
03967
01206
02682
03238
00462
01308
02553
00320
00189
03060
00996
02070
03401
03724
03062
00627
03885
00899
03693
03147
03919
00135
00963
03031
00320
01921
00713
02352
00711
01367
01699
03837
02514
02314
02390
01923
00016
00561
02598
01703
03647
01650
01527
02287
01022
03138
03984
01363
01587
02868
03619
01010
02764
00407
02576
02337
01067
02410
01201
03443
00637
00490
02403
02340
00911
03514
04043
02029
03416
02246
02644
00616
02160
01242
02128
00058
03977
01131
01898
00749
03218
02428
02312
00585
02860
02867
02759
03983
03872
02082
03465
03276
00591
00853
02321
03720
01772
03743
03649
00458
02370
00045
02797
02912
00718
03104
01848
02869
02707
02630
04013
02531
02313
01887
02788
03465
02911
01922
02063
01526
03279
02139
02373
02330
04081
02953
00882
02857
02227
00980
03537
00369
02124
02189
01225
02939
01443
04031
03030
03371
00219
03191
03705
01705
02053
00096
02560
03184
01178
01704
03513
03085
02100
04078
02381
00905
03520
01780
01689
01972
02002
00803
00761
03874
03512
03890
02405
02204
00932
00049
02962
02920
03798
01442
00353
00219
02175
01601
03706
01219
02273
01989
00829
00617
02587
03894
03810
02025
01443
00596
01687
02725
03251
01822
03719
02412
00954
03405
00909
03323
01149
02100
00672
00252
01167
02120
02186
02351
02769
03220
00424
02758
03590
03650
00086
03145
03467
00814
02746
02558
02359
01445
02800
00999
01155
00022
00113
02769
01609
03289
01261
02818
00030
03249
03496
01715
00066
00480
00836
03016
03456
02058
02497
01462
01291
01898
00077
01686
03881
03173
01491
00236
02919
00105
01943
01806
03194
02783
02369
01572
01057
04058
03088
00202
03871
02975
01686
02785
01032
00338
02702
02876
00984
01435
01417
03421
02556
01098
04053
00191
02930
03732
03912
03251
01915
02890
01470
02048
02264
00313
03374
03645
02639
01501
01831
03861
00988
03476
00167
03434
00804
01182
03341
00003
02705
01378
01092
03236
02060
00980
02476
02793
02028
01315
00865
00391
02440
00715
00030
01594
01025
02099
01465
01132
01550
00965
01922
01979
00181
01554
03977
00942
00667
00481
02244
02186
03623
01360
03535
01328
03659
02382
03548
01440
02864
00113
02030
01388
03134
01952
03862
00666
00349
02094
03404
02625
00290
00470
00392
04047
03829
01722
03478
00157
00328
01942
01653
01440
01865
01949
03768
04099
00142
02819
01937
01854
02022
02000
02428
02986
00039
02018
00048
02992
00047
02742
02293
02572
01172
01052
01414
02326
00706
00304
01385
01199
00843
00025
00666
04014
02353
02309
03269
01827
00252
03408
01464
00694
01706
03146
03581
00597
02145
01500
01457
01147
00593
00551
03190
02729
03520
02300
03331
01843
02058
00971
00618
02552
03297
03219
02075
02092
03506
02764
01889
03166
01478
03540
02601
01006
02768
02128
00107
01533
00136
04094
02408
02548
02769
01817
03145
02604
02536
00552
02244
01083
03115
01301
01174
00068
02209
00759
00141
03041
02915
01169
00087
02286
03955
02835
00892
01447
03604
02058
00433
03886
02131
03605
03950
00711
02177
03975
02541
02981
03119
03035
02961
02273
00147
00524
00871
03395
03384
00897
01612
02430
00417
00482
00170
02641
02931
03137
01440
03300
01846
01663
02719
03620
00078
02011
01123
03558
00107
03022
03667
03036
02522
01590
03450
03114
02671
00813
03071
03230
01637
00337
03072
00210
01653
03989
01423
02061
03919
03427
03326
01505
01925
02953
02833
02172
01090
00202
00894
02916
03124
01394
03693
00305
02343
03367
00990
03746
02799
01095
01604
01079
03468
00620
03568
03733
00589
01250
02451
03709
04082
02987
02117
01692
00823
01666
02643
03296
03790
03374
00020
03079
00068
00930
03568
00620
01641
00593
00538
03352
03283
02844
03436
00099
01402
02793
00257
00133
01498
03187
03579
00692
00416
01600
03330
00706
02246
02514
01162
02245
02683
03197
01773
02883
01563
02444
01073
00153
00921
01400
01749
01780
00651
02230
03946
03110
03538
03968
02894
03683
03468
02286
02082
00872
01086
03863
00673
03413
00799
02863
00349
01087
01100
01293
00804
02001
03641
00618
01851
02040
01618
01805
02548
03071
00387
00414
04023
02425
02461
00846
00593
00786
03887
00404
01844
00716
02024
02110
02142
00933
02775
01184
01983
01983
02973
03338
00722
03777
01590
03969
02294
03042
00041
00271
03907
01461
01570
02260
02345
01446
01406
01277
02807
02719
03406
02681
03557
03471
01553
02408
00404
01546
00536
02672
00730
02023
00867
01166
03907
01294
01698
00925
02698
00449
01417
02626
00434
02101
01230
02420
02814
01434
00297
03848
01807
02177
01175
03205
03169
00719
00773
00429
03327
00494
04019
02476
03129
02937
00249
03403
03278
03040
01216
00177
00479
01830
03786
03986
02912
01691
00981
02897
03328
01614
02131
03936
03231
00665
03857
00347
01644
00303
03020
00434
02661
02448
03284
02980
03825
03879
01071
00816
01664
02848
03154
00755
03418
01714
04053
02000
03601
03836
02617
01584
01765
03364
01784
02667
02736
03230
00315
03836
02463
01231
03175
02546
00784
03366
02535
02575
00028
00914
03286
00657
00321
01718
03354
03553
02441
02099
02605
03527
00131
00464
01884
04073
01736
03170
03366
03376
04077
02062
01338
03852
01992
00611
00662
02417
00229
02464
03627
02050
00116
02363
00422
03955
02744
02645
02162
03856
01362
01986
03403
01123
01116
00266
01967
00300
02769
01962
01551
00711
03783
03269
01959
03615
00389
02907
00244
00171
02071
00247
03662
00946
02807
03705
01194
02597
01994
01962
00684
02743
04080
02008
02414
02409
02221
00647
00554
03396
00505
03202
03755
02352
00854
01520
02704
01693
01273
01779
03697
01225
03983
04082
01498
01272
01227
00895
00226
03391
03798
00832
01133
03608
03399
00631
00222
02612
03373
02610
00701
02147
00018
00713
01925
00332
01769
01975
02602
02957
01188
03187
01589
01814
03069
03434
04013
01191
00603
00127
03458
00189
00382
03020
02017
00901
03179
03433
00904
01764
00541
03980
03496
00227
00218
00354
03649
03654
03346
02373
01937
03848
02675
02643
03101
01230
02444
01859
02337
02198
03452
00415
02663
01672
00568
00005
01504
03175
01057
03412
02299
04041
00217
02776
04011
01868
03648
00703
00564
02071
03726
01906
01361
00142
00748
01663
02373
02866
02109
00192
01120
02188
00184
01329
02605
03103
00352
01828
01790
01234
02491
03106
01252
00264
00248
01479
03906
02300
01480
01411
00181
03457
01472
03055
00498
01835
01165
02971
03408
00968
03820
03706
01384
02014
01017
01988
03439
03510
03607
01968
03195
03358
03563
03637
00490
02228
01587
02976
00668
02509
00318
03373
01173
02346
00210
03320
01104
00818
01856
03907
02018
03351
02292
00952
03602
02024
01541
00611
00925
03706
01705
02322
01303
01286
03052
00687
03814
02789
00730
03316
01707
02133
03678
01739
01310
01565
01400
00388
01530
01029
00007
01387
03744
02924
00666
01438
01270
03897
03950
03784
03376
02605
03266
02942
00489
03283
03766
00735
02691
02148
02828
02795
02781
00270
00432
01464
00127
03971
02672
01568
03938
01386
01241
01215
00893
03625
04090
03970
02892
00407
02679
01414
00811
03078
00285
02699
03835
02057
00089
01164
00357
02927
03190
01540
03584
01072
02237
03156
03474
03986
02696
01567
00498
00202
01155
02035
03993
01313
02723
01289
03472
01228
01100
00617
00046
01750
02831
03637
03027
01572
01953
00872
00660
03797
03800
01135
04066
02661
03860
03282
00251
00509
01400
03454
01072
03636
03799
00059
01605
02664
00506
01486
02869
03625
02882
02745
03802
00635
03967
03705
00010
03299
04015
03454
03678
00855
00289
00985
03048
03119
00709
03596
02542
03449
00582
01840
00910
02318
00235
03276
01220
03146
02599
01634
02341
03301
03643
00386
02438
00664
02998
01395
04005
00112
03549
01698
00912
03931
01858
02774
00142
00043
01004
02137
00512
00127
01872
03094
02133
01206
00409
00812
02599
02984
01437
02816
02870
01338
00337
03600
04003
00661
01992
01034
00838
01377
02509
03839
03916
01224
03210
01473
01996
01057
02893
03697
03261
01444
03082
03663
03929
01237
00519
01264
00953
00637
01413
04022
00126
00078
00926
00046
01064
00738
03229
03346
00142
02146
02954
02191
00753
00350
03795
02874
03166
01205
03116
03668
00591
00723
00102
01344
03494
03438
01640
03613
00471
03798
01162
00532
03747
03302
02572
03778
02501
00916
00416
00773
01557
04029
03040
01977
03284
01313
01586
03087
04092
02058
03414
03646
02533
02085
03557
01545
02580
01743
02796
00193
02332
01489
00126
00127
04074
03274
00890
01035
00047
02090
03641
03156
03959
00664
02767
00729
01768
02862
03446
00705
03706
01818
03389
00411
03884
02497
01582
03200
02227
02366
02244
00425
03060
02872
01682
00730
00096
02842
02553
03162
01810
02241
02734
02582
01339
02601
00064
01267
02118
00192
03869
01699
02507
02523
03407
00535
03962
02359
00911
00192
03123
01128
01894
02534
02224
02322
01597
02270
03539
03917
01303
00605
02608
01127
01261
01372
03263
02138
02753
03911
03269
03751
00804
01598
02805
02597
00091
00150
00555
00511
03813
03399
02343
03749
03568
00382
04075
00948
03785
00491
03740
02300
02438
03557
00807
00230
03299
03869
03022
00147
02176
01541
01829
02244
00351
01425
03030
00366
02121
00592
02189
03418
01864
00369
03897
04081
00145
03895
03933
01545
02943
00628
00895
00131
02488
00070
03183
02981
01119
01642
03163
03610
01636
01045
00407
02062
03201
00929
03571
03388
01734
03562
02319
00334
03951
03276
01079
01223
03693
02351
03355
02577
00655
00713
00091
02134
00963
02856
00459
02025
01762
02442
03083
03121
02389
02503
02226
00701
02503
02981
02577
01640
03388
03210
02550
01854
03223
03721
01314
03256
00828
02756
03901
02500
02716
02976
04026
02860
02150
03327
00571
01645
03280
01330
02975
03117
01443
00659
03258
03782
02400
03503
03278
01842
02029
00789
01904
03427
00819
01502
02315
02224
00374
00829
03037
03119
02763
01002
03407
00747
01825
02003
03888
00553
03688
01709
02645
01310
00155
01537
03444
00651
00861
00747
03079
03086
02091
01887
02321
04063
03385
01711
00476
03387
00100
02493
03490
00721
00435
01141
02921
03177
02973
03577
03385
03689
02675
01073
00298
02412
02123
03949
01092
02062
01390
00366
00320
00823
00444
01360
02728
03309
03586
03783
01826
01109
02680
00514
00129
00854
03805
01233
01865
03039
00020
00179
02607
02598
03201
02050
00526
03602
01365
00231
02244
03603
03359
00863
03313
03883
01907
00053
01173
00105
02041
01963
03741
00825
01980
01635
02852
02434
02761
01513
02128
03636
02312
03362
03229
03267
01749
00501
01765
01993
00776
03376
00947
00980
02771
01503
01689
01972
02773
01040
03968
00671
04056
00242
03785
01996
00127
02723
02159
03446
00470
03610
01564
02834
03568
00739
02223
02020
01028
00906
03219
00489
00400
03206
01114
02799
00370
00862
01522
01531
00764
02775
01887
03676
02440
01825
01873
00486
01049
01016
01452
00557
01469
02759
02470
02999
02880
02316
03718
02749
01070
00644
01487
02822
03673
02234
01115
02923
01714
01395
00215
01835
03762
02520
02575
00571
00708
00759
02927
03175
04046
00509
00269
00091
00398
00905
03358
02708
00380
03319
03549
00639
00482
01559
02571
00868
01659
03112
01494
03665
02029
00587
02615
00514
03445
00796
01326
00361
01870
03445
02582
00506
00498
01210
03198
00373
03221
00728
03792
04021
01408
01826
02876
01073
00693
02709
01026
00314
01930
04021
00001
00580
02012
02465
03548
00794
01015
03800
01915
03960
02763
03130
00041
02512
03378
00935
00242
01806
01965
02098
02784
03569
01497
02610
00624
02991
01911
01951
01135
01709
00583
00991
03647
01704
00194
01313
03360
01016
01927
02242
02435
02966
01106
00651
00142
02017
04065
02507
01586
00642
00362
04078
04090
03298
00357
04056
02693
03086
02055
03311
01159
01425
03001
00236
03425
00197
01888
00128
00140
00231
03253
03500
00453
03863
01961
00724
01555
03385
00922
00716
00724
02285
01234
01126
00729
02978
02834
04042
01802
03385
03822
02449
01123
03342
02100
00490
00921
03963
02686
01274
00616
00417
03362
01264
02125
02853
00013
03248
02909
03028
02307
01317
02271
03916
03759
03306
01231
00078
03751
01242
00739
00724
02164
02492
02389
01243
03264
03818
03755
02303
02851
01118
03604
02228
02172
00520
03476
02530
00197
02931
01192
02669
00908
03386
02716
02830
03506
01511
00278
00101
02792
01019
00100
02171
02452
01829
02082
00642
02681
00545
01142
03860
02436
04017
00096
03509
01177
00527
00214
01705
01862
02386
03968
03069
00407
01431
03077
00719
02330
03821
01316
03533
01217
02384
00743
01831
00611
02011
03882
01073
00055
03129
00542
03435
00637
01342
03304
01600
02236
00364
02545
00434
02816
00773
01093
01796
01173
00048
03178
02932
00540
00487
04059
01200
01943
03923
03513
02043
00064
01971
03177
03440
01619
02932
01383
03666
02505
00602
03080
02493
02045
01381
00624
02814
03814
02023
03527
02210
03427
03237
03242
01384
03048
00061
02964
03647
03792
01011
03192
00063
02984
02093
00887
02461
00124
02561
01170
02487
03285
01149
03603
00987
03820
03541
02608
00108
02181
02741
00650
03958
02248
03962
03497
03671
03645
00289
01855
01018
01146
04047
00231
00716
01439
00759
01887
02094
02542
01871
00159
00610
00585
03582
01843
00507
02109
02767
02895
00844
02265
01718
03129
00570
02084
01668
02907
02809
01756
01424
00560
02060
00292
02905
02583
02685
00221
02792
03163
03769
01933
02140
03577
01413
02612
00597
00078
03901
03268
02665
00404
02306
02741
01434
02238
03652
00567
01593
02066
01367
01405
03560
01791
01583
02262
03616
02283
00554
00653
03962
03465
03259
01121
00795
01908
02186
02759
01527
02250
02901
00622
02670
02376
02835
00742
00423
00375
00408
02081
03090
03139
02872
01643
01249
02360
00385
02340
03092
01587
03539
01728
01769
02679
03399
03098
02263
04069
02348
01510
01411
03381
02135
01670
00562
02370
00626
03576
00162
03134
03352
00630
02551
01716
02264
04059
01078
00511
02831
03210
03281
03584
02293
03197
02758
02211
02644
01976
00934
01503
03039
00832
02231
03808
00786
01795
00097
03243
00536
03982
00798
00573
00522
00659
01720
00284
03063
01484
03760
01959
01320
01753
02291
03189
01631
03465
00781
03298
01513
00120
02783
01562
03188
02838
03268
00091
02647
01828
02263
02018
01235
01937
03164
02281
02024
03079
01926
03340
00806
02252
03023
01034
03978
03791
00377
04095
03365
03524
03033
02204
01307
01237
02714
00019
01294
01448
02612
00738
00238
00770
01656
03323
02685
00213
03775
00166
03452
00549
01647
03419
03424
00785
02297
01530
02099
00210
03373
01269
01764
01598
00379
03861
00178
02983
02610
02342
01889
00857
00619
02201
01651
03718
03380
02947
00081
01417
02233
01416
00538
01495
00500
02037
03542
02179
01077
00369
03368
01773
04094
01695
02910
02038
03930
03697
01981
00382
03557
00521
03110
00362
00140
01996
02777
02885
02007
04037
02232
03382
01610
03523
00652
01905
00414
01043
02094
03399
01113
02765
00725
00456
00140
00414
01350
02597
03322
00204
04046
01070
03926
00710
03316
01886
02568
00782
00205
00445
01569
01374
01580
00120
00763
00567
03496
00197
00907
02257
02278
03829
02781
02243
02922
01787
04007
00974
01129
00078
01529
00286
03851
02132
00313
02301
01091
00275
02710
02625
02787
00420
01718
02401
03475
01634
00112
01236
01227
00877
01825
02089
03589
03209
02838
02431
00694
00091
01460
03441
00277
01018
00056
00007
01045
01334
02562
01177
04067
02422
04059
02160
01891
03405
00294
01958
00953
01901
01400
02257
01069
01807
02222
02678
01052
00230
02848
01637
02858
00146
02665
04074
03264
03581
01226
03218
04000
02746
02429
01790
00365
00482
00102
02750
03873
03152
01037
04038
00564
02608
00415
02276
03782
01017
02600
01589
00922
03105
00554
02797
03906
02254
02619
01466
03085
00878
01848
01233
03023
03443
01434
00137
00355
02613
02680
01040
02776
02382
00799
01344
01906
03509
00354
03927
00553
03534
01237
00076
00575
03889
02148
00583
01022
02962
01554
02059
01533
02674
01925
02682
01408
03309
00553
02177
02116
03436
03580
02503
02953
03813
02384
03913
03618
03434
01745
03084
01575
00586
02095
00170
03343
01696
01127
00006
00009
02242
00230
01400
03214
00609
02691
01858
00817
02072
01950
02927
02557
01803
01627
01325
00364
04027
02808
00936
04069
02759
00691
03165
03088
02153
00388
03928
03667
01955
00551
01940
02977
03786
01911
01634
00619
00986
01242
01358
03531
03044
03293
00986
04040
01313
01964
01547
03549
01470
01036
00361
01845
02213
00608
02287
02540
02920
02298
01497
03098
01013
01915
01684
03392
03310
01518
02712
02604
01106
03207
01896
03869
02026
00022
02434
03104
00738
02928
00501
03035
01180
01622
03745
03260
01052
03562
01390
01379
03625
03900
00298
02776
00076
00528
03657
03903
02755
01965
01131
00650
00353
01233
01325
00573
03425
02734
02776
03357
00004
00219
03223
00899
00816
02995
03503
02998
03888
02790
01574
00624
02726
00121
04078
00093
02445
02825
04032
00501
00211
03341
01338
01068
01970
00241
03881
02469
01052
01039
01279
00268
02229
01196
01232
01073
00083
02136
01544
00461
02304
02007
01927
00484
00402
00087
00273
02846
01151
03071
03825
03824
03700
00811
03913
03206
02450
00275
03779
01786
00465
04018
01592
00336
02610
03195
00746
02417
03763
00307
03147
01595
01997
01010
02977
00931
03621
00713
03844
02470
03171
02481
00209
02206
02193
02505
00265
02568
00309
01534
03629
02256
01887
02559
03742
03985
00030
00409
00888
01727
03018
02617
03505
01035
00110
01934
02411
00181
00503
03623
00774
03705
03053
00028
00066
02832
01526
00788
01525
01463
00678
01850
03118
02570
02147
00095
00845
00279
01654
03990
02885
03590
03618
00195
00776
00977
04012
02301
02579
02333
03393
02580
01332
01052
01313
01071
03557
00338
01140
00421
00126
03558
02370
01981
04049
01822
00207
02112
00026
03251
03090
00501
02086
03307
03745
01547
03855
00138
00247
00531
00019
02416
03817
04018
01213
03458
03006
01787
03801
02979
00845
00086
00435
01594
01273
03364
04096
03346
01249
02327
02932
03728
02554
03567
02732
03306
02306
01411
01031
03041
03882
00537
01117
03138
02325
01676
03229
03743
01600
01644
01652
00597
03799
02125
00548
00289
02866
01389
02825
03647
01784
03465
00212
01682
02893
00815
03265
00543
01921
02921
03347
01422
00646
02122
03375
00843
01444
02770
02229
02399
00437
01945
01737
02478
02324
00228
00054
01625
03910
03912
00521
02284
01999
01916
01437
01270
00455
02193
02346
03330
01451
03891
03716
00570
00187
02787
00770
01127
03826
00096
01884
02795
01043
01666
03107
02643
03010
03529
02028
02781
03773
00208
03148
00931
01217
00842
01087
00275
02830
00011
04095
00682
03662
01567
02552
01400
00589
03764
01890
03657
00163
03854
02879
01286
00326
01908
03940
00675
01848
01767
02043
03610
01298
02310
03687
02898
02115
01521
02535
03725
02680
03683
03060
02104
02192
02523
00414
02844
02507
00824
02431
02302
03283
02996
02485
02040
03824
01499
02894
01236
02747
03753
02158
02146
00842
01921
00380
01838
02166
00571
00632
01196
02985
02609
01177
03228
00076
01778
01795
03034
00149
03911
03293
01606
00271
00654
00386
02170
02735
01190
02242
03528
02493
00489
03725
03771
03848
03838
03651
01651
04087
00270
03863
03121
00443
03754
02446
01397
01385
01943
00306
02347
01397
02594
03520
03489
04069
03704
01535
01575
01847
01085
01477
02220
02672
03654
00573
04041
01370
01585
04062
03024
03256
02228
00727
01827
01820
03505
02678
02721
01662
03640
03672
01138
00157
03401
01956
02090
00559
02334
02712
01547
03074
02541
02961
02944
00358
00535
00209
03642
01345
00852
02780
02727
02351
01811
02604
03898
02564
03499
04099
01142
00640
03124
03228
03455
00394
00659
00389
02118
03312
00116
02759
01422
02954
01254
03955
02107
01649
00738
02350
03156
03528
03606
00996
00542
02939
02857
00103
03659
00425
03755
00451
00249
01468
02199
01706
03122
00623
02837
03094
02310
01776
03330
00630
00417
03167
01215
00671
01743
03720
01382
01371
01234
03005
01049
00620
00502
01740
02381
04075
01325
02065
00830
03324
02994
03547
00732
03951
00408
03409
02634
01497
02399
00731
01341
00705
01591
02243
03469
03320
01006
01783
03063
01428
01300
00817
01053
02882
03347
02815
01698
02177
03280
01144
00204
02100
01100
02316
03517
00306
01072
01728
02555
02360
03888
00338
02567
01823
00504
00244
03427
01688
00161
01447
01733
00158
03207
02195
02947
03852
01500
01586
03986
02140
01424
02704
00856
02036
00045
03194
03561
03163
00882
00599
00655
02148
01523
01839
02061
03828
00604
01066
03970
03186
03736
00654
00571
01444
03422
01369
00611
02220
02178
01223
01320
00841
02294
00550
02294
00028
00651
03520
02304
02383
03779
03267
03071
02873
03434
01016
00603
01933
03044
03115
00241
02985
01342
03662
03927
00855
00661
01144
02640
01939
03793
00837
01460
01131
02457
03001
00159
03692
03970
00919
02150
00494
02938
03955
00802
02799
00970
01144
00458
02709
00695
01928
02745
02055
03008
02529
00512
02214
03905
02671
02919
00485
02541
01692
03126
01606
01369
03435
02235
00424
03540
02496
03111
01634
03691
02569
04033
01998
00002
01411
01432
01224
03982
03752
03458
02342
00922
00933
02458
02742
00773
03320
03095
00670
03566
01640
00753
03415
03570
01249
02301
00508
00908
00992
00495
02390
01158
01383
03828
03258
01929
00725
02294
02367
03259
01845
02787
00675
00036
03421
03917
03153
00017
03696
03936
03990
02815
03453
01311
02269
02989
00415
03070
01527
02385
00965
01030
03995
01764
03161
03642
03235
01030
03626
00417
01270
01976
02688
00028
00822
01738
01882
01701
00702
01573
02262
01424
02913
02201
03191
