03860
00868
03434
03251
02748
02632
03940
03164
02148
01772
03224
03453
03110
00192
01271
03629
02447
03206
00824
03531
02896
03077
02525
02886
03345
02514
00098
01753
01113
02232
00858
00210
02782
01888
02040
02769
03541
01292
00568
00662
01247
02925
01400
02979
02809
01332
01542
01344
00038
00078
02967
03710
03835
00280
02752
02579
03982
02754
00069
03020
00708
01288
03788
01785
00174
01235
03877
01985
00519
01423
03928
01311
02117
01341
03539
02020
01505
02993
01023
01620
02396
02190
01966
03237
02392
02980
01459
02657
00993
00876
01725
03525
03430
00010
03369
01921
02944
01793
03564
00792
00206
03941
00978
01410
02289
00498
01486
00309
00011
02842
00486
02355
01495
02051
03529
00876
02669
02350
01256
02251
02021
03276
02359
00854
03037
00603
02399
04088
01528
01310
02993
03065
02981
01331
02272
03589
04137
00166
03459
03937
02266
02483
02095
03705
00042
03201
01117
04015
01844
01402
00589
03303
00942
00046
00374
02638
03442
00455
00360
03696
00923
03791
03064
03904
00273
01461
02120
01786
03800
02231
02369
01348
03491
02497
01781
00516
03225
03612
01789
00195
00282
03994
00548
03303
02824
03166
03047
00486
02524
00960
00001
02510
01523
01142
00182
02001
03405
01630
00276
02886
00491
00488
01370
03019
00394
00704
03438
02942
00872
00544
03654
01491
00538
03085
00626
02480
01127
03560
00572
01036
01789
01013
01374
03197
01950
01456
03623
02393
00246
03835
02601
00221
04028
01316
02402
04177
00659
02275
03748
02500
00972
03298
00555
04028
00249
02405
01707
03461
00136
02552
03228
02371
01882
00400
00091
00139
00983
03897
01694
00147
03680
01263
03459
00706
02401
03137
03397
01442
03633
00751
03949
00178
02751
02500
02273
04184
04051
01590
00003
00452
03142
01354
00441
01519
01678
02933
03172
02330
02674
03878
00079
01003
00943
00255
00766
03210
01149
02538
00192
01075
01569
03407
02179
02252
02311
00523
00795
01605
00619
01869
03662
00695
03860
03507
02791
04125
02390
02737
01725
02783
02675
00081
01215
02678
01998
00894
04102
01610
02043
02466
03959
01070
01734
03696
00803
01925
01726
01724
00125
01382
03574
01126
03888
01123
03040
02741
00898
02376
01382
00304
00841
00198
03855
00183
00153
02711
03658
04025
02519
02259
02465
00983
04172
01841
00781
02605
00073
01170
02498
00441
03852
01032
00984
02404
03885
00668
03557
03245
00391
02676
03778
02621
01214
03747
04000
00117
03265
02770
00790
00731
04028
02516
03739
03900
01158
02432
00618
01923
04113
01591
00463
01047
02339
03029
00508
03843
02680
01997
01760
00607
02434
00117
01045
02212
00166
00649
00484
03573
03268
03067
03847
03945
00635
04032
02819
03373
00142
00301
00096
01045
02655
02344
00471
02155
03503
01459
01951
00960
02167
03356
02587
02464
01166
01144
01611
03251
04119
03917
02622
00077
01005
00903
01857
02894
03222
02074
03079
02565
03946
01022
01268
01112
01983
02417
00215
03647
01491
00430
01356
01495
02348
01099
00900
03618
03583
03424
01706
04027
00299
00715
01010
00463
02089
01049
00671
01591
03723
03687
02505
03986
02062
01686
02322
01368
03781
01837
00668
01889
02003
01304
03865
02931
03645
00415
02926
00867
01137
03553
00100
00202
03159
03071
00340
00249
00859
00405
04031
03624
03028
01331
01639
01895
03469
00114
02166
03304
02693
00577
00089
03827
02132
03351
00000
03953
02788
02499
01316
03197
00025
01320
03390
00564
03159
02220
00976
01501
00832
04127
03594
04108
01246
03849
02620
03664
00011
00324
01003
02188
00538
02321
03514
04075
03561
02606
02669
03588
04086
01469
02285
01437
03195
01304
02315
03212
04039
00832
03107
02593
02195
00140
02367
02815
02661
01279
02588
02073
04188
00074
03701
03361
03634
04057
00195
03164
00007
02602
02765
02241
03551
03015
02330
02944
02194
01085
01800
03247
01083
02549
03023
02080
00320
02735
02712
01726
02757
03967
00292
03126
03813
03600
01258
00075
00519
02676
04000
03657
00665
01213
02004
04107
00995
00662
01160
03824
00082
02443
00121
03792
02583
02904
00658
01325
01724
03429
02746
03853
00266
01654
02526
00603
03498
01360
02348
01301
03958
02375
03421
02064
02699
03069
01526
03127
03526
02710
02644
00547
02640
00951
01977
03012
00695
01276
01255
03630
00914
00216
02424
03335
04152
02159
02056
00380
01726
00008
02527
00083
01859
01990
00199
03708
03026
02326
00534
02824
03780
02170
01368
01900
00191
02572
03157
01079
01382
01351
00906
03702
01806
02198
01023
00272
03259
02360
01564
02989
00885
03651
02881
03091
01498
02125
03480
01624
04057
01866
03745
02883
02784
01864
02522
00078
03915
02950
00977
02124
00282
02123
03112
01664
01853
02674
02035
03910
00287
01699
00416
03626
02372
03797
03844
02350
02567
01256
01478
01338
02133
02599
02626
00804
03176
01226
00173
01567
01833
00098
03704
02727
01861
04157
03955
03026
01475
01289
03975
00018
00759
00581
01879
01528
01510
00123
00540
01250
03542
02586
02244
03725
00593
03792
01695
00558
00391
01205
01741
03265
03972
01178
02303
03965
02941
00000
01913
01183
00306
03230
03904
02323
01041
04138
02334
03785
00871
02344
02599
02171
00603
02576
03734
02805
02521
00258
03353
02909
02096
02005
03751
01842
01913
02797
03338
02233
01340
02586
02116
00667
01312
01829
02562
03386
03655
00286
03591
02466
03596
01008
00423
00716
02618
03278
00761
01518
03114
03359
01087
00998
03872
02757
03637
00285
03363
03820
00460
02080
02031
00541
03706
00650
01441
02314
02312
02238
00062
00860
00624
03879
00096
03576
03240
01202
00879
03240
00575
01339
01255
02533
04147
03789
03267
03170
00181
03942
03663
00109
02674
01606
03130
03254
01542
03032
02560
02666
00495
01944
00370
04177
03179
00461
00592
01891
01511
03136
00645
02905
00382
01026
03045
02128
01202
01509
02606
04184
01234
03993
01367
01186
02551
03886
03041
01073
00588
03977
02089
01288
03251
03943
03567
00585
02766
01838
03415
02021
01568
03019
02602
01455
00689
02982
01167
01402
02319
01682
03515
03299
00896
03729
00250
02066
03145
03613
00680
04026
02473
00808
00809
01960
03343
01261
03641
02248
00276
02767
03122
00098
00503
00095
03208
03484
02044
03827
01906
01001
01559
02042
00615
02423
00419
01044
01961
00662
01466
02590
02515
03620
02071
02171
02051
04062
03656
01638
03604
03345
01073
02301
02484
03543
02151
01903
00020
01605
03099
02541
01065
01888
02654
00430
00525
01991
03399
03589
00731
00860
03910
02270
02782
01661
00644
03422
00036
02495
04049
03799
03316
01026
03522
01826
01929
03311
04005
02831
02666
00109
00866
01576
00232
00443
00264
01485
00227
01400
00184
01056
02777
01727
04002
02776
01652
02407
00779
00891
02687
03550
03120
02523
04069
03565
00081
01748
00166
00382
01845
02548
00126
01498
00701
00432
03996
03687
02592
00408
03796
02966
00531
04097
01833
03515
01578
01977
01051
01630
03008
02247
03328
04095
03583
03663
03955
00942
01884
02421
00558
04088
03738
02002
00412
00014
03921
03842
00896
01951
00994
02878
00043
03389
02243
00644
03854
00725
03282
04148
00805
02928
00847
03318
01284
04151
00058
03863
02505
01059
02742
02179
03941
03514
03145
01956
00528
02598
01857
03792
02936
00391
00396
01496
02182
03809
02763
03157
01445
01904
03325
02574
03856
03535
03164
03836
03134
01769
02526
02774
03604
02711
02427
03440
03816
04047
02565
01462
03358
01149
00592
01631
04097
01740
03544
01165
02831
02253
03090
00216
00849
02000
04088
01594
00798
03384
02292
01149
03939
01033
00639
00065
01193
03341
02983
01674
03403
00299
00675
01701
02634
00057
02836
01819
01974
03888
03027
04103
01916
03582
04049
03057
02311
02906
02190
01997
01924
01559
03153
03861
03718
00539
00593
02643
03874
03818
02862
02163
03480
02219
01063
00261
02503
00332
01025
02392
02148
00937
03368
01602
00759
03424
00837
03484
01682
00704
03356
02850
01758
01472
04073
01985
01891
03396
01575
00056
01868
01145
01436
00633
00502
01586
02805
03841
01347
00115
00057
00171
01222
00355
01212
00763
02237
00655
02883
00885
02646
02760
03390
00918
02592
01159
00527
01667
03783
02863
00950
02062
02083
00112
00694
03551
03782
02748
01776
01542
03616
01090
03969
01350
02265
00504
01251
01621
03514
01126
03757
00977
02624
00006
03056
02589
03206
02247
00103
00088
00430
04120
00281
02182
01699
00913
00511
02424
00150
02326
01924
02775
01219
02509
03294
02830
01976
02638
01560
03965
01226
03282
03625
02298
02163
02028
00117
03074
01940
02125
00053
01285
01354
03052
01653
00063
02112
00601
03891
02298
00401
02474
00119
01065
03017
00487
02139
01208
03503
02704
00984
02071
00025
00223
03834
00181
01252
02160
03778
02865
03661
03141
02534
02820
00201
01613
02550
00026
00014
03284
00350
03600
03900
02702
01043
00919
00076
03397
00028
03726
02355
01275
03959
00998
00058
01913
03644
03670
03414
01989
01082
03423
01919
01074
01108
01562
03927
00394
03856
01230
03128
02790
03460
01301
01162
00958
00645
04190
00681
00395
02141
02341
01975
02786
04104
00902
02787
03076
02243
02530
02525
02208
02962
03872
01508
00594
00925
03452
02151
01828
01166
01821
03908
02114
03537
01711
02232
02668
02920
02897
03748
01741
02210
00330
00592
03041
01048
03093
02582
01547
03812
01987
02430
00019
02254
03863
00706
00671
02668
02156
01621
03665
00453
02179
02813
01406
01242
00241
00505
01438
02785
00109
00905
01943
00752
03375
02433
03188
00403
01628
01321
00755
01121
03366
01108
03468
04057
03065
02227
01046
01373
01984
02390
00436
03160
04085
04158
03284
03617
03103
03889
03759
02100
01678
02715
03460
00065
03490
03134
03104
00404
03241
01726
02760
03272
04064
00796
00007
01208
01705
03756
04034
02068
01282
01301
01929
01228
00750
01652
03224
02708
03773
01413
01732
03284
04167
00528
01217
02979
00365
01892
00247
03432
00752
01523
02678
01972
00659
01921
03158
02007
00843
03233
00953
02797
01288
03022
02420
01717
02131
00139
03944
04086
02103
00457
00847
00022
03852
03963
00738
02329
03414
02414
00888
01138
02468
01306
00144
00761
01421
03271
03023
01049
03061
03886
02461
02781
02028
02966
03154
01918
02712
01648
00054
00883
00481
01255
00166
00614
01914
02975
01931
00663
03584
02633
00276
01984
02482
01536
01843
03963
03688
02595
04005
00307
01552
03439
02299
03246
03044
03592
00374
00188
00912
02173
01056
04128
03743
01765
02629
03767
03493
02457
03895
03241
01918
02984
00209
03803
00925
04121
01451
00743
00370
02976
02997
00337
02603
04152
03935
04182
00291
03241
00308
03283
03423
00335
02503
00871
01245
03439
04054
02839
03896
03510
03043
00356
01686
02623
01290
01938
03194
03393
01500
03295
02541
02843
00001
00558
01128
02109
02885
03256
00460
00268
03721
00023
01554
03713
01906
00486
00623
00336
02511
03959
02455
00272
04028
00098
02651
00699
00715
01463
01933
02219
03162
01169
02775
02799
03815
03079
00371
02449
03728
01064
00261
03038
00344
03499
02621
02409
02876
04096
03721
00924
02347
03405
00247
02044
00971
01601
00272
02175
00369
02807
03176
01805
01704
00944
03418
00288
02491
01488
00833
01250
03117
03435
02833
03082
03181
00811
00387
02826
02472
00729
01703
00527
00518
02773
00716
02486
00999
01468
02299
02784
02542
00782
02754
01378
00907
01032
00852
03547
01623
03684
01757
01930
00448
02483
03324
03420
00109
03397
02105
01927
01315
02653
02085
02807
02093
03027
01193
01314
02274
01487
03175
00897
01361
02103
02005
02973
00007
02989
00000
00612
01041
01240
04084
01047
00821
01294
01193
02929
02778
01595
00994
04094
00905
02432
03552
02293
02803
02114
02387
00196
02009
02878
01496
02038
02731
00815
00509
02644
00056
02595
03809
04037
02700
02384
04138
01219
00104
02830
02678
04092
03322
00545
02491
00457
02437
00574
03786
00255
04060
01951
00365
00375
03632
04013
01394
00284
03754
02513
02023
02465
02897
01287
00941
03108
00716
04023
03298
01019
01452
01753
01590
03738
00969
01229
00319
00421
03237
03932
02200
00608
00133
01262
02444
00977
04163
00649
02552
03430
03305
03370
02079
01481
03264
01828
00279
02621
00142
02650
01832
03595
01974
03922
02869
00950
03201
00745
03683
03751
01987
02565
02262
02269
01073
01618
00187
01044
00470
00404
04008
01633
01020
01798
04040
03888
02247
03973
02203
02755
00709
01717
02049
03991
00442
04157
00823
02388
02880
00465
01042
02929
00028
01084
00777
02049
03972
00160
02559
02718
01756
01956
03885
01728
01615
04080
02487
02594
03483
01360
01621
00698
03293
01099
00265
02507
03908
00087
00120
01873
00209
02746
03497
03968
04148
00431
01323
02392
00154
01908
03820
02625
02402
01348
02051
01464
01855
00286
03183
00195
00399
01208
02720
01743
01251
00745
03795
00315
01679
02050
03428
02664
02217
02000
03116
03808
03342
00530
03785
00895
00544
03137
02348
01027
00572
03192
01630
00012
03399
01985
02428
03503
02145
03890
04034
00365
01322
00290
01796
00115
01568
02580
02639
00765
01619
02127
00006
01228
01671
01951
02792
01738
03289
02020
01054
00726
03285
03748
03026
01256
01452
02136
00164
03994
01731
01112
00518
02824
02470
02268
02303
02470
00627
01464
03301
00789
02219
01370
00755
02154
04084
03987
03602
00683
00289
00232
01644
03375
03395
00349
02739
02689
03944
02429
03136
03479
02490
00712
03240
01853
02923
02241
00753
03074
01996
01802
01138
02524
02421
02166
03992
02317
01726
00819
00253
01489
04044
03339
01298
01298
02736
03837
01766
01002
01961
00877
00375
01964
02906
01124
02492
02816
03862
02621
01005
01761
02487
02022
01914
03261
02541
01927
03513
01656
00892
02394
01643
02589
02199
02830
02653
02771
04081
03762
03725
00727
02562
00667
00578
00956
01318
04154
03110
03507
00857
03461
04096
03416
00439
01528
02057
02692
00272
02608
01809
02745
01688
02092
00434
01045
02709
00952
04089
01693
04162
01591
03125
02869
03536
00436
01368
01194
03379
04173
01210
02421
01091
02133
03749
00588
00337
01853
03500
02110
03097
00118
01084
03786
02448
02517
01388
02556
02506
01019
00409
02446
00598
03712
03618
00143
02246
00788
02099
03235
03454
02377
03732
02647
01197
00937
00017
02959
01537
01807
02605
04166
00829
01364
00471
03488
01614
03321
02023
02991
00587
02084
01898
02377
02546
02473
03112
04162
03928
04102
02223
02723
03464
00307
00264
01607
02125
02140
02424
03974
00923
02020
03545
03648
01207
01880
00406
04071
00350
03333
02206
00089
01339
02646
00311
01353
03114
00094
02756
03809
00810
00551
02585
01030
00120
00341
01963
01616
01878
03643
03484
02445
03778
02375
03116
03561
03611
00395
00788
01131
02262
01507
03860
01423
00206
01591
01181
00444
00514
03180
02864
00025
02449
02275
03308
02913
01912
01989
00247
00711
02260
02433
04092
03312
00011
00252
00459
02772
03061
02940
03198
01312
00048
02601
00911
00628
02233
00496
01135
00364
02070
03950
00809
00725
03472
02229
00149
01685
03174
02774
03457
02575
02820
03507
00418
03538
02010
01759
02960
02758
00625
01341
04063
00266
01089
03770
01602
03396
01942
00712
04050
00374
01089
01007
00684
01281
01899
03562
00720
03553
02060
00852
02325
02981
01489
03893
03234
00713
00371
00805
02280
03626
02844
00691
03572
01477
01981
00314
01432
01652
01211
01985
02121
01598
01145
02901
02739
03842
01070
01966
00008
01200
00606
02867
03912
02820
04063
02682
03049
02944
01162
03480
01528
00884
02089
02225
01976
02221
01456
03669
01983
00319
02356
00144
00697
01024
04176
00460
03963
02947
01342
03404
04073
00958
00234
00663
00748
02304
03490
02511
02811
01930
01146
02574
00682
04177
01637
01564
01960
02493
02149
00112
02266
02682
00131
03504
02645
01248
00442
00166
00801
03409
03510
00753
03089
02526
01506
00717
02510
02950
00503
00800
02635
00013
03640
02690
01764
03532
00490
00712
02143
03627
00082
01053
02093
03232
01086
03678
01146
01586
03653
02208
02735
03759
02370
02433
01409
01958
01715
00967
02443
00041
03737
00105
00334
02131
03552
01064
03200
00858
01006
02729
03042
02665
02977
00450
02532
02565
01832
02086
03875
02282
01291
02223
03827
03377
03327
03607
03839
01608
00281
01195
03845
01870
00708
03117
02583
02505
01278
02372
00428
03374
00828
03090
01973
01628
02326
01706
00027
03470
02614
01187
00149
03779
03625
02718
00263
01300
00648
02440
03415
00257
03528
00972
01489
02112
02045
01760
03043
03243
00390
01834
01802
00669
01873
03344
04155
00849
03151
03185
01710
02494
01250
03482
01732
00099
00155
02632
02113
00723
03241
00367
00156
03621
03404
00022
02284
03723
02983
00328
01797
01557
03043
03223
00800
03850
00704
04198
00664
02082
00286
02819
02329
00322
01378
01983
02867
00876
02597
00324
03988
00163
03998
00498
02259
03160
02320
01405
00408
02364
02958
03223
04162
02059
01506
02701
01056
03585
01341
03833
03489
02540
03512
03324
00904
02973
00154
00549
01462
01948
03706
03443
00763
03367
03052
01715
02375
02670
01897
00950
01467
01071
04094
04057
02469
02321
03471
00082
03720
02111
01884
02029
01874
00067
03641
00264
01367
00267
02668
01593
02682
03405
01640
00746
02020
01003
01990
00950
03077
00755
03587
03883
01751
03630
03236
02812
01499
02603
01533
01753
01171
00647
01834
02853
04070
02019
03421
01676
03170
02953
02774
03103
02979
03404
00505
02886
04162
01228
03864
02576
01065
03459
00409
03522
03010
02503
01131
02890
03055
01260
02754
01078
01621
00429
03314
00798
01290
02831
02824
03787
01717
02955
01667
03938
01908
01373
01945
02033
03528
02813
03975
02821
03942
03554
03121
01398
04055
02966
00503
04191
02326
00810
00832
00870
01281
01790
04048
00900
04193
00717
03221
00489
00492
03787
00823
00279
03610
01532
00310
02497
03436
02819
04158
02121
00896
01763
03533
00675
01305
03542
02741
03929
04196
00767
01332
03379
00837
00966
02408
01306
00935
02223
03289
03962
00691
02127
03111
02122
03888
01981
02722
01305
02953
00513
01961
02175
00916
03412
01210
01653
03518
03347
03607
03410
01852
04065
00298
03467
02716
00199
02071
01157
01266
02739
01384
02266
02094
01379
03046
01758
01651
01724
04075
02893
03707
02875
01500
02452
02269
02679
02739
00872
02217
03978
02820
00014
03562
02026
02221
02976
03362
00512
04088
00585
00811
02155
00965
01405
00705
01962
01112
01200
02158
01021
00618
02114
00165
00142
01028
02395
01304
01538
03214
01529
02237
04070
02053
00843
03027
00767
03179
01352
02923
03378
02952
01465
04025
03509
01494
01528
00737
00864
03754
02908
00806
01779
00934
03722
03925
00278
02820
02169
04097
01871
00637
02834
02952
03195
03576
00098
02099
04060
02182
02806
03634
01923
01209
01842
03566
03315
02053
01902
00992
03522
01599
01941
03638
02372
04098
02971
00158
00429
03520
02074
01179
02691
02037
00145
03541
03726
00784
01154
03101
00733
00067
00182
03893
03118
01593
03704
00902
03506
00215
02115
01803
00043
01923
02680
02555
03538
03529
03960
03900
03345
00413
02234
01907
02586
00874
01649
02680
01034
00585
02989
03845
01118
03405
03405
03575
01240
03547
02926
04078
02006
03632
01555
00975
02879
02002
02913
01768
03419
00680
01284
03027
00814
02893
02964
02052
00416
03584
02590
03557
02428
00983
01272
00689
03987
00434
01341
03764
00044
01556
01881
02417
01435
03907
01962
02974
01275
02737
00483
00322
03673
00211
01726
00159
00143
01982
02308
02906
00785
03770
00524
03080
03199
02247
00655
01770
01944
00620
03404
01296
01447
02022
01749
03492
00381
01453
02324
03621
02634
00323
00723
03765
00073
01949
00103
03796
03880
01372
03296
02235
02513
02245
04176
04124
01816
02492
00621
01910
02400
02240
03885
01631
01564
03967
03797
03019
00151
00570
01230
01537
02993
03404
01340
00924
03447
01548
02476
03246
03446
02769
02746
03408
00283
00101
00420
03575
03634
00098
01591
02841
03649
03050
03564
02254
00367
02659
03422
03777
03407
01822
01058
02340
00219
01704
03931
02339
01271
03170
03330
03265
03156
02379
03407
03424
01797
00742
03982
00940
02945
03278
04024
02582
03589
01509
00437
01615
03637
03260
00003
00146
00151
03077
00454
03140
01325
02596
00300
00247
00285
01708
01884
02314
02830
00478
02162
03116
03497
02843
01985
03575
03306
03195
02398
01850
00441
01751
01652
00335
03649
00624
00162
01987
00477
00946
00965
02547
01290
02163
00467
00628
02909
00310
02245
02859
03577
02220
02024
03747
01893
03826
02033
00988
01776
01077
00210
03529
01098
02706
03102
01194
00096
01146
01492
03960
03811
00890
00411
02215
02470
01377
03619
01093
04058
02275
03843
02641
03753
03059
02389
03231
02619
02197
01898
03776
03767
00617
03523
03061
03834
04035
01637
03756
03485
02367
03944
00852
03598
03161
01148
03403
02598
00139
02809
03039
04026
01745
01994
02552
03216
03830
03124
01564
02280
02009
03025
01509
00892
02041
01283
00853
00806
03885
02151
01161
00341
00481
02128
03860
03258
01883
01229
02370
03917
03468
00888
00861
02224
00522
01300
02508
04060
03785
01074
03159
03640
03401
02248
04064
02611
00555
04167
00747
00194
03134
04047
02046
00770
02438
04177
03355
01476
01700
01368
02898
02872
04008
02485
00051
02519
00498
02486
03802
00553
02385
01947
02347
04047
01835
01677
03365
00199
02155
01914
01115
00290
02096
01753
03773
03187
02122
02318
02453
04198
03823
01475
03982
03578
01700
03796
03775
00988
04047
02517
01636
01162
00401
02066
03141
03241
01073
02995
01856
02596
01355
01545
04074
01129
01256
02241
00931
03593
00199
04053
04192
01580
00337
02305
00457
03447
04146
00329
01386
02331
00420
00652
00487
00443
02933
01668
03353
04114
03720
01573
03573
02382
02409
01240
02244
01669
04050
02628
00925
02282
01755
03815
01846
02140
03366
00510
03905
01684
02704
03783
01403
01177
02116
01175
02024
04009
03657
01485
00186
04094
03916
01258
01185
04138
03528
00723
02260
01361
00569
02492
00053
02234
00609
02827
02843
00257
02242
02238
02617
02940
02674
00642
04140
02912
02708
00418
03617
03815
00570
00648
02373
02672
02320
00651
03054
01924
01589
00813
02822
02520
02259
01663
01841
03188
03693
02115
02132
03262
01920
00542
01557
01204
03098
00528
02641
01461
00335
00769
01280
00778
04011
04178
00781
02478
02714
01629
02497
00606
00106
00954
02832
03583
04026
01584
03611
02668
01028
01996
00644
01009
03637
00736
00289
00391
04190
00235
01071
03619
02555
01401
03647
02453
04145
04127
01534
03026
04044
03965
02583
02839
02725
01888
00579
00915
00179
02739
02761
01263
01865
01481
01064
04060
00165
02450
01136
01201
03441
01472
02865
00656
00258
01644
03732
01940
03670
03266
02541
03266
00475
00718
01018
00344
01394
02737
00661
03414
03834
00364
01317
02984
00912
03415
03131
03549
01140
04055
03064
00207
02104
03722
02564
02359
01649
02544
00617
00876
01320
01840
02678
01456
01626
01740
01368
00063
00451
02146
03362
03453
02362
02967
00157
01715
01686
03466
03914
00382
01134
03963
02140
03140
03093
02686
00540
02187
00140
03800
01476
00320
00866
01389
01948
00097
00007
00243
00331
01288
01990
03326
03949
00876
03600
00473
01459
03829
00894
02286
00449
02044
03638
01114
01368
02205
00182
02472
00588
01858
00295
04184
01487
03045
00497
02404
02436
00433
00636
01079
03728
00166
00190
03250
03387
02775
01937
01644
01005
02921
02740
02622
00723
04107
00209
02920
03912
04109
00159
02867
01200
03646
01614
02004
00416
02526
01039
00706
00233
03100
01422
03404
01564
01805
03672
03466
03575
00730
01374
01870
01582
03044
01564
00654
03156
01239
02603
02818
03272
02856
01850
00180
02933
01132
00740
03881
00650
00319
03042
00842
01624
00814
00121
02327
03842
00217
01630
00401
00494
03625
03126
01418
02265
02001
03259
01180
00130
02556
00488
02618
02868
00155
01909
03335
01879
02033
02822
01337
03184
03749
03622
01273
01029
03043
00897
03099
03597
00648
02182
03684
02324
01271
03523
03628
01324
00221
00412
01178
03966
03789
01547
01550
02720
02905
01835
03455
02153
02543
03360
03642
03240
03131
01157
03155
01555
02774
02177
00603
00499
04171
01436
01263
03924
00226
02659
03408
00834
03659
01931
02252
03654
03792
03098
00785
01385
02383
04048
02897
00064
03995
02125
03311
01261
03358
04045
03780
01326
03117
02646
03621
03614
00168
02490
01389
03546
00092
02344
03603
01726
03887
00692
02592
00630
02600
02359
00223
02785
03456
01625
04161
01719
02665
01083
01876
00035
00321
03017
02567
00051
03434
00036
00101
03628
03602
00502
04147
00195
00931
03110
03399
03198
02430
02516
03376
03145
00552
02335
02820
00501
01713
03281
02370
03003
03540
02148
02101
03318
00832
00565
04041
03413
01579
00111
02997
01192
00838
01515
00997
02266
03105
02219
00186
00493
02971
00286
00456
01548
00341
02389
03045
01009
00852
00340
02369
01439
00394
00181
01662
01673
00896
00006
00669
01777
02314
03202
02882
00526
01527
03885
00462
01404
03723
00841
02343
02111
01155
00270
03542
04042
01988
01503
02692
01369
02552
03831
03778
03384
01910
00561
00388
04010
00629
02983
01352
03051
00204
03315
03313
03185
01041
03249
01395
04021
03229
01293
03802
02024
01513
01345
03948
02776
02751
00103
02703
01026
01438
03021
04088
02937
02931
01318
03209
03284
03825
01308
01702
02246
00830
00660
01861
00951
02961
04090
00967
01736
03931
03859
00223
00076
03497
01034
02814
00593
01203
02434
01337
03390
04037
02938
04144
02015
00399
00022
00611
00499
02226
03994
01523
00631
02498
00009
00674
00475
02323
03356
00000
03682
00785
02519
01451
03047
00216
03029
03322
03266
00484
03347
03046
01594
01326
02322
04085
03149
02156
03038
01853
01587
03228
00092
03706
02209
02133
00296
02876
01489
01257
02316
03208
00878
03011
03732
00032
01589
02241
00486
00186
01447
01382
03296
03394
01139
00423
02810
01861
02632
01559
02106
02139
04016
01842
02838
03448
00537
03474
02619
00511
03485
02649
00229
02451
02425
00212
00304
01212
03882
03817
03714
00994
03651
04093
02179
00193
02787
03667
00821
01194
01676
01748
03862
03201
00286
00304
00932
01792
00386
02527
01928
03383
00011
01943
02931
02838
03310
01786
01533
00402
00058
00435
02460
00175
00346
00900
03041
02784
00720
03095
01095
03856
01756
01064
03685
01244
01009
02883
02171
02007
00072
02799
03313
01465
00711
02894
02458
01333
03033
01384
02471
01766
03249
02771
01168
02517
02993
02737
03750
02706
01740
02302
00148
01356
02996
00733
01708
03742
03661
02182
01838
00617
01145
02677
01890
02072
01717
01890
03631
01828
03600
02705
01068
01724
02411
00918
00067
00600
00036
04071
03094
