01676
03113
00202
00118
03184
02893
00434
02649
02347
02043
03436
00760
01794
04059
02461
02683
02392
00176
01294
01162
02900
04050
01841
01599
02100
04053
02738
00598
04091
01675
03241
00549
01462
01667
03532
01362
03628
00348
02034
03334
02339
01706
02658
03868
02144
03107
02041
02597
00534
01543
03162
02251
02736
03514
01487
03216
03513
02752
02046
01394
00104
02227
00136
00621
02890
00724
01419
04046
00999
01836
03350
00032
01943
04269
03069
02213
03725
03946
00114
01073
01169
01183
02195
00390
01324
00575
01716
02648
01772
00600
04193
00013
00680
02757
04357
02051
01949
02144
01161
04237
01478
01489
03700
00363
01962
03992
01328
03798
04383
03763
02909
01093
04221
03228
00447
03726
00206
00882
03235
02716
01329
02371
00591
02298
00173
03107
03255
02889
03795
00587
04395
01316
02540
03041
02877
01021
01057
02767
03761
01827
03850
01731
02990
04355
03598
01459
04177
03496
03049
00698
03920
04161
00396
00419
03260
01709
00461
00609
03599
02837
01807
00809
03477
01510
03965
03566
01304
02089
02240
00182
03875
04193
02673
00285
03848
01601
00551
02598
00461
03351
03729
01113
02496
03913
01376
01774
03724
03610
03452
02725
02836
03337
00935
00671
03355
00935
03822
00476
00214
02307
03371
00194
00042
03091
00632
03398
01103
03489
00238
03771
02582
03520
03675
02340
02855
03273
03762
00423
02770
03398
01404
02513
04007
00730
02365
02784
03954
03868
03586
02000
00350
00654
03941
01669
04138
03678
01443
00498
02056
02536
03877
00325
01074
02197
01834
00559
03272
02133
01766
04387
02628
02101
02339
03993
00895
02764
01382
03632
00156
03528
01501
01358
00162
02320
01396
01669
03783
00965
04358
00485
01319
04138
02241
00919
02580
01613
00706
03821
01815
04241
02272
02756
01429
02217
01668
02755
02734
03187
01094
01315
00334
02415
01523
00474
01014
03755
02522
02021
02101
03772
01750
04210
02991
02075
00853
04024
01376
02873
02072
00291
03338
03505
00563
01551
01673
00905
01508
01729
01912
03219
00656
01933
01181
04342
00185
02999
03103
04116
01324
00105
01976
01384
03494
02094
00661
01407
02823
02841
01770
04048
01102
03125
04274
00760
01332
02505
02772
03526
02614
00423
03778
01040
03769
03778
00811
02848
04370
02554
03056
00415
01469
01446
03572
01229
03083
03740
01596
00266
00473
01183
02438
03411
02491
02774
02774
01500
00647
00517
00922
00870
02958
03466
02383
00318
03109
03079
00030
00258
01746
00439
03726
02992
02643
02478
02413
00237
02247
03857
03833
04319
04112
03535
02664
02744
03552
01467
03623
04239
01824
02023
01728
02157
03216
04126
03092
02000
02632
01598
04392
02943
03149
03313
02141
01771
03024
03543
02167
02574
01888
02481
00079
03396
01008
01340
02148
01682
04050
02679
01020
02087
03635
01347
01464
00381
03952
00871
04021
01036
03222
03469
01231
01404
04248
01037
00800
00100
02009
02675
01894
01236
03497
04287
00819
00123
03388
01305
01326
02966
02646
02671
03622
00438
03379
01709
01047
02253
00307
02408
02949
03380
00418
01671
02261
04316
00342
02846
03355
03775
02065
04376
01486
00178
01159
03856
02456
03082
03209
01228
02010
03207
00416
03927
01420
03345
01653
03626
01537
03886
00700
00374
00841
04158
02914
03200
00768
02547
03739
03769
02452
03984
04078
00905
00387
02060
01949
02296
00675
03315
02443
01609
02924
03354
01538
03955
00064
02205
03165
04204
01546
00678
01616
02645
02468
00524
00696
04060
02562
02086
01388
00050
03916
00858
02738
00570
03962
03975
02927
00106
03463
01915
02934
03026
02392
02850
01410
00678
03462
00252
01951
01689
00534
01273
02866
00008
01578
00883
00312
00288
04369
00440
01260
01645
04121
01523
00306
02752
00757
03622
00017
02587
02793
00710
01070
03116
02290
03859
01283
02549
00803
03347
02542
04148
04010
02042
02677
00132
04209
00151
02424
03646
02288
01454
04351
01325
04223
02461
03426
00797
02953
00350
01880
03615
01421
04120
03926
03740
00110
02146
00617
00403
03642
02565
03839
01761
01160
02685
03072
03772
02554
03564
03386
01260
03442
03483
02698
01927
02529
03886
03414
00615
01643
02770
00566
00393
02134
00581
02132
03941
00800
02050
01017
03893
01696
02504
02470
02500
02501
01078
01204
03365
01628
00758
03907
04349
04285
00195
00031
02174
02964
01368
01201
03793
02285
02486
03234
00382
03720
00273
01450
03323
04349
03176
00470
02943
01625
00735
04071
00610
00646
00187
01239
00099
01176
02729
03047
04341
00004
03739
03076
03175
02187
02112
00201
01103
00564
02575
00077
03442
02552
04320
01676
01618
03511
01767
00388
03188
03256
03181
02390
04077
00797
00141
03468
00890
01941
01448
03690
03896
01627
01862
02861
03078
01915
00058
03616
00933
02005
00336
01821
01112
01114
01541
03456
03278
02115
03171
01431
03210
03346
00968
00070
01659
03648
03826
00072
02125
03813
01241
00703
02875
03285
00825
03292
01550
00200
04378
02586
01575
02242
00829
01141
02469
01361
01142
01784
03620
02166
02561
02196
01970
00506
01394
03708
04143
00273
02317
02749
03760
03148
02398
02876
00272
01480
03399
01591
01524
01764
00628
01933
03065
04305
04027
03033
03677
00626
01077
00297
00854
01890
04356
02542
04115
02932
03009
00428
03165
03030
01443
00449
04345
01023
03757
04387
02685
02583
00212
01873
01116
02598
04059
02363
02480
03604
00142
01118
03011
00192
02376
04359
01354
04156
03761
00905
00319
01573
02583
00602
02217
00065
01495
01991
03178
01537
03864
00904
02165
02614
01477
04111
00105
01184
00453
03593
02159
03793
02521
01191
02364
01472
02529
01254
01875
02153
03435
01338
00651
00641
02777
00714
02455
02280
00157
03556
02216
03767
03204
02177
02172
03049
01725
03331
00080
03414
03077
00043
01914
04346
02768
01256
01948
04309
02293
00953
03397
02443
00550
01860
03082
00667
02091
00383
01452
00621
01994
04123
03958
04325
01525
00640
03590
02692
02225
02659
01621
03085
03390
02373
02117
04149
01591
01813
04166
03732
00360
02390
03364
01464
00407
00731
03249
03400
00529
03486
00987
02934
03890
01152
03769
03806
00015
01914
01895
03051
04180
01011
01820
03257
02069
01450
00180
03509
01171
02515
02111
03168
00222
01871
00277
02658
04305
01411
03092
04140
02191
04171
00855
01094
01767
03191
03445
03286
02070
01379
01812
00546
00442
00021
00904
00909
03871
02768
01403
01229
00200
02149
01274
00014
00283
03241
00650
02607
01673
03729
02022
02121
00120
01881
00198
00704
00191
01861
02749
01826
02830
00639
03295
01101
01352
01711
02141
02829
03678
00937
02431
01955
02937
02815
01004
00945
04051
03879
03129
00193
01842
01624
01916
02438
00338
01278
00395
00122
02206
02109
02566
01318
03707
00257
03790
00704
02113
02468
01201
02063
00871
04377
01667
03322
01962
02486
03865
02142
01513
00351
00597
00254
02032
00860
00554
01413
04384
01260
03195
00935
01223
02819
02100
00277
00961
01279
02612
00639
00234
04248
03990
00004
03742
02742
03994
03845
03616
02685
04389
00168
00867
02739
00706
03625
01736
04322
04115
01898
03733
00824
03352
02138
03214
02459
02458
02644
04275
01835
01125
00526
01382
00320
01408
01426
02679
01522
01706
03898
03694
01208
03683
00084
02068
03240
03412
00773
04366
03164
04380
01178
03126
01158
04040
02249
04072
00602
01325
01718
02455
03674
02917
02434
04297
00527
00724
04317
04102
00002
03751
00716
04392
04139
03432
03686
03439
03281
00799
01976
03092
02160
04344
02121
00088
00137
00141
04231
02584
03923
02209
01712
03039
01183
02185
01373
02648
03865
01798
01720
03198
01498
00371
00239
00547
03563
04055
02337
04345
01652
00440
02725
02048
03634
00877
02698
02381
03015
00701
00136
01955
02586
01353
02677
00000
04080
00563
01284
00759
02307
03610
02744
01029
02974
00723
03335
02418
03851
01910
01897
01926
00115
02385
00928
02982
03061
00845
02081
00522
01234
03099
03776
03852
03300
00298
04010
00414
02991
01321
03211
02664
03248
02515
02145
00334
02914
03836
02104
04330
01359
03542
03763
04155
03715
00080
00700
00265
01292
03084
01795
04323
01950
02364
00067
04199
03700
04072
01826
00910
02769
00894
02055
00017
04004
03814
01397
02844
03513
02337
03366
00702
01548
03486
01619
00538
00488
02568
01647
02349
00302
00336
03492
04300
01409
02274
01877
01449
02318
02166
04002
01393
03625
03222
00650
03414
03667
01831
00955
03812
00328
01990
01541
00130
02708
02928
02956
01416
03302
04381
00828
01495
00300
02474
01255
02952
03710
00914
00714
03637
02071
00313
03662
02542
02509
03061
00409
00202
01986
03577
00213
00027
00835
02383
01241
01819
03613
02689
03187
03720
01008
00244
00167
01274
02076
02561
02385
03453
01336
01233
00566
02176
03585
01285
04009
02792
00111
00207
03225
01377
02980
02721
00983
00963
00557
02832
01622
02301
03035
03396
04251
04016
04267
02223
00148
04106
02513
03783
00309
04030
03124
00978
01037
02845
00242
02125
03959
02227
00196
01817
03052
01232
02093
00930
00470
04113
01308
00845
03744
03274
03760
01662
01289
00435
03035
02628
01607
00588
02911
04161
01992
03390
03734
01193
03171
03488
02958
02694
02269
00659
00224
03445
00216
03482
02129
02434
00950
04249
01938
01387
03435
01560
03554
01955
03568
01684
02036
03829
03748
01764
01163
03459
01629
02739
01777
00010
00076
01678
03943
00372
00927
03291
00695
02409
03647
01492
01269
04290
00762
02671
02148
03757
03371
01035
01157
00422
00341
02121
01577
01192
00015
03476
01352
00400
00953
00095
02235
01737
04044
02186
00931
03658
02608
04336
03436
02536
00999
02449
01980
01001
01094
00774
01414
03975
02996
03798
03563
02620
04043
02276
00064
00384
03644
02995
00538
02381
02143
02599
02438
03579
03319
01625
03541
04173
03380
01127
01604
02534
02034
01461
01946
00905
03183
04228
03083
01485
03034
02077
01770
03481
04359
00459
01403
03569
02111
00818
00550
02957
01380
00319
03383
01826
00802
00430
04226
02368
02608
02946
03539
03896
01190
02565
02708
02679
02265
01148
02968
02547
00962
03157
01125
00880
03500
03712
03903
01312
00508
02871
02494
02021
00443
04395
02561
01476
02959
01117
04332
01048
02184
02838
01677
00368
03174
03764
01453
03574
01831
03377
01618
00413
00238
03681
02016
02022
03999
00744
03167
03151
00567
01653
02920
01337
02489
02991
03930
02148
00627
00203
03305
01321
02255
01335
01718
00468
02629
03110
00521
04092
00286
02601
01386
00288
04355
00166
00496
04399
04356
03751
00833
02276
01172
01857
00760
02637
00386
02671
02340
03062
02051
03867
03709
01175
02890
00521
03905
04246
00137
00832
01277
02218
00865
00022
00183
01118
00822
03207
01144
02414
00302
01233
02951
02082
00216
00510
01824
00724
00281
03743
02100
04190
00689
01554
03738
02709
02844
04272
01395
04076
03685
00198
03323
02231
00709
00189
03163
02525
03625
03688
02988
02952
00065
01098
03958
01181
03525
02865
00710
01666
03970
04131
03022
00673
03682
01395
01990
04392
02298
00208
02960
03561
02221
02075
01897
02821
01981
02450
01212
01408
01201
03678
00544
00001
00418
03493
00802
02137
01152
02141
00381
00573
00098
01998
02917
00721
03963
02787
02388
01363
01095
01533
04124
01522
03876
00579
03803
01833
01006
03433
00748
01099
03843
00236
01913
03660
03957
03848
01454
00346
01789
00022
00362
01143
00413
03462
03999
00372
00958
02340
04360
03003
03688
01402
03114
02073
02272
00562
01923
00278
01499
00422
01583
02530
01089
01062
01306
03630
01869
03621
00160
02869
00177
00721
04175
02997
02694
03261
01438
02589
03633
01469
00759
00820
01376
01213
01967
01155
03700
02205
01127
03009
02857
02493
02667
02106
03617
02689
01175
02251
00591
03778
02298
03580
03550
01409
02370
02106
00258
02456
02151
02544
02998
00767
03364
01697
00244
03608
04047
00677
01124
01528
02746
02814
03212
01810
00706
02390
03221
02337
01669
03494
00750
01265
01569
01781
01322
03563
02407
00267
01956
03788
03214
01777
04035
00960
03299
03496
00904
02032
02862
02594
03220
02918
03505
02288
01511
01080
02041
02793
02435
03641
02439
01412
03535
02808
00040
00035
03511
00946
01888
03100
02865
02411
02550
02868
03946
02708
03033
01722
00415
00089
02192
01550
01736
00923
02862
03804
01246
02309
02740
02777
03581
01805
03185
04265
01365
00969
00773
04346
02458
01098
01219
02736
00140
03002
01796
03630
03425
02734
03320
03118
02989
00440
01720
03277
01476
01371
03111
03878
03494
01563
00151
04169
02601
00785
00695
00376
00389
02121
01354
03646
00632
04200
02547
00620
04010
02877
03884
04130
01194
03682
04151
03094
03255
02719
00475
02483
03020
04091
00592
00769
03043
03152
00517
01565
04218
03674
03662
00710
01714
00828
01660
02291
03059
04208
00869
03316
00782
04136
01362
03523
01611
03381
01143
02935
00609
00883
03325
02053
02852
02959
00763
02082
03800
01654
01460
02426
01139
03788
03257
02614
00433
02950
04335
01374
00225
02516
01547
02363
00429
00926
03434
01527
02359
03370
02702
01476
01070
00423
00978
01749
03200
01258
00878
00765
01481
02402
03974
02402
00090
01146
01388
03662
02933
00698
04231
03458
02981
03770
01627
01110
03562
03925
01463
01377
00737
02070
00974
02418
02435
01329
04397
02665
01652
04160
00076
02085
00827
00184
03616
03483
02770
04104
04348
02879
03587
01422
04327
02467
01010
00982
03097
03513
02010
02687
01423
01958
03791
03500
03166
01429
02131
03796
01060
03476
03156
00118
01433
01711
01842
02236
01349
00648
03758
03579
02604
02848
01726
03333
00964
01701
03886
01739
02839
00983
03776
00722
01860
03400
01044
01760
04287
00640
03618
03427
01129
02506
02692
00927
02970
03391
00385
01570
04346
01629
01988
02822
01024
00627
04171
03570
03746
02060
02940
00637
03387
03365
03905
01632
03226
03901
00324
00711
02439
01112
01190
00468
04336
03280
02920
02655
03218
02904
04061
03614
02452
04334
01015
00749
03308
03597
00222
01611
01013
01628
01167
03953
04232
03319
03777
03118
02103
01815
00931
00692
03321
00161
00560
01097
02463
02136
01061
04331
04245
04335
01465
00612
00677
01231
00555
03205
03989
02193
01402
03602
01328
00138
01725
03722
00962
01680
02099
01377
01533
01868
02052
00107
00057
01550
03527
03703
00232
00503
01037
03862
03752
00264
03402
03735
02625
01173
01476
03937
03294
03589
03827
00652
03848
00680
04297
03228
00462
03397
03835
03579
03297
00543
01629
01377
01276
02932
01405
04003
03457
01506
01077
00357
03358
00358
01571
01789
00718
01714
02054
04358
01435
01482
04175
02285
01538
02796
02087
02444
01455
04346
04095
02657
00439
01077
03761
00042
02485
02071
00278
02047
00940
01644
01489
02123
01867
00526
03401
00536
02990
03452
03813
03015
03393
01527
01919
03721
02175
00777
02458
01117
02793
00690
04288
03639
01347
02400
00404
03416
03656
03754
02535
02592
02237
01705
03830
01773
02675
04180
04304
04174
03046
02998
00213
03896
00243
03118
00025
01796
01574
02627
00408
02324
01745
00498
03252
03104
03032
02965
02426
00546
01817
01490
01171
03626
01130
00157
02630
01310
04107
02571
04059
02625
01834
04004
00106
01502
02021
01924
01009
00770
00905
01742
01780
02564
01817
03965
02735
00322
01803
02345
00647
02361
01933
02146
03663
00176
02837
00157
03415
01362
01238
03448
00830
03014
00717
04090
00584
03789
03435
02716
03498
03127
00366
03311
03714
00226
01560
03801
02564
02240
00704
00639
01727
00899
01351
00720
01775
03592
03955
00251
01035
03150
03800
03230
00558
03393
02981
03389
01651
01687
02858
01051
00921
03463
03495
00168
01398
02881
01615
03751
04264
02957
02683
00667
03750
00548
00203
02446
03478
01301
02984
00141
01288
01909
01925
02194
00190
01766
04228
02799
03439
03202
02565
04005
02385
01957
02760
03375
01892
01365
02163
00702
02302
04319
00224
01521
00609
01726
03502
01792
03752
02746
03480
03334
03760
02987
03122
01640
00932
01385
04111
02086
03296
01410
01568
00941
02583
01591
00839
03207
02656
03683
00185
00768
02907
00664
01234
01653
02626
03800
03139
04395
00810
01149
03494
00569
02089
01557
03890
03860
02081
00894
02250
00661
01818
02714
01935
03912
04158
02639
03974
04212
03550
02238
01685
04194
01682
01213
00262
03868
01774
03283
01198
04131
01040
01792
02295
01421
02117
01383
02905
02889
01451
03881
03192
01696
02609
03342
00647
03114
02219
03826
01194
03274
04098
03850
01801
01719
01464
03106
02736
03144
01001
04229
01715
01916
01325
01336
00655
04179
04362
03123
03164
00668
03606
00989
02911
03371
03914
03187
00859
03430
03186
04244
00119
03357
02512
03644
01275
02181
04225
00331
01892
02239
04231
03650
00887
02553
03782
02553
02642
03904
01114
02944
01982
02224
00085
02240
03985
00811
03703
02556
00431
01906
02821
02218
00449
00754
00236
00328
02254
04141
01264
01948
00149
03588
02429
02317
03837
01119
00894
02695
00132
01577
00059
00479
03107
04026
00317
03748
00867
00338
02781
02206
00472
04271
02699
00022
00075
02092
01499
00784
03510
03462
03145
01161
00249
03499
02797
02970
02889
00417
01177
04086
02744
04145
04192
02246
02048
03838
02193
03214
01496
01942
02224
01836
02905
03572
02918
00460
01002
02030
02831
02411
04280
00578
03969
01478
02674
03160
02684
01582
03792
00452
02717
04186
04227
03372
01484
04137
02839
04128
03094
04355
01398
03690
02405
02474
01046
00195
02074
04370
01842
01790
02253
02618
00231
03590
01852
03127
03940
00160
02223
03580
01989
03948
01388
03783
02153
02558
02949
02506
00750
01699
02767
00309
03759
01666
00750
04061
02292
03040
00268
01115
03927
02176
02521
01027
02391
04053
02973
01647
01173
03045
00968
03240
02748
01549
02026
01713
03070
02635
03966
00208
00521
04332
01521
00537
02008
02450
01937
01080
03381
04352
02832
00523
03693
03142
03240
02730
00716
03124
01496
02804
01639
04093
00733
02679
01657
01514
00412
03307
01157
00935
04251
03660
01674
01406
02559
02627
03365
02974
03904
00096
02783
01687
03961
00613
02775
03045
02284
01041
00763
02215
02306
03016
03376
04091
01824
00460
04193
03288
01573
03307
01587
03655
01536
01668
03895
00830
03182
03574
02601
02874
04273
00968
04262
02041
02780
04047
02634
00338
00202
02367
00295
02353
03455
02800
01026
00115
01910
03116
00423
02970
01322
03363
01004
02813
01633
00668
03443
02048
03633
00200
04361
00299
01926
01796
01660
00665
03628
03291
01946
01696
00951
03013
00004
04391
00034
01361
04113
02105
02404
03626
01391
02213
02062
02264
00036
03631
01073
00982
00307
00455
00109
00284
00394
02996
00485
03273
02055
00156
01902
00094
01051
00355
02181
01673
01655
01533
02608
03549
01939
00673
01917
03899
00669
00013
01462
03375
00239
00848
03430
03113
00489
00040
02774
00309
03309
03433
04064
00426
02202
00358
00469
02476
04240
03359
01818
01631
02259
00855
02876
01305
03642
00432
03684
03681
03206
01429
01062
00714
00832
00148
01155
01606
01723
02583
03263
00553
00281
04094
00813
02524
04042
00090
01926
01481
01790
00872
02904
00010
03212
01336
03131
00009
03803
03945
01263
01155
00125
02754
01553
02510
02092
04080
00204
04339
03981
04247
03916
01498
03169
03927
02078
00994
00713
02925
03588
04345
03242
03522
03109
01342
01654
02100
01216
00800
03562
01039
02240
02818
00887
03848
02971
03423
03911
02646
03429
01828
03409
03853
02947
01790
03112
03256
02521
04048
01101
03602
03220
01072
01717
00034
03667
04063
02710
01153
02560
00884
02411
04104
02685
00757
02294
00795
01274
01297
03045
04028
01858
02076
01661
03901
03477
01559
03267
00646
03745
03387
04026
00495
01049
03586
02390
00794
00856
04355
01887
03537
01822
03128
00065
03399
00137
00541
01056
03598
04239
00439
04041
03668
01288
02639
02740
02794
00216
00842
02134
01780
00218
03510
02466
03734
03112
01523
02239
00880
03958
04235
01861
03528
00111
02607
02161
00897
02552
01568
03960
02869
04384
01623
01849
02068
00473
01137
02106
00297
01760
01323
01012
00037
01783
00182
04043
00123
03589
01222
00805
03751
01475
02109
02077
00300
02967
02703
00527
00168
00685
01633
00579
02598
03217
01523
02455
02511
03114
02616
02596
00334
01776
01118
03699
03151
01086
02382
01720
01715
03138
01841
01532
01347
01618
04028
03913
02335
01113
02826
03327
00082
01518
04389
01108
01907
02741
04065
02311
04170
02607
00485
04389
04188
00461
02823
00789
02502
02850
03410
02718
02162
00838
01862
03368
02873
03142
00941
03391
00453
01769
02805
00180
03185
01150
02639
02975
03600
00209
00163
02831
03287
00284
04158
02145
00440
02794
01177
02431
02828
02775
01095
00287
00652
00195
01755
03437
01771
03525
02163
00579
01731
02300
03557
04164
02635
02801
02372
02936
02195
01784
03679
02785
00588
02262
03094
01405
00454
01596
01514
04100
00198
03329
01440
03473
02804
04014
01746
01726
03679
01426
03730
00632
01533
03798
00060
02081
02323
01291
01767
02500
01086
02735
03495
04307
03259
02591
02946
02476
02249
01942
01436
02346
00745
01460
02418
01160
03807
02474
01056
00160
01448
03041
02735
02561
02711
04330
00511
02704
00606
03904
01004
04213
02757
01785
02992
03542
01226
02748
02597
03666
04022
02237
04197
01283
01992
00004
02320
02006
03360
01419
01961
01255
02874
01046
03742
04213
00980
00940
03490
01252
04270
01492
03992
00754
03773
03163
02574
03185
02780
00210
01348
03939
01200
02532
04327
02756
00311
01861
01455
01393
00508
02214
00289
04198
02233
03172
03665
04069
01385
00146
01608
01939
03752
03579
02494
00620
04154
00009
02677
03431
03461
01827
00625
02308
03565
03264
01479
04321
02922
00027
02529
02780
01239
01855
02220
00131
03161
00833
00750
02583
01546
01069
02119
04239
03249
00569
00579
04377
02800
00854
01273
04267
00794
00756
01859
02264
02975
03925
00026
01070
03205
01674
03853
03627
00660
00937
02862
01264
03166
00880
00521
01470
03866
03763
02690
03837
03276
01026
01818
02860
01986
01430
00317
02962
03869
01402
02971
01795
02282
02470
01666
01198
01980
01206
03204
04099
00248
00249
00458
04114
02477
03557
00005
03438
01358
00792
00908
00161
03229
00234
01911
00425
04357
02206
02295
02496
03748
01383
01888
02777
03651
04295
03140
00502
02036
02307
00141
00807
04375
00210
04166
01437
00393
01028
00342
02220
00009
00672
02955
03262
03576
00917
02095
04101
02605
02882
00841
03817
00834
03089
03059
02463
04046
02893
04243
01722
03712
03909
03961
03643
00852
02441
02276
03460
02166
02817
02673
03003
03008
03549
02881
02154
00513
01879
01045
00003
00333
04229
00681
02896
01035
03946
00810
01992
03839
03612
02213
03966
00516
04352
01646
01316
00261
01809
03818
03661
03976
04064
01001
01151
04279
01078
02483
03799
00509
01028
02558
00647
03306
01531
02889
00890
02595
03384
03784
01400
02937
02551
02253
02917
03860
03224
02239
03300
02091
02687
01610
03674
04291
00341
00291
02477
03730
01581
00869
03594
03486
02657
03165
03509
00535
00921
03998
04155
00414
02541
00786
02548
03889
03635
01535
00501
00996
03490
00913
01521
01773
01863
01945
03615
02427
00436
00738
03015
02676
03398
02619
02455
03322
03296
01142
02354
02010
01219
00557
02775
02129
00799
03755
03551
00074
00531
00190
01808
00184
01584
04311
00479
01965
00668
03563
02530
03237
02402
00826
02387
03762
02102
02089
02657
00068
00342
00398
01297
02004
00412
03432
02289
02734
01137
03688
00829
02057
03420
00719
04187
03973
01623
04246
02000
00479
02274
03956
01798
02851
02161
01152
01013
04255
01872
04211
02717
00736
01559
01992
02438
02828
03449
03028
01087
02379
03814
00204
03443
00626
00721
00711
02345
02349
02555
01297
03370
00681
02622
02536
01070
03995
01190
04199
02767
02864
03545
00045
02431
00482
01592
00857
03590
02612
01261
03188
00739
03787
02436
02091
02627
02809
03831
02648
02912
00438
01233
02252
00448
04045
00356
00555
03615
01808
00405
02212
01799
01449
01525
01963
03467
01807
01003
01476
01507
00977
02157
01614
00466
00354
03534
01514
00195
00561
00113
03303
00770
01811
02187
03196
03335
02063
03575
00545
03645
01894
01011
03578
02624
04398
01063
00432
00693
04297
01430
02430
03171
00150
00684
02021
03375
04036
02792
01884
03287
00974
00580
02264
03844
03208
02815
03108
01874
03109
03627
03725
02395
03874
00130
04221
02687
02354
01011
01602
01072
02726
02523
02553
00090
01656
04175
00652
00688
00789
00566
00054
00833
03190
02355
03471
03802
03817
03471
00681
02341
02577
02997
01621
03534
01606
02727
04178
03798
01705
03087
01123
02193
02569
01631
00540
03675
02251
03818
03401
00055
03914
03483
00171
02343
01099
00611
04336
00823
03963
03217
00030
04340
01799
02265
02283
01595
02328
03655
04156
03339
02617
03900
02664
03068
04358
00887
00680
02601
04243
03328
03166
00681
00662
00701
02415
01724
04290
01543
02975
02433
01888
03175
04247
03668
01948
01866
01797
01011
02602
01924
00320
02354
01732
00912
00885
00661
04241
03829
03172
01195
02755
03077
03073
02906
01372
02863
03367
01989
03230
00612
03343
00378
02334
03207
01161
03735
01188
02525
00629
01789
01090
04371
00705
00685
02671
00799
00831
02831
02974
03583
03297
04146
01104
03966
03492
01006
02738
02917
00086
00500
00564
02334
01542
02599
03480
02323
00887
03428
02931
03189
03952
01436
01283
02297
00259
00514
03933
01836
00952
03568
02978
03128
03845
00708
03501
01646
02300
00968
03148
00163
01425
01343
00072
02680
04006
02427
00082
01825
03078
00796
00332
01127
02026
00163
01442
01528
00123
00196
01123
01004
02533
01034
04112
03603
01203
01956
01503
02538
02413
03965
02556
03437
01019
04090
02797
01270
04037
03788
01392
02243
03369
00197
03300
03942
02903
02407
02417
00726
02524
01432
04053
01506
00953
04002
00187
02182
00016
02502
03178
04102
00539
00993
01335
03303
01897
02087
01656
04397
03941
00620
00407
03535
00836
01282
02447
01495
02331
04316
02373
00277
01211
02416
03078
00707
04266
01291
03177
03716
00831
03167
00641
01909
03466
03000
00946
01749
00109
03500
01645
01169
02043
02592
02809
04088
03228
02503
02480
03677
03930
00165
02035
03435
03867
03938
03419
03139
02731
02059
01021
01440
03189
03234
00185
00796
03869
00405
04192
01179
00254
04060
01583
01189
00875
04268
02236
04194
03012
02937
01420
02669
02135
00232
03886
01083
01888
00626
03400
00421
02383
03892
02684
01120
02485
02083
01094
02142
02698
03469
01749
02205
03901
03131
03507
01966
02009
03139
04083
03856
01121
01930
01926
03627
00696
00983
02250
02456
03023
01298
02592
04397
03724
02091
04136
03095
02579
04167
03899
01680
00788
03940
02277
03904
04352
03422
03853
00559
04169
00411
02082
00136
03478
01696
03123
01018
00688
04055
00171
00488
02491
03896
00152
00304
03316
00116
00631
00457
00788
02784
04269
01205
03294
00782
02148
00806
00043
00680
01440
03533
03759
03766
00845
00829
01047
02495
01623
00782
00946
03931
01926
01006
03241
03079
03188
01777
00364
04322
02507
02345
02955
00964
02528
01234
02461
04079
04070
04356
02289
04221
03633
01723
03759
00825
03992
03315
03305
00762
03542
00732
02003
01193
01229
01501
02828
03459
01799
03365
01848
01050
02314
00621
00060
03255
02375
03770
04310
03338
01120
00414
02966
02834
01812
01950
02956
00583
01064
02718
00079
00917
03539
00088
03703
02147
01974
03867
04169
02385
00806
02864
00701
01073
02663
04136
02524
04107
01191
04210
02251
00148
02613
00105
01695
02634
02524
02985
00908
00102
00127
03010
01774
00532
00563
02757
03059
00862
00675
00139
02099
00964
03508
03621
01773
01224
03287
02958
04335
02022
04356
01245
03729
04097
04296
04183
03807
03545
02990
01537
03489
00968
02195
03187
00601
03515
00953
02183
01641
03038
02890
02753
03358
00800
00167
03897
01500
00502
03388
03683
01608
00043
01345
04176
01740
00341
00080
00285
02106
02211
00589
00825
01617
03202
00551
04293
03749
00511
03626
02803
02974
