04028
01456
03354
03728
01994
02219
00508
00558
01264
03676
03227
00730
03388
02485
03535
01162
02465
00894
01836
02892
02960
00149
03072
03707
00053
00211
00413
03488
00528
00923
00782
01876
03326
02796
00455
00180
01187
00022
03597
04029
01990
02537
03887
03815
03498
01000
03024
01182
01861
01997
00386
03083
02750
00038
00737
02706
03992
00141
01833
00517
01525
00853
00676
01925
01673
04016
03460
03832
02157
01550
02554
02742
02827
03103
01904
01997
01037
02474
04393
03397
02397
02358
00851
03694
00696
02677
02262
04037
00804
03553
03516
01894
03242
04190
00845
03739
02226
03423
00021
00594
04027
04213
01876
02428
01619
02690
03491
02370
01769
02588
04302
03922
04252
01133
02402
03416
01568
04230
04132
01096
02269
00724
00795
00471
02067
00795
02091
03225
01294
04303
01311
04132
03233
00353
04082
03412
02018
03782
02410
01609
00515
02308
03906
02026
02568
03205
04195
00300
02842
02478
00174
02414
03415
03146
02712
00124
01907
00207
02642
03635
03039
03122
01332
02132
00740
00742
00774
04066
03932
01071
04203
03013
04030
00597
02906
04001
02660
00580
01418
03920
03786
04064
00169
01212
04005
00438
03161
01001
02334
00350
00616
02543
01514
00092
03706
00549
01991
00342
02165
03624
00133
02032
01497
04204
02462
00275
02906
00554
03299
02652
00395
02887
04005
04176
00025
01413
02333
01677
00113
03202
03865
00076
01823
04126
03795
03443
00196
02123
02735
00007
01987
02957
00224
01870
02712
02400
00936
03538
00165
02569
04315
00098
01723
00357
01262
03555
02257
04349
01106
02019
01316
00027
03255
00142
00875
03030
03070
01801
03206
02857
03615
02364
04371
00595
02131
00717
03660
02599
00927
01271
03520
01075
01678
00858
02156
00797
00986
03771
00934
00874
01799
04380
02678
03464
01756
04327
02834
04299
04287
03652
00132
03701
01835
01737
04250
01742
01184
03425
02217
03124
00648
02997
00351
00603
01521
03223
03604
01925
02220
01454
02588
02749
03745
01388
03868
01742
01341
00715
04342
00240
00361
02341
03330
04386
04008
02579
00443
02819
00749
03197
01108
02586
00678
02289
04309
01030
00025
00511
01798
00416
03449
01216
02182
03517
02837
01766
03960
01615
03949
00399
02715
00138
02082
03155
00773
01924
03705
04013
03003
02486
00284
03271
00959
00607
01069
00717
03303
02968
04232
03556
02630
01042
01556
04387
00889
03291
03461
04399
04032
03328
01889
01413
03815
03005
00444
01505
02095
00015
03107
02651
00798
00570
01938
00737
03168
02118
03922
01551
01833
02452
03107
00043
00872
00207
04289
00605
00393
02862
01606
02187
00119
00453
02972
03123
00059
01867
00509
00882
01414
03767
03145
00818
01112
02612
00803
00752
02426
02451
00457
03050
00830
01215
04254
03191
03248
03483
02933
00897
02585
03992
02060
00110
00417
02147
02195
02125
03598
02027
04151
02411
00941
01504
03152
02245
01868
03207
02115
03511
01425
03322
03988
03459
00619
03900
02060
00638
01299
00250
02787
01780
03086
02765
02907
01260
03490
00556
04009
02789
02658
00751
01295
03136
02728
02062
01546
02936
02190
02279
02550
02492
00810
03151
00569
01501
01155
00976
00355
03826
03844
04192
03616
01401
00172
02034
03879
02904
03678
00470
01682
02049
01196
00891
02666
00500
02188
01365
01326
01135
01268
01594
00208
01505
01063
02118
01516
00908
02251
01934
04342
01384
04294
00609
00047
03892
03670
01962
02259
01943
01818
01779
01107
00501
00240
03844
00986
00253
03755
01529
02557
03375
01264
04001
01764
02587
01038
00371
03056
04308
01687
01691
02792
02468
02255
04337
02644
02713
03505
00874
00885
02733
04088
00489
01695
04211
02369
00926
00404
03309
01386
00062
04302
03579
02631
03779
01496
00637
01969
03002
04169
01210
01723
03114
03727
04041
00179
01652
00868
00077
00720
02038
01647
00845
04254
00570
00858
02401
00452
02732
04252
01577
01982
03976
02114
03991
01116
03137
02606
04349
02902
03535
01340
00721
03946
02416
00493
01165
01812
03390
03682
02930
02248
02913
00247
01821
00911
01884
01401
00306
02108
00386
02677
01445
03402
04363
02255
02407
00084
01394
03676
01981
00912
01190
02204
00333
03033
03360
04231
01330
00039
02836
02323
04046
01005
01488
04303
00527
02223
00385
03728
00378
02622
00805
01381
04340
04258
00764
01288
01888
03363
04392
04276
01826
00723
01283
03214
01490
02907
01087
01201
01693
00577
01128
03130
03621
03635
01766
03708
01128
03843
01951
00961
02334
00110
02953
00303
04332
03498
00413
02338
02021
02316
01655
02027
02576
01812
00778
01445
04309
01622
02720
04335
00017
01605
01999
00443
02698
01629
02359
01283
02668
00285
01832
04098
02209
01312
00017
03174
03567
02711
00979
03184
03867
02388
01876
04197
00523
03397
00671
02661
00985
01211
01352
02645
00756
00759
03021
02491
02289
00944
02665
01590
03182
02115
02994
00503
02375
03031
01778
01376
01057
01179
02114
01367
03204
00783
03890
00550
03510
03388
02310
00787
02978
01601
03355
02279
01736
00843
01927
01821
00110
01743
01853
01338
00308
00023
01216
04339
03572
02440
03087
03295
02184
02764
00271
00714
00950
01792
03990
03154
01383
02236
03315
03778
00501
03018
01100
03209
01250
00725
00959
01606
02645
03488
00202
02194
03360
00415
00581
01962
00845
03734
02205
04008
02455
02861
04364
02413
03092
00636
04116
00861
03264
00521
00267
02151
00389
03003
04239
01871
00694
02249
04218
03785
00539
02404
03473
03796
03143
02046
00743
02673
00485
02982
03631
03647
03441
01602
01854
03573
02899
04343
00703
02443
01445
03191
03968
03861
04246
03143
00921
01660
00296
01948
02573
01499
02483
03154
01801
01267
01100
01913
00761
03243
00144
03916
03354
03640
02363
03887
02874
00581
03317
04372
00731
03503
02412
01066
02151
03344
02461
02739
01310
02646
00411
02721
03978
01407
03298
04364
01460
04274
01733
01442
00511
00909
04291
03115
02897
02103
00344
01352
04274
00034
01472
03656
00910
03887
03207
04215
04324
03405
00588
00451
01025
00959
00612
01435
02135
00985
03834
01927
00950
02791
03364
02942
00541
02826
01697
04088
02217
01392
02830
02465
00924
00319
02200
02967
03081
01661
02699
03584
00604
01759
04105
02826
01399
02300
00167
04384
04054
00414
03761
00758
00020
01124
02622
01650
00631
00998
04062
02183
02966
01303
00511
01167
02570
03152
01871
01268
03090
01567
00140
00363
00337
04027
00104
00605
00707
00514
00184
03796
03549
00545
02171
04110
00785
00319
01063
00273
02336
02006
02062
02268
03803
00943
01968
01525
01154
03658
03611
03412
00317
02615
03966
00539
00873
02900
00827
03568
01705
04035
03050
00025
03998
00870
02778
01715
01970
00426
02370
02751
02126
04381
02262
03370
02508
03854
03125
01799
00278
02736
03407
04346
02893
00762
01188
02084
03494
01278
03208
02342
03647
00404
03219
00660
01375
04354
03428
04361
04203
01978
00245
01456
03364
03472
02761
01141
02510
01830
01666
03417
03404
03063
04352
00924
01783
03052
01892
03402
04190
00750
02354
04309
02102
00057
04341
01354
01299
02312
02252
01667
01759
01155
00258
00808
02502
01378
03435
03939
01861
00765
00763
02495
00471
03778
02385
02140
02062
01601
03808
03793
02451
03239
03725
02686
03461
04069
02868
00766
01357
00829
01334
03237
00914
01753
02510
02620
02920
03720
02705
03078
00964
00837
03219
01341
03066
01493
03430
00446
03415
04269
01805
02574
04027
03790
04222
01736
03838
03998
00278
02852
00403
01956
00327
01493
03577
01504
04140
03278
00014
02052
02190
01538
02767
02563
01375
01896
02619
02885
00499
03095
01798
03780
02190
00228
01192
01222
01544
02757
00261
01255
02925
03344
01560
03842
02514
00965
00840
04300
03458
02196
01901
02365
00246
00717
02651
03611
03171
00339
02317
02181
02220
01947
00093
01705
03944
04359
00992
00227
02431
02809
02911
00243
03871
02870
01167
00554
00891
00297
03954
02672
01314
03889
00503
00228
02797
02761
03324
02353
02386
03009
02628
02554
01078
03006
01859
04130
02672
01563
01638
04330
01064
01113
01039
00472
04222
03739
01022
02880
02486
01111
00188
01954
03185
01737
02001
03775
00136
04106
00677
01897
01122
00632
02131
00359
03316
00035
02906
02306
03352
01316
02461
00590
00950
00041
00650
02024
01886
01649
01320
01929
03944
03329
00345
03012
04163
00817
00991
03938
02970
01414
00491
03863
03461
00492
00960
03872
03563
02591
02006
03580
02788
01782
02619
02084
00221
03773
02052
02120
00341
02718
00129
01192
02996
03019
00014
00572
01356
03067
02469
00704
01351
01823
03137
01119
03040
01439
03390
01066
00861
04037
03596
03093
00202
01766
01555
02543
01601
01000
02816
01773
00741
02581
03229
00209
04367
02491
02894
03148
03839
03084
02552
01597
03332
00473
03964
00772
01270
00982
03697
01256
01680
03370
01520
00434
01260
00966
02328
02660
01415
00143
01074
01481
02595
01962
00880
00121
00491
01811
00638
02265
04017
03977
03818
01902
00371
03769
00895
02428
03693
02102
00525
03711
02728
03138
01045
00453
00415
00252
02976
00438
03490
02870
03055
03537
02419
01921
04189
02692
03870
04023
01265
01143
01990
04325
01376
01142
00410
03971
03071
01689
02679
00866
01798
01746
00039
01921
04320
02755
03863
04347
04158
01241
03910
00464
01067
02457
01865
02110
02138
01029
03563
02093
03020
01770
01266
02548
00063
01529
02637
04235
04224
01729
00393
03662
03600
02086
01923
03034
01028
02880
03576
00183
00438
00466
02712
00066
04121
01364
02072
01318
00122
03984
04039
04199
03219
03046
02712
01354
02361
03676
04190
01812
03061
04054
01191
03534
00719
04302
00735
02322
04261
03631
00149
01316
00220
01684
02282
00704
01150
03080
03398
02764
00929
01497
01668
04041
00105
02447
02318
00620
03107
00435
00147
01667
01362
01197
00197
02822
02183
01966
02447
01500
03593
03734
02515
02615
02612
02787
01906
02381
03261
01288
02821
02643
00324
00261
03448
00424
01858
03224
03350
03548
02706
01680
01936
03804
04172
02538
00870
02570
03964
01083
00712
01197
03873
03080
00534
02450
01426
00836
00100
04334
01595
01255
02873
02161
01909
02680
01191
01976
01827
03431
00997
01248
02248
01545
01543
03186
01190
01665
01823
01295
01042
04248
04013
02857
00884
04120
00098
03819
02778
03899
02498
04326
01259
03691
02088
02810
02601
00773
01747
02861
00896
01855
03630
04347
00075
00034
02254
00842
01397
00614
04052
00344
01469
03817
04354
04371
02195
02236
01450
02853
03520
00378
02946
02058
00226
01766
02884
02608
02388
03040
00722
00522
02220
03459
00455
02880
01949
04030
04280
01463
00397
01133
01833
00489
01201
01267
04044
02528
01045
01910
01636
00340
02312
00647
04119
01038
04099
01357
00066
00168
01994
02381
03639
03460
02875
02664
01282
01062
03924
00001
02905
01710
00689
01545
00481
02454
00227
02105
04269
02996
02172
01324
01154
00252
02934
04230
01414
02198
01091
01348
02614
02375
02527
03153
02967
01311
04002
04291
02212
04062
04066
00848
01990
00739
03734
03728
03970
01331
03813
03824
02459
02226
00364
00400
04249
01089
04190
03258
01666
02117
00182
00719
02324
02944
02136
01792
01988
00894
01701
02998
02801
01997
02429
01630
03042
02346
03887
01333
01566
01012
01404
01963
00746
00031
04218
02535
03452
00408
03748
02055
01871
01504
00126
00290
02751
02151
00791
01389
03940
02262
00519
00614
03756
04168
03784
03296
01681
03830
01313
02779
02922
04078
01036
02111
02348
04031
01753
01317
03505
02628
01468
02290
02513
01290
02306
04241
03805
02976
00945
01004
01035
04074
01245
01991
01883
01538
03590
03705
02231
02267
00991
03255
01785
02659
00890
02751
02071
04389
00302
02574
04042
04296
04075
00238
01069
01016
01908
01952
00592
00623
00154
00642
01499
01471
02490
03837
03024
02687
03133
00285
00409
00175
02782
02557
02273
03321
00280
03471
02879
00806
02333
00086
03452
01978
02611
04384
03733
02430
00120
00067
03005
01864
00967
02738
00218
03865
01843
00763
02975
01491
01744
01633
03482
00660
04289
02210
01908
03763
02027
00100
01014
04198
02825
00352
03755
01646
01689
03531
04128
01647
00500
02861
02423
04000
02842
01168
03467
03051
04283
00471
03998
03938
00899
03256
00622
01967
00397
00328
02551
03461
01160
01105
01602
01496
00263
00722
00538
00246
02481
03731
00399
04353
01385
00052
00500
01290
02841
00449
00818
00763
02935
01908
02784
02752
01482
00711
04186
00627
00533
01188
00782
03379
00497
04299
02262
03921
00426
03455
00927
04279
01088
02141
01384
04373
02765
01754
02358
00313
00566
02808
01684
00954
02587
03349
03784
03570
01848
00033
00145
00677
04222
00313
00252
01842
01420
01701
01286
03829
01862
00970
03164
02646
00808
00412
02814
02594
04180
03732
02690
04387
00807
02922
00516
00239
03785
02512
01643
00970
02787
02442
00471
00153
04299
01261
02887
02004
00427
01459
00231
02439
03744
03176
03014
01990
02846
00757
00597
02138
00305
03590
00139
01372
04270
03546
01414
01388
01256
04279
01581
03406
00382
01367
00048
00946
02433
01171
00961
01151
03060
03658
03835
02428
03372
01166
01376
03195
00599
03387
01538
02545
00201
03317
02311
02086
00113
02477
04239
04198
00090
01727
03649
03889
00189
03883
01169
01781
00644
03006
03183
03574
03785
01677
03433
01000
01645
01054
00336
01001
02901
02258
03911
03069
01983
03219
03000
02838
03762
00102
02866
00608
00515
00796
03773
01319
01636
04315
00669
04006
03383
02180
00052
00637
01680
02001
01762
01838
03192
00109
01256
04276
01230
03503
02715
02304
03752
02996
00803
04257
02087
04377
03059
00895
01880
00962
00915
03989
03815
01066
02392
02857
02974
03959
03350
01736
02332
00617
01852
04323
00112
02223
03373
03168
00836
01125
02095
03455
02791
00126
00796
02554
04323
03067
01126
04263
00173
03477
01384
03005
00538
01948
03143
00337
04286
00844
00631
02172
00688
01081
03322
02522
02874
00552
03827
02354
01981
03609
01097
02125
04097
02964
02743
01589
02921
02815
03664
01115
04149
03977
00815
03301
02321
02342
02525
00914
02043
02504
03804
00171
00578
00550
01440
02872
02938
03979
01981
03820
02235
00718
01532
03791
00105
02474
01735
03590
03215
03321
01556
02112
03653
01282
00238
03471
00752
03819
02654
01298
03208
02157
03225
00443
04021
02003
00963
01409
03923
00782
00865
00900
03204
02601
02364
02105
03444
00627
04337
03601
03816
00190
03574
00970
00240
00499
00119
02625
00827
03776
02174
01106
03146
00224
03361
03455
04365
01413
03973
02297
01497
03364
03713
02477
01899
00652
03629
00382
02566
00613
03833
03403
03272
02306
00794
03644
00538
02434
04143
00143
04167
02392
03890
01785
01924
02277
01226
04155
02317
02015
02493
00611
02225
00000
04146
00699
00339
03646
03316
01811
03170
03874
01779
01846
00546
04071
02597
03547
00681
02241
00970
03019
01862
00552
03197
02969
03979
03247
02294
01379
03195
03525
00316
01716
01070
00248
02856
02323
02162
03424
01732
04155
02220
02111
00035
04360
03324
00547
01738
00315
01214
02838
02380
02378
02941
00979
00675
01127
01330
00260
03626
02283
02474
02604
04344
00495
01125
01774
00022
00295
00747
01609
02018
02780
00265
02208
01324
04244
00777
02058
02509
00639
02464
00003
03336
00737
00624
01245
04361
04167
02062
04231
01801
02264
04142
01719
00004
04233
01930
00935
00433
01389
02146
01594
04112
03400
01725
02730
02275
01262
04317
02559
02019
03404
02001
02493
01699
01602
02036
00843
02993
01660
01538
01275
00377
02156
01339
00507
03812
00934
04224
02535
03437
02264
03498
02009
01620
03027
04251
00079
00220
02570
03500
00806
02847
01558
02453
02152
03809
03251
00411
01568
04353
04139
01539
00278
03692
04189
02005
04331
01180
03610
00892
03234
00062
00716
01545
03337
01410
00290
00103
03731
01883
00252
00762
02900
00597
04016
03217
02472
02246
00887
00826
02624
01789
02808
02100
00906
03447
01134
01040
04188
00961
01848
03681
01372
01544
04141
00850
02111
03324
03225
03239
03148
00995
02809
00379
00172
01001
01247
01672
03905
00837
00866
02150
03152
00519
00070
02506
04396
00942
02931
00432
02561
00118
00197
04227
02825
01438
00655
02057
01310
00584
01660
03980
01485
03769
00916
01683
02947
01376
01111
03183
03623
04180
04313
04065
02659
00581
00378
01081
04032
03573
03712
01913
01822
02176
03428
02488
04189
03734
04278
04194
02411
00985
01630
02428
01898
01073
01856
02566
02156
00189
03371
01610
03390
01605
01054
02944
04174
01995
04151
00644
01099
02447
02986
01615
03384
02913
03578
01793
01964
01009
02999
01345
03929
01043
02308
04123
00790
03103
01795
00184
01771
02916
03344
00316
04265
04269
04183
02168
03924
00331
01315
03663
04319
04065
03331
02694
00194
01391
01259
04101
04025
03878
01685
02250
01644
03243
03938
01740
00566
02247
03425
02861
02229
00026
04393
00121
03886
00975
04055
02795
01866
02763
04239
00175
02576
01999
00353
00290
01984
03485
03786
03269
03674
01736
02468
02241
02297
00868
04027
04388
02015
02924
02940
02777
03693
03378
01756
03702
01663
01489
03650
00495
01091
03630
00578
01688
04116
03853
04295
01527
01063
00832
02508
00232
03841
00890
00552
01018
03763
02754
01940
02183
02387
02147
02441
04161
01352
03472
01003
01655
01026
03509
00380
03863
00851
00216
04142
02765
01230
00270
00505
01690
01354
03659
01669
01552
02963
02497
01013
02729
00766
00057
03200
03687
01639
01248
00989
02023
03737
00056
01994
01327
00761
04048
00857
00966
00991
02942
03368
03539
01121
01816
01419
03933
01486
03202
00984
03457
00516
01585
01487
00818
00159
01998
01396
03019
01695
02999
00843
02592
03860
01375
01310
01587
03657
03126
02894
02658
00602
01251
01987
02157
02211
01213
00146
02229
02134
02121
00170
04176
01161
01518
03819
00329
00746
01636
04100
00469
03023
00299
00327
02784
02046
03544
00683
03606
00214
00202
01741
04221
01945
03723
00373
03551
01110
00194
00320
00790
03751
00901
00799
01440
04260
00619
02059
00931
01713
03791
00275
01801
03339
00929
00053
01132
03883
02743
02501
03917
00068
01441
03388
02093
03887
00730
01647
02847
00192
02218
01195
02037
02148
01193
01434
02438
04297
00909
02997
03058
00875
00676
01063
03852
02423
01693
00169
02342
02429
04305
00463
03003
00711
03551
01102
03109
00304
04277
02472
00638
01827
03499
01574
01380
04129
03001
00640
00806
01326
01976
03996
02315
03001
04358
02097
01970
00870
03027
03687
03171
00938
00665
03054
02837
01571
02568
01287
03785
03505
00367
03282
00803
03220
02391
02373
01608
02819
00905
03509
03235
00614
01408
00404
01682
00369
01977
01608
04238
03134
03495
03476
02424
03142
00755
00581
00686
03179
02048
00827
00812
03957
03212
04114
00352
00823
03299
04204
03590
01485
00830
03820
00594
03509
00233
00114
03260
03911
02466
03694
03060
03121
00988
03171
02807
02628
01555
03721
02891
01557
03418
03502
02388
02609
04369
04331
04297
04064
02835
01615
02768
00020
02395
00218
01862
00174
02102
00856
03403
01661
00403
00536
03066
02229
00823
03015
01190
00856
01454
03022
04111
00227
00748
00485
03924
02040
02321
03490
02899
03587
00154
00498
04236
02603
00068
01523
02563
02775
02764
02492
04340
01274
03234
01385
02273
00828
00348
03462
03783
04311
00903
01127
01567
02507
00984
01059
00624
02462
00880
00491
03361
01300
00398
02186
03692
03878
02702
01498
01679
02242
00591
04032
03388
01871
01107
02630
01439
01931
01839
03060
00144
03028
00274
03210
02814
04127
01203
01323
01996
01768
02994
04185
03880
02214
03233
00778
02838
01018
03212
00868
01755
00084
03235
03418
00693
03618
01592
01459
01256
02726
03651
02643
04051
01619
00036
02664
02897
02164
03008
00771
02284
00345
00908
02673
02796
01871
00136
02006
03548
01290
00098
00837
01133
03377
00187
02509
02485
03831
04375
04227
01327
04129
02670
03208
03894
01177
01007
03912
03964
03774
01540
00543
03284
01526
00497
01783
02064
00641
01910
00786
00676
03323
01652
01296
03433
03309
03388
00798
02942
00913
00003
01579
00505
01152
03762
03416
00795
02265
01097
03820
02514
04273
03444
03505
02184
01778
01749
01758
03496
00114
03937
03746
00897
01408
03111
03994
01555
01036
00858
01087
02918
03268
00480
03439
03705
01911
00628
00630
01384
02488
02662
03480
02423
03713
00626
03070
02124
00577
01357
01483
02665
04356
04267
03386
02630
02573
01950
03398
00029
03362
02201
00021
01743
00596
02659
01986
02772
02714
00903
01078
02112
01417
00792
02354
00225
03730
03554
03723
04244
02152
04028
03042
03639
00380
01705
03135
01097
03575
00765
03610
03998
01779
01533
02949
03583
01462
01071
00953
01678
03021
02705
02140
03926
00017
01045
03116
02385
01160
01818
02747
02804
03674
04246
01638
01493
00606
01519
02227
04061
03265
04297
01575
02840
00755
02009
02242
02104
03054
00472
02872
01130
01667
03444
02188
00512
02195
01328
02139
03693
00694
03340
03362
02224
00588
00799
01644
00376
02094
02352
04172
01093
01584
02293
02500
00463
03061
00642
02176
03520
00207
02419
02178
04300
00114
02869
04027
01665
00307
03534
01746
00217
01698
00253
01044
03212
02737
01708
01848
00403
01024
03970
01805
01335
02519
01669
01555
01256
02095
02476
03779
03290
03165
01795
02268
04265
00460
02568
02715
00877
00870
03138
00822
02744
02014
04321
00421
02316
01629
02672
03341
03803
03448
03175
02314
03990
01946
03997
00745
02262
02467
02939
00208
02633
01677
00844
01466
04020
03430
04176
01362
03240
02287
01488
03403
03551
02336
01131
03609
00693
00997
04319
04208
00963
02074
01540
01016
03478
03182
02402
04361
02542
03063
03651
02713
01315
02306
01138
02943
00914
04084
02530
01283
01430
03379
02204
03492
00769
01162
01681
01205
01417
04333
03278
03349
00080
00681
03357
02457
02811
00422
00631
01801
00020
01309
03463
00596
03531
03280
04250
03792
02135
01834
00659
00786
02602
00645
02731
02582
02563
03825
04229
03068
02205
04199
03231
03695
03333
03739
02485
00739
01465
02487
00480
03162
02027
00650
01260
03411
03333
02124
00071
02513
03782
02348
02500
02083
03370
01001
00496
01349
00296
01241
01884
00530
01334
03241
03368
01731
03975
00162
01073
01401
01108
03060
00546
03571
04216
03202
00086
02748
03332
02954
01917
00293
03348
00606
01596
00954
01577
03908
04159
01748
02149
03542
02346
00939
00710
00023
00061
03637
04217
00051
03141
01311
01152
03826
01183
04070
01070
02649
03384
03362
02702
02316
00705
03409
02708
02196
00302
03660
01675
03145
00828
03768
01134
01484
04386
00907
01890
03684
04321
02552
02448
02227
03925
00713
01537
02308
02590
00840
00898
00483
00808
00890
00022
00264
02549
02120
00603
03458
01533
01644
03796
01900
04380
01812
03862
04127
00601
02614
00463
02804
03303
03857
02912
03812
02181
02635
00955
00590
03248
01100
03767
01620
01592
01910
00848
02178
01823
00224
04300
03115
03726
00493
00456
03810
02770
03582
02209
02243
00324
01665
03263
00940
03894
00115
00332
04043
02408
00457
03746
00821
03483
01719
00913
02559
01821
01740
01136
02205
01907
02362
01468
01509
04133
01077
00428
01231
04354
01320
00420
01547
03316
02750
02312
00527
02959
01091
03768
03772
02179
03288
00538
03916
03841
03613
03398
02698
00923
02222
02698
03501
04243
01245
03726
01122
03589
03304
04178
01894
02321
04022
02483
01917
00160
01555
00940
02706
00168
01141
02489
02379
02234
02843
02471
02407
02137
02657
02792
03703
02277
00450
00946
00967
02229
01515
01095
03512
03156
01352
02991
04091
01410
03501
00625
03563
04362
03267
04225
02088
00212
04253
02787
00396
02289
03094
00381
03499
01700
00840
00107
01548
01152
03147
03532
02302
03564
03929
02234
03049
00180
02666
01495
00915
02953
02929
00626
04107
00248
00354
02057
00181
03879
00574
02713
01282
04060
01965
02304
01355
01608
01510
01348
03323
02193
01358
02764
04199
00237
02138
00828
02410
01498
00035
04014
04257
01450
02374
01980
02655
00636
00372
00506
01694
00374
04157
04303
03667
03790
03556
04133
02812
02824
00590
01270
02345
01705
00157
04182
00101
01563
02820
03712
03407
01993
00582
01800
03113
01066
00159
02496
00924
02394
02494
02870
01574
01428
01597
03019
01233
03148
02591
03918
02849
04200
04373
00598
00042
03823
01085
03903
03564
00826
01288
04187
03100
02295
01927
04122
00064
02012
02881
00548
00822
03080
00626
01251
03409
00805
02179
02686
03874
03786
00915
04256
01503
03245
01023
03560
00242
03590
00531
01561
00465
03454
02077
00081
02885
03894
00074
02182
01097
04196
01935
02188
03169
01400
00342
03764
00948
03437
00051
00303
03144
00316
01522
01952
01033
04122
00079
02831
03285
02401
00386
01401
03671
04348
00005
03653
01694
00235
02275
04209
01449
03975
01566
03291
01137
04223
01405
02397
02435
02481
00353
01871
02984
03829
03154
01264
02883
01891
02762
00479
01287
02437
00670
00787
03714
00118
03333
00283
01258
00986
03190
01552
01107
04295
01666
02902
02666
01553
02299
03601
02209
04388
01680
03477
00582
04362
03302
00405
01890
00684
01812
03197
04332
04085
03515
02971
03111
02291
00032
01416
04063
01830
01912
03669
02827
01259
02735
03744
02463
00242
00020
00886
01570
02426
02293
02178
02310
02591
03522
00932
00841
00234
04000
03005
03559
02311
03213
02038
02746
02196
02251
00240
00447
00341
02460
02918
03094
01972
03224
02206
03462
02837
02157
02863
02474
02312
01427
01197
03004
01560
02906
03663
00285
00480
00019
04162
02734
02173
01737
00294
01806
01919
01354
00454
00288
03113
02949
03829
00567
00312
03106
03044
03185
00560
00776
03600
00270
02209
00527
00312
02364
03160
03571
03756
03073
02979
03089
04144
00515
01277
03265
00800
03111
00727
00544
03535
00500
03047
00777
00392
00659
00138
03392
00725
03094
01157
02075
01069
01234
02233
03453
03463
00250
03941
00127
00365
02425
01941
00349
00269
00396
01080
03387
00633
00970
00976
03810
01646
00912
02131
00284
01361
03005
03166
01335
03317
04007
03144
02809
04250
00985
00260
02192
02463
00042
00897
01204
03496
01114
00828
00812
02954
03051
01829
03050
04195
01962
00223
02116
00583
00792
04064
03888
02742
02058
01432
02667
02537
00457
04319
04358
02682
00903
00551
01757
02787
02351
02817
03237
00287
03623
02411
00802
02414
04357
03815
02850
03812
01243
01670
03306
00272
03920
03459
03274
00937
04029
03069
00767
01284
03904
00428
00806
04179
01888
02837
00088
02424
00351
04344
01542
02616
02485
01559
02258
01530
01918
03937
01207
04110
02706
00284
02055
00890
04316
04048
03439
01472
00058
02288
02232
02588
02449
02180
00861
01224
01449
02706
03572
03010
00348
01100
04187
00502
00327
00722
01329
03381
00506
00344
02238
01703
03074
00434
02639
01756
02128
02139
01266
03822
01174
03158
03818
00882
01293
01979
03840
03790
04246
03859
01750
03684
01723
00367
03337
03884
02657
02354
00466
00688
01965
03296
01113
03345
01728
01246
01096
00344
02912
01128
02503
03894
01028
00481
02280
03660
00011
03605
03345
03191
03722
00923
02210
03491
00976
00086
00370
01584
02664
02635
00219
02002
01083
04188
04302
03186
01167
01187
00852
04242
02768
03850
01842
01598
03080
01351
04296
01438
02462
00406
03654
02360
04121
00462
01531
04098
00576
02181
02364
03701
01231
00207
03374
00333
03175
01554
00368
00316
02323
02373
00343
02207
01091
03751
00487
00793
02263
01675
00315
00107
00154
01489
02498
00293
01304
03520
03222
03158
02013
02608
00426
02638
01147
03348
04111
01957
00071
02516
01987
00597
00001
00584
02119
04210
01311
01377
00027
02426
00821
03074
01320
03656
04114
02331
00665
01042
00154
03750
01895
02018
00779
02618
04128
02321
00415
02829
00883
01471
00734
02935
01883
03632
04188
01473
03558
00080
03126
02396
02992
02567
00100
00686
01649
00856
00364
01336
00223
01155
00419
03971
01537
02714
00976
02584
03026
03585
00495
02766
01662
00015
01775
00510
03164
03073
02553
00483
02632
02077
