01008
01675
03023
00832
02479
01381
03712
03634
02317
02557
02324
01093
00247
01206
00107
02039
00734
02346
01133
01774
03928
01195
01167
04077
00649
00357
03400
03213
01252
02718
01227
01591
03967
01994
01846
01837
00718
04255
01015
02586
04174
00864
02623
02860
00291
00641
01651
04225
02940
03172
00011
01790
02623
02364
01723
01517
00530
00696
01337
02457
02863
03730
02413
00040
00742
01553
02536
01981
02864
02672
01676
03747
00772
03614
00593
01559
03495
03955
00564
00006
00180
03354
01101
02755
00351
00870
03603
02340
04166
02510
03989
01839
00146
02972
02925
03278
02548
02173
01684
02340
03235
00184
04249
02174
00055
00501
03335
00822
01637
01223
01317
00781
03681
00210
00917
03761
01242
02685
00365
01076
01320
01408
01794
02384
01148
01193
03756
02424
02753
03582
00240
02934
01290
01820
02473
01467
00362
00987
00388
01029
00423
02282
00259
01528
00828
01753
03749
02136
00594
01554
01404
00727
00381
01266
04133
00666
03488
00077
02217
01339
02934
00092
01350
02239
01141
00883
02096
02049
01601
00226
01486
01592
02619
01954
00664
00237
00624
01291
04226
00525
03333
01604
00825
00797
03224
03291
02406
03567
00912
02102
02977
01847
03071
00335
03639
02652
01084
01461
02278
03729
01497
00176
02727
01711
00424
00983
00170
00832
04122
01348
02632
00658
00321
02132
02538
02528
02366
03497
00645
01506
02067
03758
01158
00475
04095
01479
03566
03911
03315
02711
02572
03615
01722
02443
00016
02219
01957
02696
02405
00474
03113
02744
04047
00069
03940
01369
00733
00570
04070
03511
04233
00787
00440
03625
03690
01844
01190
01108
00117
02518
00811
03352
01097
02266
02551
03008
04061
04150
00716
00045
03595
00823
00170
00030
03802
00441
01972
01123
01969
01287
02429
00588
03791
01527
03785
00402
02960
01382
04090
02161
02526
04016
02402
02381
01094
02647
02213
03435
03733
02362
03308
02862
02446
02879
01821
03020
01462
01742
04223
00263
01831
04253
00858
00458
02475
02032
00945
03173
00769
03592
03416
00652
04274
00053
00657
01049
02665
02710
03703
03264
01498
03418
00933
01341
04013
01605
00457
02032
01971
01872
00628
02864
01422
03590
01806
04131
01365
00288
00220
02447
02600
02795
00982
04207
02225
02933
00308
01912
02900
02278
03982
03783
00686
04122
01738
01491
00320
03722
03330
03900
00621
01967
01790
02343
03366
00546
04245
00428
00725
01361
00833
00691
02069
02907
02520
02440
03451
02025
00639
03995
02683
00036
01713
04175
01114
01179
02661
01170
00064
02361
03833
03902
04271
01724
00387
03375
02947
03299
03002
03786
01538
02041
02390
01902
01004
02167
02038
00797
03411
00863
00615
01918
00380
03232
03813
01222
02525
03683
01493
01125
01508
01423
00718
01887
01830
01189
03026
00125
02646
00175
02693
01511
02309
03787
04186
02251
00757
02384
00046
01979
02446
02725
03522
01787
04233
04201
03201
01210
00881
01008
00846
02125
01528
03732
00856
04139
02099
02960
01027
02524
01978
00878
03396
03888
02954
02099
00401
00778
01685
02842
00555
01834
02184
02982
03953
00572
02409
01372
00958
00189
00992
00613
03340
03601
03829
01632
02111
03227
02779
00116
02206
02472
03023
03021
02700
02025
03065
01526
01251
00860
01364
04120
03151
03242
00829
01322
00100
02925
03400
00961
02239
03853
01515
02386
03067
02165
03026
01886
02593
02092
02681
02529
04094
01962
01562
02560
00423
02789
03125
00310
01828
02472
03488
00959
01394
01599
01832
00917
02140
01525
03907
03719
00737
03807
01322
00683
01707
01906
03195
03043
02143
04081
00251
00639
04149
02581
02497
01787
01605
04146
02495
01453
02740
02431
02387
02075
02141
02813
04207
03399
02283
04248
00409
04219
01360
02872
04069
00336
03760
02204
01984
00366
03603
02461
03419
03747
01290
00961
01986
03581
03297
00239
00427
03794
03387
00072
04016
01291
03835
00932
02852
01129
01971
04247
00554
01880
03099
01102
01995
01053
00366
00853
00590
00756
01037
02124
01671
01207
04249
00735
04197
02407
01996
00015
02489
02269
03997
02267
00907
04020
01777
00291
02328
00481
00810
02937
03311
00439
03770
01610
00961
00899
03517
03799
04204
02481
02208
03829
01971
00661
00338
03783
02096
03676
03765
00796
01585
04294
01798
03821
03597
00677
01323
03260
01050
00361
03838
00766
02218
00176
03642
03708
01471
00009
02733
00398
03582
01284
03585
04238
03593
00360
01569
00707
03297
02822
03405
00288
03934
02097
02035
04157
00084
02384
02240
02217
03576
03356
00057
03043
02961
01907
04283
00435
00245
00142
02191
02081
03104
04186
03040
01485
03315
00720
00446
00885
02687
04050
00711
03992
00441
00651
02430
01944
03579
03802
02153
00660
03308
02846
02301
00440
01244
02803
01956
03817
02015
01064
02625
01688
03183
01871
02111
02835
03230
00681
03881
02353
02675
03883
00424
03916
02818
00658
01056
02885
04295
03114
03757
04139
01043
03568
00724
02484
04273
00569
01265
00509
01160
02211
01864
02364
03362
03694
01145
02585
02306
01448
01850
03862
00056
03135
01928
01764
01813
03716
00933
03584
02526
02430
00800
03411
01645
01780
01720
03459
03910
02344
01768
00566
02697
02889
01148
00628
02846
02072
03824
03337
02763
02863
00342
04076
01510
03599
00182
00028
04025
01696
02782
01598
00039
02547
03900
01372
00149
04124
01924
00441
01170
02373
02234
00257
02882
01764
00830
00233
02733
01233
00016
04044
02724
01044
01943
03384
03205
02138
00502
02140
01091
01202
03065
02166
03094
04021
02118
02022
03604
00806
01311
03211
03894
03140
00357
03595
04014
01726
01820
02625
03129
00256
00046
03954
00234
01078
03462
04005
04102
01246
00681
02188
00295
02190
04243
03793
01763
04203
01381
02893
02787
02508
03683
02433
00965
00929
03981
00910
04235
01193
00839
02399
00213
01778
00906
04274
00749
00841
03051
01560
04131
00784
01559
01704
01261
01277
01149
02046
03095
00642
03798
02769
02003
01517
03051
01997
01699
03735
04226
02663
02695
01092
04232
02345
01430
02567
03003
02502
02445
01969
02051
00732
01559
00111
00511
02183
03161
01741
00177
04009
03545
04233
02780
02565
03075
01653
02971
01890
01888
00623
02406
02910
03779
04239
03697
04207
01939
00190
01889
03409
03134
00466
04288
02597
00203
01177
01221
04151
01894
00880
00812
03351
04098
03649
03348
01747
00142
02605
01050
03917
03897
01320
02136
01291
02299
02982
02556
01881
00684
02284
01277
02006
00371
00248
01459
01404
03837
00471
01298
04226
03021
00361
00555
01296
03392
02274
04009
03317
02519
03195
00518
01592
00288
04055
01102
00314
01246
00490
03847
01060
00077
02869
00955
00451
02057
01132
03305
01248
03164
00924
03030
03077
04178
01756
04288
01110
02469
03087
01265
01529
00515
03689
04046
00467
01284
03452
02264
00147
01110
01281
04220
00880
00554
01668
03514
03738
02684
02861
03156
00906
00800
04057
02796
00221
02657
00941
02897
02863
00541
04033
00468
03885
03146
03862
00314
01236
04246
04186
03111
03877
01949
02017
03889
01160
00288
04270
03687
03784
01920
02523
00209
01037
03850
03066
01185
00516
00786
02032
03620
01915
00594
00684
02795
03246
02463
01854
02442
02106
00836
04078
03558
03162
02796
03901
03444
00896
02670
04199
00753
03350
03444
01110
01993
00313
00284
02714
00164
01467
01340
02766
02075
03945
03430
01172
02890
00576
02887
01649
00058
04282
03793
01036
02254
02696
00994
00393
02927
00844
04005
00874
03941
02546
01073
00058
03562
00979
01009
03134
03026
03494
02340
01077
03537
03273
03008
02780
02188
00915
03803
04135
02826
04118
00357
00427
03659
00941
00833
00369
04196
03321
03536
00336
03214
01133
01887
03443
01902
03294
03782
02682
03982
01820
01754
00591
00453
02664
03696
04048
02809
04175
02493
02493
01830
00350
00936
02412
00748
02851
04063
02414
04278
04167
01511
02892
01041
02058
02286
03302
00803
04299
01289
02549
03657
02999
02397
03919
03481
04249
01875
04298
00822
00152
00197
02497
02742
00109
04147
01751
03746
03507
02045
03786
02348
02493
00638
00995
01801
00727
02754
00706
02839
02661
04041
02036
04006
03374
00091
02153
00472
00560
01448
03492
01291
02986
01777
01517
03418
02147
01281
02783
02252
01073
03003
00035
01240
01703
01541
01849
01935
02123
01310
03106
00373
00909
03294
03407
03254
02404
01298
01214
01562
03738
01499
04047
02635
01321
03119
00132
02022
02889
03675
03153
02726
03085
04192
03788
00053
03429
03393
00978
03163
03054
04251
03200
03560
00925
03808
02093
00397
03771
04147
01468
02798
00163
00697
03566
02775
02068
02216
00030
03815
02086
01111
02037
02778
02723
03482
00073
03771
00449
00249
03769
04012
02291
00853
01196
03782
00200
02744
03803
00614
01521
03862
03785
03214
01637
03780
01570
02130
00217
01392
00167
04191
03798
01783
02102
02957
01715
02291
04182
04185
01212
03170
03863
03262
01551
02744
00812
00634
03727
02217
02881
01813
02883
01938
04147
01449
03055
02810
00559
02525
01798
04030
03992
04015
02334
00531
00721
00106
04077
01456
02759
03585
03464
01330
00183
04090
02567
03388
01425
03983
03160
00648
02986
02731
02694
03669
02736
01967
03142
00903
03016
02175
03852
04080
01847
00271
00469
00321
00674
00110
00624
02285
01733
00338
02960
00519
01726
02584
01933
01304
00048
01539
03375
03203
03407
04212
03048
00425
02343
01716
00492
00301
02790
01997
00087
03684
01398
02192
01512
03347
04180
01060
01682
00497
00470
02556
00237
01397
00488
03611
00062
00193
04056
01233
03383
00692
02663
00279
01770
03087
04052
00984
01885
01214
01620
02886
03656
02903
01348
03760
02614
01084
00504
00962
02957
04221
02276
00287
00374
00210
03505
00412
01054
00627
02193
00417
04096
03655
03116
02712
02007
03558
01788
01555
02443
01981
00208
02271
02809
02957
00361
03112
03264
01956
04021
02508
03915
00289
00114
01891
02207
03188
03784
00486
03429
00329
00479
03183
03903
03646
03536
01261
01881
02764
00737
04153
00521
03031
02500
01352
02430
02205
00797
02569
02125
02064
04201
03747
04018
03817
01228
01360
02889
01442
02682
03157
03279
01601
00006
01531
03895
02623
03879
02179
00027
03767
01097
02638
02424
02754
03932
02239
01045
01313
03024
02097
01229
02967
02070
01214
04211
01077
02974
03006
02200
00032
03746
00231
02072
03273
02763
02064
02693
01321
04066
03101
03585
00948
01391
01546
03378
03256
01450
01143
02141
01187
03067
00061
00381
00077
04272
01366
00834
01452
03169
00337
01598
02311
01333
02233
03631
00542
02264
03596
03435
03284
00317
00752
03118
03835
01551
01173
03071
03601
02971
01510
00442
01503
03221
02166
03092
00015
01224
00659
02907
03335
03875
00173
03029
01166
01703
00090
00274
02148
00511
01414
03516
01093
03892
00399
02312
00239
00625
00851
00029
00455
03674
00012
01683
01459
01057
03974
00722
02527
03462
03908
03070
03754
03182
03586
03277
00389
00187
03087
00651
03750
00339
01766
04226
03227
04082
00407
03521
02322
02765
00680
01643
03700
01189
00279
00178
02809
00849
01503
03484
01151
00226
01965
02883
01897
00253
00277
02757
04165
02926
01079
01076
01045
01624
01064
03997
02646
03424
02675
04250
00886
02468
00844
02662
00935
00009
00276
02701
03091
02568
01188
03082
00807
00251
03092
03017
01624
00416
02284
03777
04064
03744
03908
00295
00374
01398
02889
02917
01542
02393
03369
01003
00048
03000
02831
00080
03237
01506
03997
01649
02363
00327
00240
02942
03385
03438
02994
02986
01950
01643
02580
02666
03857
00480
02394
04277
02782
03741
01415
03859
00120
02978
04297
01504
02323
01143
02194
02169
02816
01167
04238
02186
02689
04068
00861
02438
03499
02274
01709
02836
00192
02646
01393
00535
03001
00863
00582
01226
01120
03526
02563
02371
02035
00395
03784
02225
02653
00004
03007
00871
02398
01629
01726
00404
00415
00077
04249
01398
02848
00096
03001
03149
01134
02630
00412
03653
03473
04189
01387
01490
03035
03179
03941
03359
00172
01508
03017
00002
01684
01859
00667
01157
00431
02743
01350
01763
01435
01020
01478
04121
01241
03244
02997
00955
01980
03754
00139
03791
01850
03453
02378
01253
00758
03182
01273
01634
00537
00320
01317
02507
03005
03348
02655
04188
01605
04034
02585
01659
00790
03859
01847
04215
00269
02510
00006
00387
02113
01805
00503
01365
01272
03816
02639
01667
00386
03390
03479
01201
01708
00900
01764
02343
00468
00716
01405
01050
02850
03134
01464
00268
04116
01145
03864
03337
04204
03285
03951
02010
02514
00273
02873
00112
02741
02090
03377
03328
00459
02959
03776
00170
03592
02527
00553
04116
00128
02597
03974
02883
00489
03971
03862
02762
03233
03387
02856
00286
00894
00337
04113
04242
03251
03946
04047
01475
00731
00650
02456
00331
04276
00674
04130
03253
02814
03838
03953
00517
03071
03809
00951
04130
01190
00368
02256
03052
03856
02963
03153
00455
00932
03844
01068
04156
00120
03294
03826
04038
02013
01277
01578
03870
02162
01821
04298
00720
03704
02781
01403
04021
03091
02015
04206
02847
00738
03718
00753
01020
03067
00827
00650
04111
00108
03112
02122
00951
03456
01142
01067
01046
00643
00763
01336
03423
03774
01218
00405
01578
02004
00923
04103
03429
03681
01115
01505
02315
00140
00548
02662
02496
01820
00433
03535
02946
00105
00546
00838
03877
03565
02575
04084
02643
01974
02591
00412
00532
04249
02067
01405
02312
04086
00165
03642
01893
03505
01613
03234
00829
00756
02315
01751
03649
03279
02595
03524
02069
03172
02245
03566
04169
02289
00760
02203
03828
01073
03614
01422
01663
03006
04194
01752
00332
03348
02059
02928
02102
03690
01029
01575
02469
00699
01807
02127
03680
02302
01072
03385
00203
03187
03922
03970
03886
00573
02481
03983
03745
04168
00368
02965
02853
01928
00406
01228
02330
02484
03792
04196
04190
02597
00928
01303
03068
01936
02095
03190
02035
02115
02328
01870
03161
01405
04077
00187
01062
01416
02286
03043
02490
01091
01296
02598
00418
02002
01700
04190
04268
03177
02053
03079
01517
03763
01716
00757
04010
02439
01876
02861
00575
03128
02215
00495
03310
02278
03849
03005
00751
02448
00723
02049
00288
03059
00119
00564
01306
01789
00050
03995
00661
02160
02890
01693
00329
00973
00655
03191
02201
04188
00986
03728
03236
00918
01306
02980
01607
03874
01395
00723
02154
02107
02064
02096
01651
01351
01556
04228
02689
01149
03046
00254
00758
01191
03427
03648
03849
02362
00720
02415
01795
03544
02668
02218
03441
02808
01368
00433
01826
03530
00603
00101
00524
02302
01962
02067
03042
00819
03897
03938
02107
00757
03510
02942
00893
01776
01886
01475
01197
02420
03891
00455
01148
01042
00767
01260
04228
01157
02600
00834
02578
00781
01272
00785
02947
00661
01079
00392
00089
03544
00411
00416
02812
01811
00320
00497
01622
00090
02678
02752
03372
00701
00653
00430
04203
03822
04115
03529
03844
03860
03476
02035
03580
00924
03715
00296
03832
04164
02573
02506
01545
01032
03781
01765
03055
02329
04107
03477
02476
03722
04269
03831
04104
00243
01440
03940
00260
02696
02803
03969
01892
00198
02271
03988
01206
00277
00012
03828
01891
02270
00295
02281
00037
00906
04257
00671
01306
02208
01299
03016
02819
01203
00136
01501
01475
03802
03370
01653
03340
00465
02684
01642
03770
03595
00270
04001
02588
00514
01106
00953
02543
00980
00781
00152
01981
01071
04180
02118
00863
04099
00205
03249
00148
02357
03799
00386
02062
03440
03985
01980
04030
01000
01674
02281
01672
00442
02439
03679
02293
02987
03298
01362
01622
00934
04080
01217
02278
02645
00797
01087
01155
02312
00139
00336
03014
04056
00889
00605
00701
03159
02779
01439
04255
03169
02480
04045
00423
03461
02500
01564
03369
01126
00920
03944
00983
02896
02054
02767
03563
00463
03330
03934
03119
03721
02235
02688
00177
02617
03639
01898
03817
00628
00727
00685
01402
01977
00723
04023
00892
01590
00755
03393
01849
03593
03719
01683
03673
00237
02625
00414
02557
03777
02636
04102
01989
02303
03452
03951
02838
02959
02261
03426
03472
03575
00457
02718
00363
00587
01691
03482
00721
00706
01206
03447
00084
00487
04124
03337
00566
04038
00900
02638
02063
00143
02674
02328
01194
00202
03914
01368
00056
03090
03250
01981
00094
00072
01026
03538
01627
00275
00479
02912
03439
00341
00048
04196
04270
02376
00002
02313
00232
02696
03826
02019
02153
03570
00174
02635
04126
03186
03493
03087
02828
02859
03323
01410
00061
00610
01924
00101
00041
01265
01924
01733
02654
01146
01685
03565
01680
00077
02475
03641
02092
02256
02590
02113
00576
01313
03841
00451
00321
02398
03037
00856
02121
03484
02936
03174
03416
02994
04253
01031
01778
03926
03918
00834
00505
04182
00330
03327
03862
01589
02956
02413
02462
00453
03637
01092
01676
02865
01730
00674
03590
02667
00038
03863
00112
03003
01884
00404
02595
00628
00476
02340
02073
00121
01612
01075
02018
02249
01973
01416
04154
02604
03548
03170
04155
01949
01488
00888
02691
01340
02546
00265
01891
01085
01073
00200
00124
01396
01872
01289
00573
04040
01825
00996
01894
02811
02307
02115
00748
00079
04200
00194
02878
00663
03977
03596
00400
02458
04132
02349
03095
01888
01917
03443
00479
00056
01909
02635
02673
01665
03087
02616
03795
01630
03500
00191
04170
03862
03583
02278
02194
02436
03550
03895
01926
01376
01220
01118
01960
00318
03648
00099
03516
02860
01046
02285
03453
01568
00733
01360
00620
00728
03526
02906
00206
03345
02973
02682
02616
00252
03655
03121
04150
02719
02791
00105
01633
01205
04173
03408
01558
01081
01123
03814
00925
02749
00282
03606
03442
00720
04079
00235
02816
00428
00925
03670
03212
03826
02577
00859
00793
03484
01588
03840
00206
00530
01891
00962
00563
02746
00719
04143
02962
01369
00003
03343
00066
01954
03765
01528
04275
03437
01287
02116
00922
03210
02552
03693
00758
00081
02398
00531
03152
01298
00521
01194
00359
02535
00094
02188
03657
01337
02687
00471
03779
02724
01356
03200
00580
03783
00654
00623
00190
03843
03911
01131
01753
03741
01502
01274
02984
04286
03262
02734
01101
00607
02499
04260
00821
02442
02344
00137
00594
02560
02796
02471
00751
00403
01852
00950
02882
03308
01370
02772
00980
02249
02965
01480
02757
00525
03896
02434
03634
03656
02572
01200
04041
03894
00190
03949
00176
01881
04118
04035
00635
02410
00003
04288
00316
03054
01496
02225
00125
02106
00517
00766
00689
00821
03999
00995
03735
02574
02781
00005
00500
02297
00280
00614
00143
00559
02514
01249
01740
02594
01211
03889
04207
00028
03892
02301
03568
00677
01125
01170
02584
03184
03379
01842
00881
00257
03187
02968
03954
01953
02006
01762
02674
00627
01166
01518
02548
03487
03658
03014
02917
03522
02111
02463
00790
04177
02598
02515
01629
01283
01906
00119
02611
02506
03234
01204
04200
03442
03476
01340
01030
03204
01523
03605
03087
01778
02215
01713
00275
03441
01619
00929
01671
03517
01598
02000
01677
00801
00935
02737
03876
03829
02439
01522
01263
01148
00709
03487
00434
03764
01802
01049
01816
04090
04223
03219
02441
03724
00477
01260
04044
00529
02236
03961
02974
02087
04228
03366
02643
01224
02208
01784
00077
01147
02848
00473
00399
01111
02334
02896
02094
03602
00029
03108
02476
00548
00556
04296
02638
00319
00638
01657
02044
00715
03022
03264
01885
01515
03973
03948
02997
03315
02680
02419
03484
01661
04037
02757
03115
02858
03502
03490
01106
02886
00738
01634
00285
03092
01363
01119
00012
03293
00025
04294
03631
04252
02157
01726
01050
02631
01578
01814
01026
01368
00217
01807
02085
03743
02743
02207
01228
02901
01421
04149
04216
02318
01791
03241
03015
01809
03683
02637
02289
02724
02570
03921
04171
03171
02653
01784
03931
03733
03989
03824
02782
03638
02687
03124
01152
01792
03168
03441
03706
03377
02762
03974
00753
02475
03258
02502
01242
01291
02326
02573
03202
01692
03361
01236
03502
02340
00509
02853
03805
01769
00376
00482
00410
02274
01548
00969
03968
03333
00402
02957
01404
03613
03630
04085
02130
03861
03618
00334
00143
03243
02288
00224
00555
03211
03886
02697
03904
01468
02357
04298
00905
02637
01918
03199
03321
03290
00134
00878
00491
03962
01064
01030
02930
01985
01297
03285
00909
03603
01547
02619
03950
03152
03807
02425
02072
02563
02090
01606
01528
00749
03855
03451
04161
01963
03215
03557
02000
01265
03822
02252
03431
01667
03646
00363
01540
00413
03166
00431
03247
00046
01513
03231
03914
01738
01217
02373
01645
03245
02003
03210
00386
01785
00277
00791
00942
02520
01348
03575
03558
02023
03759
01631
03638
03359
04076
00222
00343
02758
02074
00074
03288
02622
00041
02332
00671
00365
00831
01519
01778
03101
01599
00968
03403
03784
04152
02854
03312
03824
01131
04165
00731
02064
02422
00722
00402
01207
00527
01481
03787
02143
00536
04203
03468
03943
00733
00520
01758
04294
01096
03088
03023
02315
00257
02854
01078
03592
03171
03906
02163
00007
02290
02612
03216
01361
01019
02041
01040
03855
00241
01082
00359
01772
00402
00402
00751
00213
00475
01513
00182
00484
03741
02299
00912
01394
04209
01911
00904
03147
02499
03104
03022
02328
00408
00682
03296
02197
03689
00705
01612
03123
01512
00848
02683
03054
00154
01418
00760
01443
03578
01029
02911
00031
00102
04073
02332
02919
02516
02042
02751
00913
00464
01370
01539
01121
00709
03756
03812
01701
00793
04278
03038
04155
04287
04003
03252
04092
02404
02047
02185
02166
03658
03187
01838
01731
04010
03041
01209
04174
03932
03557
00410
03596
04021
02792
02753
02348
03469
03042
01067
01491
00799
04067
04214
02242
02942
02810
02117
02482
00601
00366
00436
01338
01127
03262
00622
04049
00398
03128
01249
01291
02083
01711
02191
03886
04095
00801
03367
00922
02296
03004
02494
02381
04262
02833
00344
02449
00669
00399
00074
04096
00021
02442
02839
03427
03137
03940
01984
03524
01593
00250
03881
00585
04079
01880
01138
03370
03750
03414
03126
01982
00450
00886
02784
03251
00687
03355
02124
00516
03472
03873
00200
01811
01668
01988
03764
01516
04053
00624
01991
00249
02133
00282
02081
01854
00386
01244
01303
03140
03601
01862
00651
01406
03076
03701
01633
00511
02849
00190
03389
00599
03164
02604
03234
04114
04069
03652
01436
03579
01637
01874
02360
02802
00820
03596
02997
03504
00767
04219
03035
01813
02173
01534
03000
02920
00780
02583
01414
01199
04250
01897
04017
01957
02723
01256
03649
00921
00676
03277
02107
02914
00787
04257
01353
01477
02150
00810
03081
01108
01054
00261
03158
02488
03430
02389
04162
04061
00564
00761
03498
00510
00720
03965
01974
03616
01371
03589
00944
03409
00355
03976
01482
03766
03814
04151
03589
03718
01580
00449
03333
00081
03992
03694
00490
03029
00551
02012
03881
04052
04163
04204
00817
03916
03147
01738
03549
01174
00543
01059
01403
02920
00392
03772
03366
02342
00402
00871
01501
02675
02610
00699
03585
03733
02783
03458
01658
03924
01245
04119
00641
01987
00234
03974
00960
03462
04140
00407
01959
02404
03979
04282
04127
03933
00772
02869
02634
00620
00868
01461
01600
02750
03028
00892
03429
00794
00545
00681
03107
01982
00987
03253
02638
00700
02039
00212
03274
01155
02983
03144
01634
00677
01719
02746
03204
00229
00990
02941
02041
01310
01954
03993
00839
01490
01081
01739
02792
00529
02033
02619
02507
04242
03723
02442
04227
01680
01703
02527
03992
03779
00068
04006
02211
03283
04152
00003
03524
03554
00283
01209
02767
00441
00314
03091
03444
00119
00750
03165
01412
03758
00791
02152
02782
02776
02619
00147
03646
00599
00147
03129
03473
02859
03862
01977
04222
01144
02284
02137
01101
03427
01979
03208
03907
02316
01238
00659
00830
00446
02627
01261
04035
04256
03075
03788
01670
01509
03983
03312
01701
03085
02590
03784
00254
01737
00618
03476
01991
03853
00461
01676
01935
00124
02237
00187
03151
00245
00272
01025
02238
02122
02495
01668
02091
01649
04237
03539
03950
01328
03408
03704
02958
00713
00252
00894
00074
02903
02819
02115
04158
03205
01994
04268
00269
04113
03643
03945
03889
02970
03115
02609
03519
03443
03875
03801
02382
00051
01806
03257
02947
02005
00854
01819
03123
03344
02809
02905
02217
01905
02687
00223
02826
01078
00103
04274
03107
03631
03690
04112
03678
03588
02871
04187
03266
01569
02162
01425
03893
03603
03292
01074
00947
01920
01469
00118
03837
01538
03741
02391
00912
00085
00199
02504
00401
01178
03512
00604
01218
01993
00341
03588
02967
02687
01633
00743
01718
03301
02489
03968
02676
00229
01777
02711
03270
00882
01232
00825
01657
01783
02401
01074
00066
01561
04046
01569
03057
03194
03705
01963
01041
02399
00090
03866
03690
04231
01455
04261
04091
03350
01512
02865
04235
00860
03012
03654
03087
00710
03772
00563
00949
02839
01119
02501
02740
03136
03890
00959
00588
02926
00003
01671
01341
03938
00877
03141
04080
01087
02675
03397
02346
03269
02798
00676
01118
03241
01437
00728
03442
01168
04072
01605
00134
03677
04069
02563
01013
02899
02536
03341
03992
00858
00817
03873
04109
01061
02464
02042
00621
02873
00012
03060
01778
00548
03973
01658
02789
00772
01632
01346
03475
04045
03354
01050
02767
01582
03130
01842
02453
03501
00347
03584
00682
02921
03502
03059
02909
02820
02877
00525
00700
01187
01470
01164
02888
00205
03706
03203
00687
02945
02474
02718
02016
00452
00215
00919
00998
02862
03318
01177
00309
03166
00092
01163
03538
00532
03736
01107
00282
02232
01640
00721
03791
01913
02065
00674
03935
03471
02780
00214
00866
03544
02589
03113
01478
04201
00094
02139
01146
01449
03537
01056
01760
01058
01851
03651
03824
03831
03282
03467
00031
02435
00271
03511
03669
00145
00957
02550
01811
00919
03489
00775
02236
02584
03039
01244
04267
02116
00169
01475
01858
02686
00423
00539
03343
01694
02000
03131
01568
04258
04285
03056
00176
00651
00911
00782
02081
00709
00063
02217
01513
01999
03162
04007
02031
01858
01075
02669
00762
01170
01145
02371
03196
03038
00005
02513
00337
02680
02946
03044
03490
03353
01099
01675
01234
03212
03211
02630
01389
01890
01365
03081
01656
01961
00626
03818
02693
00834
02665
02326
02380
02046
00445
01269
02690
02085
01746
01368
03526
00407
03657
00717
02982
01763
01610
02814
02261
03500
00069
01753
03459
02440
00353
00840
00521
00637
00194
03847
01239
04088
02893
03317
01680
02432
02098
02456
03430
01351
02414
01983
03963
01488
03579
02315
02320
00321
03125
04231
02692
03017
02618
03848
00436
03547
03062
00368
04019
02497
01134
04111
03333
03211
04067
04044
01602
00692
00168
04030
00518
02764
03325
01182
00963
03041
02754
01182
01551
00919
02015
01376
02371
01354
03102
00249
01865
04114
03100
03358
00846
01487
02669
04069
01779
02949
01624
01025
02743
01763
02118
03883
01019
01735
02119
00665
00459
02929
01666
01501
02113
03025
03575
00087
01330
02684
02972
03192
01232
00331
03859
02743
02315
03022
01364
04006
01149
02944
00882
02170
00411
02740
01749
01680
00005
01293
00812
03860
01818
00216
04105
01944
00244
03566
02818
01431
00234
01421
01357
00961
00370
00048
04076
02097
03001
00627
00627
03889
00051
01285
01719
03246
00772
03976
03101
01081
00312
00226
00124
02919
00536
04094
02501
01353
02069
00083
02421
