04011
01858
01497
03763
00135
01833
00347
00742
00118
01356
03654
02780
02512
02401
03195
00118
03629
00583
01554
03457
01133
02767
02280
00739
03429
00603
01688
01150
02090
03062
01847
01517
01041
01934
02163
03247
00882
01202
02639
00253
03871
02487
04232
00626
03573
02735
00166
03045
02705
03261
01766
01476
01548
03728
00171
02404
00521
00898
01649
00830
03272
01345
00190
04237
00328
02555
02958
02389
02018
02587
01285
03916
02410
03872
03964
02123
01732
03289
02242
03022
02011
02498
00530
03793
04014
02366
00302
04223
01616
03974
01950
02730
00074
03099
01743
00735
03108
01380
01940
01960
03176
02036
00566
01199
00242
04171
00516
03775
03997
00359
01525
00727
02221
03510
01022
00559
02648
00778
04217
03135
00023
00158
01669
00630
00032
03228
03769
00872
02308
01996
00083
00072
04047
04176
03093
02022
03945
02233
03138
01637
01061
02619
02187
00265
03617
01741
02838
02679
03857
01132
00029
03798
00633
02222
04060
03774
01038
01911
02357
01592
03905
02760
02852
00274
01683
02548
02719
04009
04117
01908
03188
01381
02991
00791
00225
03452
02465
04083
01770
02219
01241
01052
02174
02774
00140
00654
02509
04035
03985
02713
01114
01287
01067
01541
00220
00009
01740
03980
03479
01596
03231
00442
01553
02096
03236
02980
00575
03148
02522
01893
03582
03675
00225
00645
00587
01249
04266
04134
03235
02217
02168
02846
03325
00721
01790
00000
01626
03154
00767
03079
00626
04239
01686
04022
03524
04269
02314
02409
00052
03237
03883
01577
01298
04206
00316
01559
02316
02385
03504
00331
00365
04071
03451
03033
02229
01770
02386
02251
02129
01560
02191
04218
02219
01145
00552
02728
01051
00068
02743
03027
04125
00615
02695
03613
00118
03492
03774
02108
00526
01995
00430
02020
00709
02393
00715
02675
02143
02213
00710
02820
02731
04080
01608
00489
02583
00420
01131
03716
02309
02530
02674
00726
03545
02425
03457
02136
04023
01206
00931
01658
01697
03367
04203
00425
04298
01932
01795
00007
01558
01164
01731
02398
03910
00968
02363
00151
03989
03454
03204
02259
03097
03579
03728
00113
03717
01045
00018
00058
01891
03539
00824
02837
01596
00453
01725
00594
00272
00235
00811
00766
01891
01478
03449
01817
02588
04087
03023
03197
01442
02293
00987
04123
03893
02026
02044
03249
02688
02325
02730
04275
03947
01811
01440
01426
03100
03309
00998
03547
00235
01898
00347
03492
01454
02114
00996
02290
00272
01138
03060
03907
03602
04167
00927
00454
03044
03403
01314
02010
00498
03919
04244
01188
01943
02243
01871
01725
03552
00942
02959
01540
03506
01614
03496
01005
00470
03869
03703
01019
03310
03640
01926
02828
00500
03309
02861
04295
00410
00246
03842
00991
02629
01833
00802
00095
02059
02086
00570
00506
03165
03370
02432
01069
02403
04066
00733
01640
01619
00716
00740
00910
04269
00366
03514
00897
00904
01515
03818
02618
02055
04248
02085
00229
02351
02116
01282
04294
03084
01425
01027
01752
02834
03027
03668
02199
00301
02363
02394
01186
00087
03417
04253
02666
01099
01082
02735
02170
02764
00853
02215
01879
03619
03001
00670
04000
02856
01544
04045
03720
04268
03403
01004
01648
01536
04195
02180
00437
00116
00092
04120
03866
02763
00681
01411
03319
03259
01243
01621
03766
02305
00419
03175
00195
01354
02927
03685
00711
00117
04269
00967
00197
04060
02901
01269
02570
03667
01876
01764
04283
01108
00593
03821
00069
04221
00620
03825
00273
00949
01730
03204
01402
00717
02273
03613
03188
00744
00297
00562
02463
02965
01507
01023
00037
03525
04042
03848
01785
02798
01227
03048
02225
00621
02899
01515
03387
03849
01266
01573
03560
01265
03670
00557
00997
03888
02399
01648
01712
02973
00572
04122
04020
00193
01790
00142
00544
03313
01162
03143
01250
03813
00153
00540
03943
01591
01726
00050
01439
03038
01762
03321
00348
03315
04216
02107
03725
00009
01268
00365
02690
01837
00246
02956
02301
01829
01905
01516
01475
02690
04146
00138
00792
03289
02956
01867
00782
03410
02892
02288
02114
02241
01962
00078
00642
04199
02582
01287
01472
03261
01946
01604
02118
01464
00663
03740
04167
03336
03290
03801
02732
00666
02273
00791
02941
02290
01541
01482
01320
00302
04055
04119
00488
03877
02332
03812
01725
01553
01039
01439
03310
00595
01143
01772
04212
03302
03225
00015
00041
02490
02536
01037
03697
00975
03347
01468
03694
04139
03935
00533
01711
01756
03687
03755
00717
03023
03346
01130
03777
01157
00741
03153
01956
01556
03960
01746
02548
01787
03983
01604
02416
01124
03334
02827
03473
03655
03669
02436
00986
01448
00304
02700
03570
03754
00395
03286
02500
02934
03554
00697
02650
00459
01888
03772
00362
04099
04034
03335
03902
02623
03062
03363
03748
02794
00021
00117
02768
01332
02255
03983
00199
01586
00379
02935
03629
00077
00655
02558
02885
01111
00554
01793
02824
02963
00472
01521
03288
00693
02903
01816
01183
02443
00624
03492
00045
00387
02234
02825
04099
00804
01879
04074
03058
01769
02296
03725
04252
02817
00616
01562
04062
03686
00940
00670
03303
02529
04030
01503
03693
00982
04120
00260
01110
01421
04217
00648
00170
01072
03659
03243
00724
02029
03544
02636
03026
02592
01938
03655
03539
04222
01181
01234
03673
03414
00497
03160
01056
03689
02650
02178
03682
00209
03697
00078
01799
01330
02852
03662
00116
03256
02285
00137
00905
02414
04147
03941
02697
02220
02486
03105
01875
00981
02319
03283
01466
04043
04289
03802
01793
01531
01942
01806
01950
02826
00890
02321
03674
00402
03233
02050
00634
01436
04256
01093
03000
01502
00526
01601
03368
03944
00825
03826
00150
02792
00629
03224
04043
01510
03312
02950
01036
03683
02753
00012
02846
01394
02606
01446
01195
03810
03496
03205
03670
01551
01824
03840
02523
00023
02624
01129
02826
03669
00805
02376
01614
02816
01347
00581
03706
00194
00422
04182
00872
03186
04128
00370
00574
01133
01823
02717
01018
04184
03262
01205
03025
03138
00260
03966
04189
01920
03210
02800
00597
02734
02519
03261
01826
02102
03470
03958
02715
02433
00610
02398
03005
02102
03657
00331
00465
02402
01224
01205
01216
01930
01947
02053
03770
00668
00002
03995
01342
01217
00579
03178
01918
00664
03783
00146
02074
03556
01989
02568
02192
02096
03258
02120
01395
04112
02284
02884
03348
03033
03020
01512
01228
04134
02434
02750
02367
01502
03617
04162
00943
03749
02752
01648
00744
00394
01765
03383
03191
04040
00124
02242
01207
00473
01693
01474
03679
01013
02999
00075
01183
03255
01968
00052
03014
03074
03007
01902
04065
02787
01208
03961
03758
03670
00360
03213
00328
01985
01633
01279
02139
03300
02604
01288
00080
00376
01114
03877
02204
01335
01929
03979
00334
02152
02981
01982
01562
01264
03243
01276
01051
00548
01373
00838
03549
03299
00983
03101
04082
02848
02103
03720
03444
02390
00929
01623
00844
02792
02530
02257
03213
02167
00871
04004
03616
01827
02341
00690
01036
04058
00717
00832
04214
00680
00066
01529
03319
04176
02118
01264
01937
01836
00054
03252
01504
01804
04062
01774
02619
00710
01610
00382
02972
01310
03599
02655
02741
03997
00493
02267
02308
02034
00009
00334
03014
01044
00256
03696
03260
02761
03241
00227
02690
03069
00484
00476
01889
01924
00987
01145
03529
02949
02548
00768
02280
03418
00957
01630
01867
01385
04153
00502
00515
01746
01288
03027
02974
01304
01291
02357
03248
00254
02910
02037
04157
00378
01591
03571
01506
03216
01388
02581
03533
01050
03893
02186
01517
02797
00763
01892
04196
02804
01537
02895
00523
03336
00338
02570
02484
00171
00311
02737
01047
04283
01423
03982
02497
01003
01593
02799
02480
01846
02110
02784
02684
03936
00237
01521
00452
00661
02672
03994
00400
00585
03461
00218
02834
04082
00901
01407
03401
03278
03860
03672
04214
03376
01444
03635
02959
04146
00424
00758
00481
00541
01681
01808
02814
03668
03976
03561
01007
03312
03181
04298
02729
00945
02509
02715
01347
02963
00543
02863
01380
01984
00754
02110
01603
02873
02987
02859
01883
00716
02521
01313
00722
01112
03412
03845
02130
02033
01317
01589
01004
03136
04104
00007
02637
02743
03264
01713
02390
03730
03508
01121
03907
03297
01941
04239
03628
01086
00647
01230
00144
01899
02484
03528
01508
00149
02875
00861
03469
01816
03974
02871
02054
04291
03889
02209
01612
01248
02336
01285
01339
02621
03647
01725
02342
01562
03728
03590
00820
00207
03641
02172
04287
00275
00173
03271
01146
00799
00951
03562
00970
00369
04110
00877
00681
01844
00139
00064
03412
03212
01715
01199
02039
01175
02908
00412
00035
01991
00885
01836
01447
03792
02091
04246
00600
01127
02136
00761
02560
00222
01291
02659
01790
02094
02780
00156
03049
00442
01646
01793
01195
04034
01139
02539
00708
03780
00824
03616
00392
04095
01278
02605
03825
00962
00049
02595
03690
00028
00017
00211
04226
02545
03215
01564
02181
01394
02482
04251
01414
02023
01723
03607
02581
02118
03094
03397
01416
03288
03130
02975
00405
03415
01833
03244
02939
00783
01646
00455
00646
00465
04056
03401
00004
03230
01376
00002
02987
02531
02766
02068
00025
02902
01489
03639
00644
02861
01169
02548
01270
02994
03171
01925
01656
00446
03100
00943
01367
01732
00314
02427
00648
01071
00304
03987
04035
04048
02393
03564
02631
04078
01301
04257
02665
00230
03060
00563
03466
00363
00844
01801
01982
01704
02230
03960
00155
00321
00484
01056
03855
03629
00266
01497
01663
01273
04191
04100
03642
00403
00067
01266
03762
01178
03031
01383
00721
03657
00201
02781
00107
02235
02083
00060
02308
01445
00823
02250
02230
02527
01221
00200
00690
03655
02305
00283
02396
03280
01655
02393
02692
00079
02813
03489
02539
01551
00500
01358
01071
03006
03416
04280
01524
01993
01470
00585
00553
01473
00643
00598
01199
01137
02635
03434
01780
03928
02223
03629
00971
00683
03874
03602
02379
00536
02515
02400
01923
00822
00896
00822
00370
01321
01451
02009
03289
00471
03525
00595
01151
02880
04113
01361
03400
03431
00330
03312
00193
03089
04157
00757
03615
02015
04158
02923
03734
00310
02458
02095
04118
02419
03651
03830
00867
02226
00164
00539
01726
04178
00695
00035
00368
01194
02166
01470
01961
00612
04106
03240
02781
02079
00971
03041
00325
02304
01144
02252
02534
04133
01278
02334
03851
03001
03261
02071
00936
00745
02175
01526
00686
00445
00458
01241
03615
03375
01857
01857
02563
00732
03043
02831
02277
00772
01483
01629
02048
00737
01516
01276
01637
01145
04229
02830
02068
01693
02862
01537
03203
01538
03683
01070
03754
03089
03893
02981
00304
00999
04274
03526
01310
00808
01916
02577
03572
00258
02296
00523
03673
04134
00542
04004
02897
02138
00701
03358
00618
01534
02277
02084
00670
00153
03392
03676
01429
02825
02931
03291
03951
01307
03422
04045
04178
03092
01591
02274
03477
01079
02195
02993
01600
00020
02226
00224
03520
00928
03522
01218
00288
00377
00272
01987
01127
02890
03727
02043
03941
01866
03113
03658
04216
03321
00788
03119
02058
04083
00886
00841
00694
01969
02418
02154
04173
00651
01856
01912
01252
02508
01207
00746
02088
03169
03929
02688
03841
02785
01723
00031
01047
00531
01288
03059
03911
02586
02109
01683
02875
03641
02623
01779
01286
00590
03936
03906
03879
04150
01311
02160
02344
02748
02024
03947
00690
03967
00677
04089
02400
01994
01541
01496
03658
00174
03542
00198
03277
01134
02312
03998
02016
02256
04184
02940
00210
01628
01754
04190
04275
01694
03037
03615
00416
03161
00490
01128
02712
00491
01088
03495
02601
00561
02820
01043
02944
01967
01448
02839
02129
02257
01741
03931
01359
02101
04266
02240
03172
00234
02031
03785
00968
00662
00708
00434
02081
01267
02172
01926
02692
01612
02947
02381
02098
03230
02056
01659
03522
00479
00546
03193
00835
02764
01069
03366
01778
03154
01853
03063
01994
00363
01004
02339
02723
02727
00126
02241
01833
02227
01027
03575
02790
02034
00412
01189
02189
02093
03410
03356
02527
04041
01256
03402
01151
02653
01607
01903
02957
03095
02005
00472
03358
03281
02148
03328
02244
01316
00737
02068
00342
00115
02062
00505
01456
01546
00371
02069
01189
02231
01237
02307
00608
00998
03513
03540
03289
00349
01628
02454
02605
03419
00934
02328
03318
03407
01183
04169
03507
00258
03898
01878
02143
02776
00061
03343
02564
00876
00526
01318
01038
02578
03857
02279
00961
04222
00871
03775
02845
00973
01491
01764
03698
03847
01056
03667
03873
00008
02466
04237
03923
03608
01561
03532
02416
01371
00189
02050
02902
03419
00420
00920
02320
03359
00651
01356
01582
00292
00877
03333
03716
01567
03849
02056
03971
03870
03666
03733
02116
04070
04032
03152
03725
00859
01151
03098
02293
04186
01469
01300
01992
00467
03453
00402
00539
04078
03127
02926
01322
01041
02302
00664
01665
02308
01236
00711
02934
00265
02386
03857
01613
00924
03766
00663
02104
03366
03321
00580
02090
03099
02429
02591
03028
03605
00240
00830
00872
02276
00028
03698
02690
03128
01167
01746
02824
02377
02595
01067
02280
00384
02338
03168
03174
00874
00831
00505
02481
00422
03982
00906
04088
04256
00534
01723
02654
01257
02303
02046
00625
02599
00166
00871
03425
03613
03469
01104
01569
01200
01539
00366
04036
00418
00508
01878
02513
01692
03623
00406
00188
03542
04085
03639
02645
01755
01812
03626
03744
01062
01200
00899
03116
00840
03125
02910
03764
00069
04026
02777
02900
02375
04250
04047
02136
00983
02214
03251
04140
00486
03779
03306
00820
00055
01610
02084
02079
02638
00986
02718
01427
00745
00348
02472
00064
00640
00007
01053
03411
01132
03759
02920
00669
04093
01708
03355
02649
03132
03917
00759
01778
03400
02218
00038
02954
03585
02556
03729
00253
00935
01864
01082
01670
00957
04127
03011
03497
00893
03497
02074
00285
00905
01724
03628
00393
00805
03208
01693
03078
02944
03501
02657
02591
01282
00433
03361
02038
01707
00257
04222
03379
00380
01494
00087
03599
01623
03933
03170
00619
02889
04013
00152
01491
03397
00629
03990
01278
03201
02218
00877
03712
00217
01874
03862
01480
00748
00811
02671
04243
03949
02983
03334
03165
03419
02409
01355
00587
04154
04154
01442
02811
00194
01534
03259
01621
01356
00902
04214
03934
00695
00959
03363
03043
03864
02760
02182
02703
04054
02264
03693
02146
04244
03263
01030
04035
04187
00685
00116
01070
00615
01158
03343
01363
02066
03953
02884
01554
01688
00410
00780
00576
02357
00790
01144
00242
00715
01251
02253
03626
02296
02377
00810
01663
00644
01458
03838
03206
01035
02209
01698
01871
02265
00541
00469
01813
03424
03069
04266
00759
02688
03463
01563
01140
04038
01508
01187
03210
03690
02395
00994
01651
03298
01674
00834
03065
03440
00290
02646
00265
00181
03409
01923
00943
03493
03735
03083
01112
03031
02286
02649
00800
02382
03656
00140
01530
02094
01739
03184
00719
02156
01852
02959
02020
03176
04101
02697
02301
01729
03744
01166
03459
02788
02906
02825
00617
00623
03547
03994
01328
03497
02933
03578
02060
02542
04236
00163
00671
01300
01234
03459
03736
00354
01737
01782
00604
03906
01624
03592
02255
00890
02452
03933
03506
02892
04235
04223
02003
03634
02487
02698
00465
00048
00253
02188
00560
03377
02172
03216
00097
03966
00067
00309
02694
00143
03180
01712
02004
00208
02291
03182
01350
02124
01253
02404
00086
04092
00452
03078
01938
03086
02129
00483
01027
03742
04187
00539
02936
03371
00205
02078
03350
01839
04042
00473
03389
03832
03111
01872
01446
03915
00221
00715
02439
01422
00553
03991
02673
04046
03194
02296
01785
00460
04075
03308
02519
02578
03578
01063
00215
02707
04021
03555
01313
00811
00279
02984
01216
00068
01279
03444
01948
04105
00346
04000
00698
01833
02647
01670
03212
02025
02788
00663
00678
02300
00039
01611
03007
03536
00807
02881
01014
00645
02833
01821
00394
03674
03535
00492
03900
04212
01192
01850
03104
03427
01379
02883
00406
02280
02838
03648
04092
01821
00447
00783
04066
00333
03634
01002
01133
02215
03600
02548
02880
01634
02945
02757
00509
01696
01314
00123
02901
00883
04082
02795
00968
01341
01647
02710
01324
03084
02080
03647
04048
01534
02382
00738
03772
04031
00740
01377
01908
04109
01232
00268
02491
02514
02573
01394
03859
04085
01594
01604
03618
02122
01101
00062
00891
00244
03682
02605
02755
03412
00059
00893
04120
03772
01745
03770
03521
02355
01765
00350
01460
03657
01093
00273
04153
01276
01645
03454
00198
02401
03330
01740
00828
00788
02429
00329
01049
04150
02897
01806
02117
02733
02144
02878
03500
02271
01637
03066
02197
01141
03085
00987
00557
02807
03287
03648
00878
04237
01816
02591
00104
00360
02539
02729
00947
02618
00034
01258
00051
03997
03407
00771
00888
01787
04099
03028
02412
01055
00138
03514
03580
01800
03844
02542
01336
02855
02866
00592
01183
01340
01064
02626
00800
01790
02915
03709
04050
02524
03528
03630
02767
00363
02489
00224
04256
04109
00228
01285
01741
03120
01762
03887
02801
03053
03409
04125
01003
01469
03143
00686
01724
01818
03479
01407
00058
03819
02558
01332
00918
02593
01926
02513
00435
02469
01330
00083
04010
01699
00163
02251
00317
01518
02099
02312
03616
00883
02550
04272
02296
03317
04273
04056
02173
02770
02955
02573
00306
00627
03390
02000
02162
00133
03658
01391
00498
00868
01575
04174
03234
01606
02876
02040
00114
03653
03249
04245
01975
02847
04129
02261
03710
00667
00321
02880
02193
03417
00974
00074
03896
00178
01862
02663
01452
02733
01622
02699
00620
01594
02363
02336
02912
00510
01727
04212
02159
01226
04107
01279
00480
00160
00444
03058
03889
02843
01370
02849
03541
01354
03485
01736
01336
00808
02243
03908
02622
02289
03560
00670
00473
03997
02998
01437
03523
00262
03488
02193
02688
02595
02509
03236
02863
03263
03809
03420
03841
02105
02333
02764
02052
00002
01173
00684
01351
01402
00991
01108
02464
00064
01302
01332
03209
00352
00029
01014
02988
03231
01854
01873
03225
02153
04104
00662
03250
03240
01965
03043
03555
00433
03417
03544
01995
04140
00976
01305
02264
00670
03118
03565
03855
01023
03549
00965
01404
01746
02895
03206
01934
03856
00147
00325
01914
00188
00043
02057
00211
01906
03140
02943
04189
03687
02198
00313
03030
01689
03203
04261
01803
02557
00131
04129
00787
01629
01525
01165
01731
02349
02693
02653
03490
03941
04073
01409
03160
01785
01299
04139
03751
03045
03294
03091
02925
00164
01249
02159
01865
04081
02385
00366
03316
02879
01566
01796
00756
01927
01646
01307
03961
01788
01654
03711
01536
00876
04294
03717
00769
01794
03099
02422
00997
03474
01887
01884
02838
02790
02865
03163
01731
04075
04232
02701
00167
02817
03952
02360
02665
00744
00440
02672
02350
01978
00894
02213
03884
02142
02108
00464
04275
03852
01647
00201
00782
03749
00719
00870
03424
03510
03003
03491
03049
01619
01823
00782
02060
02829
03912
00547
00851
04061
04207
01936
03378
02717
04134
01402
00957
03390
01780
01655
03585
00480
03800
01105
00746
01501
00626
01857
00107
02504
00710
04038
00166
02242
01449
02773
00112
00100
02898
00464
03197
02669
02898
02447
02953
02792
00413
00162
02015
01349
00390
00246
00827
00244
01281
04281
02456
00118
03679
04169
02243
03753
01574
02197
00583
00004
01656
00613
03830
02551
00975
03783
00488
02629
01679
02780
04107
00591
03956
04226
01424
02078
02818
00985
02066
02990
04099
02165
02357
00905
03672
00245
01652
03735
03120
00702
00396
02672
01314
03431
02318
00860
02958
03553
01452
01732
02444
02228
00241
03718
00822
03669
03050
00479
00668
00108
02256
04116
02316
00605
04000
02878
01899
00598
02567
02375
03507
00396
01048
01907
03901
01619
01648
03429
02372
01633
00176
04159
00755
00767
03889
02000
00047
00891
00430
00744
02163
00246
02243
00268
04267
02014
00183
03200
01858
01332
03079
01118
04228
00059
02180
01124
03467
03493
01020
01884
03520
01623
01390
01830
01646
02165
01569
02811
02728
04072
02203
01102
02781
01952
02725
02532
02306
01462
02124
00064
03359
03291
02672
01746
03330
04232
02276
03012
01253
03468
03914
02043
00806
02252
03991
02508
01810
03010
01444
00530
00748
01381
03010
03213
02473
01186
00168
02046
02029
02480
03219
04077
03063
02978
01658
00045
04217
00277
00195
02274
02251
01282
00647
03509
03919
02399
01154
03913
01811
03821
02730
04061
00952
03897
02215
02220
01554
01308
03491
01604
02276
02869
02897
02972
03110
03383
01829
01741
03822
00201
03774
02447
00301
03553
01413
03509
03835
03904
01389
00914
00978
01703
02916
01860
03343
01380
01637
03115
01038
00041
02847
03088
03385
02787
00178
00132
01180
02536
01529
03152
01424
00913
00569
01918
03299
03214
02038
00001
01072
02847
00912
04079
03504
03416
01520
00551
02945
03835
02961
01491
01343
02098
03922
01545
03993
00853
02634
04046
04109
01125
02327
01044
00676
02439
01059
02316
03084
02372
03617
01848
00653
03601
00993
00927
02856
01084
00376
02798
04187
02973
03907
01720
02898
00811
03093
03114
02046
03147
02496
01077
00621
01596
00534
04119
02133
03918
00065
00584
03534
01885
01050
01353
00343
02329
02434
02574
01473
02642
00487
00190
03044
02154
03530
02117
02603
03436
03237
02193
00735
02962
02605
00534
02319
03947
04197
02351
02783
02418
01211
00099
03636
02479
02225
01090
01628
01047
00340
02086
01919
02652
04009
00057
02357
03182
02919
02931
00702
02261
02153
04017
00505
01020
04272
00301
02501
00771
02246
00790
00687
00579
03492
02916
03477
03619
01407
01374
00215
01515
02342
01908
02345
00952
03278
02808
03505
01498
03782
02813
00963
01433
01001
00442
02935
01568
03691
02253
04118
04240
02917
02495
02273
04166
00917
00292
00510
03536
01446
00781
00849
01214
03377
02022
02137
03750
02582
01959
02861
00901
02390
02660
00658
04237
02629
01447
04093
02475
01123
01742
00773
00082
02832
00149
00423
00906
01122
02059
02724
03088
00424
02866
02369
01847
01125
02936
01485
02984
03657
00110
00743
03163
01292
03007
01314
00109
02289
03530
00620
03447
01323
00985
01111
01457
02204
02778
00779
01488
03674
00664
01949
02989
00500
03311
03548
00214
03981
02169
01774
03420
00804
01093
01362
00013
02548
03683
02453
03333
02726
00026
00815
02971
03525
01630
01937
04060
02246
00549
00697
03346
02506
03155
01926
02280
02694
00347
03229
01876
01562
01246
02412
03980
00738
00093
02091
01829
04129
00543
02262
02028
00111
03207
01931
00507
00762
00660
02981
04052
00549
03462
03600
03750
03934
01397
01391
02297
00634
02890
04124
04284
03396
01835
00176
02702
02126
00644
02909
00885
02832
01544
00240
00928
03803
00689
00091
02107
01449
00731
03100
04145
03929
01776
04044
01839
00937
04226
01740
04044
00676
01796
03978
01854
01406
03875
03132
01486
03470
00319
03457
03913
02828
02049
00740
01135
03796
03688
02440
02796
02607
01413
00270
01666
00538
03733
03834
02742
00796
00821
02453
01620
00549
01497
01582
03546
04073
03930
01440
00162
02270
03371
01445
01771
03307
01095
03831
00534
03745
00380
04008
01669
00892
04123
01406
01781
02824
01908
03189
03670
00387
00783
03041
02639
00412
00197
02169
00097
02944
00801
01778
03144
00344
03722
00908
03373
01202
00013
03991
01764
01687
03545
02146
02355
02560
02159
01546
02300
04044
02217
00573
01927
03677
00191
03874
01695
02541
02944
04186
02214
01373
00427
03141
00821
03809
03562
02899
03179
02188
01608
00149
02959
00236
00879
02195
01448
03214
01657
01285
01988
03144
01392
00271
03841
02379
00274
03298
00544
03835
02166
01717
01853
01441
02253
01021
03121
02554
00497
03565
03535
03831
03740
02393
02901
02362
03850
03214
01050
02750
00176
03030
01957
00846
00413
03715
02225
03912
03739
00419
01132
00197
03943
01875
03527
00587
03867
00909
03060
00270
00941
01227
03247
02428
01208
01911
02779
03011
01698
00696
01528
00310
03853
02435
02118
02069
03328
00731
02098
01917
00839
03703
00697
02668
00324
03639
02787
02389
01624
02531
03669
01633
01976
03948
01474
00443
00989
02026
03416
02497
02132
02891
03699
00328
03144
00866
01153
02537
02293
03974
00296
00974
01977
03947
02616
03465
03643
02786
02085
03468
00177
02041
04113
01035
03796
04036
03032
01475
03542
02200
04170
00199
01954
02218
02470
02977
03403
00161
00012
01486
00332
02417
03079
01883
02366
01223
00965
02857
03685
00571
00421
03112
01597
03616
01884
01484
00111
00300
02962
03241
03555
00976
00059
04061
00537
03234
00285
01364
02053
03730
02976
01104
01453
02666
02696
01639
03570
01336
03248
00531
00678
02198
01504
01176
04256
00856
00714
03373
04207
01835
03527
02176
03249
01709
00160
01504
00989
03186
00716
00038
00780
03438
00784
00312
01489
04092
04074
03827
04132
01759
02713
03031
00563
01924
02553
03101
02844
02017
02643
02644
04003
03061
03427
03801
00292
03817
01353
01906
03219
04087
00396
00819
02176
02081
02882
02736
02190
04056
03533
04114
02268
02179
00839
01805
03622
01836
01576
00378
02434
01775
01502
03615
01802
01343
00658
02560
02959
01914
00490
03673
03757
04108
02472
01254
01862
03503
00948
00166
03737
01461
02982
04297
03827
03575
00103
00829
01836
00883
02570
03692
02668
03754
02784
02493
01918
01313
01133
00076
00963
02241
02322
01836
01232
01589
02524
02512
02850
02292
03975
02813
01478
02116
02904
04004
01909
03591
03101
00119
02214
01228
01302
02467
01214
04150
03589
01858
02170
01618
02127
00674
01371
00570
03986
03643
00773
00603
00264
02473
01379
03867
02075
03797
00753
01660
03207
01962
02117
01874
03328
02328
01278
01244
01676
01223
01736
02103
02365
01034
03806
01030
01404
01422
02184
02425
00114
03026
00934
01785
01829
02476
00065
01922
03415
00787
00619
03033
00916
04257
04015
02670
03010
00055
00993
00637
00672
00351
03260
00372
00611
00221
01121
04177
04293
00736
01634
00366
03242
01753
03576
03204
01406
01906
02053
03572
00900
02605
04254
03804
01845
03406
03308
03205
03757
01739
00792
03374
03055
02992
02693
01771
00828
03684
01669
01892
01429
03171
00308
03077
03146
03212
02856
01991
00755
03794
04083
01476
01595
03509
01799
00756
00648
00540
00080
03429
01766
02206
03493
01004
01980
03285
01077
01130
04096
00674
01137
00267
02136
00747
00258
00058
01673
03796
04060
01750
02833
04002
00622
01419
03050
01777
02959
04010
03237
03581
01918
02472
01520
02864
01670
00082
02311
01575
03208
03046
03127
03827
00865
00229
03062
01982
02937
02177
00256
00036
04282
03490
02131
03424
00747
03754
04061
01471
02560
03781
01266
04029
02187
02591
02189
03327
01105
00893
02129
02734
01203
00840
04157
01607
02465
01650
01416
00414
03264
02329
02719
02712
00457
02370
01533
01260
00105
02415
01030
01790
01076
00058
01049
03670
02226
04254
01635
02216
00604
00403
02300
03629
00538
03602
00417
02782
00253
03691
01913
03052
03132
01656
03422
00508
01348
00631
03495
03523
02665
00679
04063
00471
00977
03859
01889
01006
02616
04285
02451
00328
00294
00711
00006
04037
02380
02069
01180
00792
01573
02943
01149
03343
03921
02312
02828
02928
00577
03944
02874
02221
02698
03966
03473
03728
00529
02435
01342
01825
01412
00692
02829
02714
01570
03950
