01386
03180
01929
03941
00779
02745
03418
03261
00450
01684
00557
01407
03976
03593
02059
01989
00434
03404
00289
00657
02645
00678
03756
04407
02383
02923
00866
00458
03982
02262
03608
01656
00475
02782
01076
02540
03609
04010
03731
01779
00464
02501
04300
02883
02425
01924
04051
02513
02554
02213
01848
01445
02688
00516
04144
00436
01873
03325
02381
03286
03409
00969
00003
01278
01864
04314
01576
02487
03413
02983
01865
01408
00635
03057
03868
01312
03129
01192
02661
02477
00809
01237
03189
04112
01326
00665
03325
02994
01486
03471
01979
00497
02987
01076
04233
04109
01218
00000
00439
01046
02670
04180
00204
02040
02383
01983
02076
04319
00955
00390
03696
01025
04246
01849
03587
01340
03794
00472
04097
02257
03535
04258
03708
02671
04121
03606
00046
03378
01296
02192
03250
02157
02372
03182
03187
02463
02033
04164
00110
00218
03166
02437
01488
03244
01710
00661
03391
01015
01982
03429
04100
00928
04499
03859
02927
03317
00403
04447
03999
03485
00079
03957
03500
03829
01487
03680
03222
01668
03045
01996
00616
02167
00108
04114
00142
03307
04373
00686
03202
00300
04053
02173
04312
00100
02831
00896
03901
01186
03530
02988
04403
02453
02330
00445
02275
04052
01015
02599
00793
00100
03902
00612
02587
00592
02548
02624
03453
00513
04230
01218
02625
02080
00615
01708
01991
02521
01214
03478
02682
03121
03252
03832
00506
00387
02982
03270
04217
00624
00704
02574
02108
00038
00052
04498
00719
01775
02990
00539
01045
01088
02090
00585
01803
04121
00588
00885
02168
00690
00365
03577
03866
04281
02986
00215
04264
03754
00050
03702
02235
03672
00342
03878
02240
01407
04116
00159
00892
02507
02850
01968
02327
00193
02632
02233
04358
02008
04412
03644
02204
00104
04491
03857
02641
02087
03477
00798
02586
02732
00539
00867
01749
00532
03781
02793
01396
00163
04166
02614
00425
01401
01192
00214
02589
00275
01389
02445
03788
00002
03807
03601
04178
03511
02941
03758
01502
03708
03355
03473
01815
03134
00821
02850
00323
03464
03185
04382
00853
03289
00641
01329
03527
01331
02735
01401
03298
02452
04444
02573
03847
03370
01465
02085
00058
02242
02159
03083
01262
00305
03349
04082
01707
00983
03427
02811
02080
02881
03586
00658
02645
01894
00394
00943
02558
04327
01721
02534
01575
03017
00886
02108
01452
00128
01962
01924
02448
02686
01272
01122
03689
03076
00112
01919
02682
01321
04061
00790
00469
01285
00940
00496
01090
00098
02000
00875
00854
00239
03841
04189
03698
02430
01850
00387
02262
00216
03286
00257
03908
03446
04212
03198
00362
03211
01970
00168
00013
04281
00744
02907
03494
02226
03399
01105
01359
04133
03864
03291
01627
00009
01787
01472
00377
01138
02409
02159
02222
03990
01938
01304
00115
02088
03540
03438
01739
01837
00413
01792
02547
02327
02028
03522
03463
00031
01583
01983
03681
03974
00941
02821
01092
01824
00515
00081
01791
03934
03698
02930
04417
02483
02348
03285
01684
02861
01856
00383
00818
03318
01348
01963
01312
00058
02808
04346
03500
01300
00068
01733
03743
03593
03184
03059
02486
00817
03810
04272
00509
02929
04482
03069
02692
03589
03077
00261
00244
01336
03583
03902
02168
00722
01778
02674
03417
01787
03948
02221
04200
02457
03430
00816
00277
00596
01325
03955
00145
04190
03434
01612
01325
04272
02124
02740
03770
00026
01625
01532
01002
03895
01470
03741
03553
01670
00833
02704
03921
01285
01354
02193
02832
02243
03690
02007
00847
01249
01751
03546
03008
01200
03972
00373
00422
01447
03237
02555
04470
02397
04353
01641
02934
04287
02276
00317
01620
04000
04131
04218
00504
02045
00591
02708
01124
02544
00126
03803
02262
00496
02906
00232
00929
01828
01812
02036
00996
04238
03237
04134
01071
00254
03907
01552
03912
01395
01918
02450
00751
03082
03470
00011
04347
01859
00690
01596
03371
02614
03291
02923
01745
02419
02931
00917
00570
02521
04058
01284
01520
02888
01519
00753
03294
03361
02016
04262
03488
02913
04299
00764
03352
03735
00401
03591
01936
01022
02168
01438
02211
01752
02838
02999
04176
03544
03606
01113
02260
03947
01846
00782
00065
01945
03007
03103
02595
00635
03217
00158
04139
02994
02304
01218
04372
03443
02756
03263
01253
03191
01984
02911
00506
04097
03189
02440
03703
01775
01346
02127
01711
01078
04237
02365
03047
01763
02118
03010
01713
04306
01536
03852
01700
01149
02736
01214
02998
01626
01790
03782
03198
02530
04227
02261
00789
01188
01050
03309
01403
03930
00967
02881
00970
00670
01101
00829
00254
03608
00484
01093
01462
04356
01650
00297
02320
01460
02048
01475
00300
04017
01161
02333
03653
01103
03184
01124
02224
02154
02439
00179
02331
04075
04318
00213
03483
01020
02459
04431
00683
02137
02056
04423
00320
01020
03332
02708
04249
02212
04423
02856
03476
03334
02964
03111
03924
04353
00937
03266
02178
02504
00101
02165
00715
03366
03955
01397
00120
03078
00476
01334
02101
04401
00415
04221
00236
00510
00272
01790
04301
01328
03614
01082
02015
01919
00071
03284
01770
03940
04482
01158
01357
00287
02073
02119
00132
01484
03297
00155
01786
01846
01534
00419
01292
02589
00900
02155
03806
00662
00684
02674
03551
02269
02373
03998
03665
04051
00178
02209
02464
01146
04448
01632
02151
04038
02102
02562
02489
00713
03977
01409
02381
01455
00567
01629
03157
01097
01319
03977
00437
03316
02718
01329
02504
01855
00671
00414
02085
00450
03481
02929
03296
03853
03467
02723
03145
01021
03079
04121
01826
02529
00870
01321
02096
00993
01645
04404
01399
00776
01406
01412
00022
01289
01996
02365
04243
02378
01388
03363
02449
04000
00140
04117
02348
04286
02858
03497
04042
03028
04030
00157
03831
01739
01765
03368
01572
01632
00402
00725
04126
03367
03402
00525
03705
01595
01325
01205
02008
04049
03585
02593
04403
02745
01055
02556
00024
03380
00853
00540
00656
00047
00405
04301
02525
01204
03361
03470
00273
04365
03192
01203
02722
03810
04070
04467
04158
01028
00120
03919
00703
03736
00278
02320
02224
01426
02930
04326
03678
04000
03393
01017
00389
02082
02994
01329
03307
03980
00371
01623
00131
00970
02793
03435
03096
00888
02448
03517
04489
01963
01111
02967
00329
01037
03762
01836
04000
01729
03057
03660
01184
00754
00666
03873
01822
00230
00524
03486
03173
00894
02578
02170
02818
04037
00895
00808
03107
02902
03796
03671
04177
00632
00705
03853
02753
00042
03181
02353
03150
04380
00276
01461
01121
01393
04403
02886
03011
03721
02546
03659
01944
02527
03723
02205
01969
00341
03284
02403
01943
00320
00647
00076
01531
01072
03529
04230
00535
00719
02312
00370
02867
03146
03027
01294
01405
00610
02737
00217
00091
02317
00350
00657
01363
02550
02030
01423
03445
03614
02254
02810
01197
03865
01124
01706
03671
00737
01841
03533
04167
01066
03367
01465
01095
04127
00298
02942
04417
01289
03607
00002
04268
03869
01263
02611
01598
03748
03002
04347
00302
00504
03975
01696
01091
00882
03932
01139
00089
02593
01864
00011
00550
03165
00069
02860
03542
04131
00537
00974
01080
01669
03673
03420
03584
00677
01633
00817
03337
01601
03439
04307
02280
00163
04182
02922
03244
02283
04463
04064
00125
04422
02034
03467
00439
03296
01975
00125
03064
03607
00109
01785
00110
01895
03429
00761
02636
01222
03292
02980
04117
00365
04054
00797
03058
01640
02463
01218
00889
04067
02368
02557
00390
01114
03619
01510
00983
03937
02432
01038
01896
01421
04100
03555
03180
00566
03129
03344
02568
03390
02308
04335
01837
01547
02251
00726
03346
01897
03785
00816
03440
03687
02399
04374
02885
02556
03671
01331
00968
01082
00545
00844
03703
01163
01287
02108
01173
03268
02313
01756
04471
00267
01109
03607
01233
04492
02913
03010
00066
04492
03818
03627
03247
02983
02417
02319
03026
00968
03686
00118
03420
03519
01446
01211
02157
00360
02043
00966
00265
00711
04238
01543
03642
00196
04006
03971
02926
02395
00616
01733
03583
02968
00677
03727
00513
03498
04314
03864
02161
00439
01928
04000
04202
01742
01493
01151
02318
02592
04454
02038
03708
03595
01119
02147
00613
02921
02481
04056
01514
01541
01033
03087
01432
03817
03966
03509
03491
00537
03105
02421
02441
02247
04353
01028
00527
02969
02341
01220
00969
00615
00889
02906
03327
00493
02417
01421
03836
04022
01829
01744
02511
01026
03964
00800
02775
04047
03525
01212
02939
04283
03699
02254
00759
03950
02009
01751
02153
02296
03296
04290
02404
04081
04365
03849
01365
02893
04487
03481
03087
00427
02107
03890
03321
01533
03320
01344
01022
04075
02986
00385
02320
01422
04459
02522
00795
00843
00908
03916
00810
02752
01122
00213
00033
03067
03116
01608
03658
01619
02478
04479
03873
02256
01641
01196
02850
01860
00626
00207
02630
00631
04297
03426
02398
02319
00762
02395
00817
01982
03818
03059
03454
03253
04400
00276
00077
03991
04068
00046
02398
03262
02094
00779
02915
03114
00100
00882
03228
00932
00265
03720
01602
00977
02258
03506
00834
00657
02199
00235
00129
04103
01915
03725
03895
04487
03434
02333
03395
01607
01855
01452
01426
01287
04250
01789
03185
01192
00312
02816
00187
02396
04470
01157
01884
03092
00433
02115
03071
04322
02015
02748
02714
03670
00135
01385
02659
04401
02643
00958
02137
04322
00211
01777
04113
03053
00191
04049
02055
04229
02753
03519
02069
02726
01185
00380
02146
02468
00554
00385
01377
03103
00949
01456
02993
00696
03698
01528
00669
01304
02931
02672
00973
03796
00474
02513
04071
01050
03016
00679
02061
02436
01435
02394
00192
01502
02760
02378
01465
04325
02709
02008
01973
00240
01850
01232
01866
00983
03908
03889
03574
00328
02872
02008
01524
02114
04338
02937
02509
04007
01797
00786
04034
00966
02906
00630
01179
02086
03922
01239
01801
03392
02042
04213
03625
00884
01510
01328
02757
01681
03478
01872
02028
01300
03067
03932
02906
03338
00661
00800
02206
02171
00015
01124
01683
02364
03503
03122
02966
03484
00113
01360
00662
03255
04197
01140
01315
03807
04359
02788
00873
03833
01958
04298
01525
01889
03390
02361
01206
03090
03317
03559
01138
04096
00398
00259
03004
01711
03472
03271
01558
04328
00281
01595
03071
01704
00462
02271
04367
00575
00040
04104
03300
02959
00049
00338
03293
02542
00489
01843
03754
02856
01365
02513
01630
00455
03153
03905
00993
01617
02386
03356
03914
01488
03419
01940
02018
03974
01637
02121
02871
02314
02531
03644
04192
03451
02388
01041
03774
03404
00667
04070
02608
01678
02349
04350
04336
00427
04069
03944
02965
02860
02834
00321
01442
01046
01851
00177
01761
04113
03807
03875
00209
03545
04452
02783
02437
04110
02689
01542
02886
01435
04445
04209
02289
01455
02220
02827
00814
00133
02821
00229
00161
01635
04398
00251
00714
00362
02796
01261
04324
03513
03834
00927
02860
01923
04041
01515
03549
04066
04169
03198
03056
04395
03843
04474
03024
04443
02588
04147
00940
00617
01110
03224
02585
01098
03807
03549
02343
03946
02294
03700
04181
00206
02615
04145
02981
04021
04475
02686
01814
01017
04045
00072
01428
03199
03767
02304
03551
01615
00908
01218
03336
03667
01192
03713
02481
04105
01242
03460
00024
02720
03626
00529
03286
03160
02203
00299
02194
04431
00384
03438
02794
01898
03527
00196
03019
03507
03964
02934
00728
00317
00220
01073
00656
02926
02978
00912
01453
03569
04345
02939
02649
04048
01316
04402
00160
03028
04184
00444
02725
01460
02868
03733
02778
01793
00681
02723
04276
00317
01896
03934
00780
04427
03200
03812
03035
03658
02864
00032
00108
02196
02398
00126
04327
02136
04075
03349
01447
01261
03787
00905
02430
04154
00086
02088
01985
00418
02697
00848
00239
01727
03579
01474
04299
03616
04052
03486
00050
01545
02499
02067
02367
02036
00135
01966
00229
02610
02424
01547
00891
02031
02185
03268
02167
02586
00311
00987
04358
02465
01441
03351
03401
04194
00278
01663
02888
04316
03103
02695
00679
00981
00222
00616
04274
00124
01602
02462
01699
04426
03566
01608
01179
03742
00484
00973
01186
00155
03654
04254
03716
03375
02283
00925
01185
02125
01333
02781
01721
03891
00967
04400
02236
04058
03038
01638
01973
01844
00982
02307
02966
03141
02218
01464
02409
03122
00550
03454
00882
00935
02000
02409
01516
01578
01669
00341
03755
02961
03739
02704
01308
00949
02975
02092
02097
03310
04315
03935
02707
02800
01554
03476
01892
01523
04119
00539
02971
00759
03381
00166
01332
00274
02372
01072
00638
04116
00750
04204
03703
00098
01436
03436
01222
03919
01847
02499
00600
02315
01072
01217
01521
02437
01912
00197
02779
03160
02978
04365
02801
01738
03211
00002
00642
00866
00951
02667
03250
01816
00841
02429
02770
02127
03089
03757
00362
02431
03988
04038
03607
04333
03738
04465
03075
03633
04223
01259
03330
03335
02154
02226
02905
02642
00862
04244
00578
00809
03820
03118
03495
02698
02396
00625
02070
00589
03554
04087
01954
01839
03048
04352
04053
03654
04492
01447
01477
02494
02458
01057
02042
02881
03276
03598
02737
03826
00920
02496
04412
02135
00476
00880
03314
03963
02462
03291
01898
01448
04322
04485
02124
00946
02676
03842
03386
04260
03986
01099
01527
01703
02727
03152
01406
01037
00948
02080
03923
02504
03272
03525
02786
01382
00751
02431
02179
01829
00175
00567
03691
01707
03282
00037
00157
02152
01088
04391
03539
04159
01950
03957
00364
02684
00273
04471
01626
02533
00241
03958
00977
01040
04405
01215
03162
00084
00664
02497
00702
01110
04427
04302
00139
01955
03805
03533
03701
04273
02324
04083
02779
02793
01165
03449
02049
00681
04468
01854
02854
03166
02167
03046
03511
01872
03933
02159
00679
03949
01375
03375
03290
02800
01397
02427
03173
01364
02412
00415
01664
03942
03364
03803
03654
02156
00486
02443
00230
00474
00880
01598
00587
01247
03195
02154
00187
02837
03663
03176
01341
01974
02325
01305
02397
00145
02095
01042
03461
01357
01594
00361
02993
04293
01041
03991
01521
00576
03866
04006
01151
02184
04481
03154
02284
01826
04301
02288
04163
02672
02899
04010
00381
00679
02474
02931
03369
03016
01560
03864
00612
00475
00940
00232
04237
02604
04457
04281
00791
00839
04400
00220
02839
00301
02282
00923
00093
00732
01248
00349
02984
04264
00048
00658
02626
00972
04061
01153
00711
03525
01424
02881
02985
00278
03101
03956
03136
03198
02613
04431
04340
01438
01850
04291
04044
01515
00353
02032
02911
02160
00016
03013
03722
02681
04496
00371
02012
01004
01950
04343
03426
01989
03951
01668
00288
01925
04154
04321
01346
02431
01870
01497
01524
02448
01000
02892
02700
04409
03929
00786
00729
00191
03403
04100
00553
02967
01838
00090
02304
01748
03567
01673
00384
01642
01657
02265
01597
04001
04082
01327
00786
03707
02466
01798
02152
01659
00895
01836
04035
04047
01590
00600
00227
04441
02118
02746
00276
00490
04290
04014
00140
01508
01321
02179
03355
03894
00630
01416
04069
01330
01670
04422
03938
00070
03310
03470
01027
01372
00354
02025
04171
02897
01644
01622
03505
00526
02971
00427
03084
00059
00996
04084
01351
00819
00782
03324
03336
01976
00246
00666
04055
01719
03686
03798
01148
00865
04339
00674
03281
01743
03918
03896
02946
04288
01112
00881
00356
04161
02526
01974
04477
02072
01712
01971
01702
01858
01594
03654
03487
03448
03417
03319
04283
02141
03381
01794
00537
03991
02459
02869
02242
03995
01715
00633
00190
03738
00824
01800
01879
04018
00214
02073
02463
01255
04206
01403
02251
00756
02376
01851
01091
02138
02015
02754
02570
04008
04263
03584
02820
00319
03864
01360
03535
03361
02684
04372
01881
03585
03941
01835
00286
01387
04316
00098
03405
02183
00254
02021
03684
01427
03377
00721
00066
03286
02104
02607
03059
04031
03389
03630
02583
02855
00276
02257
00919
00624
01241
00033
02087
04036
01043
02443
04197
00270
04336
03347
00325
00004
02224
00620
00580
04032
00013
04446
01354
02885
01849
02362
04494
03807
04039
03690
01708
03498
03125
00103
00750
04449
02059
04139
03910
02167
00030
04055
02773
01644
04264
04346
01473
03898
02108
00297
03372
03582
01694
03307
03744
02757
02600
03696
01759
02911
03264
03046
01612
00869
01686
02016
02405
03868
00250
03360
01640
00182
03170
03000
01893
03208
02927
00816
01178
02969
01178
00758
01466
04203
04215
00380
00311
04448
02586
03141
01767
02256
01949
02531
01543
03122
02706
00448
01395
03829
00349
00146
02726
03078
02476
02021
01878
02239
02915
01101
01499
02138
00942
01834
00649
01448
00658
02137
01433
00737
01539
00204
03649
04458
02705
00113
01624
00179
03263
03615
01912
02035
02613
00039
01416
04385
00854
01835
00142
02345
00752
01565
03674
04168
03040
02183
04293
03836
01459
02846
04184
00224
04332
00549
00445
00113
02485
00804
03764
00943
02484
01290
02029
00271
01113
02569
00946
01041
02609
03361
00247
03209
02207
02144
02201
01082
01421
00613
04271
00464
01663
04351
04457
00041
03791
00485
00412
00844
02676
00120
00624
03137
03948
03365
02636
03332
03682
03977
01703
00296
03514
00267
01140
01908
04276
03122
00869
00126
01715
00804
02486
01464
02862
00263
00204
00373
00377
00123
02065
00556
02007
00673
00573
01135
00033
02662
00935
01091
01435
00083
02992
00960
00003
00190
02590
00786
00462
00359
03090
00611
01395
01433
03994
00972
04035
01888
01397
02566
00243
03679
02084
03844
01637
03890
00478
03437
03854
04156
00790
02500
01717
04415
01477
03477
00041
01841
02995
00682
00897
00390
01411
03458
04277
01352
03683
02095
04186
03944
01987
02738
03039
01854
00881
03781
03115
01517
00282
02365
03063
01204
02871
02154
01623
00845
02170
02277
02569
01605
03317
03109
00330
00889
03286
00213
00306
00224
01726
00649
01953
00489
02007
02580
03835
01963
04249
03043
03964
02868
01432
00545
00151
01792
03452
02778
03226
02537
03599
00881
00581
04449
02068
00962
01973
00790
00421
04286
02184
00457
00406
02580
02229
03373
01985
04012
03849
01779
04135
02929
04137
04149
01041
00703
02144
02568
01056
02028
00894
02791
00019
01326
04147
03177
03306
01463
01661
01727
01389
02636
03345
00351
00071
00666
00716
02105
03037
00130
00615
02381
02351
03709
01098
03854
02177
00109
01761
01507
01428
00012
04478
03607
01215
00467
01553
01718
02981
02962
00875
02330
01465
03938
00447
02043
02406
00804
04334
02749
00442
02942
00715
03626
01501
00908
02122
02588
00575
02870
02210
04177
03098
01573
00190
01792
00527
04280
02337
00383
01252
00275
01774
01044
03023
03767
03383
02201
01714
00961
02294
01873
01434
01217
03763
01569
02306
03785
03785
02115
02301
02978
01155
02702
03772
00903
03459
03292
02283
01389
03350
00553
02956
01847
01983
02661
03857
01516
00758
00684
03099
01430
02953
00889
03115
00913
00198
01338
00977
03146
00852
00991
04325
03218
02164
03399
03718
00364
00509
04317
03550
03830
02299
03627
03015
01326
03149
04253
02976
01574
01814
01752
01137
01903
00670
04145
03318
01024
00155
01502
01195
00536
03111
01356
02092
02168
04129
00372
03770
01834
02567
00180
01941
00191
02886
03457
02087
00676
01513
02032
02656
03238
04193
02274
00001
03915
00246
01297
03902
03033
02844
03696
03358
03182
00869
01714
00761
00406
00962
04132
03790
01309
03077
00633
02996
03249
03614
03492
02652
03312
03378
00366
02272
00550
04246
03445
00426
00895
01013
03044
01977
01564
00416
02212
02104
00361
02470
01393
03142
02318
01875
02939
03137
02347
02297
00632
00155
00978
03882
02251
02244
00551
01945
02814
04290
03448
03864
02361
01928
01375
03558
01592
03745
03890
00178
03607
01060
04005
01400
01065
02097
00062
01584
01146
01599
03898
03968
03681
00626
01804
01164
00331
01025
02192
00474
00026
00636
02383
03221
03935
02568
04082
02049
04323
00867
00993
03212
03249
01183
02413
00052
01705
02587
00781
01282
01112
03933
01438
03940
00064
00024
00426
04127
03811
03838
04029
03176
02133
00883
02695
04039
03386
03108
00625
00247
01203
04374
03999
00269
03256
03164
01262
00169
01727
00536
01024
00699
03349
01558
01137
00897
03749
03966
01088
03767
04451
02720
00023
00551
01546
02443
03521
02500
03115
04227
01000
03059
04334
02468
00670
02429
02214
01419
00996
02008
02085
03240
03901
03884
03458
03922
03369
03270
00236
03192
01131
02840
04460
00489
00509
02656
00918
02551
00391
01935
02797
04410
00930
00286
03765
04443
02164
02744
02979
04056
04070
00892
01356
03954
02226
04013
01458
03874
02182
04252
01781
01474
01813
01173
01381
01827
01073
01963
00613
00452
04371
00584
00565
03871
02476
01872
01820
02424
03744
02286
02314
02868
03857
03610
01160
02799
02277
01231
01562
01977
03885
01706
00599
03927
00592
00908
01147
01214
01408
01891
02104
03258
03884
03399
02613
02276
01605
02620
03899
00951
02674
03979
00475
01858
01809
00113
04477
01419
02176
01652
00785
03207
04398
01533
01116
04385
02463
00432
04473
01628
00793
00600
01857
03733
01838
02279
04192
02220
01255
03439
04158
01168
00759
00686
04011
02146
03097
03227
01275
04254
00018
03065
02148
00852
03193
01861
04466
01726
03498
03225
03956
03375
02781
03140
04317
03585
04181
00470
00459
04132
02204
03084
04433
00994
02893
01493
02713
04388
00550
01580
03938
02307
02411
01239
00030
02161
03013
00149
02678
03347
00061
02419
01103
00110
03648
03408
04467
00737
03549
03811
01545
00050
00108
00100
04472
00179
01598
01424
00398
03297
04303
00673
02782
04028
01644
04368
00447
03065
02759
02549
00032
04399
04364
04358
04142
02697
01174
03739
00341
02258
02754
04262
01507
02233
01384
00738
04242
02017
03097
00465
02373
03120
00974
01497
00743
02091
01939
01950
00244
02004
01299
00326
01744
01540
02851
04318
04486
03825
02022
03510
01850
04176
01069
00691
00999
04465
01304
03983
01105
00100
01510
02033
00882
03257
00377
02457
03097
00000
02438
01363
03852
00158
01072
00160
00962
04152
01663
04396
03842
02485
01248
03128
01785
01191
02089
01878
01036
00711
03980
04462
00911
04086
02017
00388
03258
00857
00380
02633
00591
02129
00688
02717
03207
01596
01959
00586
00602
00152
00095
02626
00666
02825
03314
02194
02716
00331
04245
02467
03079
03674
02431
01852
03062
02305
01394
00434
01676
03787
01988
02400
02370
01629
02345
03030
03958
03533
02103
04320
00404
01307
03230
02553
04227
04310
03834
02459
00217
02299
03104
00414
02203
01342
03986
02224
02396
02322
00318
03175
01233
02883
02373
00895
00367
03783
02161
02216
04253
02933
04077
03735
00292
00007
02014
02509
00600
04102
02765
02569
04002
01064
03303
02215
00877
02640
01744
03127
02894
03297
01095
03963
00216
04073
00287
00369
02020
04344
03996
01585
00486
03001
00741
01407
03637
03950
00959
00046
00278
01611
04026
01836
00565
01954
04435
01074
01516
03062
00098
03684
02952
03146
01963
03791
00105
02298
02457
03410
01614
03583
00210
01783
03872
00548
03239
00907
00293
02661
01123
01489
02764
03349
00746
01369
03751
01085
00013
03463
01400
03682
02464
01352
02522
03953
03809
02929
01121
02081
01328
03556
03517
03646
00672
02781
00316
04494
02894
01444
02210
01884
03195
02968
03875
01358
01741
01247
02372
01832
01979
03475
02890
00172
03050
02047
03532
01881
04461
03114
03684
04250
01431
03984
03905
02967
00221
01430
00272
00024
04094
03229
00589
02227
01844
01712
00230
03312
03650
00087
01300
01100
03407
00008
02705
01102
02503
00244
01206
00487
00903
01079
01236
00126
03603
04445
04002
00735
02117
01152
03563
03184
02985
01619
01023
00689
00705
03982
03893
00970
01662
03889
03819
02041
01144
01195
00746
00914
03244
03691
00683
04031
02612
01218
04131
00947
01572
03296
01120
02122
03760
04346
03902
00776
03013
00445
01090
03679
01162
03424
04429
04345
02801
00216
02484
02403
02182
03364
02532
00955
03528
00037
04429
03484
03854
02924
04321
02512
01502
01672
01694
03112
01858
04235
02348
00016
03531
01416
01731
04413
02243
02931
00417
01508
04210
03068
00709
03238
03681
03556
03331
03710
01380
02738
00326
02356
02575
00442
02609
03306
00704
01831
02066
02044
04087
00473
02478
02394
01970
00003
02902
00655
00772
01360
04314
02379
03926
00087
00500
04089
00382
04057
03760
00057
03072
00509
02344
02133
01538
04238
02915
00467
00159
01557
01831
00552
01164
02251
04455
02612
02423
02659
00711
01453
02638
02305
01363
02066
02313
01150
02667
01337
01151
03640
02310
02762
03619
01671
03217
00268
00999
01050
03452
02454
00294
02863
03472
00766
03371
02245
04091
01445
02318
04204
00337
01694
03351
03632
04148
03038
01838
04143
02288
01078
02774
01190
02666
01529
02270
00295
00090
03372
04342
01348
01503
02067
03038
01640
01954
00122
03630
02643
02459
00522
00070
02413
03434
02567
00893
01371
02162
02641
00958
01486
00893
00752
00930
01657
03243
00820
03769
02317
03103
03195
00151
03778
02524
01386
00315
03805
02669
03882
03428
00633
00119
04437
00408
02962
01513
00100
02735
03764
00936
00810
03284
03366
01716
02510
00767
02375
00201
04121
00091
01235
02064
01419
00931
02810
04200
03940
03220
00946
02622
00836
01553
03735
01621
01856
01504
02812
01257
02937
04001
03022
02767
01702
04178
00092
02090
04333
00609
02878
02053
04199
02533
01594
02625
04393
01076
00722
03094
02148
02050
03166
01283
03050
02022
00353
00131
01599
03333
02579
01823
00713
04011
03288
02094
00315
00305
01755
00139
03033
00405
01164
03482
00551
03455
02129
02802
01829
00236
02437
04299
03458
03545
04433
04073
01137
03065
02799
00393
00860
00753
03178
02472
01649
03758
01824
01361
02228
02036
01144
00195
01470
01569
02879
02797
00071
01876
01274
04331
00931
03366
00654
03398
01479
00041
04068
03623
02652
02668
02649
01946
03921
01781
03937
00574
03002
01524
00717
00497
01561
02353
00987
00761
04376
02459
01857
02133
00185
01081
04145
04331
01346
01194
03679
02928
01934
03133
02291
02111
02934
01310
01479
00578
02373
02271
04021
01418
02137
03863
03042
04225
04255
00233
02034
01571
01966
02702
03748
02342
04165
00186
00291
00104
00139
03621
03235
01932
00503
02361
02149
02112
03862
01407
03969
01913
01060
01135
00042
00128
02953
03994
01701
00886
02944
01176
00424
04316
02513
01046
01166
00209
02757
00342
01399
01232
02698
01913
01390
03622
01727
01647
02971
00397
01613
02107
00091
00813
04223
00289
03391
02120
03080
02301
00625
04087
01387
01269
03839
03879
03221
02067
00910
00462
01783
04370
03190
04265
01459
01304
03411
04063
00904
04041
00992
01088
01131
02690
00722
00183
04205
00416
02929
02954
01583
00344
03238
04180
00809
00817
02691
03154
03158
00505
03235
02071
01726
01378
03300
00109
03714
02232
04084
04254
02560
02491
02693
00503
02787
02916
03576
01161
00514
04209
02203
00905
01482
00171
01788
02958
00072
02815
03253
03539
02415
02793
00655
00390
01070
01197
00516
03561
04474
01435
00048
02184
02699
02571
02941
01963
00131
00330
03830
02518
01855
00612
02806
02563
04173
04147
01706
02116
00643
02620
04417
04195
00714
04230
01037
01963
00872
01124
03690
00677
00996
04420
00619
01132
02863
03307
00213
00437
02245
01715
03360
03215
01603
03392
02705
04478
02640
03394
04474
00551
03142
04020
03590
01866
03921
03091
02737
00653
02355
01159
03467
02445
02932
04307
00057
01646
02270
01239
01232
04007
00218
00802
00611
02791
00310
03478
02917
00676
02838
00126
01435
00478
03405
02406
02333
02900
01181
02422
02771
04024
02575
01309
01075
03857
03662
02501
00982
00511
03759
02080
01799
02966
04018
03485
03693
01458
00596
02622
03486
04067
02836
00310
00229
00958
03153
02296
03277
01417
00773
03742
02278
01981
00053
00543
04433
02705
02845
02612
02942
02498
04431
02930
03370
03522
02308
02076
01355
00421
01422
00807
03562
02929
03830
04222
01028
04466
04289
03799
03082
00393
04287
03808
00028
01547
02436
02952
04290
00797
00746
00682
02701
03907
02473
04321
00528
00114
04305
02625
01386
02952
00211
03562
02964
02764
00099
03874
03276
01074
00602
03594
00234
02856
03001
04194
04396
03370
00724
02270
01857
01896
03797
03186
00163
01335
01133
04464
01821
04160
00350
03941
04384
02193
03371
04198
02546
01621
00305
00031
04049
01955
03390
04283
03906
02053
03364
01954
00814
01755
03229
00335
04291
00028
04062
01360
03848
02138
03459
03752
03230
01071
01868
04257
00767
03871
04150
01309
02872
01052
03370
01211
02308
01512
00699
00927
01549
03418
00308
02110
02026
00530
01948
04435
01799
00503
01961
00848
