00087
02957
02863
00275
03021
01611
02042
00924
01026
04453
03778
03648
02918
03952
02206
02300
03690
02116
03849
01207
00380
02536
02270
01992
00539
00332
00734
01473
00338
00995
03540
04242
02133
00555
02217
03580
01563
04077
00494
04290
02124
03291
00332
02099
03711
01084
03051
03968
03181
01782
03583
03349
02830
02535
00807
00603
03644
01550
04103
03132
03370
04230
02605
03895
03629
04241
01844
01287
01575
03339
04107
00407
03265
02166
03405
01704
00119
03610
03201
04111
02300
03510
02112
01443
01432
02842
02387
03114
02287
01628
02936
04056
03758
01097
00505
04289
01145
02233
02577
04493
02840
00299
01166
03598
00199
03436
00740
00825
01058
00195
04460
03765
01837
03766
00505
01069
01781
02451
00188
03258
00372
01882
03810
03230
04427
01692
01596
01736
02115
02881
03678
04008
02442
03252
00190
04356
03460
02643
01181
04300
02146
01614
01312
02739
00586
02160
01584
03371
04281
03333
00834
02695
04279
02575
03507
03204
01845
00644
00545
01297
03900
02026
00457
03629
04201
02270
02269
01128
01541
01983
00612
02891
03721
04243
02572
01180
02156
04468
00527
02501
04229
02025
01335
00980
01791
04316
03189
01564
02563
02752
02689
03208
02785
00616
00533
02805
02390
03050
03123
03403
02042
01366
03725
02036
04055
00711
01080
02213
01148
01532
04173
04450
01920
01545
04469
01573
03662
00049
03499
03105
04377
04220
00636
03864
02208
02730
00806
00678
02477
00847
03958
03172
00983
00182
01601
02781
00883
02760
01294
01094
01660
02398
00174
01632
00275
00696
01153
04215
03542
01286
01789
04310
02727
01180
00309
00534
03034
02985
03972
03794
00797
02509
01464
02656
03636
02360
01410
00241
03345
01704
02340
00046
02473
00219
02507
00330
01633
01298
01566
03010
00017
00674
02043
03045
04346
03309
02965
00845
04163
01713
04220
00655
01254
01560
02762
04054
00241
02740
00546
02011
02994
02235
02179
02469
03703
01115
02874
01528
01602
02359
01757
00541
02649
00842
03882
02504
04202
03270
03831
00782
02383
03186
02416
03727
00209
00325
01243
00503
02518
00822
02816
01121
02341
02547
03542
00809
03686
03790
02181
02315
04043
04480
01658
03328
03779
01006
02948
01217
04098
03383
00461
03197
03102
01636
04498
01656
01781
00455
00632
02910
03823
01653
03416
00682
01143
03898
00218
00423
00393
01095
00043
03865
02399
01200
03316
02352
02631
01686
04267
01915
00662
03433
02337
03773
00931
00078
01977
02756
03990
02906
03393
01292
01951
03866
01415
03141
02370
01140
00855
02453
02410
00368
02700
02947
03611
00708
01504
03213
01781
03186
01966
00898
04139
01219
02563
04006
00540
01061
00761
01670
00481
02798
02093
03804
03032
03169
01919
00420
01865
00835
02128
02575
01552
01655
04044
02969
00634
02714
02190
00322
03529
01533
02949
04473
02476
00305
03476
03545
02319
03477
02446
02905
02857
03244
03933
02607
02824
01782
03406
04350
04026
03949
02614
02472
02694
02661
00139
00619
04485
00136
00569
01268
02723
03592
00528
02334
00957
04047
00632
00749
01858
03854
03216
00355
02623
01299
03708
03129
03644
00236
00674
02555
00537
01817
00433
02793
02801
04193
00949
04477
01595
03978
03890
00766
01451
04171
00467
02416
00243
01726
02459
00943
03191
02395
00808
02047
01382
01884
00516
01069
01808
02805
01021
01487
00278
00487
00096
02209
00698
02365
00115
03016
00080
00890
01408
03989
02980
01618
04135
00991
03897
02901
00600
01647
02451
00522
03452
01885
03419
04085
01815
01895
00644
01847
03890
01790
00566
00364
01016
00721
01299
00351
02027
01902
03693
03826
03749
01072
04012
02948
04362
00743
00064
01928
01071
00056
02238
03693
01106
02696
00020
03264
03993
04489
03024
00399
04333
00728
03749
02643
01293
01120
02941
00812
02975
03804
02165
00957
01063
02908
04289
02611
02210
02724
02003
02348
02146
00799
00353
04085
02437
03490
01164
03653
00255
00812
03520
04160
04415
02645
03201
00960
00382
00143
01408
04111
02066
03759
01736
02707
00406
01653
01560
01857
00958
03942
02958
03727
04455
02531
04489
03753
00225
01482
03088
02014
03933
00346
02172
00096
04494
00377
00905
00091
02212
01874
01668
02550
02481
03813
01651
03737
00435
02038
03102
04415
00370
02441
04182
02844
03027
00160
04353
03095
00931
01480
03755
02725
03291
03047
04380
02913
02440
00160
03954
02401
01826
03892
01049
02895
03594
00607
00001
04390
02690
02287
02997
02992
03114
00605
01755
04444
01745
02432
02824
02257
00933
02448
02910
03377
01104
04214
04019
01064
02108
00026
00506
00953
00274
01433
04474
04427
01690
02026
03763
00558
04159
04281
01926
03230
02399
01398
04207
00813
03926
00560
02950
04124
01013
02814
02115
03062
00565
00832
00867
03181
02230
02159
00677
02315
04078
00034
00549
01838
01138
00116
04124
01786
02597
02696
00913
03019
03743
03884
01536
01418
03874
02787
00790
00327
02689
01754
04469
04217
02630
00168
03358
01771
02498
00979
02629
00176
03990
02779
00940
01884
00005
00603
03653
04012
02185
01815
02914
00792
04396
02795
01018
04359
01664
01442
02642
02516
00467
00944
03185
02201
00782
01255
03454
00556
04092
03334
03217
00355
04495
03903
01965
02948
04399
04165
01609
01686
03086
00726
02645
01804
02921
00099
00912
00696
02242
00120
01796
03445
00662
03360
03734
02326
02594
01128
04077
01414
01461
04032
01582
01924
02685
02278
03378
01063
03228
04348
00392
01888
00086
02210
03581
00705
02430
01545
02638
04226
02261
00615
02701
01847
00930
02214
02821
01844
04497
02280
03032
00178
04283
01425
04170
03779
00684
00069
00460
00673
00000
03938
02691
01856
02182
03787
00440
04449
03487
01647
00025
02692
01228
02063
04398
01602
04064
01086
01189
00716
02612
02243
01179
03720
01448
01426
01253
03321
00795
03268
04456
03134
01340
02441
03561
00828
01969
04252
03108
03185
04156
03690
02008
00094
01433
00613
03297
00298
03062
00376
02106
04077
02323
03976
01234
03199
02859
00685
00454
00473
02959
01586
04008
01826
02986
00704
01263
00943
03557
02154
02779
00801
01630
04338
00352
02933
00152
03676
00759
00538
04194
02232
01073
03176
00373
02571
04089
01700
03404
00299
04257
04127
00819
03952
03657
02372
02124
02046
02768
00646
04251
01032
01495
02181
04444
02148
03132
01196
03479
01829
03288
02696
04111
01667
02225
00171
04100
04393
04496
03583
02255
03437
03490
01316
00749
01489
03330
00769
01637
01433
03024
01508
03546
00247
02161
01624
03661
01394
02648
02339
02760
00032
00783
02946
00989
01167
01091
03460
04385
03218
02790
02372
04421
02469
04259
00011
01094
04362
04081
04361
02581
00516
02560
01453
01599
02886
00037
02883
02019
03802
04065
01251
02843
01996
00674
03712
00760
00645
01710
00678
04015
03641
01701
00247
00056
01104
03349
01560
02329
01862
02985
01984
00752
00407
00175
02997
00410
00002
01919
01714
01777
02994
01458
03466
02354
04098
02788
03452
04148
02417
01438
01766
01080
01210
02511
02239
04398
02207
02386
00435
02568
03786
00785
03697
03766
01266
01474
01797
00031
03426
00751
04025
01828
03123
02407
00258
00086
00693
03364
02824
02574
00244
02432
04118
03953
00826
00070
04181
02658
00708
01957
01229
03344
02926
00035
01613
00884
01044
00892
03451
02525
02767
03069
00708
01158
00502
01589
01995
03994
03461
03604
00261
02768
01676
01667
03188
02645
01401
02836
01689
03968
04137
02987
01813
03396
01644
02201
02716
02585
01063
03917
04470
04324
04336
01025
00566
03889
01593
00264
02999
02768
00952
00502
00739
01760
04283
04472
02988
02697
02898
01478
02419
01360
00808
00527
01431
01125
03515
00049
00762
03501
01206
00046
02007
02170
04054
01743
00872
01552
01898
03355
02296
04329
00187
02335
02574
00625
01475
01502
01632
00101
00818
02212
02450
00294
01951
00665
00623
00951
02593
01005
00319
02656
02469
01338
00876
02001
00989
00718
00666
00886
00383
01798
02705
03301
01588
01560
02181
04347
03101
00989
03530
02344
00932
03930
00888
00595
00528
01278
03322
03185
00494
04246
01070
00542
04440
01006
01924
01989
04168
03828
01184
03198
03418
02109
03359
01355
02751
01731
03326
00094
04366
00878
03685
01603
00297
00092
01607
01413
03721
00658
00983
00980
03631
01360
02224
02671
02707
00249
00403
04208
04323
01843
02697
03557
04418
01777
02588
02340
03040
03433
03847
03919
03140
01416
01570
01738
04128
04090
00292
01158
02233
02539
01243
04212
04320
03783
02925
04203
01050
00383
00117
02808
01372
00964
03850
02440
01958
00226
01918
01516
02889
00817
01156
00908
03717
00768
04315
00604
03398
02764
04138
03505
03199
02952
03144
00553
03976
03815
00529
00903
02133
00753
04467
04021
00268
00839
03483
02544
01028
04307
03485
00130
01017
02265
03807
02467
02248
00653
03346
04206
03386
01930
00847
00910
04409
00462
01264
01182
00868
01315
02623
00226
02372
01898
01308
02821
03841
02917
00452
02679
03503
02660
01411
04307
01950
02100
02270
04195
04420
04267
00958
03572
04473
01667
03965
02317
03546
01487
03386
01983
00899
01313
01173
01828
03171
02599
03321
04362
03907
02024
04157
00667
03727
04490
01558
03218
04260
03426
04291
00804
03639
00935
00284
04117
02923
02992
01985
03423
02486
00278
03743
02382
03526
00256
02497
03353
01983
03767
03580
03680
01917
04040
04401
01251
01647
02988
03985
03828
02564
03666
01911
03022
00715
00485
00187
00530
02407
01994
00995
02206
01600
02692
04490
01605
01720
02471
00580
00253
01310
01438
00659
00117
03280
03243
01201
01251
03853
00542
03473
04161
02777
01837
03613
00089
04178
04059
02003
03347
03169
02923
01266
03856
03686
02396
03599
00700
02846
00124
02509
00036
01777
01185
03002
02807
03619
00832
04257
04352
03240
00409
03572
02233
00584
00560
00772
03650
00611
03747
02936
03899
00598
02588
00955
01088
02603
02711
02654
03425
01119
02969
02802
03027
03620
04148
02755
02882
02707
02447
01041
03068
01912
00872
01864
01731
00421
02801
01339
00715
01718
02813
03151
04455
04066
03237
00703
02098
02707
01740
03840
01178
00368
01163
01653
01777
04412
00985
02212
01056
02131
01015
04400
01205
03453
01404
00928
02544
02967
01769
02087
03898
01847
01224
04295
00767
00584
03370
03323
01598
04474
02227
03795
01015
02656
01686
03575
04434
02819
04170
03352
01910
01784
02922
01020
02694
00247
01776
02689
01535
01395
03388
03980
01454
04293
00988
00000
00682
02784
00083
02754
00297
02120
03761
01814
00914
01688
03130
00663
01854
04170
00295
02867
02707
02845
00322
01635
03606
02430
02060
01474
01725
01440
03014
01054
03539
04138
00602
04147
00201
03604
02708
03811
00277
03265
03553
01198
03348
04019
02531
02695
02077
00018
01347
02714
01025
00327
03984
00294
02424
04462
02193
02279
02606
01267
03735
00776
00981
01993
01637
00954
01947
03901
01597
00773
01176
03409
01808
04317
02592
01310
03825
04205
01139
02709
01982
01256
02753
00114
03756
02832
02361
00739
01111
03064
01233
04415
00819
04415
02525
02354
04441
04043
03789
04230
02461
02137
01905
02320
01629
00022
00008
03201
00659
00250
03509
00757
02397
01789
01803
04377
01986
02507
03102
03401
02320
04106
02787
03392
01929
03535
03385
02885
03795
02118
01819
03888
03430
02267
01060
00902
01608
04057
00473
03243
02111
04002
04005
03360
00731
03510
02506
02968
02642
04453
01000
01196
02378
00712
04056
02980
01567
03204
00259
04046
00419
01173
00537
03574
02438
00286
02601
01587
00694
04483
03703
04124
03904
03969
00029
03875
03425
04045
01051
03336
01644
03395
02769
02060
00097
03514
01204
01457
04255
02829
02218
03301
00527
04422
01394
01017
03727
02131
01696
00335
01814
03494
00537
02413
04125
02198
03904
03051
03254
01100
00321
04197
03564
01977
00007
01141
00288
03216
00646
03079
00103
03448
03354
01190
03706
03500
02783
01332
02263
03399
02042
03067
02909
00001
03300
02166
00187
00570
00046
02039
01262
00107
04165
00598
01962
02990
00609
02096
01995
02363
02322
03571
02073
00955
03995
00997
02121
04280
01939
02621
00883
03535
01957
04053
00218
01889
03299
04462
02211
02165
02563
03286
00598
00080
02975
01296
03293
01191
02752
01939
01895
00822
00374
03680
00166
00235
03725
03858
03002
02021
00608
01316
01655
02406
02439
01446
01997
04184
02368
01178
00927
04403
01292
02910
02965
04005
01695
00746
03327
02752
01422
00595
01775
00382
01748
02639
02182
00415
02997
03557
03956
03831
02043
01374
00051
02271
01451
03358
03415
03001
00132
00813
00712
03540
02187
02333
01591
01345
02620
02869
01054
03801
01032
01520
02072
03821
04492
00892
00409
04449
01970
02171
01868
03114
03835
04286
03363
00601
01173
02522
03895
02912
03182
00852
01306
02063
00618
01613
02221
03401
03611
03116
00575
01894
01303
01819
02653
01337
00608
03633
03971
03799
03703
02378
02821
02919
02434
02677
01111
01017
00433
01576
02586
02665
01608
02494
00733
03353
00568
02233
03567
01552
00075
01144
02571
03890
02450
03878
00250
01737
01322
02397
00008
02010
02134
03143
00748
01329
02521
04491
01786
01299
01948
01657
01071
01849
03443
02364
00372
03946
04333
02437
02876
00862
02105
03028
02004
03243
03237
00350
03732
02010
00614
02430
00124
04382
02735
00654
02364
00868
02859
00671
01462
01370
01300
01634
03003
03375
04438
03293
01845
03246
02869
03364
00924
00907
02961
04309
00563
00003
00072
00764
00486
02199
04330
04045
00558
00730
02532
03224
00977
03520
01817
02081
00473
00268
03711
00881
03496
04092
01459
03414
02879
02360
02265
04004
02215
03000
00834
02558
02312
01630
03043
03958
01793
02596
00444
01965
02220
02144
03090
02727
01880
00634
01879
03235
02265
00375
00824
00004
01929
03178
00495
00346
01137
02921
01119
02724
02698
01967
03721
00296
04211
01134
00071
03414
00140
01501
02588
03754
00568
00934
04018
02908
00316
02441
00988
02034
01012
00384
00967
00317
04495
03967
03185
03342
02849
02437
01385
01120
03913
02723
00482
04354
02679
04045
03110
00866
00751
01502
03507
02190
02528
04437
02971
04208
02034
03701
00365
02180
02759
03987
01172
04202
03840
03639
03835
03617
02337
00480
01354
00668
01431
02345
04229
04201
01382
04136
03826
03332
00003
03360
00437
03246
00010
00488
01593
03101
03301
04315
00210
04073
03574
03531
03131
00717
01132
01748
02530
03992
03150
03534
01994
00912
04488
04363
04441
03881
02499
01083
03110
04050
01531
01522
02158
01405
00391
00177
02600
03297
04229
03114
01027
03280
02533
01373
01617
00256
01762
03244
03077
02219
00036
00958
02045
00772
03964
01976
04130
01689
03977
02090
02478
00578
03304
02189
02617
03160
03007
00898
03800
00406
03543
04010
03151
01582
01112
03821
03872
00457
00290
01682
00829
02117
03035
01557
00111
03240
04389
00640
03846
01761
02773
02184
00498
04483
00681
04360
00543
02094
03474
00744
02313
00974
04155
02991
02378
01226
01407
01147
00026
04086
03865
03506
04310
03807
02047
01835
00069
04140
01104
01911
02427
03826
00368
03271
01911
02672
00418
03431
01256
03460
00952
00955
00504
01219
03351
04418
04446
04353
03726
00931
01530
02042
00942
03677
03567
02692
01036
03192
03097
00424
01611
04410
02581
01848
01564
02853
00019
00343
01680
02774
03579
00877
02789
01738
02503
00399
04125
00442
03037
00391
00636
00360
01508
00389
02370
02898
02257
03280
01190
04491
00105
01588
03717
00468
04346
03982
01270
01402
02480
03375
00438
01013
02565
02787
01665
02563
04260
00880
01317
01415
01011
03359
03999
04439
03392
01942
02088
02657
04380
01516
03680
00162
00812
02124
00659
03122
04436
03185
02674
00568
04417
01348
02437
00785
01685
00170
04115
01112
00642
01280
01602
03753
00978
00905
00417
01688
03763
02747
00672
01107
03339
00208
03732
01835
03930
02888
04180
00230
03595
04076
01972
00709
03618
02505
01320
02453
01116
00979
04297
00418
02474
04110
01352
00325
00435
00638
02692
02695
02179
02407
03811
04070
02951
03299
03768
01462
01355
00653
03248
00626
01837
04160
04216
02239
00375
02636
01307
04494
02378
03166
04093
01953
03402
02449
03116
03722
01801
01949
04266
03864
02810
00194
02624
01168
00276
01942
03298
04305
01548
01425
02156
01022
03268
00596
03861
03379
01292
02196
03719
00742
03363
02402
03352
04248
00887
00723
04249
01685
03170
01340
03732
02626
01755
01032
00395
02329
03841
00024
01004
03118
04071
04065
02979
04460
00332
01885
03325
02528
00850
01017
02583
03107
02830
04315
00727
02032
03038
03647
02203
00576
01055
01860
01698
03238
01370
02237
03929
01287
03619
01330
00835
00511
03898
01853
00458
03198
02858
00786
01795
03645
02675
00239
00464
03165
00328
00994
03028
01225
03270
02485
04003
03141
02452
03635
02048
03632
02083
03096
00446
02936
01558
04120
03299
02682
03796
02002
03828
03331
00446
01376
04050
00837
01629
00086
00817
01586
03192
02839
00448
00823
02743
01477
01008
00980
00436
03537
02786
01428
03211
00503
01804
00939
04181
02340
02348
03351
02221
03286
01706
00887
04348
02578
03243
01977
01891
03014
04419
01064
03563
00533
00851
00178
03285
01870
00291
03747
02760
02937
00792
00073
00060
00017
00678
01993
02153
03797
02934
02608
03833
03010
04235
01779
03891
01165
04335
02657
03805
04499
04300
03790
02981
01681
04001
03869
00964
04422
00651
03928
02288
03172
02310
01312
01148
04242
03845
02480
04298
03061
04189
01647
00236
03387
02863
00106
01600
02309
02432
03936
03951
02161
02483
00244
00905
02338
01493
00621
03888
00724
01413
03478
00415
02729
03679
03077
02794
01542
01531
00110
00083
02044
01685
00137
00343
02507
03419
01636
02043
03545
00991
00024
03694
00212
00861
00911
03817
01433
01069
03070
00618
00220
01396
02781
04366
03593
01081
01448
02626
00642
04068
00315
01969
03851
01113
00974
02628
02472
04074
01674
00211
04029
00272
01543
02624
01536
03577
03450
00366
00913
01200
01760
03637
03958
03408
03554
01768
04219
00446
02261
03020
00436
01618
01241
02719
01346
04455
00198
03789
01572
02404
00158
02533
04410
00507
03846
00483
03021
03056
01741
01039
01135
03541
04343
02141
01846
04138
02132
00422
04316
03440
00799
03948
04097
02896
04474
00411
03056
00953
00968
00365
00725
00022
02654
03992
02344
03915
03357
02510
01299
00316
02645
02306
02090
03457
02230
00202
00032
03861
04375
03272
02347
02865
03415
02707
03609
00363
00917
02182
03237
01784
01053
01892
01641
01344
00866
00789
00330
01786
02643
03089
03591
02308
01521
00475
04115
00425
03670
02376
04028
03417
02103
00646
04305
04438
04269
00515
03820
02525
00927
01463
01183
03293
00949
02339
02030
04388
00448
03588
02840
00367
04209
03268
03955
04025
00669
03352
00937
02103
04331
02355
01774
01395
03185
03587
04297
03727
03997
03034
03167
02238
02550
03288
00963
01602
00588
03308
00275
03181
00294
01065
01156
01393
02032
02071
01964
00870
02937
00531
01057
03564
04181
03248
01447
04267
00916
03660
01552
01364
04406
01547
02524
03089
03220
02966
02699
01964
02382
03473
01919
03088
01907
03987
00159
04210
02573
03427
03466
00328
02194
01656
02023
04132
00799
04365
02241
02064
01017
00584
03794
03333
03286
02582
03564
00614
00645
02001
02855
00611
03130
01904
01468
03299
01216
02003
01084
04356
02251
01111
02362
02230
00854
00221
04426
03343
01190
01380
03217
01194
04342
02400
01126
03157
02815
02735
03999
02250
01411
01696
01686
01307
04433
04187
04117
02554
02808
00960
02656
00248
02320
03934
02954
02152
01500
03472
04202
01165
03398
02748
01507
01905
01677
02928
00140
02890
03809
00283
04034
03176
03180
00148
01701
02812
00855
02969
04005
04047
03363
01527
03718
00290
00326
04006
01627
03895
03581
00845
04004
03282
02195
01537
03435
00318
02593
03235
00201
01443
04034
04144
03091
02488
02847
00268
00047
01729
03259
03127
00810
04149
01473
01696
04127
01558
00451
01642
02210
03478
02811
02194
00764
03637
00037
03488
00910
01809
03335
01403
03229
01347
00864
02340
02716
02003
00797
03457
01821
02268
03639
04163
03039
01729
01823
03846
01326
01732
00951
04331
02033
00498
01717
01053
02645
03804
02387
00419
02818
02328
02269
02461
02455
04288
01481
02446
02135
02760
00160
01343
03747
00347
04241
04446
00836
01625
00739
02026
00261
01396
02084
03979
03754
04278
02247
01614
01279
03793
00570
00668
03900
04358
00421
03520
00960
01504
00078
03746
02906
01900
01094
02393
00092
01360
00082
03993
03321
04045
03440
01312
03616
04382
01704
03140
01571
00678
01062
01167
03836
04009
04378
02481
02273
02384
04311
02506
00715
03004
02834
04328
00663
00478
03578
00760
01844
04073
00886
03923
02810
00807
01199
03623
01388
03981
00772
04165
01674
01587
03929
00790
04481
01941
02651
04072
02075
01960
04337
01411
01832
04464
01904
00228
04216
02915
00457
04072
00308
03355
01649
01296
03051
03850
02978
01804
04021
04259
03936
02061
00673
00272
00732
01151
01921
00527
00336
00556
02828
01398
02065
02193
01417
01676
04323
03371
02575
00381
03094
02661
03500
03522
01094
01268
02396
02483
04488
04199
00502
02878
01704
03558
00914
02270
04307
04059
03437
03584
01002
03530
02502
02021
01938
00078
00784
02240
01188
02851
01146
02731
03269
03570
00831
02858
00254
02387
04193
03736
01105
00008
01055
02680
03807
01684
00976
02632
01983
01502
01696
00404
01237
00940
03711
00373
01325
01827
00101
00896
02083
00074
00556
04342
00246
03351
02445
00131
03941
00802
02762
03301
03353
03842
03737
02511
04395
01441
00290
01914
02447
01944
02103
00947
02241
03392
02109
02890
00064
03547
03249
02916
04216
01527
02568
01421
04062
01810
02863
03001
00231
03867
02943
01709
04381
02673
04056
03032
03970
02059
02770
01617
03263
00424
03601
02229
00474
03744
03862
00306
04365
01927
02431
04263
01654
02558
01772
03821
00468
04309
02609
00444
02655
02852
04116
01948
02416
00779
01567
01311
02069
01740
03843
01568
04476
01543
01176
02929
04235
02758
04413
03422
00443
01299
01584
03927
03398
02643
00123
04364
03816
04401
03646
01659
00794
02152
02165
01735
00363
03074
02643
02780
03015
02674
04036
01908
01361
02916
00288
00809
02837
04161
00541
01292
04307
00638
03663
00538
00480
01063
00377
00381
04098
02405
02707
02996
02688
01251
00394
00317
01876
04334
02199
00003
03525
01748
03583
01720
03950
02405
02206
04455
01136
02429
00264
02743
03452
03397
02045
02662
00676
00252
04377
02657
01115
04050
01835
02821
04185
03546
00795
02062
00469
03884
03963
02156
03188
02430
02127
04116
02075
00219
01250
00061
02692
01935
02757
04012
01182
01195
03046
01373
02969
02528
01621
01583
01646
01844
03599
02132
04313
02003
04268
00155
03726
01036
03557
00095
02346
00709
03284
03153
02721
03101
02447
01605
04028
04453
02847
01078
03397
01238
01997
01248
02849
02578
02900
01432
02087
03226
00482
02535
00255
03595
03898
02075
03709
04074
01631
02247
00099
01731
03918
00218
01247
01669
03449
01808
01838
02097
04456
03809
00266
03252
01814
01751
00078
02974
03090
04175
02127
01213
01353
00563
03220
04363
03067
01315
04448
01729
04449
01318
01673
04414
00177
03048
03477
02512
02677
01990
03080
00549
03271
01106
01548
04265
02602
01534
03949
01620
04095
03180
03885
00284
01295
01600
00284
00602
02540
03046
02222
02998
01048
04422
02878
04044
02873
03398
03899
00373
02183
02256
02767
00875
00872
00649
00619
00018
02509
01321
03693
00645
01879
01900
01057
00393
00425
01806
01183
02832
03642
01321
04407
03709
03019
02761
01411
00171
04234
00865
04138
01893
04430
02563
03810
02891
02127
01904
03536
00987
00062
02720
00692
00191
03746
01138
04096
00474
01274
02637
00653
00389
00527
01222
03236
01317
00523
00221
01652
02114
03760
02451
00241
03744
01683
02758
01387
02051
01943
03777
04001
00824
01406
02419
00284
03064
04412
03367
01116
01635
02751
04473
02941
00002
00724
02348
04260
00771
01295
01371
01573
02170
03987
02379
04425
00874
02197
02112
00624
02348
00554
00832
03524
00720
03332
00585
04230
01899
00529
03898
02491
01534
04168
01602
00516
00433
03006
01293
01527
04026
00716
02271
00669
01493
00503
01954
04392
02090
03745
00473
00658
00483
02339
02248
01033
03376
04249
02540
02218
02060
00797
01735
02113
02444
01604
00531
03834
02724
03527
03117
03222
02264
02318
04469
04297
04473
00632
00427
02372
02696
04218
01040
00105
04042
00034
00445
03326
01224
01536
02058
02927
04303
04380
03115
03024
02060
02023
00734
03062
04422
03765
02056
03755
00734
01372
02949
03773
02780
03018
04195
02856
00730
00325
03895
00400
00847
00443
04256
00229
01495
03858
01372
00087
03052
01910
01317
01266
04332
00598
01365
02310
00542
00402
02435
01564
01311
03307
03631
02637
00708
01377
01968
00373
00950
01921
03800
03816
04117
01922
00060
04245
00270
03658
04323
04288
01872
02239
02890
02602
01393
00413
03250
00364
04003
03220
03805
03045
02573
00702
03174
00680
00536
02889
03813
01462
02617
00027
04444
01141
02489
02516
03950
04099
01052
01945
02797
00795
02733
01836
00773
01165
04375
00135
00563
01585
04482
03434
01935
03652
03393
00465
00708
00584
02445
03519
02211
01423
00430
03682
03588
00627
00669
04067
02137
02630
03770
02779
04359
01703
03221
01631
01502
01297
02953
00773
01409
01105
04464
04443
01932
00403
01558
03237
00192
01427
03641
01529
00705
02676
01810
00579
01274
02658
03330
02244
00129
03242
00972
01287
02593
03706
02995
00661
03294
03704
00792
03434
04208
02827
02450
00921
04329
02705
01190
02530
01557
00790
01441
04464
04000
00338
03341
02146
03303
04037
01493
00871
02779
00779
00298
02793
00819
02354
02043
04343
01468
01705
01155
01543
01384
01405
02511
03363
03577
02071
00362
02539
04188
01192
02974
04177
04451
00668
02886
02350
01971
03850
02201
03432
01434
02474
02811
03714
01820
04316
03433
01059
01125
03481
00383
02187
02141
00993
03851
03036
00264
00772
00245
01693
03677
04475
02315
00634
02262
02770
01038
02955
03421
03475
02986
01883
03683
03822
02295
00121
03298
01892
04410
01830
00008
01683
02220
03535
00207
00632
03470
01726
02707
01764
03961
01223
02513
03109
00768
03848
01430
02832
02237
00942
04211
00492
00624
03785
00573
00363
00764
01224
01148
04022
00988
02497
02422
01851
00822
02178
01165
00777
01072
00392
03629
01167
02023
01178
00006
01007
00409
02512
02870
01599
03110
03195
03632
01095
02123
00888
01312
02557
03388
01160
00593
01757
04193
01314
02814
02973
02356
02601
00053
03994
00393
00218
00203
00254
02822
03198
01449
03205
02646
03140
03723
03142
03246
01241
01767
02310
00116
01453
03333
01861
01832
00179
03907
01614
02292
01791
02004
00850
00727
00463
03189
00537
03514
02020
01360
00659
02303
01786
03341
00098
01228
01518
00468
00977
03980
01057
03678
01458
03425
01113
02023
00250
02395
00553
03332
00537
02433
03970
01544
00769
00354
04269
02923
04471
02385
02153
01704
01381
00286
00606
03924
00499
04357
03464
01921
04201
04470
02330
01891
02679
04244
02110
02283
01276
02854
03949
02745
02522
01872
01605
00020
02430
02874
03055
04017
03212
02252
03467
00920
03345
02822
02199
03817
03653
00687
00940
01303
00397
03778
02344
02615
03857
03668
00202
00120
03148
00873
00228
04018
02016
00489
00590
00829
02922
03043
02644
02952
00751
01786
01569
03815
01457
02372
01796
01259
02865
04193
00380
03981
03305
04488
03861
02203
00988
00565
04319
04458
03377
00091
00045
03859
02889
02973
01215
00745
02647
00448
01036
01404
04218
03003
01491
04454
01712
02528
01150
00480
02490
04279
00018
00528
03909
02205
01818
03093
02055
00431
00598
01450
00951
04361
03289
01932
03895
04326
02450
02379
04419
03206
01660
00157
00615
03564
00945
04388
00362
02281
04497
03290
04299
02433
01693
03915
02582
03057
03150
00398
03571
01599
00524
03739
03982
03843
01267
02525
00935
04490
02889
00812
00686
04333
00164
01527
03695
02443
02643
04126
02967
03396
00904
00311
02723
03092
02368
03966
04463
03792
01339
01077
01496
01967
01936
03582
02859
03248
00228
03406
02124
02044
01759
01019
01830
03564
01663
03330
01806
01230
01413
02494
02068
01693
03144
00997
00307
00258
00273
04486
02728
00137
00221
02904
02673
03737
00801
02714
01005
00649
00279
02042
01156
02468
03975
00981
03905
03168
03065
04010
00483
03959
01175
00743
04004
00623
00948
03221
03691
03297
00335
00126
02650
01437
02865
01258
00776
01332
01353
02983
01364
03934
01197
01991
00009
02042
01735
04273
02195
04221
03188
00903
03351
02260
03806
