03613
04042
04576
04355
00337
01184
01925
00254
01437
01725
00063
04446
01632
01805
03025
04054
02699
02294
03511
04273
02055
02990
04254
01252
02171
03036
02427
01336
01041
03969
01703
01685
01148
00463
00139
01130
03585
01055
04542
00282
03990
03241
00072
02464
03483
02148
01082
00275
03644
03293
02541
04236
02664
03036
03779
02060
03857
00547
02670
00859
02416
04376
03987
03179
02684
04033
04105
02123
04375
01791
04452
03839
01845
02611
04361
00365
04378
04444
01774
04402
02735
04019
04432
00227
02857
04430
02727
02632
04038
03257
01170
00882
01332
03987
02418
02406
00312
02691
02238
02049
00680
00675
01619
03107
02214
00717
03389
03928
01905
00347
01631
01001
00945
00603
03043
03282
01383
01174
03566
00340
03599
01602
02571
00058
01835
02589
03298
01329
00157
01594
04157
03697
00232
03664
04303
01000
00268
00613
01930
03102
02252
00907
02563
00131
01613
03441
02859
03532
01718
04074
01173
01396
04255
01242
01263
02935
00551
03924
01183
00322
01518
01824
01515
01550
04571
04314
01909
00316
01395
01879
02017
03250
04551
03993
01389
04499
03832
00433
00332
01373
00266
03267
00414
03836
00002
00877
02016
04124
04597
01650
03747
02995
04295
02931
02404
02621
00733
04341
01999
02265
02855
01934
02065
00641
04285
02120
01801
03903
01493
03696
03649
03658
04335
02096
04111
01440
02733
03288
01042
01926
01498
00660
03436
03098
04381
03415
02371
01849
03922
03373
00275
02797
04141
00862
03876
01966
00628
04582
01339
02570
03209
00113
04223
01263
03024
03244
01626
01332
03155
04558
00371
03664
02736
03110
04596
04162
00179
02894
02429
04303
04125
02021
00524
03298
03089
03059
01518
02830
04439
04173
00007
03935
00911
03296
00722
00327
00555
03522
02685
03892
04393
04044
01429
03958
00564
02659
00289
01567
00894
04334
00077
00699
01764
00354
03478
02862
00654
01497
00708
04349
04585
00010
02233
03684
00403
00649
03669
01815
03363
03623
03676
03908
02194
01260
01460
04526
01650
03233
00054
01956
04545
02434
00896
01880
01233
00560
02533
03612
02672
00677
02434
01270
04391
01425
03670
02908
02234
04337
00269
00906
01883
02263
01209
00505
03515
00572
02598
01065
04149
01626
00967
02967
04496
03495
01978
00658
00234
00411
02397
00087
01900
03330
02508
04461
01286
01725
03609
02395
00551
04451
00926
01605
02240
02405
00929
01885
03798
01552
04508
04510
00235
01803
02241
01107
02976
01279
00919
02206
01785
03006
00243
02661
00933
00261
04245
01007
01096
02035
03878
01133
00567
00588
02483
03075
03735
02663
03793
00021
02706
03378
00965
03934
02671
03023
04438
01348
04149
02824
02146
03632
04483
01487
01873
04393
03247
02600
02786
01448
03538
02111
01081
02222
01229
00414
03921
02441
01986
02879
03819
04093
00680
00832
03419
03056
03204
00012
02100
01382
00377
02222
02808
02739
02893
03808
04213
02031
02543
03993
02583
04443
01848
01085
01798
00538
00245
03863
01924
01586
00174
02450
03077
00442
03798
00101
01603
03453
02256
01316
01525
01373
00338
00211
04452
00723
03833
03638
01506
00995
01577
02739
03175
01404
04206
03625
00177
01980
01580
00706
04599
03139
02431
01524
03442
03006
04072
00293
00953
01580
00981
00300
00551
02173
00188
02309
04267
03958
01347
02228
00876
00048
04263
02827
03551
01001
04512
03430
04303
03970
01405
03892
03319
02967
03633
03672
03038
01822
03585
02717
00336
02743
03976
01520
03221
04002
01570
04511
04553
02949
00161
04400
01016
00572
01327
01324
01075
00307
02553
04346
00850
00896
03268
03087
00760
03667
02352
03507
01654
03327
01533
03016
01069
00378
03541
01052
01372
01472
04024
00717
02217
01918
02486
00636
00272
03402
01965
03546
03614
01864
04015
02903
00648
01800
02054
04121
01269
01955
04287
02121
00780
02555
03737
02658
02628
04034
03112
01699
03270
02931
02443
04012
01888
03261
03094
01173
02169
03990
00892
03297
03573
04052
01732
03489
01556
04415
04327
00326
03483
04146
00828
01158
01790
03648
00512
01248
04544
00907
02141
04226
01569
04359
01574
04367
00314
01301
02156
00535
00120
04372
02712
03438
01139
00178
02902
00334
00586
02793
04522
00144
00413
00956
00385
04278
02479
04448
00071
00236
03414
04136
03776
01805
02111
03880
00877
01714
02331
03283
03350
04437
01824
03344
03886
01452
02773
03199
00663
01384
00223
01882
01195
01229
01041
02518
03908
01780
02195
01417
02681
03292
02329
01597
02925
00624
03750
00066
03917
00866
03446
00243
00806
00228
03621
03126
01457
00831
03263
01343
01300
02637
02077
00446
03495
03648
04568
04332
00111
03630
00342
02533
03538
00540
04510
02367
03288
01455
03929
00370
02314
02425
01567
00671
01609
02640
00715
01258
01566
01971
02037
02052
00026
00614
01058
01433
01129
02246
02497
02129
02343
01758
03860
04066
00015
00446
03137
04114
00188
02389
02061
04146
03486
04045
03732
01902
01124
04493
00055
02337
04192
04301
03362
02701
01003
01298
00712
01136
00653
00105
03606
04570
02329
01984
03834
03715
01267
03328
00918
02569
02823
04327
04028
02439
03255
00562
03031
04314
02601
03247
00083
03749
03979
02184
04483
01124
01932
02412
04445
04549
02720
01167
03492
02458
01879
02442
04578
03651
02066
04565
02392
03945
01803
02153
03979
00141
03017
00786
02388
00775
03101
03145
03709
02035
01132
03680
02731
01461
04008
03895
02804
03621
01677
03444
01727
02686
03278
00606
01354
04256
02033
03762
03451
00301
04574
04478
01551
00033
04047
00923
01441
03522
01476
02457
04384
02951
01646
00042
02663
04229
01493
03432
02682
00565
03937
04050
03722
00689
00361
04137
00109
02013
03356
02290
02877
03130
01858
04060
03083
03349
03733
00136
00560
01127
00657
01449
02048
02805
04222
04529
00843
00896
02574
03547
03697
02327
00551
01023
03714
02192
04294
01719
00895
01101
02918
02569
03136
01379
02908
03061
02139
04502
01456
01662
01821
00153
00274
02165
02241
02810
00294
02593
01138
04537
02558
03219
03943
01256
03307
04454
02194
01862
00256
02108
02812
03190
03779
01971
02713
00693
00856
00294
02715
01009
02723
02048
03798
04388
01970
03907
00327
00480
03861
03582
00106
04300
03483
04422
01014
00917
01906
01371
04071
03304
03619
01051
00688
04291
00703
04436
03195
02603
04370
01963
01567
04272
00755
01490
02813
01421
01236
03773
04087
01180
00317
03029
00460
03591
04055
00750
03540
01280
03591
03931
01533
00561
02282
04186
00328
02800
03367
03177
02435
00074
01982
01871
02780
03281
01003
01120
01430
04360
02470
00544
00019
02043
01186
04593
03375
03419
03280
01408
00804
00295
03847
01145
01967
00494
01458
03371
01639
02905
03519
03773
04573
03358
00207
04000
00724
02758
03935
04167
01263
01264
00426
04408
03625
02343
01177
01942
03293
03830
02160
02984
02274
03716
03141
02337
03858
01747
00152
03154
02040
01578
00322
01597
03188
03146
03931
03240
02285
02925
03156
01569
01761
03690
00805
01529
03972
01301
01757
01497
00154
03124
04356
04137
02563
00717
04158
00432
01834
01571
02406
00213
02449
02351
04348
00020
01357
03330
03293
03436
04138
04360
01125
04581
03371
02553
00532
00166
00264
04330
00282
03397
01516
03528
02368
01528
01705
02100
01445
03504
03627
01426
01577
00438
02590
02940
04401
03062
02340
04075
02792
04103
04303
00941
01383
02804
04111
04242
01313
00221
01697
02120
00821
04542
00285
00407
03752
00201
02650
03359
02222
00040
04296
01605
02333
03978
00129
02237
04599
02823
01620
01329
01234
03095
00024
04511
00365
02276
01842
01648
03009
02608
02995
02861
00585
02504
04258
03804
00928
00216
03089
02385
00310
04073
02069
03048
00238
02501
02999
02438
02527
01939
03139
00655
03901
03494
03698
03281
02115
03248
01192
03304
03000
01324
04003
00563
03979
00616
02758
02196
03235
01481
00442
02605
04144
00273
00688
03494
03592
02891
00789
04187
01647
03687
01714
03217
01014
00905
02479
03033
00854
02740
00668
00789
03497
01220
00748
04400
03374
02625
01838
02475
04239
04087
01169
00993
02080
02282
01515
00899
04119
00871
01166
02704
01250
01166
01359
03052
01809
02572
01909
01970
03985
00805
01979
03836
01786
04206
01770
03759
03870
03463
04534
01228
03719
02991
02762
04144
00187
03051
01410
01245
03318
03671
01126
03281
03829
02669
02742
02172
02378
02642
00807
01128
03705
03565
03352
04113
02206
03148
04153
01867
00984
03567
01521
02547
02566
01197
02137
04518
03957
00837
01659
02189
01395
01757
02769
01426
03427
02174
03539
02652
01501
00569
01153
02070
04561
04010
01656
02495
03576
01579
04093
00114
01463
04580
04284
01117
03409
03093
02275
04470
04432
01254
02224
03730
04264
02166
02803
03199
01848
00295
03881
02289
02550
03643
02799
00698
02109
03064
01911
01426
01198
00022
03114
01263
01632
03114
01282
02093
00509
01579
01755
01230
03931
01273
00749
03901
01091
00845
01080
01069
01569
02548
04189
01542
03193
00317
02677
03503
01154
03810
03009
03463
02018
03595
02749
00949
03014
02301
01385
01272
00412
02258
00085
03369
00639
03218
00280
03941
02086
01152
00797
01190
02401
03599
01467
03208
02049
04275
03872
01105
04020
04596
00881
01650
00745
03716
01248
00962
02246
00898
00691
02514
03891
00415
00581
02371
01970
00742
01291
03019
01302
03953
02693
01679
01533
04118
00910
02874
03276
03568
01194
02676
01925
03338
02108
01646
00543
01598
01297
00889
03539
01036
04028
04190
03590
03006
03543
01192
00071
02664
00338
00014
04287
04589
03004
03836
03168
04396
00947
03449
00372
01473
04225
04180
04147
00312
03589
00063
03088
03349
02139
03062
01369
01407
00793
04097
02753
03435
03223
04228
04547
04156
01403
03640
00773
04087
03814
00322
03551
02509
04430
00825
03134
04594
03408
00421
00106
03731
01057
01723
03768
00797
02778
02181
03189
04567
04198
01382
04056
00097
03938
00659
02641
01246
00472
04013
00588
03845
03767
03843
03597
00206
03650
01565
01183
01095
03707
02403
04309
03318
04588
01067
00675
00025
01290
03746
01074
01721
03927
02746
04470
02405
03242
04553
03838
01947
02397
00682
01192
03185
01571
03373
01046
04594
03740
03385
04473
03284
00070
03074
02488
03974
03970
02429
04141
00542
01000
03705
03900
02112
01847
02656
02953
01987
02525
00162
03509
00078
01863
01282
04244
01424
04111
00242
04375
01149
03455
00098
01985
01268
01198
02478
01096
01477
00406
03669
00193
00408
00214
00261
00840
00601
03779
02924
02323
03255
00174
03314
00026
03339
00762
00178
04342
00638
02669
00615
01587
04468
00617
01196
01603
03964
02285
02507
01776
04481
00236
03222
04525
01275
03090
02060
03001
03254
00607
00916
01114
00357
02177
02893
01242
01151
00130
03750
01289
04127
02187
00441
02150
02993
04283
04010
04075
01624
02649
01653
00212
01501
01394
00157
03875
03122
01503
00313
00484
04461
00870
00354
00432
00944
03067
00479
04128
03429
02210
03145
00832
03958
03580
02019
04181
01138
00876
00160
01645
03628
00389
01296
02345
00086
04170
02590
01729
01723
00977
00065
03428
02873
02885
03314
02434
04277
00662
01573
04257
01977
03303
04056
03384
03040
02828
03008
02108
02235
02342
03115
04084
03180
01837
01865
01811
01391
01312
04467
03665
00120
01396
01206
03470
00215
03295
00177
00101
04000
03768
03313
04472
02031
00949
03566
02566
02881
03175
00758
02845
04366
01414
01351
01142
01827
02981
03434
04060
00932
01706
02451
00048
03582
00412
01757
03357
04154
01601
00882
01587
02877
00851
00752
03194
03092
03663
00631
04324
00773
01130
02055
02079
00649
00103
02479
01277
03534
01185
03368
04146
02089
01106
00880
01194
03856
01382
00714
00813
04126
00575
01138
04088
02527
04085
01318
01953
02339
00594
00025
00287
01160
00231
02665
03035
04479
00951
00408
02287
00825
01030
04567
02377
03939
03221
02422
03835
00532
03061
01017
00803
03391
02260
02805
02282
03875
02521
00920
00124
02464
00161
01805
01771
03837
03932
02383
01143
01421
01263
02981
00950
02832
01094
04532
03804
00197
00398
01858
03823
04068
02172
00710
00514
01041
00182
02678
01476
01318
02716
01760
00924
00296
01161
01018
03844
00489
00444
03676
00735
00590
01886
01907
02711
00214
00823
04233
02023
02627
02554
01560
03210
04045
00273
02302
01423
00217
01510
03321
00154
00225
00704
03027
02519
03230
02222
04257
02485
02792
04363
02342
03549
00054
03590
01845
01454
02936
02524
03579
02863
01961
03957
02435
02592
00635
00952
00651
03741
03859
03651
02675
03903
03923
01667
01094
00393
01422
00172
02513
00748
01118
01613
02752
04112
03233
00772
02696
01887
00650
00001
02567
00575
01852
00354
01591
02805
00433
03835
03642
00736
00649
03599
03680
03745
03030
03143
01563
02021
00772
03830
01491
02828
03302
01447
00014
02513
02875
01675
00111
04534
02712
04115
00255
01012
01959
02510
01801
04044
03629
02663
01823
02685
02577
01943
03067
04314
01247
02154
01000
03471
02469
02800
01838
02912
00661
00427
00060
04030
01769
01240
02679
04487
00733
03588
00681
04473
03150
03876
01333
03498
04417
01065
02495
02607
03222
00342
01417
00472
00394
00887
00615
02940
03636
02680
00572
04270
04015
02087
01333
03947
03990
02943
00900
00014
02423
03290
01151
01626
03558
02834
04390
01244
02402
01980
01924
01267
01852
00281
01581
03373
04347
03770
00942
00463
01773
03568
03857
00840
01576
01270
01711
01786
02735
00499
03432
01519
03472
03143
02527
03556
03410
00354
01009
02940
00107
01700
03220
02484
00168
03716
03731
02022
00630
00560
04215
02044
02828
03669
03226
03723
01036
01540
03501
00434
03087
00929
04170
00613
03453
03593
03987
04114
02430
03344
04433
02871
03914
03629
01569
04022
00772
00730
04217
04383
01446
03891
00632
03576
02430
02962
00395
04283
04358
03981
00171
03244
01218
01245
02460
01054
04194
01371
02561
02825
00486
00065
02675
03009
03153
03603
00553
02366
01831
00952
01488
00564
00928
02673
03323
02639
01310
02724
03095
01724
02835
00213
04589
01894
04372
04466
03435
03012
02810
01834
04420
01028
03431
00561
03962
00726
02837
02026
02846
03127
03826
03018
02951
01425
00560
02069
01558
00539
04017
00591
01282
01658
01839
01593
00119
02836
01041
00029
00386
02036
03482
02344
02031
02983
04588
03236
00971
03402
02738
01831
02366
01766
00811
00699
03720
00505
01489
01539
04452
00034
04425
03934
00513
00481
01046
01131
02157
00521
03662
03242
02109
04034
01030
02283
02304
01911
02705
00877
02202
00697
04212
00980
03507
00110
00909
00680
00607
02106
04289
04271
00873
03344
01004
02054
04352
04285
03499
00913
02836
00537
00566
02684
00041
04346
02810
00789
04362
00231
01083
04433
03425
03087
00958
03071
01211
01140
02460
01293
02657
04175
01170
00149
03472
02888
02301
00187
04594
01841
04396
01006
01454
03777
02990
02600
02506
03344
00266
03196
01961
02260
02621
02539
04135
04223
02981
01507
02384
01058
01524
00909
00025
00419
01609
04041
00247
04126
03953
03056
01220
00971
02859
02486
02592
00292
04296
04578
00019
03272
03049
00539
04072
00489
00555
02737
03822
03247
01445
03132
01448
00639
02202
00741
01300
00771
02642
04008
02313
02607
00275
03474
02169
01365
02637
00413
04598
01206
00810
04381
00593
00606
04396
02046
00269
01682
01201
04300
03034
03161
00570
04543
01374
02548
02401
03385
01958
02612
01448
04125
01242
01142
00039
02749
00142
02021
03197
02152
04252
01652
01352
02918
00695
01054
01583
03586
02827
04300
00524
01307
01488
01874
02119
02398
03574
04559
01998
00780
04178
01560
01105
01940
00542
03264
04409
01516
04462
01109
03136
01801
01006
02657
00140
00553
00322
03796
03158
03561
01822
03187
01055
04320
00492
03663
01337
01951
03915
03380
00635
01883
01172
01132
04207
03241
03480
01272
02934
03980
03182
04106
00227
01726
01497
00930
04052
01417
01757
04083
03140
00769
01546
00393
01894
00240
02033
02330
00733
01949
03123
02318
04190
00722
03745
04340
00127
02800
01846
01218
03585
04593
04497
03928
03848
00642
03199
04466
00243
02707
03165
02345
04223
00476
03827
03116
02710
04446
00876
01552
00540
03252
02945
01577
01618
02636
02909
03620
03292
02037
01035
03971
01406
02550
02092
02699
03443
00345
02141
00222
00269
01931
02150
04512
03337
04496
04061
01808
01785
01751
01312
01461
04149
02096
01121
01978
03956
02990
04363
02127
01836
01005
04531
03566
00857
01080
00147
03495
04170
01607
00656
00704
01183
00836
02562
03677
03294
01064
02292
01512
00829
03039
00641
01909
02306
04253
03071
01756
02711
04027
02064
04515
00377
01794
00090
02296
01871
04451
03745
03960
03911
00312
01994
03727
03476
03899
01576
02788
00524
03649
00260
01176
02262
01162
00589
02995
01921
02871
00255
01795
00463
01744
04327
03451
00776
03418
02772
02932
02411
01554
03618
03010
02791
00753
02097
00589
01592
03043
03786
01521
00981
04197
03905
01477
01566
01979
02205
04197
00268
03563
00733
03940
02648
01705
00733
00090
03813
03048
04254
00534
02721
00234
04099
04344
01302
01172
02847
04398
00336
03705
02316
02440
03815
00346
02175
01626
02147
04006
00720
01222
02079
01084
03005
00979
04599
03234
04565
01894
04035
01352
01202
03243
03150
02975
03224
04200
02080
03567
00802
02302
00102
04145
00611
02229
02756
02002
01890
03403
03961
02609
00991
04073
02472
04438
03651
00715
02527
04526
03852
04577
02648
03671
00181
00806
04053
02524
02564
01476
00296
01581
04500
00138
01768
01447
01763
03924
01656
00563
00934
04493
03810
00886
01249
00924
02841
01093
01347
02808
03508
02562
01741
01224
02262
01039
01275
04348
02626
01998
04443
04122
04443
02322
03787
02686
04578
01366
00407
00809
00897
03264
03168
04572
02012
02922
00320
00105
01727
01821
02481
01358
00002
01777
00173
01423
00826
03966
01672
02064
03513
01824
02866
04476
03549
03203
02089
04468
04110
00915
00708
03847
02217
00069
02690
04442
01466
01568
01920
03717
01886
01186
01001
00058
01142
03345
02639
01466
01327
02494
01432
03310
00847
02431
03621
01007
00658
04410
03132
01778
01578
03249
01429
04516
04389
04039
03977
02805
00152
00437
02430
02444
01994
03217
03367
00776
03843
02747
02888
03941
03131
04125
03720
01971
04159
00447
00511
00703
02870
00261
02127
04012
01969
04437
03207
02386
01409
02480
03345
04153
01139
00797
02789
00226
00422
04124
01311
02210
02677
00166
01132
04148
00672
03870
02954
03114
01885
04532
02053
03456
04436
02366
03285
00581
01768
00835
04341
03270
02625
02086
01367
02081
02606
03347
01850
01267
01511
00057
01077
00902
01545
04180
00670
02195
01051
02462
01731
03232
03830
03641
03066
01014
01657
02851
00412
02377
01002
00543
04132
02277
02536
02860
01645
00473
02885
01324
04257
02187
02641
03747
01718
02240
00882
00106
02386
01102
00880
03551
03576
00320
01964
01779
04555
00965
00441
04471
01823
00373
04547
01908
03079
03465
03091
03662
03744
00118
03916
03924
00045
02886
02200
00894
00092
04115
02572
02011
03517
00880
03315
02223
00547
02686
02773
04397
03195
00032
01712
02478
02442
02516
01687
04174
00571
03519
02878
02656
03837
00979
00872
01702
03666
00943
01224
00743
01908
01099
00059
03716
03419
01231
01511
03416
01082
01951
04141
01356
00727
00877
03337
03757
02720
04059
01042
03579
01595
03211
00693
03022
00342
01317
03644
02447
00654
00452
04324
04248
00451
03061
03244
01313
03231
03565
00161
02496
02943
01223
03703
03660
00426
01526
02441
01838
03191
01093
03137
01477
04252
04241
04444
01877
02689
04047
03492
01930
00562
03991
01201
02431
02283
04444
00546
01285
03270
02391
00493
03218
02200
03328
00702
01441
00945
00393
01756
02135
01090
00206
02911
02521
03705
01668
01406
01143
01632
02013
02973
02133
03012
02742
02715
01470
03169
01437
03393
00589
01483
04018
04559
03226
04223
01448
03745
01606
01944
03552
03342
03123
00661
01955
00049
04434
00863
01018
04456
03346
01569
03092
04362
01930
00152
02835
03590
00251
00058
00027
00278
02077
02579
00384
02634
00725
03354
00123
04449
03959
02810
04104
02995
00926
01284
03455
02058
03725
04498
01270
02742
04249
03174
02399
03271
00629
02225
02595
03813
00425
02168
03659
03292
01097
04361
03662
02908
02517
03491
03964
00116
02570
00299
03165
00942
02092
01779
02783
01326
03838
03717
00027
01740
01760
00789
01963
02201
02355
03748
03914
01885
00733
02513
04007
00415
01124
00194
00360
02487
01768
00648
04471
01549
02561
01800
03723
03100
01753
02646
00350
02161
02904
00060
00126
02909
00899
04513
01603
04178
01080
01708
04220
02011
00913
00759
03598
02067
03922
02569
02674
03975
03129
01828
00273
04056
01105
02821
04334
01497
03746
02265
00841
00519
03192
00676
01228
01630
00262
00165
04363
02160
03304
02406
04181
03120
03994
03680
00921
03325
01993
00467
03831
00186
03003
02586
01205
00594
00989
01853
03730
01633
03617
03192
03314
01165
03434
03369
04471
00763
03006
01639
02280
01542
03390
02582
03953
00667
03533
00846
04582
02816
03635
01291
03477
01923
04165
01632
01879
03622
02186
01997
02771
02263
04468
04463
02784
01318
00761
02598
00940
01232
00982
03530
00165
02489
01151
00582
03003
04478
01893
02351
00209
01288
00108
03782
01910
04589
00552
01385
03884
00344
00036
03640
01797
02937
03950
03994
00852
02535
03122
01080
04143
03097
04290
04409
02967
04532
02967
02645
03993
02486
01246
00390
03765
01194
00570
01872
02856
01221
02737
02073
02016
03741
03294
00514
00779
01073
02475
03286
03508
03266
03201
00546
00972
02513
03830
01018
00601
00227
04177
00805
03469
01175
04004
02854
04014
00209
03182
01140
01845
04590
02621
00971
01205
00895
03989
02825
00795
02675
00911
00077
00060
00469
00081
03953
01559
04245
00166
01248
01655
03242
00154
02690
04237
00597
00091
04589
00193
04097
02663
00102
01922
04550
02183
00301
03722
03892
02693
01062
03159
01621
03191
03812
00719
03628
03631
03552
02547
01929
00158
03911
02662
03990
00789
03705
00667
03460
02944
03126
01185
00990
02215
02499
04124
04231
00722
03506
02816
00504
02753
00720
02004
03529
03877
02183
00449
03481
03119
03412
04118
03273
01634
01435
01714
01090
03807
03998
00340
03463
03030
02613
04050
03437
04523
00727
03061
00686
00549
03038
01845
01133
03886
02753
04222
02773
03967
00762
03247
00026
04236
02696
00618
04144
03991
01192
01061
03098
03764
03764
03653
00755
00120
03669
00953
04225
02607
01893
03746
01343
01321
02525
01789
04025
03632
01453
01841
00250
02912
03194
00676
01442
03539
04193
00701
01748
00984
01218
04389
01443
03303
00688
00424
01484
04540
02404
03953
04182
01974
03801
03367
02838
00683
04555
03794
01847
00274
00745
00225
03223
03828
03425
00316
04237
01663
00754
02273
01831
01553
02109
03854
03984
02798
03765
01817
01893
00525
02101
03703
03888
00381
00936
03895
03630
03128
01428
01411
02820
02769
01960
00738
01439
00775
01765
02692
01480
02454
02888
00700
02294
00566
02549
01555
00485
01122
03727
04502
00876
03544
03900
04022
01324
00208
01030
03912
02389
03946
03484
02961
02003
01984
00839
00864
03981
02221
03200
00512
01558
02762
01151
03664
00068
02771
04270
02376
00798
01026
02820
01282
01987
02383
03125
03075
02317
02618
03878
00293
02093
00527
03895
00890
00968
00405
03186
00959
02670
00171
03671
01162
03995
02463
04458
04434
00751
00413
02356
04386
00824
00208
03813
02633
01807
00264
01796
02249
00592
01352
00797
03025
02474
01738
01929
03058
01167
00650
02180
02178
00710
00188
01647
02984
03268
00938
02677
00694
03865
00238
00419
01292
04030
00793
00145
00622
00676
01693
04573
01324
04063
00949
02830
00090
01530
02431
04150
03515
04140
01395
02729
03087
00553
02931
00930
00718
01595
01287
01005
04368
03751
00892
00207
01178
03732
02408
02705
03463
01949
01820
02500
00985
03528
02798
02126
02362
01199
00715
03250
03860
00148
03565
02022
00776
01418
00982
02510
01495
02022
00082
02870
02123
03028
00834
01108
03809
01750
03602
02108
00358
03928
01760
02085
01531
00150
03527
03537
02638
01686
00848
04353
00486
00442
01388
03783
00331
02422
00385
02613
00615
00881
01222
02715
00901
00998
02252
03718
02557
02481
03163
04332
02440
02839
01782
03668
00198
01694
00052
04433
00418
00731
01604
00496
04415
02691
04548
02063
01202
02345
03526
01949
03883
01942
01136
02161
02833
00071
01606
03658
00952
02264
02358
01133
01842
03614
02920
04229
01439
00211
02440
00389
04426
03738
03305
00497
02307
02218
02624
01307
03626
00479
03330
02433
03414
01499
01755
00099
03746
01868
04548
04570
02017
03200
01480
00748
03502
03603
01427
00084
03986
00417
01120
02223
00082
01199
03293
02409
01964
02827
02813
00030
00295
02068
03650
00372
03749
03083
00756
02421
02542
00305
00731
03291
02545
01755
01589
03876
04425
01689
02636
01469
04298
00212
02951
04067
03862
03757
03291
02061
01025
00306
04086
04532
03973
03859
04113
03548
01899
03115
04583
01013
02807
02074
03213
01762
01646
02143
04376
01914
03807
02491
01622
03973
03539
02313
03242
03806
04410
00353
03168
02447
03723
00603
04552
02483
04384
03505
02362
00852
02188
01198
01511
01292
01058
03106
01616
02873
00363
03775
00326
02802
02475
04574
03005
04446
00769
02666
00741
01276
02234
03175
02854
00132
02712
02731
02023
02868
01516
04586
00123
04320
03893
01384
00610
00625
01131
01630
03407
02893
02213
00472
00747
03487
02643
03382
01701
04253
04393
03670
04164
03624
00161
03602
02283
00809
03036
03861
03999
04086
04212
03617
02336
03179
02705
00429
00249
03510
02574
03154
04374
01275
01847
01780
02434
00382
04066
03678
03130
01870
00903
02134
04282
03510
04125
02016
02065
01952
02882
01278
00371
00331
03590
00284
02571
04483
02653
01393
01939
00655
01855
03098
04122
02045
02694
04289
01984
03810
00587
00787
04521
00422
01678
01592
01627
04547
00200
02939
00014
03319
03870
04432
04024
03135
03668
02669
00034
01659
00516
00753
00634
04089
02730
01114
01813
00385
03469
00419
03073
02191
03116
02610
04292
03639
01154
01063
00541
02427
00991
02496
02205
01296
02829
00353
01057
04215
01796
03793
03231
04543
04410
01320
03147
01327
02947
03429
00141
00937
01896
03708
03456
01642
01543
04140
00529
00087
01671
03951
01530
00809
02551
04354
03210
02289
01802
00652
02819
00246
01576
03356
04576
01539
00692
01635
01745
01598
03589
04248
03732
01195
00428
01650
00506
03295
04553
01200
03803
03096
02394
02157
02231
03722
00658
01631
00842
00700
03289
03446
01250
02457
04509
00002
02704
02907
04381
00645
03449
01978
03102
02423
00680
03729
03212
00256
01106
02473
00367
03769
01430
03727
01031
04563
02135
00145
02077
00689
01423
02375
03287
01322
01785
02812
02256
01902
03747
02771
02242
01466
02823
02862
00936
00926
02980
01841
00797
02019
00734
01221
01683
00810
02510
01121
01809
00200
02903
03235
03172
04197
01487
00868
01296
00356
03077
03138
04131
01301
00398
03463
01990
02830
02046
01974
01785
03152
01021
01614
00106
01613
02911
03462
03538
02048
03128
01144
03588
02965
03707
01499
02010
00919
02181
00817
02670
03696
03674
02167
00434
00755
03131
00379
02613
00525
02547
01695
02763
00762
04189
03515
00679
01540
03180
00049
02432
02775
03414
03322
03965
03040
03854
04302
00365
02627
03060
04265
01607
03235
04012
03657
02731
04188
03688
00787
01356
00308
01266
03269
03643
01856
03873
00830
01601
00756
02207
04194
02360
00970
03326
03306
04335
01108
03797
02280
02008
00740
01387
01367
04575
01888
02310
04169
03737
02803
00695
03931
02118
01902
01518
00603
02997
01798
00046
02426
03187
02847
01349
02332
00176
00535
03499
04595
03350
02749
02508
02827
02542
03143
03467
01009
02105
03883
03004
03261
00360
03941
03550
03391
03288
00392
02140
01030
00309
01472
03335
02890
03346
03051
01466
01835
01747
03360
01041
03867
00999
00367
01654
03894
01101
00320
00033
04354
03249
00104
04356
04489
00675
02158
01448
02195
02357
02988
03800
00121
01471
02417
04008
00932
00929
03155
03833
02500
02324
00850
03028
04093
03165
04327
04040
00267
01863
03323
00986
03190
00388
00820
01552
01304
02128
03698
02282
00371
00546
03784
01469
04361
01863
03862
03525
01019
01173
03140
00047
03370
03705
03168
01024
01588
03365
02216
02085
02086
01033
01860
04465
01585
01373
02490
02900
02663
02553
03637
02310
02028
03706
00304
00376
00705
04161
00099
02946
00595
02704
01128
02143
01554
03868
00256
02602
02958
00122
01231
02435
00628
00904
00062
03073
04174
00689
03207
01254
04153
00435
04258
03162
03608
02265
02662
00965
02526
01640
01828
04484
00296
03329
03453
02302
03376
02050
04468
00100
02630
02361
04142
03340
00193
04382
01222
00209
03443
01723
02349
01168
01011
02882
01222
00224
00356
02724
03440
04375
00187
04090
00612
04286
01774
00321
01631
03256
02807
02327
02769
01772
03624
03076
00563
02788
03576
02624
02064
04522
01459
02303
02090
04254
02248
02331
02941
03246
04196
03886
03313
02051
03837
03329
02449
04211
01777
02870
00064
01353
04436
00359
01067
01021
01407
03858
01409
00345
01350
03466
02024
01433
00506
02426
04345
04269
01765
03224
01523
01119
02797
