00521
02984
02041
04232
00761
03292
00810
04762
01122
04660
03724
03278
03551
04685
02429
02707
03212
03346
02393
03943
01253
04551
00930
04412
02173
01347
01161
02617
04248
01658
00923
01559
04325
04216
04427
03052
04379
02858
03544
01157
00942
00343
01115
04459
01134
04140
01903
03528
02621
04596
01724
03172
01131
03622
02594
00264
03632
02456
03007
01731
00965
01362
04702
04298
02655
02173
01724
00506
03913
01467
01720
02170
03996
00208
03990
02876
03294
03645
00175
00610
04021
03693
00953
03709
03974
01929
03375
03952
03183
01254
00157
02803
01500
00158
01994
03380
02570
01212
04225
00855
03734
04625
00318
01054
03009
00867
04018
04772
00771
01541
03059
02948
02888
01026
02884
00919
03531
04467
04156
00665
00462
00560
03669
02221
03379
03363
03475
03639
02490
04408
04174
01063
01048
01520
04510
02582
00944
00597
00035
01544
03249
01928
02862
02129
03531
00374
01104
04565
02510
03753
03517
03880
04194
02107
00667
01428
04317
02213
04269
04728
01156
03893
03927
01485
01954
00478
03021
04036
00766
03689
03996
01291
02107
04490
00853
04079
04049
04493
00530
02332
04388
00943
02598
04287
03966
03977
02981
02636
01006
03623
02828
04059
03644
01079
03343
04718
00583
03677
04606
04109
04477
03620
01939
00082
00951
01038
00474
00705
02799
04748
04541
02447
03934
02313
03883
03396
02678
00608
03301
04538
03449
00623
00037
00517
00821
02435
00299
01453
00028
02355
03237
02582
00644
00904
04089
02241
01399
04505
00563
03819
01464
00374
00006
02259
00531
00443
03777
04121
01567
03012
03983
02946
00212
01151
02858
04568
00771
01948
01310
02926
03702
03233
00694
02561
03108
01243
02757
02363
03985
00943
00530
04433
03776
04175
02209
00971
04054
01480
03162
02404
01997
03319
01369
03015
03857
03036
02833
03961
04218
02951
00541
04054
01959
00622
02981
00052
00691
01568
01577
02596
00535
02580
01325
02519
02460
03803
04353
04124
03963
02741
00044
00263
01683
04735
03508
00174
03909
00521
01549
03021
00304
00582
04636
02761
02500
04381
01510
00146
04613
01692
03866
03361
00222
04044
01975
03425
00927
00031
02779
04394
02901
00710
00874
02088
03525
01247
02199
02650
02116
00140
04114
02358
00310
01503
00654
01514
01825
00689
02222
01214
01517
03922
01739
04629
03194
01818
02852
01683
03422
01246
04259
04184
03194
02111
02312
02153
03127
02972
01652
04336
04642
01575
02772
03610
02658
02901
02600
03166
04690
02159
00943
00350
00127
01158
03889
04582
03839
01283
04521
02769
04140
01692
03340
04234
02364
02979
02618
00624
01278
00952
02880
03283
01907
03615
02440
04571
04039
03244
04126
00841
01579
03291
02719
03156
00528
01020
00384
04789
02561
03339
04408
03583
03101
04382
03531
04517
00496
02359
00628
01888
01966
03577
01519
03432
02059
02616
00864
02911
02810
04649
02915
01805
03967
01401
01649
00518
02995
03449
03819
01768
01236
00502
02759
02497
04614
01767
03092
02061
01515
01855
04523
02332
03802
02211
02996
04498
02686
03638
03730
03337
03342
02959
03308
00785
02532
03020
00665
03991
00445
02688
00679
00867
02508
02695
00904
01147
01979
00955
04634
03109
00319
04159
01362
04234
02390
01592
03972
04406
03168
00092
04753
01788
03671
03810
00045
02487
01645
02521
01419
00107
02240
00341
04520
03401
02237
01156
04081
04177
02318
00606
02514
03346
01409
02811
02268
01357
04535
03454
03346
03000
04612
04463
00721
02526
00554
01767
00537
00227
00877
03876
03196
02405
02515
00316
00161
00447
01594
02543
02101
03943
00789
03477
02224
03767
04357
04662
00447
02313
04112
01400
02900
03259
01088
03059
01606
01361
01882
01761
00293
01850
03385
02225
03486
03883
01736
04538
04679
04328
03417
03853
02569
02209
03684
03171
03047
02169
00734
01717
04719
02209
04021
01003
04603
00675
03686
00108
03044
01019
02940
00340
03589
03552
00102
03139
00807
01120
00307
02194
01678
03753
02860
04641
04319
00292
03022
04556
04012
02427
04450
04412
03806
00443
01851
02457
03646
02389
00332
01693
00480
00895
02275
00196
02156
04664
03462
01632
01162
02408
02152
00905
03369
04645
01992
03953
04781
01682
02791
01301
00371
00098
00292
04431
00001
03706
03189
04424
00911
01589
04612
02700
04716
03201
00676
00246
00463
04070
02734
01034
02043
04775
01340
02081
00845
04225
00257
02303
03173
04176
02820
04032
00687
02897
02679
03121
02957
04546
03960
01916
01443
02278
00675
04731
02494
00292
02641
02669
01121
00527
04530
02502
03502
03009
00643
04448
02542
02848
03371
03472
00573
01154
01400
02515
04309
02221
01073
01576
03125
04791
00599
00503
04269
04684
00445
04142
01481
01806
00961
03629
03224
03415
04582
01431
02136
03866
00015
03209
01343
04583
01178
04199
02664
02573
00791
04370
02840
02137
02532
02870
01965
03517
04134
03391
04322
03404
03622
00747
01665
04450
01606
02298
04006
04193
02846
01283
01195
02390
01335
00929
02357
04089
03810
00202
03610
03987
04790
04415
04398
04154
00101
02783
03945
00504
01146
02519
02806
00394
04338
04788
04634
04484
00116
01177
03903
00082
01901
02636
02269
01753
03660
04394
00004
01339
00791
00507
00072
03450
04648
03168
03017
04276
01224
02153
01629
04556
02407
00707
02973
01065
00693
02831
02697
01432
02335
00717
03224
04557
01513
00119
03489
01479
00228
01066
04703
02705
02445
02751
03364
00740
00386
01145
03805
02090
01249
00918
03390
02525
01279
00136
01930
00718
03522
00126
01088
03330
00220
02331
00869
01015
01764
01160
01195
01668
04435
00997
03195
00478
02903
03482
04388
02614
00791
00588
02719
03520
04548
04204
00702
03855
00600
00681
01521
04700
00815
03333
02933
03494
03582
02309
01754
00499
02996
01922
01647
02356
00811
02077
00651
00390
02123
02192
01147
02837
03964
01375
04419
00731
04549
01837
02899
00518
04230
00170
02184
03960
00910
01578
03867
02472
01498
03025
01002
02854
00747
03499
03169
03195
01667
00216
02565
00942
04283
00164
03677
00483
01860
01781
00829
02591
03064
00413
03760
04519
01628
03152
04225
00837
01845
00367
00934
04396
00963
03394
00778
04339
03422
02501
04213
02941
01388
03801
02395
01466
00509
02459
00126
03334
00899
04242
04160
02479
00881
01282
04041
00148
01454
00733
03024
01832
01718
00921
04298
00918
00014
00477
04589
02559
01826
00661
03744
03423
00060
01829
02113
01101
01379
01657
00978
03617
02958
04091
00385
00816
01667
02334
03538
01266
00529
04183
00619
00261
00422
02284
02108
00842
00334
01829
02376
04717
02569
03806
03541
01731
00071
02814
02988
03212
02242
00578
04749
02711
01656
02547
00179
03973
00068
01974
00319
04005
01240
02946
00900
02111
04633
00300
02286
02028
04439
04446
01679
03682
04392
02278
04232
00526
03616
00746
03152
03098
04526
02234
02660
04750
03478
03262
01483
04626
04422
00078
01477
03474
02648
04576
04688
04666
01571
02396
03542
00161
00190
04364
00246
03970
03410
03695
00429
04516
00923
04141
01057
03868
00763
02404
03530
00169
03899
03680
02941
02813
03231
03882
01110
02587
00228
01143
00194
02523
03864
01665
00679
01483
01878
00948
03248
01904
02973
04670
02616
02154
04621
03145
00210
04597
00445
02949
01075
00459
01339
00862
04285
02343
01889
00781
03496
02469
01936
04490
01935
04102
03532
00927
04181
00335
03316
02328
01906
02576
04508
03287
01821
02754
00137
01220
02712
03594
01800
01057
02387
01882
03819
02299
03518
04727
01761
01084
01198
01557
04785
01118
00043
04126
01235
02938
02260
02577
04459
02943
04271
04743
00866
03262
00145
01937
01187
01889
03366
04158
03759
00572
04446
04473
02846
01915
00180
03790
00883
01787
03100
01677
03610
00630
04681
01607
03584
00662
01624
04150
03663
01962
01308
03321
03397
04662
04679
00444
02800
04516
02033
01142
00072
01241
01608
01740
01065
01507
03029
01811
04203
00462
02983
02803
02848
01750
03550
01958
00361
02102
03797
01824
03125
04127
01581
00969
02391
04228
03571
00549
01667
02578
04269
04309
04133
03965
03462
04599
02207
02102
04627
02344
02589
02041
02177
04201
00085
04546
02909
00031
01056
03167
01920
02996
02480
03169
04757
04316
04398
00044
04297
03186
04593
01198
04557
00640
00348
02860
02826
03613
00788
04472
00163
02673
01244
02495
03552
01109
03536
00575
00124
04309
02619
01941
02956
03863
04309
03188
02505
01877
03548
03698
00509
01093
00717
02812
03015
00091
00959
03562
01418
03876
01949
03565
01336
01939
04478
01637
02742
03545
00099
01743
03437
04333
04172
00028
01709
04395
02999
04125
01149
02073
03766
02713
03203
00132
00683
01921
04044
03145
04771
00955
03449
02415
01165
03738
04551
00754
02582
01775
02105
02651
04514
02489
02468
00394
03688
00119
04375
01942
04650
04574
03940
00779
03088
03111
04560
03026
01184
01408
01875
01710
02268
03746
02443
03170
03129
03842
02244
00689
01463
04641
00604
04413
01569
00510
01686
03985
02531
01580
01726
02426
03651
03710
03315
02768
00702
03678
04054
01362
00000
00893
00782
03439
02751
00548
03253
02657
01204
03945
02658
03444
00887
03070
03796
02085
03766
01636
02551
04581
02257
04541
00150
04797
01237
01982
02782
02955
01108
01795
02891
00682
02205
03324
04401
04208
02845
00965
02921
02896
00722
03732
00214
03808
01832
01163
04179
04214
01906
01646
02683
03051
02438
04526
03668
02881
01333
00292
00088
03681
04005
02201
04450
00317
03598
02370
00626
01876
03853
01801
00605
01875
00936
03334
02324
00025
03487
03724
02190
00723
01003
03552
01365
03910
01686
01797
01643
03820
00310
02739
01366
04725
02887
01062
01679
01518
02212
01874
02691
00831
00610
03443
04740
01743
01545
03459
01935
00066
03376
03461
03834
01826
00628
00319
03450
00155
02452
02500
03534
00160
01388
04079
03468
02732
02317
01900
02566
01891
04213
03056
00793
00791
03376
00841
00722
00614
02122
03087
02492
00064
00815
03194
03338
02502
01506
01165
04317
00590
00534
03056
00435
02307
00364
03420
01069
01065
02058
03952
03580
01663
01748
01120
00103
01085
01162
03405
01531
04221
03582
03375
02959
04534
04208
03630
00690
00035
03208
00721
03380
03138
01647
01997
00462
04152
01354
01279
04462
02257
04051
03253
03235
01702
03350
01767
02210
00215
02566
04739
02611
04024
01146
01510
01723
02377
01863
01510
03686
01564
02746
00716
01328
00283
03506
04639
01809
04194
00536
04315
02627
04104
03325
00449
04081
03835
04110
04552
00254
04681
04342
01969
03950
01915
00528
04536
04405
01756
02503
00486
02970
04375
00013
02500
02056
04606
00180
03114
02033
03111
04012
01781
02783
00305
00410
02070
00601
00804
00209
02759
02542
02230
01903
03865
01569
04778
01047
03690
01841
04308
03654
03058
00195
01271
00020
04284
02286
02895
02698
00625
02531
03946
01242
01807
00119
04528
03199
00505
03599
03524
04146
04265
01959
04099
00837
03649
01599
04650
02592
00830
00034
00532
03607
00077
04436
01184
00676
03384
01047
01009
00326
01465
02650
01807
00117
02287
01407
02346
00192
02222
02439
01727
00901
02417
01309
04244
02509
00235
03131
01437
01410
03002
04477
02561
03725
03005
01472
02806
03536
01788
03062
03464
01213
03462
04106
02297
00465
01816
01450
04739
00049
04537
03573
03769
00095
01507
02947
02828
02329
00475
03659
00872
03662
00482
00181
01406
01533
01092
04413
03421
00365
01741
04160
00762
02627
02139
04263
01230
02371
02767
02349
01950
04774
04189
02126
02966
00851
01155
02894
01615
01853
02839
01315
02992
00346
00760
00640
02096
02172
04455
01150
02553
00525
03886
01513
01192
01643
01342
03237
04785
03038
02263
00764
03936
04658
02464
00965
00378
01334
04438
03441
01794
00719
01761
00565
03543
01785
03458
04047
02426
00156
04649
03000
00302
00711
03684
04453
02552
03851
00689
01209
03462
04470
00116
03594
01708
02155
00964
01230
02249
02587
00735
01442
04616
00930
02878
00374
03011
04672
01028
01241
01601
03506
01104
03869
03680
00108
03441
00807
03406
04662
02489
01301
04209
00800
00682
00652
02855
01955
03533
02588
04583
00790
03106
01938
00774
03402
02802
03547
01238
02306
03392
01360
01257
03346
02078
01571
03443
01875
04699
00611
01677
00959
00922
01327
02006
02416
00190
02101
02484
00560
03329
01766
02360
03964
01444
01976
04384
00346
03009
00279
00950
02068
04604
01577
04757
04624
00216
03708
04299
03917
01253
04495
01946
00572
04503
04090
02777
03448
04403
04090
00120
00292
04194
04189
01121
02848
01768
03206
02361
02472
01326
01822
04421
00329
03067
03992
03370
00063
01537
01054
03661
00496
01876
02141
00345
03199
03702
02922
04190
04623
03533
03407
03478
01556
04533
04406
00964
00535
03826
02929
01846
03718
00446
00996
01321
04469
03457
02640
03979
01845
00159
00252
03867
02703
00107
01026
04332
03870
03385
01459
00457
00582
00848
02024
01459
01044
02430
03686
00774
00308
01094
02157
03386
00009
03509
04637
01668
00621
00211
01286
04572
02181
03764
03466
03098
01919
04014
01521
02618
02091
01125
03849
01214
04211
01281
04408
03443
01081
00385
02464
01611
01547
00041
02541
02153
00389
03543
01982
01788
04164
01780
02669
00962
03202
04101
00701
01966
04179
02017
02335
03557
04027
00893
01633
00994
01769
01635
00628
04729
02324
02370
03288
03576
00497
02078
01062
03369
00974
01704
01465
02868
03854
03368
03066
02977
01154
01622
03015
01852
00032
00329
02368
01041
00290
02695
04205
04631
04605
03130
01935
01065
01340
01668
02370
02543
04537
02729
04363
02779
03448
02923
00708
03663
02400
00563
00289
00348
04247
03371
02654
00294
01145
01257
01991
00675
02484
00197
00291
04674
01666
00203
00318
01960
03204
00140
03858
03669
00568
00847
01937
01765
03159
04773
00274
03315
01486
02202
04181
01112
03414
03527
03701
00913
00114
03077
00809
02879
03269
00316
04086
03719
03021
01305
01205
00666
04608
03102
00188
01167
02753
04435
00620
04779
02623
01370
02007
02307
03563
04512
02891
01848
01427
03183
02752
03810
02464
01825
02394
02440
00744
01968
00154
01034
01265
02536
03431
01058
02947
01149
04597
03647
02281
01209
01552
04689
04164
01806
02503
03235
01419
02249
00375
02401
00418
01063
03251
02939
03798
00194
02381
02594
00435
02404
01156
04336
00706
04349
02890
01956
02787
01583
03120
04490
01922
00645
02800
04665
01977
02500
01238
04214
01602
02202
00589
00375
03863
01523
03778
04545
00105
00555
03511
00946
03449
04445
04326
02395
00085
01562
01871
02757
02866
04278
02592
04629
02019
00188
01985
04682
04020
01665
03257
01762
01317
02454
01280
04061
00262
04439
02849
03097
02796
00992
01675
02972
01037
01952
01078
03824
03261
00773
02925
00617
01158
03223
00187
00962
02653
04449
04790
01190
03271
04617
03555
00650
03336
02113
02372
03895
01795
03542
03781
03685
01203
02854
02303
03907
00644
02607
00614
00532
03343
01410
01558
03571
00369
04373
02421
00375
01159
02936
02500
00817
00135
01888
02312
02386
03582
02783
04047
04202
00162
00181
03041
02571
02579
03520
04357
04428
00627
01358
04460
04777
02334
01427
01854
03016
04744
02806
01920
01494
03122
00646
03487
00592
00841
02762
00540
03486
03611
02165
02899
03097
02742
00824
01449
01902
00223
01330
04369
04314
00684
02307
01851
02005
02175
01022
00795
02507
02847
01468
03025
01349
01204
01805
01530
00743
02655
01802
01171
01746
00692
01350
04613
02601
04629
04707
00785
03185
03436
04288
04440
01746
00068
04176
03208
04730
04484
01414
03679
03169
04746
04268
01053
01319
01056
01171
00714
03161
04382
04197
03553
00722
01372
00086
01816
01854
00273
02553
01357
00506
01741
04271
03214
02839
02575
00634
00389
00894
02372
04399
03454
02285
01501
02250
00791
00287
02827
00476
03331
01354
01626
01247
03450
00258
00167
04394
01921
04731
01791
01151
02833
03372
01878
00258
01831
01870
03937
04613
02152
00643
01488
01534
00110
01940
01579
01818
01651
02131
01544
03690
04248
02655
02598
03324
01491
02310
03242
00901
03124
01669
02931
03450
01170
03754
01884
01533
00406
01178
04493
01012
01187
00751
02238
03830
03809
00697
01290
00863
00101
03558
00684
03011
01790
02172
03928
03775
03423
01538
03320
01131
01892
03647
03841
02859
01219
00090
02866
01637
02576
02464
00809
02253
01964
02277
00290
00731
01995
00769
03980
04190
00673
01787
04234
00746
04073
02692
00771
04397
01362
03482
03686
01696
01286
00269
04093
03673
00663
03935
04589
02301
04425
02116
04616
04178
04086
01416
00399
01458
01442
00336
02055
01243
02332
03192
00630
01956
04557
03484
02170
04746
04512
02802
01095
02217
03534
03605
01019
01542
04100
03549
03744
01289
01780
03177
03069
02888
01269
01342
01177
00766
02712
03401
03725
02394
01672
03712
01989
02484
03869
00743
01875
02970
00765
02159
01903
02825
02799
00376
00911
00375
00894
01847
01375
03405
03846
00499
03806
01075
04382
04138
00725
04547
00865
02384
01268
04447
00283
02423
03210
02014
03469
03594
01696
04449
02717
04211
01907
01860
01886
01565
01805
00240
04023
03859
04095
01614
04786
03079
01533
02006
01891
00303
01302
00325
03699
02378
03854
00493
00840
00065
03289
01510
01747
02088
01974
01378
02037
04451
03558
02591
03790
03813
02249
04533
04004
04500
00211
03343
02157
04233
01967
01142
01402
03571
00624
00009
04096
02267
00944
01865
03907
01794
01991
03025
02464
01446
03498
04066
03384
00995
01693
04316
02549
00183
01558
03658
02298
01886
02992
01428
00107
01308
02888
00407
01622
04505
04792
03474
01532
01062
00622
00183
01024
03486
00424
00098
00171
02151
03214
00101
03674
03288
03819
04033
03717
02165
02697
04722
03116
04181
00873
03938
04383
04324
03164
00189
00874
03525
03841
01508
04444
03663
04572
00571
00755
01657
01039
03421
03430
02448
02103
03439
04303
02084
04581
02834
03058
04099
03895
04146
01582
00221
03731
01915
02239
00967
02431
04460
02605
03995
03936
04547
03540
03836
01741
01688
00209
04535
04624
00134
01350
01476
04089
00644
03083
04205
03742
01745
00369
04102
01138
02126
02356
03930
03584
03429
01404
00294
00645
00807
04624
03774
02920
02356
00728
00142
02327
01811
02637
02428
02623
04770
02239
04264
01063
00039
03906
01237
02218
04356
03638
03041
03407
02569
03826
04208
01863
03492
00269
03303
04034
02291
01032
03732
01326
01018
02139
00107
01165
04464
00346
02348
01457
02484
00452
03424
03863
01309
04137
03585
03998
04719
00565
01017
03234
02089
00284
02371
01849
01147
00868
02862
01482
02516
00906
01088
02629
02394
03026
03895
02754
02035
02286
04651
01658
02560
02378
03023
02972
01514
03186
03670
01613
01300
01953
02802
01151
00112
01895
04343
01197
03821
02358
00990
04208
02126
02697
00934
04417
02070
03184
01494
00396
00224
04413
02269
00109
00011
04613
02137
00713
00402
03859
01782
03083
04345
03119
03631
01914
04195
01286
00368
00372
00641
02294
04124
04426
00613
00440
01770
02103
00308
00619
00938
03197
02554
02553
00678
04702
02776
04456
00675
02612
03736
03327
00199
04781
02145
00722
00404
00807
00262
03181
02322
03556
03960
02521
02764
03498
01244
01357
01904
02746
01335
00629
02778
01450
04166
01623
03626
00097
02731
02472
00465
03375
03329
02986
01579
04359
02384
03008
04487
02842
02396
00720
01986
02000
00920
03539
02512
04325
01272
01020
02460
00734
02340
01026
04232
03239
04040
04236
01101
01355
02696
03704
00582
01359
00273
04488
01736
04779
04171
02218
00361
01126
01002
03747
02722
02509
04004
00791
01039
04623
02045
00887
01107
01208
04350
03143
04440
00392
03076
02507
02484
04464
03700
02061
03687
00104
01484
01294
03137
03696
01941
03527
01248
03873
00820
01498
00215
01390
02720
03738
01451
03197
03695
04660
00247
01948
02633
01656
03055
00929
00125
04104
02817
03491
03698
02459
02199
01358
01909
02414
03577
02663
03122
00393
03216
00029
03966
03370
04421
02248
03345
01232
04424
01537
04689
03493
01773
04509
01609
03656
04080
03270
01272
01847
01049
02680
02438
00022
00827
03605
02322
02974
00086
04390
03558
03621
02012
01007
00524
04357
00913
02414
03450
03948
01739
02671
01768
04480
01241
02319
03203
03181
01344
03147
03065
02956
03489
03332
04085
01201
00438
01041
01893
04049
03003
04545
03382
03150
00873
00428
03553
01953
03549
00692
01503
04259
02200
03997
03576
04792
02847
02118
01145
02200
01475
03524
04740
03835
00443
04762
02049
02657
01197
01814
04403
01339
00140
03082
03365
00761
04378
00358
03267
00753
03343
04591
03140
02857
03282
04446
00133
02945
00228
01815
01522
02112
01052
00836
02013
01913
03468
00654
01265
00345
01923
02040
01279
04560
00300
00536
03255
02202
00468
00178
01908
01257
04489
01202
03502
01585
04125
03654
02963
00271
02122
04438
02671
01175
03375
02401
00903
03129
00889
03893
02822
00974
04381
03850
00463
03077
03713
02236
03953
01317
01146
00484
01400
03966
03248
00338
02528
01904
01950
03048
04645
01815
04598
01494
00566
04434
02402
03757
03463
00558
01444
01634
01350
04660
02782
00866
04709
00588
00942
02572
01366
01165
01521
04560
03861
00226
04649
02850
03231
02522
01081
02394
02880
03275
04749
03435
03722
01060
00790
02493
04769
04238
04403
02666
03764
03071
04267
00082
00774
03675
00919
01948
01194
01094
02205
01993
03213
03915
01878
02166
00365
01314
01233
04462
03688
00097
02033
03817
02863
01474
00625
03046
01497
02445
03592
01184
00404
04194
00424
01008
01526
03941
01824
00382
02865
01542
00929
03429
04133
00491
02397
03555
00144
03197
01099
01401
04705
01740
00711
03685
03626
02912
00855
00314
02099
02205
04361
04185
03434
04049
01848
01550
02936
03806
00557
03849
00240
04287
00097
02487
04641
02744
01761
04604
00779
02846
00522
04175
02222
01536
00564
04531
03069
00305
04395
02190
02098
01267
02392
03367
04731
03650
04607
02241
01618
03066
01378
04494
00106
04389
04098
02578
01861
03429
02693
03734
03491
00827
03443
00324
00916
04657
03802
02534
03823
04458
03794
00118
02011
02308
04315
01633
00458
01575
02018
04445
00518
00173
01379
01827
03363
00942
01192
04491
00596
04262
03119
01476
02714
04101
00297
04076
03479
02644
03423
04242
02945
02687
04079
01861
02034
04547
01205
00665
00795
01653
04293
03382
00473
01772
00532
04572
03232
03532
02166
01975
01812
00240
01409
00218
04150
01011
03345
04571
02939
03995
01382
03660
01209
03555
04263
00657
01722
03236
01033
00547
01523
02463
03467
04576
03919
02921
01561
04172
03748
03379
03280
04584
03591
01845
01377
01645
02811
00887
03727
04517
01476
03196
03538
04135
00858
02891
00862
00365
03833
03675
01661
00915
00469
01946
03737
02286
02347
02330
01494
03143
02611
03993
01244
01331
00433
02283
00242
03920
01835
04230
00773
04190
03125
00874
03913
02359
04584
04267
00887
03116
00497
01948
03636
03902
01029
02970
03346
02614
00690
00754
01839
04706
02385
01392
04411
03692
04696
03205
00984
04120
03724
02516
00282
04505
00787
02905
03949
02769
02279
01974
04758
00100
00551
01372
01170
03447
00392
03922
01370
03083
04136
04069
03592
01072
02563
01196
03475
04775
03262
03319
00886
02520
02593
03220
02096
02796
04322
00061
01956
03592
02908
03489
01376
03751
03039
01229
02618
03923
03104
04599
04631
00384
00721
02727
00261
01157
03596
04483
01416
03448
02153
00821
01650
02468
03630
02235
01259
00873
03238
00586
01041
04465
02058
01184
01016
04234
01372
01957
01874
01061
00147
01213
02154
04778
04465
02541
00331
00054
04720
01767
00957
00050
02330
00627
03247
03921
02488
03388
01712
02278
00674
00181
01687
01439
02742
01510
03587
00802
00932
01879
00317
02498
04325
02967
00570
00286
04427
00937
00444
03030
00756
02892
03223
01707
00984
01830
04305
03506
02818
03148
03875
03253
03292
03504
03868
02790
03554
01384
03365
01537
03641
01431
01695
01021
00984
00634
02408
04782
01700
01553
00957
00122
03610
03752
02362
00501
02854
00832
04028
01308
04688
03359
01255
00491
03478
03633
03395
03611
03668
02714
01025
01148
01056
00985
04188
03242
03762
03994
03611
04655
01024
01688
01842
02933
01640
03308
00200
04390
03591
00183
04500
01826
01767
03433
01761
02076
03925
02859
01968
02258
01231
03759
02876
02535
00348
00721
03608
02014
02422
03946
00373
01589
04003
01010
03840
01756
02018
00655
04584
04752
04416
02878
02813
03865
04106
02781
00436
01052
01692
01618
01095
00349
02456
04508
04665
03541
01139
02996
01463
02860
00489
04127
02842
03924
02833
02259
02953
02690
02122
04675
01148
04168
00149
00713
02139
01619
03965
01967
02180
00255
02097
00667
02924
03538
02162
04756
02397
01308
02535
02997
01501
03177
01358
03885
01263
00608
00269
01711
03315
02363
02726
03133
00552
00675
00585
02893
04434
03623
02820
00981
02871
01049
02582
01592
01091
01605
04513
03148
01483
02255
02813
03911
04206
02728
03881
00071
00727
03692
04124
04539
03488
02780
02298
02673
02321
01523
01314
01212
02118
01830
04772
03137
03950
03581
01488
00671
03184
00841
03497
03960
04136
04481
03257
04576
00142
02621
04030
02594
04215
04238
02754
04521
04534
02872
03656
02898
00539
03533
02914
01483
03483
04455
04640
03752
01168
01857
00802
00962
01367
00050
01615
00204
02007
04232
04638
01332
04385
01917
04050
01585
02483
00216
04162
01775
00407
01379
04502
00853
00745
01669
03598
04527
03765
03195
04796
02941
00638
00567
01042
03287
04764
01045
03350
04219
03965
02294
00306
02869
01355
02683
04263
00425
00110
02272
00546
01152
02537
01138
03687
00237
02591
00622
01834
04123
04152
04280
04796
03189
02911
04085
00162
04561
02275
04549
00898
03898
00573
03552
00375
04376
02801
00972
03139
04478
03085
03064
03364
02832
00078
04089
00959
00335
01250
03038
03257
03715
02569
04081
01893
02308
01301
02573
01239
01700
00784
03607
03287
04732
02044
04762
02354
03474
01013
01987
00554
03748
01395
04085
02509
00340
02284
02954
02211
01903
04630
02856
01985
02779
03658
03899
02746
03293
00324
04308
02229
02181
00647
04190
00154
02999
04701
00312
01190
01558
01596
01396
03167
03790
00260
04716
02721
03518
00869
04027
01686
00385
00734
02015
00388
01304
01184
00937
03520
02485
01105
00670
03968
01830
04140
03566
04494
03612
04229
00078
00601
02328
00234
02356
01382
02481
03878
01327
01379
02564
03487
00032
01244
00248
03999
00665
02630
04716
02927
04624
01721
02880
03487
04735
02427
02813
02915
04124
04791
03490
04568
01520
02061
04620
01252
03606
02691
04160
02490
00851
00281
03608
03645
01548
04601
00073
01660
03112
03533
00333
03292
01027
00491
00881
03155
04747
00556
00253
01232
02683
01626
02299
02233
02738
01991
04134
02060
04655
02234
04273
04583
00427
02693
01904
02530
00595
02546
00935
01690
02209
04572
04206
02633
00278
02713
00317
01425
04182
03669
00154
00344
01632
02170
00732
00012
04648
00843
00346
00967
01298
02896
04533
01806
02829
03948
04607
00180
02506
01162
03975
01436
01368
00566
04035
01627
04638
03080
02584
00380
02804
00826
00392
01501
04510
01307
02232
04214
03429
01885
02141
03770
00980
02184
04099
02966
00012
02897
02874
03670
00132
03205
03165
02215
01313
03168
01344
01207
03310
03002
01461
02488
04600
04513
02427
02372
03785
02178
01412
01243
03647
02048
00162
01543
01672
02471
02701
00033
04091
02938
01747
00428
03350
03048
02268
04254
00400
04765
01049
00255
02395
02741
03465
04523
01016
02956
01768
01777
03254
04721
02100
00094
03080
02553
00988
02132
01666
03887
01736
04691
04592
03561
00703
00026
02707
01334
04345
01702
00889
03891
01602
02905
01464
00061
04104
02678
02374
04288
01665
01929
01080
02286
04219
01956
00981
03404
02625
00579
03671
03366
02983
03153
00573
00803
04659
03460
01359
04275
03496
00483
02736
03364
03184
00295
03801
00980
03429
03775
01272
04353
00060
03950
01892
01661
04494
04240
02811
00573
02373
04602
04570
01744
01119
04030
04344
04204
01954
03725
04447
03683
01949
01208
03912
04021
02710
03791
00019
00064
04245
01002
03488
02515
01100
00198
04685
00416
02337
04422
00268
01295
00858
00475
01439
03311
00548
03967
03379
00263
02368
03163
01366
01995
04043
02889
03479
01322
03496
01203
01209
00260
02955
00986
02451
04793
03429
02995
02631
01501
02471
04652
00669
02248
02101
03340
01787
01417
00746
03704
00131
01082
03073
01745
01481
02862
04006
03323
04207
00967
02778
01529
01440
02213
01469
01012
04133
02361
03323
00347
01191
03511
04182
04579
02178
02346
00843
01968
03329
03233
02468
02252
03964
04359
01433
04755
00971
02192
02724
02354
01574
04432
01440
02628
02907
04390
04253
04507
00938
00469
04162
03552
00768
03634
03039
03858
04558
00377
00143
01834
02758
00059
00262
03807
04210
04403
02429
01541
01137
04470
01143
00465
00398
01096
04014
02935
01982
04171
02079
03892
01462
02834
02351
04584
03239
04371
02617
04443
01559
00443
03253
01504
00733
04252
00006
03478
00249
03649
02207
00651
00973
03811
00787
01660
04092
01716
03065
01912
04254
04312
03384
00291
00477
00499
00117
03541
04271
04061
01686
03490
04592
03698
00113
00949
00923
00775
02134
00789
00421
03127
03253
04426
02166
02651
00046
04760
03524
01624
00564
01258
04622
04561
00860
01482
00562
02557
04360
01357
01196
04308
01578
00332
00812
04388
01463
04236
01171
01088
01706
00255
03913
00343
03058
04452
04733
04066
01722
01097
00826
04471
03986
03185
03939
02107
03455
02704
00011
03509
03036
03571
03251
03197
00746
03708
02145
00339
01084
03275
01945
02059
03512
01337
00123
02406
03338
03454
04216
02045
01963
03762
04722
02519
02505
03248
00944
03929
03028
03927
00187
03357
00229
04522
04503
02011
03402
04439
03937
00899
00050
00597
02242
01261
01906
00166
01037
02728
03058
00444
03515
02159
02743
03768
00448
02234
01613
03533
00201
02672
02896
03011
01813
00761
02071
00408
00941
01842
03518
00385
03137
04026
02959
02894
03745
02985
00332
02539
02005
04513
01756
01730
01433
01916
02320
00254
03704
00421
00016
03307
02883
03522
02278
02169
00110
04687
00295
04640
03976
02758
00185
03997
04182
03834
02886
04250
03146
02436
00444
02091
04325
03668
03773
04661
00870
02153
01770
03561
04077
02843
00391
02414
03953
00981
00139
01949
03099
00417
03975
02981
04029
02460
02032
00015
02162
02120
02699
03805
00338
04672
00052
04043
01106
00006
00586
04535
01847
04088
02426
03292
02165
01570
02791
02746
04392
00365
02355
00850
02222
02804
01773
01549
