00064
02068
03371
02350
00283
02775
04026
02203
00103
02204
00007
00806
01732
02060
01881
01220
01027
02651
00530
00290
01403
03352
03785
00431
04029
00046
01132
00822
04113
01818
03741
00583
01468
03116
01178
03945
02574
01170
03389
01649
03933
01001
00527
01490
01557
02388
02130
03797
00696
02646
00219
01297
03602
02816
03458
03784
03405
00496
03679
03465
00818
03565
00689
00713
02284
00336
00945
04220
02838
02909
03034
01259
01569
00223
04034
02508
01296
00456
00814
01134
00019
01552
02195
02246
03212
02257
03147
01419
02444
00390
02830
03270
02511
01418
02361
02862
02739
02241
00954
03424
03127
00433
03260
03979
03677
02637
01739
00431
02636
01795
01020
03063
02324
02329
02573
00489
00212
01707
00075
01442
01290
01663
00169
03348
00003
00701
00610
01852
03346
02618
01724
04176
00323
03077
00980
00174
03046
01381
00094
00751
03877
01375
02968
00480
03831
00479
01947
02315
03862
03169
03903
02114
02699
03515
03113
01848
01887
00638
00471
02476
02834
00387
01699
01385
00368
00867
02457
00316
03943
03590
03503
02965
03076
03566
00120
02917
01643
02248
03472
01379
02982
03484
01530
03011
02699
04174
02260
01560
03309
03412
00245
01679
02772
04276
02287
03737
01473
00428
00704
00913
03454
02005
01286
02124
04056
00808
01969
00045
02157
01278
04260
03974
00281
00432
00517
03384
01549
00172
00876
03527
03551
04000
00544
01043
00099
00637
03012
03427
02410
03179
01648
01576
01277
02876
01062
02376
01053
00638
00189
00390
01389
03207
00704
01931
00654
00820
02224
02023
00582
01818
02447
02118
01064
02090
01643
03077
01053
03239
00830
00772
03768
03137
03801
01775
03733
01849
01809
03082
02411
00256
01860
00866
04299
02754
04262
01814
01709
02221
01034
00535
01410
02327
03966
00184
03765
04065
00594
01577
04028
02508
02030
01987
00770
00114
03497
03981
01914
01458
00514
00406
01027
00778
01745
00795
02363
03515
01531
00936
03575
04275
03599
01435
03832
01890
01446
00762
01253
03266
04226
00571
02982
01134
02922
02065
03504
02417
02626
02545
04279
03337
03005
01847
01896
03507
01905
00163
03040
04046
03067
04084
01135
02201
03744
00089
00962
03377
03749
02555
01368
02844
00527
03247
00171
00676
02063
02032
02147
02843
00652
00432
00481
01633
00351
03025
03386
02892
00412
02691
00211
04296
03794
00095
03337
03024
03921
01511
03186
03699
03613
01087
02022
01320
02788
00212
00785
01394
03657
03523
02793
02584
00324
04011
01012
00910
02854
02192
03689
00120
01601
01484
03484
01532
02068
00556
00489
00719
03561
03602
00813
04113
01685
04103
02380
00978
02118
02584
01394
02212
00036
03243
01233
03316
00253
03472
01264
00945
03479
00361
04038
00540
02404
00472
04131
00613
00790
03103
04224
03403
01365
00902
02895
03245
01584
01806
02617
02246
00580
02969
01571
00878
03741
03579
04160
02498
01156
01044
01657
04296
02238
01272
01848
00848
03506
01168
03303
01673
02790
03989
02753
03948
03916
01223
01831
03053
03668
02097
00961
01039
04223
00265
02464
00385
00258
02404
02167
03222
04152
00735
03738
01041
01383
03791
02979
01236
02702
02043
01014
01367
02793
01405
01732
00814
01055
00861
03811
03548
00924
01742
01664
02269
00430
03946
00141
01751
00220
01549
00359
01554
02078
01085
02113
00375
03026
01133
03276
03087
03633
03623
01758
04152
02047
03416
02730
00316
02505
03636
01377
03517
00995
01048
03827
02730
00997
02341
00333
03962
01064
01442
02564
02128
03302
01170
02316
02422
01659
03411
00418
04130
01447
01295
01631
01534
04073
02509
00245
01043
03531
01188
02382
03850
03931
03461
02085
00444
00614
04186
02961
00569
02588
04076
01572
01792
00319
00893
02675
02270
00603
03415
02557
01408
03751
00954
03167
03538
00385
01245
04080
01002
01464
02985
00213
03911
00015
00221
00846
03616
03779
02053
03757
03244
04229
02946
02041
04103
01034
00820
03744
03863
00960
00036
01913
01282
03509
01802
03100
03745
03581
02819
01068
02494
04017
03570
02112
03074
02467
01852
01651
00493
02300
01274
01853
00096
03740
02013
03822
00969
03034
03230
03333
03406
04279
03691
03651
00212
02643
01969
00152
04250
03259
00151
03259
03451
02545
01309
01317
02253
03071
03947
04079
03792
00622
03433
00293
03647
04231
01836
03431
02390
01383
03182
01883
01445
01353
03951
03326
01777
00550
02213
00645
00853
01193
03109
03692
02929
04113
02400
03937
02790
00438
04134
03026
00989
02032
02010
03136
02711
01208
02683
02357
04097
01275
00561
01994
00858
01452
00785
04198
01966
04092
00632
02883
03298
00245
04019
00487
00855
01004
04224
00460
01087
00286
02300
02084
04039
01407
02285
01147
01246
01085
01507
01579
04103
01399
00504
01130
03452
00446
04092
01980
02911
04157
01843
04236
01870
02925
01950
04192
03169
04187
00954
00545
02907
04050
03849
00938
01559
02563
03537
01334
03342
02540
00699
03049
01080
02909
02069
02582
00991
00425
02249
00887
03531
01268
00790
01698
01815
03199
03108
03464
03329
03962
00296
00494
01650
03022
01142
03203
03577
00767
03724
01301
04294
02488
02968
04279
01163
01877
01057
00664
00171
03507
02958
01387
02239
02042
02469
03078
00679
00845
02596
03374
00073
03932
03119
00241
02069
03866
02550
02503
00793
01907
04296
03963
02611
00104
02537
02326
03181
03163
00944
03022
01533
02214
01898
01240
01539
03630
00064
02372
00684
03094
03411
00551
02714
01958
01143
02807
02794
01198
03673
01931
04282
00856
00582
01133
00995
04018
00314
03901
00094
02205
01778
02357
03763
02372
00382
03487
01442
00653
00962
02836
00292
01473
03836
04293
01411
02403
03756
04043
01107
02074
00128
01478
01532
03346
02370
00955
01483
01397
02484
01028
01737
00314
00603
01568
04087
03027
00764
00651
03381
01539
02585
02465
03487
01300
01456
00566
03993
01043
03673
01791
01178
01963
01802
02424
02377
01848
01313
00965
04284
04160
00838
03496
00759
03372
00062
02829
00800
03853
02660
03900
00340
01187
02300
00520
00527
04010
04270
02369
00808
00379
00200
00405
01677
03983
03616
00345
00282
00159
01269
02407
04137
00377
02045
03343
03751
02363
03465
02014
00490
01300
02705
01003
01618
00037
00270
02561
00913
04295
03378
04247
03015
02919
00883
00414
03927
01639
01521
02906
03014
02290
01474
03760
03278
03391
02432
01300
00342
01936
01718
02148
04201
03594
03743
00535
03332
03478
01020
01012
04146
02914
02665
00903
02055
01238
02440
01558
02025
02263
01189
00046
00151
01954
02246
00193
03951
01794
02255
03992
03528
02307
00151
02838
04285
00158
01783
01476
03890
00641
02779
01496
02129
02429
03154
02769
01624
00981
02605
02965
03041
00239
02249
00289
02494
00774
01316
02750
00244
03762
03371
02221
03017
03403
03494
01058
02347
04076
02952
03462
00495
00899
01073
04015
02813
02259
01365
02137
02669
02947
01560
03850
01601
00311
01049
02247
03723
00479
03212
02291
03630
01990
04163
02598
01048
01128
03024
02354
00917
02459
01954
00882
00448
03340
01567
00723
02004
00800
03395
02527
03371
03397
01583
01354
00931
01016
01583
03809
00229
04064
00485
03955
01664
00260
02092
01507
01590
03231
02713
00287
00689
00537
04238
03915
02397
04107
03337
01653
01350
00276
04032
02068
01878
04191
04031
00057
03705
03328
01993
04246
03669
00310
00521
00416
02029
00271
01977
02128
03718
02892
01861
01669
03322
03749
01915
00417
03501
00409
03315
03004
00373
00595
02163
03036
00313
00779
01096
00579
03798
00856
01271
01779
00779
02092
02730
01780
00171
00131
03547
00514
02649
01122
02216
02828
00944
04155
02074
02272
01457
03181
03097
00658
01919
03649
01016
00433
01317
01456
01030
02455
01222
00441
03036
03854
00510
03507
01613
03511
00505
00416
04213
01708
02623
03314
00782
02955
01247
03671
03570
01757
01012
04192
03410
01265
01126
02398
00879
00181
00545
03032
03408
04151
01550
03609
04232
01933
01739
01907
03734
03215
03408
03058
01759
02403
01335
00059
01071
03851
03172
03849
03940
01135
00700
02589
04236
01122
00760
03522
02373
03323
01031
02887
03560
03553
03296
03918
01540
03731
01033
00771
01029
01923
00106
02229
03618
01933
00866
02034
03187
02048
03925
01493
02051
00378
01219
01385
00453
02253
01388
01349
04026
01099
02893
00146
00377
01690
03306
01858
01651
01573
02654
00051
03506
00010
01377
00749
02509
01272
03016
04226
02901
01610
02148
03271
03331
01447
01785
03995
02047
00533
00794
01779
03425
01270
00187
03081
00594
03441
03035
03767
02814
04206
02447
02564
03369
00009
03559
02183
02600
00299
01077
00700
00515
03936
02312
02351
02765
04201
01863
03148
00752
03320
03454
01624
03870
03398
03042
01627
03213
03420
03587
01423
00887
01278
04039
00186
03726
03195
03022
02657
02500
01935
03272
01803
03211
01896
00621
03201
01336
00780
03681
03315
00041
03540
01437
01717
04033
01130
01618
01176
03668
04097
02462
01816
01881
03365
02016
02708
01033
00134
03033
00480
02968
02543
02777
03132
02798
00776
01435
00745
01985
00317
02931
03709
02666
02354
01430
00380
00787
01371
02575
04162
00416
02793
03192
04048
00582
00868
02603
02686
02913
00632
02756
01180
00789
01283
03506
04078
00289
02349
00551
02451
02906
04042
01832
01089
02232
00206
02624
01646
01692
03335
03956
03178
02445
02312
03445
03249
01734
01014
03583
03518
04016
02566
01940
01681
01238
03403
01029
02270
03306
03666
00707
01407
01318
00305
04257
01248
03720
02935
03489
03103
03431
03085
03030
01818
00420
03257
02914
00890
01345
01011
01406
00745
04100
01008
02371
03412
02960
03780
02106
00720
03158
02901
00849
01741
02311
02878
02345
00410
04121
04070
04100
01856
01328
02765
01892
00554
04142
03770
02530
04298
03644
02231
00497
02582
00510
00682
01783
03695
01558
01433
00167
01859
02217
03488
01304
01925
03733
03455
01893
02038
03830
03599
02150
01575
02660
02215
02988
02701
01546
04105
00301
03375
03239
00987
02503
00942
03123
02559
03387
02323
02432
02850
00626
03247
03762
00408
04136
01176
02588
00958
01385
00924
02167
02110
01673
02533
00622
00460
00687
02556
00267
01395
03383
01812
03084
01514
02842
00720
01285
02344
00739
02721
00771
02131
00415
03333
03091
01805
03697
02436
02289
02586
00384
00089
01279
01311
01702
00355
00086
01123
02380
02210
00277
03975
01480
03165
01838
03684
04227
01273
00573
01797
04035
00823
03522
03205
00964
01137
01287
02562
01559
03246
00212
03708
02787
00193
01136
03973
02830
03891
00725
00173
03469
02832
03467
00563
03008
02425
02410
03554
03101
04276
02007
02738
01211
03763
00430
00891
03007
00022
03017
03565
02154
02871
01052
00555
03066
02775
03676
01353
03108
03363
00890
03352
01295
03126
04227
02261
02408
02990
00294
03891
01557
00547
03011
02655
01040
03571
02810
00549
02928
00120
01863
01856
00179
02581
01885
03211
02585
01504
02940
01331
02408
02325
00158
03670
01705
02315
00539
03474
03362
03795
02462
02247
00855
03770
01844
03171
01456
01417
03034
02540
02816
01009
03703
03240
00265
01473
03839
00600
01159
03599
03261
03583
03054
00795
02832
03991
00900
01747
04249
00846
01564
03288
01164
02802
02326
00486
01388
01135
02969
01423
02687
00439
00547
00662
00722
01520
00060
00124
03219
00570
03232
00564
02781
04276
02487
00863
01209
02237
02076
01571
00411
02580
00141
01153
00623
04009
03675
02011
01874
03723
01454
00787
00008
00778
02105
00406
01564
00750
00344
00628
02465
01370
02746
02645
00781
03740
03777
03023
03692
00282
02188
01994
02926
02042
00125
02106
02100
03151
02622
02248
04045
01335
00191
01155
01346
00601
01149
00986
02574
00708
00173
03207
03852
02887
04119
03643
02945
01505
02642
02749
02145
00313
03134
03958
02626
00190
00381
03811
03089
03356
01094
03961
01346
02234
02260
04257
03132
00337
03984
01197
00622
01375
00035
02799
01608
02706
02091
00869
03173
03776
01796
04287
03161
00870
01767
04084
00407
01789
00887
03176
04006
01381
00456
03351
02254
01817
04005
02992
01194
02029
03642
01372
03732
01507
02123
03606
01514
02597
03764
01381
03780
00180
00957
02968
00147
00930
03330
00202
01537
03618
02665
01333
01410
01941
02476
01834
02975
01576
04151
01435
00773
02441
02934
04286
00822
03304
03160
00922
01029
01574
01744
01623
03564
01139
00353
00227
02555
01140
00077
01448
03123
02175
00710
00386
01597
04256
01249
01925
00638
02203
01125
01952
01380
02474
00333
02013
03067
01809
03169
00797
02057
01121
00651
04108
00275
04151
03202
00790
03294
03612
00820
02529
02027
02666
03590
03183
02784
01310
04108
03637
01471
00914
01694
02394
01308
02851
01534
00557
00614
00971
03472
00938
04075
02988
02479
00627
03883
02529
04125
03196
04132
01971
04057
03830
02788
02060
02321
01328
00990
02112
03973
03961
03346
02384
03168
03249
03632
03260
01678
00431
00417
02386
04233
03316
03202
01973
03158
01929
03190
03937
03171
00693
03419
02691
00662
00014
00481
00001
01115
01510
02363
03021
02999
01085
00819
02954
04187
00049
03976
03181
03517
01159
00786
00986
03242
01045
04255
03911
00476
03010
03482
00262
02403
03909
00473
01366
02647
03234
02251
01869
04224
04003
04236
00981
01463
02631
02341
01384
02789
02925
00501
01907
00275
02220
04151
02334
01192
00356
00201
04294
01155
00873
01177
00561
03932
02572
02718
02388
01734
00437
02271
01555
01941
03064
01484
01416
03501
04177
02022
00930
04131
01755
01066
01141
00419
03782
02678
03135
01288
03061
01433
00707
03937
02062
03672
00691
03452
03085
02185
00331
03877
03004
03123
02792
02141
01481
02024
01827
02728
00167
04001
03531
01726
02462
01872
04115
02482
03874
03764
02682
03257
01803
01489
02837
00866
00150
04283
02337
02451
00082
03782
00541
03916
01114
00960
01332
01635
03123
01447
03517
01917
01330
00561
03921
03661
01082
03758
03614
03311
03172
00885
00796
03831
02808
03024
01464
01839
02305
02374
03102
02987
01438
00606
03969
03525
01884
01546
02151
01285
00740
00302
00847
00544
00057
01035
00018
00460
01443
02497
03468
00143
02659
02365
01812
00146
01299
03339
03013
01644
01718
00940
01496
03954
00977
03536
02820
03634
03225
03561
03628
03999
02822
03716
00279
04264
00877
00772
00571
00235
03381
03884
01420
01970
02980
00396
00660
01354
01536
00661
03323
01229
00858
01227
02361
00502
01271
03273
02392
01503
00726
00745
01177
03187
01503
03505
00567
02342
03997
02558
02635
02150
00092
04223
02891
03043
01774
00490
02582
02792
00759
03787
01958
02449
03824
02302
03611
03129
02180
01340
02983
03565
04167
02861
00924
02142
01960
03678
00254
04001
03234
02206
00780
03589
01920
04131
01283
01739
03050
01526
02516
02678
03996
01467
03074
01997
00141
00260
00523
01310
01601
03509
01089
02384
02839
02483
00354
00785
01342
00838
04085
00462
02364
03428
01300
02349
01413
03347
00375
02126
02187
01022
01678
00278
03551
02252
03560
00956
00244
03547
02460
01921
01544
02357
04008
02208
03258
00065
01314
02947
00903
02913
02575
00665
02818
01904
00292
03365
00840
03839
03207
01624
03546
02472
02606
04055
04080
01295
02907
00600
00462
02385
02519
01866
01478
02967
00958
00808
03593
02429
03814
03076
03749
02744
02088
01238
03841
00505
02840
03225
02551
03368
00963
03556
01778
02482
00166
03077
02855
01399
03843
03506
00542
02399
03509
01050
02191
04220
02630
01009
02716
01237
03788
02968
02814
00339
01384
03420
00640
01381
02571
00717
04163
01681
03176
01922
04264
00534
01787
00056
00972
01377
00296
03561
01501
02933
02887
01276
03731
00995
01157
03490
03574
03134
03461
02687
00012
00556
04108
03012
00111
04207
01518
03253
02100
03175
02501
02300
01795
02261
04061
00820
01551
03368
04271
01839
03447
00007
00456
02331
01010
01188
02741
01657
01292
00369
02433
03502
03530
03642
01803
00625
03647
02066
01501
01685
03522
03829
01502
00356
03588
00731
02052
03398
01964
03040
00707
03665
02666
01029
02079
00429
03625
03444
03208
00900
03397
04188
03143
03099
01363
02986
01429
00336
04068
02284
01456
00306
02646
02072
04148
00754
01679
00196
03903
03852
04007
00378
02304
01966
04229
01387
00439
03625
00766
00935
02510
03743
02162
01604
03028
02780
02373
01502
02838
02109
03793
01111
03203
03270
02442
03411
00394
02316
00419
03256
03467
00760
03377
03733
02271
02931
02854
01153
03513
04000
02070
00863
01821
03887
00530
04057
02797
04292
03675
03461
00063
02336
04179
00568
03441
01119
04259
00882
00748
00320
02088
00931
03708
01873
03252
01974
02087
00928
02501
02571
00561
02028
03722
00366
02603
02924
03950
04070
03139
00711
00649
01660
00511
00156
03153
00559
01896
02276
01446
04194
01939
03218
02559
01765
02426
03623
02805
02104
04208
04285
04232
00436
01514
00654
00352
01340
01919
03297
01253
01417
01989
00737
00682
00330
00878
02522
01864
01416
01650
02821
00241
03510
01669
00288
03196
03757
03077
00319
02920
03255
04170
03557
00976
03930
03662
04295
01422
04056
03633
01504
00888
02585
00978
01438
01280
00600
04253
04009
03320
01435
02547
03719
00862
00835
00500
02184
01122
01801
02356
02323
00670
04268
02682
01813
00823
03147
04143
01214
01270
02710
04246
03170
00338
03833
00353
01387
01114
03729
01603
03222
01095
00580
03905
00756
02403
03460
03652
03150
01650
01551
02148
01337
00069
01798
04175
01036
02085
01604
01726
04215
03586
03571
01501
03978
03108
04266
02167
03419
03836
00949
02204
02585
02144
00883
00206
03038
00554
00877
01411
00716
03031
03573
02497
04007
02179
00554
01797
01703
01217
03666
00503
01606
00396
03030
00918
01870
00738
03345
03744
03670
02382
03353
03584
00833
00197
00071
02619
00091
01497
04279
01067
00607
00041
00693
02595
00635
01990
00307
03101
02250
04164
02591
03677
01692
01178
01035
00314
02691
04087
00056
01083
01148
02484
01793
03432
04147
00350
03474
00924
01381
01854
00721
02151
00946
03662
03236
01737
02168
00803
02741
01726
01368
04269
00948
03349
03031
00138
01159
01492
01172
02695
03180
03194
03965
00834
02811
00103
04223
03816
00714
03713
00379
02051
00908
02600
02951
01335
01038
00508
01987
00443
01121
00896
00274
02353
00653
01607
03261
02218
01341
04264
03498
02659
02809
02203
01017
04200
00633
02357
02448
01667
02833
00177
04146
00418
00707
00676
03443
02167
01411
02013
04274
02616
02694
01083
03424
01103
00465
02667
03252
03613
01250
01802
01165
00251
00219
01659
04276
01530
02019
00271
01951
00102
02941
02646
02924
02534
00182
01121
01850
03712
00443
02909
03791
02204
03777
04152
00337
03744
03478
01109
03386
03470
00477
00467
00208
00586
00742
02353
04119
03540
02591
02900
03524
04002
01563
02146
00134
02782
01750
04203
00243
01638
03634
02671
02172
02850
01061
00574
02582
02515
01999
03064
02138
01995
00371
04010
03352
02136
00530
03335
03825
01010
01472
01016
00450
01050
02851
01309
03029
00920
03014
01548
01455
03534
02220
03413
01471
02425
02050
02453
02599
04165
04271
01313
01305
02991
00963
00715
02009
03047
03294
03443
01514
00828
02591
03531
00414
01298
02345
00669
01416
03743
03207
03074
02817
00355
02240
03892
03151
02503
01989
02750
03951
00470
01556
01464
02425
02813
00761
00954
00342
02500
00960
01686
02250
02242
02714
02402
04124
04204
00697
01280
03431
02423
00780
01852
01814
02302
03292
00464
00752
01451
02146
01040
00071
03309
03736
02853
00352
00191
03606
03688
00992
04177
04006
02440
00825
01004
03177
03432
04239
01345
00299
03699
03518
02040
02937
03623
03282
03979
04262
00181
01215
01272
03999
01031
02159
03270
02388
03024
01524
01824
00925
03928
00471
01822
02138
00584
01527
01631
01395
01093
01948
01180
03819
00082
02225
02685
03967
01181
01605
01853
04267
00527
00278
03996
00894
02327
03486
00518
04081
01632
00771
04148
00567
02286
01306
02190
03158
04120
03477
00841
02684
02085
00927
00106
01644
03933
00357
01812
03829
01244
02306
00428
02216
03561
01227
00386
01575
00133
03121
00525
03181
00466
03424
00127
01822
02955
00310
01674
01199
00614
03150
02279
01505
01393
02599
02142
00788
00728
01981
00644
02480
01499
02210
01837
00171
03640
03977
01506
03845
01556
01387
01218
01693
01106
03324
02653
01533
01762
03899
02942
02509
03279
02062
02453
01921
01156
03729
02146
01441
01538
03800
01653
00903
02855
03072
00532
01085
00092
03147
00663
00964
01660
02294
02557
03853
00404
02769
01822
02282
00547
02376
03305
03916
00435
01461
03616
02412
01795
02128
02198
00389
01144
03728
00687
03679
00231
02685
02692
03394
04036
02888
00599
00073
01025
00516
01564
00108
00031
00369
01494
00113
00378
03846
02415
03824
00097
00555
00498
02623
02400
03926
03539
03082
02310
03528
01194
03311
02583
00469
04246
03734
00590
02061
03669
03739
02972
03825
00280
01556
00908
01078
01897
01762
03848
04005
00673
00285
01159
01464
01697
03670
03481
01913
04152
03225
01991
00561
02290
02195
03075
02967
03949
01752
02328
03815
01149
01790
01424
03890
00935
03560
01315
03550
02127
01734
03224
00876
00574
02739
00383
03105
01667
02107
02625
02753
01974
00350
04277
02925
01335
03448
03392
03389
00878
01806
00571
02491
01151
00223
00890
03167
01989
04167
04060
01112
00252
00901
04215
01288
03111
00689
00797
02688
01202
04073
01157
02107
01229
02873
00370
00890
01265
01605
03733
02304
02924
01255
00991
02576
04059
00194
03996
03956
01985
03231
02343
02204
01344
03810
02931
03572
02772
01097
01707
04127
02492
03793
01076
02491
03740
03790
02771
02202
03145
00598
03910
01583
00720
04078
00039
02993
01121
03781
00884
01908
03520
03058
02179
03354
02427
02549
03698
01174
03432
00313
03852
01517
01155
00405
00130
03269
03291
01281
03660
02227
01809
02316
02783
00740
03353
00444
02781
02324
02261
00791
01929
02792
02542
02669
00357
03111
03405
02967
02027
02112
01816
02462
03975
02914
01885
03196
02971
01416
00295
02137
01920
01576
01130
03614
03725
03479
04260
00766
03815
00149
01007
02969
03524
04115
02753
03848
04065
01209
02695
02927
02434
01326
00567
04129
01945
03470
00004
03759
00304
03237
04052
03124
00896
01565
03976
03465
01995
01826
01160
02238
01045
02282
00523
02473
00555
02642
03384
04023
02603
00038
03339
01033
02276
03357
04265
00460
00689
02310
02206
00217
03708
00363
01933
01569
03393
04167
00251
01276
00538
01275
03734
03865
02641
02341
04221
00994
00824
00237
02445
04270
04050
00709
03750
02906
01864
02205
03800
03336
04081
02272
02861
03859
02899
02223
03011
03643
04096
03576
02812
03684
04280
01227
00822
02039
04002
01476
03870
01873
03567
01240
01872
01629
04184
01466
02500
03689
02954
02806
03069
00025
02483
03542
02920
03204
01829
01109
00537
02607
00708
02886
04021
03612
03223
03577
02215
03732
01891
01965
02784
03993
03118
00422
03170
02588
02255
01937
00598
00035
04187
00699
02122
02115
00100
03307
04210
02560
03063
02233
02784
01922
02451
01724
04239
02164
01166
00606
02045
00408
01741
01159
02116
03407
03135
01216
01447
03559
04187
01895
02238
04039
01366
03273
02135
02317
04228
02323
00709
02480
00448
00094
01599
04142
02363
03034
01395
03677
03126
03113
03985
00842
03544
03022
04214
01974
00945
03793
01878
02985
01122
04154
03710
03289
00959
01371
02808
00049
03775
03598
02876
00547
00912
01864
00883
02496
01078
01088
00075
01110
01942
03960
04067
01500
02575
00010
00459
03002
01361
03702
00935
01904
02510
02612
00488
01930
04038
02354
03591
01938
00876
01753
02991
03718
03848
03941
03267
00108
03808
02390
03085
04292
00934
01649
03550
00201
01323
02676
02981
01856
01434
04247
02944
04210
03304
00952
01429
02725
00032
04030
03379
01659
03425
00602
03694
02496
00979
03463
00004
01069
02695
01200
01139
02562
02242
00572
00911
00808
01809
00834
03989
02383
03008
00603
00626
02092
02208
01966
00914
03895
03124
03386
03982
01838
00148
01543
03913
03149
00021
04259
02542
01537
01957
04299
01739
03856
00302
03431
03493
02674
01398
00854
00516
04096
01367
03599
01207
04091
02214
01706
03722
03155
02162
02948
02660
01441
02397
01415
00615
01966
03514
02748
04088
01679
02583
02542
01091
03891
00275
01732
03756
00820
02565
01443
00112
04054
03383
01643
01047
00129
02002
03252
03520
00262
00515
03737
03006
01185
03950
00558
03890
02014
00251
01819
00182
00566
02393
00337
03081
01606
02056
02319
00910
03684
00337
03329
00739
00453
00301
03610
03313
00207
03983
03549
01186
02379
03833
00248
03720
03722
04105
03228
04201
01230
01323
02880
00229
01496
02859
03108
00071
00690
01534
02205
02672
01295
01741
00520
02427
01466
02596
00897
03866
00613
02946
02372
00870
02150
04018
00635
04037
02508
01292
02405
01124
04145
03578
00202
00881
02847
01240
00655
01647
00610
00428
03610
00989
03501
01446
02009
03402
02237
03793
00208
02205
00470
01647
00752
01930
03380
03986
00806
04249
04235
00884
01666
01499
02227
02037
02326
02021
01969
01486
00626
02064
00338
00638
03186
03607
03750
00548
03130
02174
02380
01162
01266
00347
02640
03513
02591
03973
03920
00747
03495
01337
03799
03876
00797
02474
01185
02855
00788
01761
03544
01847
00242
03265
03591
00400
01652
00014
00766
01390
01281
01337
01093
02945
03928
03600
02238
03130
00572
03426
02882
02519
01564
00381
02244
02051
02172
03314
03091
03468
00347
03087
02245
00488
02046
03304
01628
04078
02181
02147
00048
02494
01613
00941
02704
00490
01594
04075
04091
00240
00520
04079
01243
04022
01110
00396
03121
00376
01470
00393
01107
00828
01572
02064
03416
00040
00685
03368
00450
00257
03472
03185
00170
03062
00030
00472
01536
01715
03127
03056
03801
02040
03405
01047
03527
02742
00196
02887
01040
02984
00863
00656
03763
03816
00339
02390
04289
01836
02485
00821
00644
01740
00443
02441
00962
00703
00016
02493
00381
00250
02296
04136
02074
01730
00849
00294
00872
03533
04015
03381
01931
03975
01479
02723
02255
03279
00699
00265
03779
00833
02254
00038
01874
02904
03739
02531
04290
03920
00759
02455
02360
04186
01641
00422
04127
03849
03114
03792
03296
02998
00755
03979
00296
01968
01899
03394
03398
01989
01585
00752
02024
03677
00750
03173
03021
01711
00587
03878
02352
03419
02760
01684
03652
03104
01021
03911
01573
02631
02306
00092
02587
01925
03991
03692
03621
02361
01729
01014
02124
02386
03045
00252
01883
00248
02434
00701
00268
00947
01553
04158
00641
01990
01933
01447
03429
00638
01813
00983
03990
00198
01608
03212
01672
04247
04268
02129
04287
01992
01803
01025
03358
01747
04286
02080
02739
02156
02395
02058
04048
03528
02886
01080
00033
03254
01200
00328
00176
00934
00001
03445
01267
01107
02117
03059
02939
01975
00913
01537
01322
03626
00852
00336
02299
00919
04013
02501
01382
00303
02600
03344
03304
02644
03781
01848
00752
00527
03672
00271
04236
03807
02544
01526
04059
01949
04035
02101
03681
01713
01500
00693
03922
00915
00812
02192
02079
01739
03885
03863
02498
00610
02565
01931
02649
00269
03719
03265
02346
01009
01013
03835
03202
00202
00027
03853
00416
03746
04283
00534
02129
02705
02679
01873
04055
00802
00859
00479
00091
01545
03808
00741
03436
01157
00562
03187
01766
02438
03984
02620
02331
01987
02668
01222
02105
