00367
04469
01684
02805
01902
01922
03029
03152
00817
01352
02607
01087
03468
02099
03457
04768
02511
00346
01929
02516
04958
03550
01760
02693
03523
04713
04558
03785
05005
00459
01342
02651
04123
00337
00285
02293
00837
03792
04588
01713
02195
03526
01945
00237
05085
00857
01253
01798
02543
03515
01608
03081
03347
02141
04464
04217
00736
02845
01699
00073
01206
02095
00217
02261
02392
02533
01927
01836
01593
02350
03535
01261
02367
00469
04356
00808
03086
03255
00721
02845
00158
03402
01253
01222
01721
00234
04286
00710
02988
00383
04485
05094
02232
04345
01070
00953
02713
00752
03854
01721
00859
04439
03913
01876
00829
01455
01873
01750
02463
04210
04105
01587
00055
04623
04074
01941
04936
01414
00226
01184
02360
02387
04386
03206
00785
02703
00770
03316
02503
01315
04013
00626
03340
00785
02651
03843
01253
01459
04652
04987
04404
02451
03153
01890
02287
00509
02402
02252
04605
04115
04942
01368
02064
04962
05000
01615
00372
03775
03085
02352
03094
00621
01310
01525
01789
02291
01064
00301
03938
03939
02873
04029
03990
02424
03774
02190
01926
02881
04916
01396
04962
01178
00157
00061
00116
03804
03053
03918
03605
03011
04869
00215
00341
01895
03979
01475
00456
03753
02788
03554
04364
00755
02503
03894
04227
01003
04304
05017
02307
04346
02541
00549
04333
04756
01036
00867
02339
01976
04934
02991
04876
01181
03984
02968
00054
00449
03445
04592
00043
01767
04708
04898
02625
01828
02404
00507
02373
02906
00893
05065
01747
02737
00702
01675
01237
03439
03065
03443
00509
01163
02183
03381
02281
02699
01462
01580
00558
04462
03349
00795
04005
01889
01975
03938
01359
02665
02707
01604
04579
03967
02988
01745
02378
00397
04401
03917
04930
03649
01184
04980
03676
04268
04560
04285
04741
01691
03986
02430
01108
00946
05001
01798
00002
03491
01326
04185
04878
04067
00943
04941
02625
00817
00698
01638
00867
01227
01839
03593
01992
01584
02460
00390
00706
02000
03133
01052
01118
03715
01880
02474
02282
04274
00966
02563
02359
04845
04376
03303
01188
02970
03773
03733
00395
02327
01173
01830
03555
03994
02080
01921
04356
00802
02145
01137
00363
00762
04078
02351
00530
02462
00065
01052
00744
00038
02076
02307
00426
00959
02525
01917
01291
02061
04142
02186
01422
00159
00285
01143
00269
02963
04448
03353
01364
02433
02608
04066
01333
01767
03207
00089
05068
00515
04760
02253
00596
04877
00154
01969
00349
02525
03682
00174
04656
01885
01960
00362
03076
03916
03173
00657
03867
03665
04510
00095
04622
03543
03684
04376
04842
00922
04559
03172
03484
03208
02465
02788
01236
01240
03830
02831
02314
02359
04802
04330
02846
04321
03732
03938
02191
04809
02541
04966
00386
02253
04716
01021
02857
04334
04025
00543
04658
04716
00124
01966
00814
03360
02937
01157
02841
00098
00871
04295
03495
02605
00202
02477
03782
04933
03358
00493
02358
02784
04793
03692
00501
00394
00041
04977
00785
03228
03320
01440
00567
03889
03312
05017
03811
01975
04828
04180
01862
01159
02152
03966
00743
03075
04921
04604
00203
04975
03210
00844
00269
00144
02574
04714
01710
00705
02708
02396
03050
00148
04424
01554
02727
03768
02125
03661
03301
02224
01344
03178
03764
00585
04887
03648
01887
02798
02676
02078
00071
01040
02612
04460
02040
01393
03560
01761
01846
03306
03419
01385
00432
00173
01310
04949
02266
01309
01261
02148
03518
00885
03312
03242
00151
01641
02290
01829
02737
01580
00153
02039
03464
01779
02371
03267
03407
02783
02474
04431
04416
00376
00084
01667
02756
03217
02757
00877
03650
03369
00369
02792
01945
00617
04333
03789
02782
03122
03670
03304
04579
03698
00799
04044
01258
04013
00429
02493
02579
00061
03992
04362
01054
04091
00296
00121
02024
04395
02341
05087
00580
01240
02713
01702
00194
03380
02745
04029
01822
00389
02400
04710
00547
04512
00535
01631
05083
03957
02409
05056
00294
02245
03155
02038
02409
01800
01931
02856
04822
03627
02647
00126
01827
02997
01549
00734
00593
03014
03291
02180
01375
04349
03142
03819
01607
02919
04848
00990
02412
03537
01870
04566
01942
03030
04302
04425
00256
04123
00649
00136
01829
04253
04519
03690
02745
02221
02529
03876
03203
02051
04188
03141
00160
02792
04737
02339
02342
00305
01631
01181
00064
00681
04785
00152
02290
01324
02993
01529
03025
04859
00522
03945
04437
01248
03619
01283
04559
01083
01625
01183
03202
01815
05087
03465
03070
03802
03329
00353
03300
00219
04746
04834
00089
03154
00643
01286
02874
01983
03141
01105
01405
02205
02854
00850
01902
00274
02393
01954
00249
02195
00869
04328
02992
01698
01201
01882
03872
03812
02149
02107
04018
04874
05012
04191
03640
00339
03650
02783
01934
00007
01718
02641
03291
00240
03605
04352
03701
03118
01537
00290
00290
02039
03964
02891
02476
01440
01129
03438
03896
03801
00747
00047
03626
02160
04402
01564
03713
03197
02703
04257
03231
01040
00130
01706
00716
04409
02675
01491
03700
02424
00622
01308
00651
04148
02668
02996
02910
02893
01771
00477
00843
02298
00430
02470
00446
00371
00903
02199
00891
02648
00838
00886
03147
03783
00639
00367
01408
02879
03047
04679
03397
02868
01568
03746
04151
04565
00795
01859
00922
00505
03016
03465
03260
04775
02289
02575
01081
00905
00348
03710
02871
05047
03983
03851
01268
03406
02925
03360
04822
02455
04067
00595
04523
00750
03672
00490
04612
02515
03631
04519
00048
01512
04372
02004
02121
03595
02190
04636
00571
00956
02624
00356
04904
03178
00261
03780
04409
01634
04439
04898
02139
01796
02301
02013
00158
02266
02497
04711
03323
00449
04030
04149
03256
00167
03377
00153
00971
00367
01915
03055
02648
02906
02619
04293
02351
03431
04618
03000
00450
03275
03073
04319
05003
04267
02346
02423
00366
02624
03660
02994
00675
02145
03669
00725
04375
02072
04905
01197
03186
01274
02885
00945
00340
02577
03922
01226
02764
02507
02833
03813
01991
04117
01316
03973
03113
00611
02962
04650
01892
02184
00316
00106
03914
02339
02684
03543
04244
03704
04952
03870
04485
02532
03272
01862
01779
01780
02500
03474
02123
01712
00001
04233
04856
04421
01507
04060
04366
00685
00414
00969
02578
00267
02765
01327
02537
04520
03415
01338
03451
05083
00240
03994
03773
02123
04464
02685
02714
00358
04685
02893
02551
01370
00532
02169
01762
04589
01943
04186
01042
01105
01824
00566
04734
00615
04604
04317
03927
01931
00778
01296
04624
03638
02148
02601
01761
01136
03973
04919
00272
03357
00986
02467
03745
03364
01576
00048
02631
01070
02822
01249
02092
00294
04097
00723
00739
03073
00616
00581
04497
02557
01401
01483
04951
01967
03381
00721
04654
04754
03167
00489
01625
00408
01999
00541
00180
03375
02250
03728
00041
03448
02207
04864
01037
00956
00448
02925
00893
02193
02150
05081
03483
03162
05035
00051
04372
04195
02409
03476
04532
03650
03874
04896
03013
03850
02859
03230
02017
04878
00922
02731
04807
01912
03604
04880
04993
01552
03503
02144
03348
01639
02365
04804
00305
04505
03386
00722
03492
00083
00272
01261
01003
02215
01706
02535
00008
02333
00234
01330
05044
04738
03696
02394
02481
03600
03873
01700
04915
02486
01905
03571
03984
01612
01313
00615
04114
03919
00756
02882
03010
04157
03633
04856
01078
00547
00378
03361
04346
05024
00712
03842
00124
04515
05024
01133
00768
00454
02962
02464
02384
02953
04385
01192
02173
01934
01799
02760
04078
03559
02263
01485
04730
03171
03152
00010
01038
03374
02484
03813
02496
00023
03574
00797
03726
02923
03998
03299
00142
04416
01356
00604
00940
01662
00261
03557
02244
04810
00558
01074
02987
00609
01037
00633
02232
02687
03866
03498
03126
03661
04302
03004
02393
04026
04412
03611
00454
02797
03478
00233
01721
03300
00103
03873
02318
03136
00119
01643
04716
03793
02743
04473
02535
02083
03511
00626
03720
03807
03730
02828
02755
01807
01994
03602
04316
01837
04241
01868
02412
04803
02443
01696
02203
02616
04362
01765
01791
01620
01348
04817
05093
01361
00749
03658
01951
03598
01921
03666
04242
03405
00460
02653
04557
00557
00946
00026
01031
03140
02745
02597
00171
02021
01143
02089
01714
00190
00081
01179
04987
01805
01092
03081
03335
04812
01848
01299
02238
01812
03127
02835
01435
02159
00209
03020
04219
02603
02327
04506
00114
03911
01981
02425
00479
03868
04056
01527
02161
02868
02280
03624
02241
03648
04675
02517
02274
02936
00649
00639
02717
02949
00701
01602
01569
01155
04177
02601
00318
03280
03633
01032
04651
03250
01100
01428
01606
00184
01612
03765
04341
01648
02636
01466
01918
03476
02413
01038
01278
02875
02919
00363
04332
02897
00903
03463
00398
02075
05094
04652
01010
01128
01940
02969
00323
03781
03830
02647
02634
01716
01357
00758
02316
01393
00153
01908
03797
04578
03470
00756
03984
01219
00355
00553
04238
03434
03537
04438
00709
03486
02822
00394
04354
03676
02608
04384
01707
03204
01544
00505
01903
01517
00396
01163
04340
00290
03042
04078
02356
01625
04566
02970
04695
04958
02320
04200
02636
01815
00730
04414
03286
04019
01645
02169
01427
03908
04680
01123
00662
00147
01469
03602
02379
01386
02821
04016
03999
04277
01491
01833
04449
02242
03629
02938
04150
03251
01066
01996
03818
02962
00980
02092
01421
02304
00538
00600
02409
03087
01298
04288
00592
02010
03334
04594
00288
00535
03268
03220
01111
03561
05096
03527
03192
02648
01198
03726
02440
02049
04634
04205
03451
03103
03161
01888
04423
01480
02493
01736
04876
00822
00541
02084
00985
02733
01262
03058
02370
03026
00809
00845
01275
04514
03119
04962
00290
01596
03811
04595
01122
02154
03231
04936
00548
00747
03071
03422
02458
00779
00499
01723
04319
03688
03396
03063
01525
00684
02057
03745
02047
04752
02172
01881
01547
01608
00109
01614
01515
04590
03410
03629
03801
02117
04442
03564
03065
03950
00424
00161
02212
04825
03483
03464
00298
05046
00504
03376
04548
01131
01932
03311
01017
04947
00853
00725
04252
01782
02668
00182
05043
00097
01573
04343
01933
03617
03062
01146
03365
04875
00389
00679
03368
01762
02574
04331
05039
00503
03034
02541
04947
04899
01171
02929
04704
00807
04591
04204
01476
04290
04563
01094
03365
03185
04150
02878
02687
03052
04464
04128
03793
01646
04870
04242
00514
00541
04611
02545
03919
04532
01172
05044
01489
05074
02736
01709
04097
02416
02908
01444
04157
01223
05087
00086
04441
03703
00806
04930
01370
03189
04643
03428
01400
01644
03931
04759
03014
00832
00366
03537
01425
03028
00995
00082
00177
04321
02277
02765
02832
00836
04682
04959
04621
02489
04867
02686
03705
02151
01541
03375
00878
01476
02247
01361
01368
00693
01216
05025
04949
03718
03836
00743
00619
02776
01183
03771
01165
02757
02366
04409
03009
00238
03167
03398
00414
01792
00871
00527
01951
03524
02515
04753
04147
03385
03121
02328
04107
04892
02021
02078
02341
01183
01888
01263
00122
03212
03624
04642
00137
04396
01178
03987
01567
02544
03269
02469
01055
01480
01964
03016
01108
02459
01596
01275
01985
00043
00596
04944
01937
01186
00302
01084
00240
02303
04059
03762
00098
00071
04026
04889
00663
01939
04129
02933
03791
02822
01637
01996
00461
05045
00050
02026
03567
02847
03900
03042
02505
04308
02744
00645
00447
00534
01522
01996
00277
00734
00276
00195
00618
01857
02640
04806
01888
02183
03328
00847
02621
01845
00203
02126
03942
00027
01287
03795
00101
02105
00422
04942
04933
02927
02482
01139
02885
01009
01719
04542
02300
04673
03939
03606
02415
00547
03672
00745
02153
01594
02546
03043
04544
00441
01979
04064
01240
01386
00025
02397
03798
03664
04112
04707
03171
02336
04326
03999
02787
01306
00879
04081
01277
04402
00897
01064
04469
01785
00244
03784
04725
03534
03759
02855
00389
02605
01677
01958
01529
00875
02604
03835
00673
02153
03064
02193
02190
01255
00246
04188
03264
02778
04795
01343
01208
02446
02257
01768
04491
03950
02366
04582
04280
00429
04148
04418
04751
04865
01809
00044
02983
04672
02795
04334
00107
04571
04940
03783
02470
04260
04852
00074
02957
01320
01688
01234
01989
01841
02080
01886
01478
03446
03404
03070
02138
03205
02221
00716
02835
02310
02571
02069
00593
04818
02146
03961
04252
02231
00422
00754
01871
04612
00788
02037
01381
05005
02144
00035
01253
00139
04861
01974
03321
04962
04991
04865
01099
02261
03049
02558
01253
03056
04710
01115
01095
00273
01722
04908
03568
04569
04763
03762
01109
03597
03377
03174
03329
01540
00028
02598
01283
03880
02648
04113
04233
01718
00068
04218
04684
04648
01520
02031
01913
03786
02628
00088
00166
01117
02030
00995
02382
01795
03579
00799
04105
00148
02083
02956
01601
04638
03968
00638
03243
03669
01042
02590
02290
04553
00973
04455
05023
02160
03714
04995
02350
04973
00659
02017
03056
01419
02519
00027
03770
01788
03510
02512
03830
00657
04259
03827
02149
02015
00652
03600
04185
03496
00434
04793
01072
03892
01195
01874
02314
03756
01436
01366
04193
00040
04932
02073
02911
00901
00208
01539
04570
03210
04596
03466
01399
03016
03264
00704
00772
03338
03495
01292
03425
03406
01273
02047
00422
04522
01925
04204
04000
02855
02466
02913
00249
01536
02068
02050
00226
00380
02305
04219
03004
04369
04969
04381
01746
04677
01319
02314
05031
04467
01239
01790
03287
01216
00134
02911
05085
01796
04793
04617
03237
02723
00190
03279
03395
03252
02313
03494
01669
00101
00207
03647
03948
00326
02105
01181
04538
02157
02495
01705
00445
00135
05051
01490
04424
02016
02045
02273
03472
00421
02330
02149
01733
02855
03175
01832
01299
04213
04636
01618
04320
00782
03005
01604
02900
04009
04335
04290
05084
01422
00012
03209
00923
00766
02314
02255
04555
02624
03087
00409
00516
01454
04359
02675
03965
03675
04482
04561
02796
00998
02785
02110
04155
00173
04075
03025
03145
04449
00285
02303
01830
00341
02139
01755
01021
04147
03318
01514
04280
03438
01232
00932
02285
00135
02710
03437
01323
04622
04181
01453
02707
01004
00003
00213
00151
00216
00286
02206
03230
01815
00405
02317
04798
00383
04707
02826
02230
00187
02529
03819
04455
02136
02318
02605
01143
04578
01805
04393
01337
02446
03992
00492
00440
04811
00844
03621
03886
01821
03830
02180
03469
03782
04689
03152
00115
03246
00709
02166
01151
00905
04336
03190
00308
04704
05059
04092
02685
02966
00078
05047
04874
02514
01177
03322
03842
00810
04747
02972
03970
00682
04034
02806
00223
02575
01679
04564
02824
03852
01528
04984
04644
02394
02651
02862
00147
01732
02087
01293
04383
00421
02067
04769
01262
03438
02779
04256
01158
00981
02723
01975
00606
03981
03530
02784
04452
03865
04072
01500
00648
00779
01796
00947
01256
01089
03938
05049
01025
02838
01337
00041
04791
02599
04037
01581
01405
00194
02239
04005
00096
05033
01950
03037
04034
00068
04910
02770
04291
00641
03040
01209
01180
04456
04722
03031
02596
04999
01169
00877
02636
02956
04705
02639
02315
00373
01360
02997
02755
04666
02515
00217
00824
00590
02462
02800
00474
02325
03651
03669
00109
00214
04911
01171
00777
01864
03913
00720
01460
04883
02176
02251
04826
01145
01808
00072
00336
01059
03704
03570
00185
04498
00939
00265
03689
01779
04565
03098
04474
03419
00761
01436
03474
01673
02381
00458
01288
00454
00814
01035
04871
04658
04207
00702
03034
02764
04909
03846
02909
00048
00213
04083
02409
04898
04114
01012
04935
04140
00089
01228
04427
04373
04739
02051
04813
02761
05010
03798
00107
00789
04136
03031
03770
03847
01969
01832
00884
02143
00904
00119
04315
01789
03891
05083
00217
01354
04060
01166
00364
02926
02271
02022
00736
00449
02637
00107
04183
01447
02461
04114
01304
01487
04852
04028
03969
00491
02064
01775
00184
00373
04658
03130
02222
01061
04537
04961
03104
02031
03134
03307
00190
03713
00067
04499
02945
01670
03952
04851
02823
01926
01180
04047
04150
03634
01776
03447
01791
04629
03322
03692
00803
03977
00319
01336
01117
03401
04841
04010
01198
03639
01719
04124
04933
04604
00805
00265
02726
03276
01335
01919
04526
01671
00058
02061
04817
02760
04239
03179
00449
01482
01641
01783
01159
04905
05026
05016
04297
01228
03657
04974
00051
01691
04227
05056
00410
01216
04805
01430
03875
01663
01334
00651
00488
04594
03330
04264
03654
03484
04002
00976
04639
01574
01143
04175
03494
01576
04791
03798
01862
02766
00099
05052
03924
02423
00367
03243
04273
00740
03050
01487
01520
04358
03194
02812
00181
03774
01785
02603
03699
03614
01152
04858
02576
03704
02657
04089
03303
03926
00274
00026
02087
04173
02433
01226
01683
02799
00926
03390
03778
00525
03222
01916
01381
00067
01650
01433
00448
05095
01024
03768
03942
02073
02674
03050
00965
04704
01327
00582
00506
04287
04544
04193
03345
03747
02464
01822
02182
04444
03433
01387
02856
02758
05083
00176
01247
01413
01415
00766
05082
02343
04893
02273
03574
01775
01950
00835
01130
03644
04765
02755
00655
04171
03473
00262
00988
00660
04576
01045
02372
02540
03919
04796
02232
00556
01935
02636
03449
01212
00572
02864
03662
03911
00585
04255
03415
03935
00551
02873
01806
04109
00663
03611
03567
02806
04159
01065
03751
03513
01381
02711
02733
00624
04353
03537
01126
02959
01296
01048
00263
02724
02617
02901
04829
00781
03844
01697
02905
01417
00370
03268
00478
04561
01177
01497
02016
03844
02897
00666
00719
01217
04803
01843
00193
00345
00250
04084
00597
04174
01647
02396
02297
03085
00987
03655
04335
04341
01538
04893
02808
03173
04898
03469
04285
01048
03235
00116
03052
01793
00228
04678
01436
05041
00430
03114
00564
02585
02082
03039
02846
00781
00013
02400
00659
04179
03446
04942
03199
00986
01390
00081
03484
04923
04104
01579
00465
00685
00756
04633
03646
00773
02622
03576
04897
00193
04857
03260
02863
01398
00526
02142
03740
02397
02516
00535
03862
02698
00016
03532
02970
03221
05086
00138
04922
04575
03518
00959
03676
02109
02302
04368
04394
00632
02003
02928
02547
04264
00534
03077
04160
04730
02353
02443
00553
02074
02285
00018
03912
04462
02655
02079
03024
04021
01832
01700
00041
04177
02371
02223
02302
03647
00927
04112
00760
01742
01945
00707
00937
02958
02408
02005
03741
02195
01751
03964
01974
04031
04063
01749
00187
01856
00539
01359
02125
03215
03878
02946
00357
01017
03433
00889
01532
00652
04928
04174
04972
04311
04779
04932
01892
03388
00926
04187
02025
04119
03413
04020
02982
01564
01888
04768
01326
02810
00227
00374
04828
04066
00862
02157
03410
00955
00724
04624
02634
00351
04986
03543
00202
01515
05054
02991
00548
03290
03437
00365
02880
02912
00943
02051
00351
04890
02963
00031
04833
02505
00695
04134
03333
03719
03810
03633
02112
01651
01492
00177
03284
03673
00539
02776
02407
02207
01812
02024
01589
02323
02434
00253
00635
01756
04359
01974
04394
05013
01796
04233
04044
02025
05048
01290
01538
01270
04004
02598
02159
00829
00794
02127
03061
02934
03232
02732
02810
03837
01277
03124
04014
00692
01263
02383
04256
02845
04048
01912
03874
03468
04486
04715
04039
02118
03437
02746
04841
04422
01613
03100
00404
00577
01830
01462
00038
00941
01673
03146
03519
01846
00988
00962
00792
01476
01369
00017
02121
04170
03051
01589
04925
01164
04290
04465
04871
03621
01583
00919
04090
00475
00329
02398
03545
04295
00226
00062
02226
01210
02966
03805
02758
00642
00573
04442
00206
02956
02756
01785
00796
01110
04690
00169
05036
02228
03009
00390
01506
00580
01889
04492
05095
02774
03536
00314
01536
04071
04389
01484
02190
01870
02662
02646
01191
00618
03648
03345
00382
04847
04484
04512
03907
00027
00304
02065
03434
01813
03917
03804
04518
02100
04791
00845
04714
01698
00470
04646
01704
02654
01688
00574
00054
02757
00887
02817
03518
04728
04410
03681
01949
03514
02580
04478
03681
02604
01446
02352
04541
02042
01179
01569
02642
04430
03238
01750
00663
02841
04906
04814
03437
01366
03817
00659
03317
03194
00816
04169
02264
00602
03351
00501
00410
02108
04942
01151
01574
03345
03603
02342
02238
04388
01627
02558
04986
04772
00977
00932
05016
02620
00962
04560
00183
03500
03940
04052
04176
02633
00408
00784
01212
03142
03582
01938
03255
04718
00045
03662
02059
04869
02784
04124
04768
00870
04253
00927
01907
00536
03576
00234
02547
04037
03393
03478
00167
04561
03311
00827
02755
01163
04116
04360
04078
02654
01863
01934
03317
01467
00400
01449
02458
02118
02160
04149
03080
03393
01493
01495
03743
03016
04816
00176
05088
02252
03834
00901
00216
04739
02621
03831
05038
05040
01197
01734
00242
00372
00399
03048
02511
04564
04765
00998
00701
00295
02203
01997
00726
01012
00439
01600
00144
00310
03701
02643
00368
00608
03878
04581
02017
03783
01331
03800
01560
04931
01729
00478
00120
03322
04793
01076
04302
01228
04998
00245
01547
04524
00398
03220
04281
04816
04134
00496
04380
04912
00394
02818
02971
00946
02178
04602
03168
00502
01531
04263
00745
00117
03805
04163
03084
03806
00449
02170
00838
00400
01180
01792
02604
02953
03257
00891
04434
02369
01452
02592
02445
03500
04031
03321
05017
04089
02460
00800
01704
01814
03977
01394
00923
04189
03633
00358
04315
00598
02716
03415
02766
03724
01967
01253
02156
03810
04682
02361
01997
03342
04259
01823
02570
05040
02500
00261
03329
00430
02353
01018
00793
02529
00603
05032
00160
02876
01829
02851
00235
02464
02350
00806
02260
03635
00307
01297
02079
01263
04059
03618
04317
00319
04945
02955
04056
02942
01346
02700
01808
00648
02989
01605
02692
04625
04628
00306
04700
00973
00101
04738
00890
01354
01677
04423
02053
04150
03500
02604
04642
03776
04840
02983
04135
02686
04812
01194
04945
04933
04749
04660
00146
01708
00188
00321
00055
02164
04565
03602
01657
03165
04829
01547
01627
04419
02183
04883
04984
03604
00622
02914
01211
01469
02231
03971
00239
02000
00321
03965
02574
01968
01624
04441
00202
03697
00749
01817
01644
01240
01740
01247
04505
04779
01144
03889
00226
02930
03996
03853
03615
01881
02529
00663
04060
02090
02011
01906
02992
03835
03992
01436
00072
01937
04343
01073
02169
00956
04518
04531
01202
04419
00017
04205
04948
00196
03652
01965
02411
02201
01039
00817
04190
02358
03284
04674
00332
03319
01145
00368
05031
03463
01605
05079
03566
01883
02939
00874
04242
04289
02634
03349
02145
02284
02011
00164
03460
03488
02935
02079
02423
00891
04536
00300
04139
03275
03969
00112
01255
02444
01839
00814
03640
00207
03476
01073
04812
01314
04315
02271
02282
01254
02492
00340
04169
02786
05082
03521
03171
02814
00431
03791
01184
00212
03652
02624
02244
00271
01006
03105
03957
02422
04985
03287
03218
00532
02577
00687
00054
01453
01095
02588
04197
04154
05022
03967
04866
03071
04955
03907
04417
03550
00418
03181
03108
04336
01794
04163
01381
02063
02829
01640
01987
02651
00054
03375
04146
02413
03660
00909
00928
04910
05080
02358
01483
01407
00254
03604
05077
03422
04217
01135
03436
04157
00233
00752
03954
02634
03435
02293
02108
02330
02648
01451
02531
00796
03766
02179
03996
04279
03204
04699
02295
02304
01793
03792
02271
00842
02797
04569
02865
04242
00144
02951
04582
03399
02752
02045
00930
02028
02390
00144
03471
04529
03276
02788
03347
00361
01478
00533
02227
03645
02507
00196
01658
04835
04191
00666
01266
04550
01571
03651
00657
00145
01117
04785
03431
01503
03383
01848
01244
00873
03495
01274
04874
05079
03153
01360
03034
03811
04925
03311
03588
04512
00027
04009
01652
02987
01585
03673
00479
00807
03756
00426
03815
02462
00304
03700
01508
05009
00854
03197
00749
04545
01875
04126
01015
02829
02167
05070
01112
04048
02995
01353
00647
00811
02462
00734
04447
01264
02363
00444
02931
01042
01924
01206
03682
01749
02419
01869
02601
01207
00237
02247
02475
00160
02625
01845
00564
02087
01578
03520
04157
01601
05013
03633
01567
03167
01694
00867
00050
02398
00362
00387
00674
01935
03391
01914
03443
02186
00228
00387
02202
01274
02919
02327
01688
00014
03058
03298
01077
01636
02694
00356
02485
03343
03831
00525
04497
02696
01580
05016
03910
02173
03418
04126
03095
04553
01233
03507
04108
00561
02971
03138
00482
00361
02326
01897
04203
01195
02357
05005
02819
00656
04751
03487
02241
03684
01207
01777
04968
04633
02576
02872
00309
00925
02393
04834
04596
00569
03570
00449
00039
03238
01659
04246
00490
00249
03433
01865
01024
03847
03886
04810
02918
01844
01036
04449
04828
00098
02984
00991
01417
01430
01270
00752
04425
01042
01373
03802
00578
00078
01709
01864
02926
00581
04912
01892
01445
01617
01115
03391
00467
00935
00026
01517
00886
00328
04819
03482
00813
02459
02335
03989
02984
03560
03086
03952
04036
04184
04138
03594
03884
05085
01152
04195
00091
02698
03119
04899
04545
01498
02561
03498
04744
04601
00792
02867
02838
03187
04282
04001
04766
00593
01286
02034
04457
00867
03484
04600
01664
03048
02259
00006
01928
01893
02161
01004
01293
01533
02627
04355
04811
03575
00612
00295
04515
01066
01249
01239
01887
04809
02351
01647
04858
04190
05004
02430
01867
02666
04011
01200
01136
03448
00704
03755
02638
03459
02397
04961
00604
00902
02413
02140
00426
03066
02002
04170
01665
00382
01248
02074
03640
02412
03116
00616
03254
00376
02978
00166
02011
01374
02837
04551
03288
03593
02342
04364
02488
02911
00116
04343
01805
03609
03932
01683
01876
04711
01304
04659
02865
00065
00809
02931
03015
03601
04734
00724
02880
03030
01507
04121
02236
04814
03308
04470
00917
02903
01140
03434
01372
00872
04639
03893
02442
03010
01444
01047
02994
04147
03146
04865
04779
04444
01289
04734
01562
04626
00897
02195
01862
02799
00620
03043
03807
01747
03242
03337
04033
03983
04011
00307
01802
04646
01108
01069
04193
00253
00422
03972
01535
01217
04148
02258
03859
04289
02719
04519
00593
02351
00121
03236
05094
00329
01528
01012
03064
04488
00957
02540
03682
03207
04610
02877
00636
00730
02839
01393
02661
02631
00489
04303
03964
04986
01589
01692
01469
00949
04000
04934
03449
01399
02478
02204
04846
01375
04143
02741
00727
01414
04230
03598
03923
03916
00573
00987
01452
04252
03518
01582
04626
01838
01477
03535
00345
03238
01071
01967
03905
04917
03723
03964
03386
04667
04344
03527
04773
04992
03010
03209
04803
04416
03337
04132
04364
00119
01721
03610
04038
00515
00024
02088
00004
02959
00531
01376
02742
03620
04233
01741
04608
00607
00161
00520
04319
00526
02670
01945
04284
00794
04404
00832
01413
04831
03623
02262
04453
02050
02525
02280
03180
04911
03089
05006
04087
03906
03275
02338
05022
00133
01846
02548
03593
01220
02328
00019
02838
04929
01134
00733
03753
04404
01050
01963
00044
01754
00609
02100
00134
00631
03169
05063
03824
04229
00512
01622
01840
01232
01168
01458
04514
02848
03575
04294
03092
03005
04647
01139
04216
03812
01522
03012
00050
04706
00899
04037
04909
01818
03930
02682
02264
00160
00614
02515
02966
00897
04599
00398
00601
00839
00282
02759
02821
00745
04513
04340
01777
01164
00603
04758
01360
00890
01724
00190
00105
01308
02687
03082
00680
03882
04305
01127
01621
03179
02244
03534
00788
03906
04088
03299
02180
05084
04917
01282
01552
00409
04322
04501
01400
00415
01058
03555
03684
04259
02666
03875
03888
01354
01843
02438
03548
00711
00686
00148
02599
01726
04286
02202
01971
02437
01832
01384
00228
00316
04443
00789
04627
00644
02171
00720
01309
02273
03968
05011
00489
03252
04769
02883
01978
02520
03222
01086
04530
00625
01692
03137
03485
04531
00344
00858
03690
03593
01343
05059
00661
04189
01805
00782
01081
04821
00160
03216
00921
03813
01004
00017
03858
04972
02773
04513
04759
03690
02357
04093
01166
03787
01529
00598
01311
01624
04422
00243
00927
04003
04749
00006
02719
00453
04337
00312
03287
00013
00641
03118
01790
01093
01762
04529
02204
03201
04498
03726
00288
00668
01327
00947
02423
00765
03887
01914
00413
03899
04357
04835
00655
03982
04374
02930
04219
03382
02934
04131
01157
04832
02342
01810
02474
03399
02691
03739
03407
01876
00424
02674
04335
01290
01180
01577
00370
02736
04015
04150
03739
00839
03569
03028
01070
04399
01666
02823
01487
02798
01001
01400
05034
01304
01222
03856
02040
04477
04074
00528
03014
02059
00299
00589
04426
05040
04493
02766
05063
01144
02194
00446
03278
03391
03157
03166
00851
03513
04957
03693
04949
02524
02053
04482
03555
00236
03139
03911
04272
03350
01188
03151
01106
01146
01183
05082
02427
01426
03530
03978
02465
03116
03170
01946
04741
02721
00541
02731
03951
00869
04211
00375
04640
01135
00810
04201
04456
03474
02736
03136
02222
02894
02735
03992
00187
04132
02892
04751
04940
02096
04173
01641
02873
01945
00596
01914
00499
00588
01502
04221
01109
00147
02119
03150
04668
03805
03709
02274
03484
02254
01300
00211
03615
03056
03942
03503
02152
02890
02301
02974
01696
05014
04728
04404
03959
01398
02376
01445
03294
01376
02223
02667
02491
04274
04723
02330
04669
03212
04065
04312
00428
01101
01048
00504
01029
00770
04011
03529
04766
03455
03944
02048
00512
03084
02587
03778
01090
04416
04165
00704
01678
03332
02464
04546
00638
01970
03733
04723
01635
00982
03879
03303
03940
04615
04969
03926
00910
03255
01070
04641
01805
04616
03215
03384
01170
01975
02305
04259
00759
00686
00849
04707
02105
01310
04414
04824
03165
00112
01131
01656
03759
03418
02014
03099
01367
04447
04441
03415
01437
00327
04571
01164
03240
03096
00667
02664
01752
02445
01054
00160
03638
01993
00235
00238
03736
02229
03148
03299
01366
00856
05063
04287
00643
02812
01355
00501
02294
03369
02377
00225
04870
03394
00447
03280
01580
02188
00768
04498
00764
01435
04935
04275
03746
04404
03702
04560
01488
02829
01783
04439
03094
03673
05030
00398
04061
03171
02604
04036
03484
03698
01573
00269
01321
03804
02826
03159
02117
01587
04258
04891
01120
02033
01115
02602
02640
03332
04372
04303
02620
01054
02934
03990
00276
03147
03040
01049
01716
02201
04192
01136
03183
02342
02441
04062
00643
02981
04566
02712
01626
04962
01045
02770
00731
00124
04566
00165
02863
04028
04503
01197
03244
04916
01157
00406
02989
03139
02237
04126
01068
03549
02329
02809
04265
01204
00505
05002
00682
02713
01994
03984
04064
02852
04121
02653
02037
02610
01593
02450
02777
03861
03236
02942
04376
04739
02697
04886
01929
03637
00633
01963
00825
00475
05079
03812
03758
04321
01820
04831
03524
02584
03359
02909
04231
00722
01910
00346
01907
04857
03147
00619
00100
01907
00251
00824
03716
03951
04642
02034
03176
04860
00200
04434
04808
03431
01962
01572
01947
00900
01952
03150
00484
00146
01731
00017
03330
01812
03784
04030
03271
00079
00545
04144
02064
03393
00876
01337
02621
04844
02158
03231
00917
00125
01041
03469
04411
00049
03403
02146
00008
02542
00843
02835
03434
01547
01734
03792
00270
00589
02862
01661
03183
03037
02666
01095
01054
04411
01415
03639
02445
04818
04483
02420
02064
01127
00858
04172
01656
02005
02573
03832
03077
02358
00631
01861
00506
02643
04970
03928
02494
04189
03038
04419
00442
01516
03991
01698
00590
01198
04360
04356
03586
02921
04521
03573
04771
03923
00397
03489
00326
02875
00701
01736
02289
00637
03142
01306
01992
04918
02518
00111
03504
00829
00262
03583
02076
01782
01599
02640
04504
04278
00687
01648
01795
02854
01571
04639
01548
01480
04640
04858
02501
01695
03986
01225
01265
01242
01421
00632
02456
00232
00171
02468
03110
04533
00640
01930
01969
04773
00386
02393
02015
02594
01796
04953
03132
03571
03169
03556
03227
04243
02681
00452
02125
03437
04301
03124
04608
03158
04101
01892
00919
03890
04863
01356
02284
03096
02606
02536
04881
00396
00437
04742
00536
01103
03098
01517
04445
01013
01768
03986
01842
00300
04549
02139
00923
00785
04421
04428
02655
01780
02664
00705
02404
01074
00738
00621
02239
04555
01121
01473
01952
03478
04735
01278
00438
04136
02087
02317
04850
01916
02567
02437
02671
00570
04704
02803
00441
00011
04986
00337
02134
00145
03815
04765
00287
03953
04975
00945
03091
02057
01717
01277
00915
02017
01261
01141
01742
02237
04789
01669
