01629
01580
05434
05147
04044
05006
00932
03525
00829
04200
00279
01392
03542
02621
05353
02566
00068
03812
02069
01478
03233
04336
03159
04965
00869
02150
04526
00023
04911
04257
05570
01469
02736
05282
00797
03857
02310
04778
04423
01578
00988
02918
04051
02585
05460
00478
01430
00064
04148
02110
00009
04683
02949
04589
03871
04610
02152
04259
00883
05323
02091
04214
04356
05321
02072
05469
02270
00444
04834
00346
00105
05551
00041
03818
01538
01172
03868
04308
00295
02232
02734
00458
01624
04037
02501
03676
05296
04396
01100
01279
05217
04791
05295
02645
04199
05456
01277
02993
02800
01488
02435
01649
02142
03960
01292
01636
01400
03374
03282
00434
00183
01856
04986
02386
02967
02493
02737
03412
01201
00688
01595
01124
02284
03180
03488
03711
05493
00958
03122
00770
01437
01158
01206
00656
01201
04293
02856
03061
04501
05682
03342
05469
02018
01440
04526
04038
03935
03661
02067
02763
00211
05395
01378
04645
01284
02308
04933
01488
01563
02026
04005
05640
03296
05049
01290
04503
04563
01737
02339
03532
00449
04853
00641
00816
03545
00890
00428
03468
05226
05444
00325
02506
03161
01563
04220
01199
02685
03390
00051
03072
04427
01506
01632
00924
05501
02333
01103
00341
00895
00314
02207
00437
03424
02634
03462
00005
01911
00493
05021
00585
05330
02235
02219
02844
04292
03561
00667
01092
03451
00451
01948
00834
00277
00729
04348
02100
01724
04923
01053
02647
04002
01102
02112
05551
03858
02481
03417
04925
01957
01717
02897
03662
00677
04101
01119
04539
04872
02689
00873
02518
02346
01818
02870
02910
02948
04962
01013
04962
03557
05063
03221
04324
04335
01203
03116
04841
01859
03763
05595
04291
02683
03845
03056
03886
02729
05359
03723
02412
03480
02831
03191
04015
04722
03768
03600
00462
02729
03991
01310
03913
00880
04655
00706
04373
03015
01267
04553
04176
02088
03279
01451
00941
00232
04127
00797
00313
00640
04340
05170
02223
02857
05218
01876
02721
04388
00511
00847
04564
01356
05242
01629
02393
01565
00562
01856
04610
03345
04891
00820
04533
00351
03906
02769
04320
02473
02213
05421
00135
01004
03992
00120
04547
05594
02260
02086
00607
04858
02158
04930
03753
00131
04089
05444
03826
01920
04089
04263
03347
00710
03975
00085
00213
03793
03427
04801
02472
04269
02804
03032
04484
02359
05696
04434
00449
03983
01064
03831
00237
02949
02722
04441
00836
04857
03746
00332
01764
02465
02694
00888
01363
01314
05480
05572
04611
01522
04642
01632
02784
05404
05092
05002
00609
00787
04939
03527
00184
00185
04921
03636
04980
00941
00146
03664
00622
04320
02618
05408
01268
01821
01084
01794
01107
00976
00703
01477
03103
00083
01736
01089
04097
00208
01809
00483
02676
03979
03009
03119
04125
05020
00317
04269
03230
01131
01147
03824
02227
02940
04309
02474
02724
03098
04924
02709
04426
02008
00535
01695
03645
02490
00692
01856
01986
01570
04975
02442
01855
05042
05219
01154
02388
00451
00558
04634
05641
02617
03988
03432
01462
00642
02943
00480
02166
03713
03945
04778
03333
05475
04183
05695
02497
02576
03787
01582
03636
05220
02038
01088
01777
03110
02513
04917
01396
03147
02949
04418
00516
03672
02821
05164
01340
04862
01572
02967
00017
02226
05568
00392
01140
05177
01047
03245
04227
00934
05132
05518
00807
02542
00238
02561
00426
05302
00934
00179
02494
01707
04750
05610
02895
03593
01803
04296
04157
00595
02347
00131
00785
01765
03260
02947
00486
03989
04746
00088
03028
00390
05328
05220
04867
05388
02539
03317
00802
04342
00474
00332
01598
04996
05005
02630
00778
01678
01637
04305
03044
01129
05022
04979
03303
00999
00517
02976
01889
03819
00786
02062
01603
00089
02377
02792
01987
01900
02796
03395
02405
03569
00157
05097
00452
04826
02262
01366
03881
01004
02772
01842
03454
05517
00796
01500
00381
01738
00640
00629
00430
05540
00865
04829
05323
02520
01322
04407
04016
01773
00943
04712
00076
05617
05380
01281
00003
01392
03321
01078
04664
01068
02059
02215
01458
00171
00436
03155
04793
01339
04364
00120
04376
05336
04737
02398
01874
02829
03864
03348
01621
00917
03010
02832
05122
03469
02127
01660
04599
04978
02322
04617
01012
00332
04686
04441
00238
03214
05663
03722
05257
01343
01398
04445
04357
04366
02864
01452
02644
05046
01978
00535
02503
04316
04414
02683
02651
03389
01449
00902
02606
04297
05649
00752
02728
03174
04022
05007
03628
05347
01438
03293
00643
02084
01457
03118
02813
04035
01999
02577
03955
00537
02605
00421
04110
05247
01320
00037
03527
01489
03058
03812
00882
01904
00837
00163
02784
04301
00714
05409
02844
01621
04727
04454
00146
03528
01814
03437
00886
04358
04494
05179
03564
02660
05631
00536
00317
02434
03546
00889
05598
01009
03435
04229
04236
05048
00192
03838
00588
03120
05619
01447
01595
05033
03471
03803
03011
01501
00043
02469
02514
00708
05025
01323
00872
05322
01155
00830
01629
03052
00469
03852
03556
03089
02063
04997
00191
03989
05212
04700
02188
05017
04740
02042
03901
01054
03522
01433
00444
04109
00875
03550
03901
03116
02372
05445
00314
01074
05338
02727
05018
02741
01585
03346
02413
04053
01470
03525
02924
01670
00914
04582
00560
03439
03917
04257
03546
04865
05288
00244
00119
03842
04751
01621
01561
05603
03850
03989
04170
00954
02139
02225
04411
00406
01565
04155
01778
03333
02841
00920
02667
03540
01082
02121
00645
03141
02503
00204
03657
03701
00100
04339
04662
03874
02681
01273
01448
00864
03325
00678
02852
04177
00087
02402
03297
04175
00715
02534
01238
00805
03491
04826
05335
04278
04300
04250
00286
01837
03937
03052
01555
01903
04588
02552
00943
02800
00565
04618
04418
04540
00223
02345
00796
01814
03589
04033
01740
03747
02990
01680
00325
01817
01121
01979
03765
02288
04060
05092
03538
03958
05044
00344
03924
01791
03915
03913
03389
05651
01650
05141
04373
00227
02750
02906
02295
01479
05517
02643
02808
05643
01997
05541
03671
02785
00714
01708
02221
03628
02426
00813
01283
01276
01583
04656
01159
04688
01032
00471
05304
03977
01368
03061
02227
01192
01536
01845
04039
05599
02244
00431
05008
02410
01170
00605
02068
04922
02074
03356
03174
04559
02490
00186
01893
03718
00238
04044
02705
05166
00353
02298
04465
02629
03000
01718
01908
05315
04539
04726
03030
00086
01449
04185
02344
05517
01671
04284
03732
00274
03770
00255
04509
00892
03208
02331
03062
04614
02838
01377
02077
02686
01316
05345
04522
01270
03261
04636
01546
03837
04637
05540
01175
01948
01472
04461
04974
00999
05017
00045
04520
04770
00289
01770
03217
01688
04672
01992
02103
04779
04866
01418
00916
05672
02446
03189
03221
02546
00883
02060
00683
05586
03367
03168
03042
02313
03142
03056
01243
02209
03285
03221
02843
01658
03468
00491
02644
00578
02001
03869
02041
03069
01787
01491
03606
05023
04099
00022
01237
00716
04011
04553
03667
03961
04701
02818
02439
01021
01795
05233
01458
00354
03881
02360
04445
00155
05046
01140
02636
03912
00288
03153
05259
05680
04156
04193
00162
00207
02435
04244
00777
05600
03588
02979
01527
02050
00887
02246
03818
04440
05286
05016
01801
03295
01614
01374
04066
01931
05356
02285
00905
01782
01454
02445
01385
01128
04134
04790
03818
02850
00954
01679
05544
01194
02955
04046
03483
04087
01252
00691
01648
03602
04871
04813
04825
03383
00456
03279
01978
05372
03977
05172
01868
03557
03505
03717
01295
00557
04443
00868
00803
04841
02444
05310
03963
04849
01055
03435
05275
04105
00790
00850
00504
04207
00186
04521
00194
02307
04814
02542
03305
00416
00701
02503
04853
03492
03550
03240
02261
00487
01486
02799
03380
03554
04733
02090
05479
05107
01581
03433
03982
00894
00156
02507
01189
02355
05008
05303
01795
02323
00358
01184
01112
01368
00921
04538
03520
04772
03977
02844
04331
05386
02788
05334
03467
02781
04373
05159
02725
02255
00496
02161
03321
02674
03381
00014
05169
01334
05493
00343
05013
02994
04979
04397
04777
02089
05380
02687
04548
03701
02534
02703
04042
03738
01560
01492
03381
03157
04519
03137
01484
01053
05588
01945
02731
02837
03127
00519
02128
02048
03568
04650
00760
03632
00616
00605
03594
02957
04742
01892
05650
05586
03069
01030
02213
04131
01699
01996
02401
02123
04997
02840
02287
04957
00790
03243
03866
00057
01820
03193
03948
03445
02189
04999
03619
03774
05591
00843
01790
02678
03732
04632
01301
05691
04274
04189
00280
02433
01087
03235
05216
02435
00289
04051
03420
01427
00905
03362
02052
03425
02649
01765
02462
02333
04400
02002
02311
05624
00666
02632
05285
02886
05274
03971
03027
01294
00637
01447
05011
05257
05087
01279
03690
00135
04140
01483
04887
00231
04125
04119
04393
04891
01654
05247
01727
02608
02414
01403
02099
00577
03878
04324
03023
05511
02978
02142
00725
01428
03461
02641
05246
05145
03440
04931
00750
03294
02282
04684
01750
03278
02723
00713
02182
03171
02147
01971
00010
04999
00935
03351
02888
03902
03815
04283
00081
03280
00459
04548
02038
03867
01172
05287
01445
03402
00561
03819
01901
04842
01348
02386
04187
01302
00223
05676
05527
02638
03896
02552
03459
05044
03970
05565
01646
03726
02937
01600
02697
05240
01250
03933
00764
04967
04352
01413
02933
04300
03923
01384
02471
02887
01980
04748
05236
05076
01248
02740
04967
03907
00485
01795
00686
00876
02471
03101
03833
05154
01116
01889
03197
04325
02761
04041
00716
01707
04714
00719
03064
03072
02553
00141
03019
00682
02874
01543
04755
00872
01954
01230
03760
03815
02738
03600
00479
03340
02315
01424
02744
05201
04500
02200
02528
03314
03876
01209
00661
00660
01899
01268
04252
02280
00711
05266
00826
03743
03316
03347
05043
00002
04437
00324
05059
04190
04867
01763
05270
04414
01809
05240
02256
05664
02509
02842
02222
05251
02037
02500
04828
03225
03365
04422
02236
01734
04538
04431
05612
03705
02245
02600
03508
01607
03226
02549
04715
01707
04987
00588
04492
02423
03253
01972
00608
00046
04551
01858
03907
04475
04187
00198
01377
02907
01701
02263
05276
00068
04321
02717
01260
00408
01521
02542
03202
03133
01841
02974
04018
00302
00004
00038
05504
02256
00364
00389
01665
03532
05165
05202
02216
00284
01427
00736
03384
03869
01875
01207
03749
03679
00741
04687
01947
01873
03163
03360
05450
05041
03797
04653
00349
01917
00268
03798
00869
01607
02697
00601
01367
00605
02601
01488
05095
05113
03539
00145
02564
03376
05267
04348
00605
02120
03933
03582
00613
02360
04501
02163
05606
02860
02622
00921
02695
03281
04848
03272
00333
03146
00561
05643
01070
01166
00653
04921
03886
04002
02043
02741
01033
02388
01384
01084
03834
01553
02429
03368
00829
01020
01837
01463
00988
03736
03120
01618
02853
01704
01881
03952
04648
01691
00139
04315
02169
05059
03795
05213
00476
02535
02537
04420
03769
01076
05200
03156
02734
00104
01622
01723
05288
01974
03820
02592
00943
00854
01748
02989
02363
04146
00681
02762
04984
02232
00288
03489
01668
01975
04213
02575
00733
00312
03088
04243
03406
03428
01538
00300
00147
02988
04191
00562
01197
00533
01834
02321
02315
05567
01186
01496
01020
00278
01277
04625
03606
05483
03178
00998
03625
04778
04400
01401
05069
02185
02969
05201
02788
04217
03677
02792
02552
05480
02469
03250
00382
01954
00803
00359
04200
02797
01513
02818
04565
00949
00617
03966
00375
01094
03960
02293
03034
00473
03740
03513
02428
03182
05022
00034
01749
04319
02498
05583
01257
05054
04359
04569
02580
03732
04463
03370
05587
01898
04749
00648
04170
00534
02040
03073
00706
04264
05224
05598
04860
04952
00793
02368
04059
05103
02375
01851
01391
00141
03506
01983
05019
00220
02205
02553
03426
04728
01882
01146
01994
02129
05039
01596
04974
02530
04624
03845
00175
02120
01842
05674
02138
05318
04591
03162
01692
01496
02999
01619
03466
04351
03135
02262
01048
05176
01552
02094
03066
00830
01812
00827
05683
01897
01238
00233
02446
03037
01292
04568
05122
04840
05350
00272
00425
03044
04825
03594
01285
02757
03450
04662
02292
03567
04786
02548
01850
02017
04251
03850
01281
01156
00085
00052
03541
03208
05566
00819
00122
02890
02399
05048
04935
01411
01749
00464
00537
02681
02741
03097
01801
01306
04965
03460
00451
01586
01659
00123
03344
00151
01935
04795
04647
00141
05652
00670
02612
04640
00956
01966
03473
03433
02243
01650
01959
02845
02118
04547
05617
04309
03278
02003
01400
05191
01931
00170
02103
05094
03438
02237
03070
02421
05399
04100
05059
01203
03599
01081
04460
01527
03351
03599
00320
03027
03466
02878
05068
01433
04634
00975
03990
03654
02663
00088
05082
03120
01316
02399
04138
00955
03443
05272
03584
03741
02983
00613
04898
01806
04904
03977
00937
00800
03520
02601
03459
05303
02873
03599
04020
00549
03408
00134
00520
01829
02709
02352
02932
00870
05433
01283
03446
01372
00637
00045
05370
04734
00856
04327
02347
04559
04093
02129
02172
02350
05366
03689
03177
01822
01725
04199
04366
05696
00517
01772
02522
00353
03261
01178
04260
03467
04229
04587
00867
00846
02986
02695
03817
04424
01921
02089
03503
04434
04368
00015
00067
03515
01341
03241
01643
04604
03772
03696
00294
03946
04316
02471
04853
02635
04833
02879
02060
03300
00305
00801
04159
04333
02524
03405
05383
01059
02363
00203
05450
03998
04294
01693
01172
02106
00922
05067
05141
04316
01815
03987
01748
01135
02249
03657
00701
00546
00022
02511
01807
01665
04732
04215
05415
02779
02541
00062
04202
01851
01501
01618
00816
05552
04003
03664
00758
02715
05029
02642
04618
00943
04670
03975
03596
02235
04065
00861
00985
02244
04388
05630
03961
00267
02899
02677
02534
01779
02907
01267
03617
05476
01568
05557
01844
05527
04199
04887
00913
00342
02452
03303
05283
02760
01160
05610
02399
03102
03511
01436
01434
04789
03975
00484
04826
02572
04765
03033
03970
02315
03319
03212
04836
05478
05466
04244
00250
04711
01302
04484
03066
02867
02645
01029
02055
00892
01671
00966
03576
00480
02772
00533
01704
04882
02843
03872
02406
05366
02442
05017
04024
05539
04198
04312
02004
01025
01702
05019
01040
02258
01920
00281
02847
01954
02852
01796
00531
01014
04342
02488
03054
01589
01767
00268
03426
00366
01975
00247
00378
02711
00983
04405
02752
05412
05642
02165
04919
01645
05073
04535
02916
04729
04176
02955
02238
02259
00248
04396
00903
04695
02656
03564
03939
00473
05580
03861
00157
01758
05089
02245
03688
00161
05235
01863
00329
04194
01296
02309
03118
00590
04350
04463
01355
01639
04460
04829
05577
02410
03289
02574
02819
04838
03567
01521
05103
02284
04020
05001
00892
05058
03179
05241
03038
05206
01878
00589
01452
04400
04664
04401
02810
01736
02462
03063
02344
04961
02670
03181
05534
03039
02960
04153
03274
02504
00333
05405
05336
03514
00362
02502
02048
00921
05627
05557
05235
00856
01501
01766
03032
04346
04293
02553
04190
03515
00435
01927
00216
00698
00852
04741
04240
02950
00424
03865
04437
00096
05231
01014
01443
05620
02795
00362
02245
02312
03655
04863
00739
04537
03920
05130
00186
03769
00353
02588
05026
02184
03860
02736
03491
01560
03664
02742
01191
03467
00082
01866
03887
05507
05529
02345
01893
04248
00770
03037
02507
04934
03932
00604
00863
02219
02901
02442
03822
02025
03883
02952
03198
03617
03770
05625
02600
03251
00447
04344
04720
05442
01637
01309
04818
00640
01543
01521
01581
00655
02727
02402
02881
01323
05535
02128
03313
03632
04150
01417
03008
03221
00686
00591
02707
05699
04824
00123
02332
01584
03961
03679
01973
00879
03953
02661
04123
00496
02749
02180
02035
03269
05263
03181
05504
01625
01254
00002
03419
00030
04471
05027
01247
05478
00940
00785
05267
01422
00571
03100
04607
02026
04482
00558
01408
00458
04779
00862
02817
02927
03375
01860
03739
05451
00869
05266
02291
01889
03050
05664
00911
04720
01291
02388
00484
05571
01159
02816
01448
05455
01722
00650
05260
01834
00622
03719
04308
02807
00270
01245
05534
00060
01157
04190
00453
02143
04586
04653
02688
00138
05170
00812
03059
02029
01102
04649
02014
02053
04560
04315
05177
05304
05017
00852
02880
03536
05649
01104
04001
03995
03771
01729
05607
03827
01863
03074
00889
05130
00897
05519
03976
01613
03060
04503
00558
02635
00869
00277
00726
03139
01151
01701
01898
01990
03901
00495
02387
01979
05327
02741
04715
05180
04837
02038
02079
03637
03300
04928
01280
00677
05067
05311
01846
00845
02215
00460
05617
03389
02551
02720
01360
05366
03660
02819
03191
02442
03269
00769
02556
05679
01523
03688
00318
00735
00980
01993
04843
04582
03222
02871
02793
05618
00295
02186
02680
02036
01458
04689
02458
02995
03349
02531
01359
01969
04471
02240
03052
00170
04094
05124
05416
02058
02227
04227
00611
04620
04053
04216
00567
00737
03419
03904
02443
02159
02877
04546
04951
03882
04295
02540
00898
01593
05106
04977
04988
00953
00588
02382
00933
03592
00375
00836
02507
03749
03769
03995
03740
05340
02599
00025
04034
02467
05680
01163
03892
03938
00238
04949
05530
00508
04680
05250
03918
05283
05134
02586
05215
04090
03483
00235
01131
01914
00608
04699
04832
01854
03783
00884
04575
04949
04591
00024
03649
05303
02754
03088
00168
00021
03401
02691
00850
00681
05591
00103
02237
02372
05610
01338
02560
05627
03559
00452
01101
04418
04974
01635
01912
04393
01643
01998
00499
01581
01540
04443
02176
04181
04615
01578
00445
01066
00050
04322
00995
03398
01982
01786
02587
02350
02225
05570
02522
01268
00878
02105
02507
01974
03308
05195
00890
03509
03702
04992
01716
04130
01202
01680
02354
00163
04312
02371
03204
01747
05518
02092
01689
00591
04214
02881
05352
04124
02812
01885
02601
04082
05234
00202
04909
03332
00535
03324
03784
03907
04216
00116
04582
04614
02490
03082
05005
04546
04665
01081
03422
04663
02568
01268
01055
01655
02871
03914
05092
02422
04390
04183
04683
01693
00293
01563
04887
04451
05686
02429
05032
00670
03097
04744
04821
05291
01827
00973
03502
00881
00661
03192
01954
00401
02301
02390
02773
04518
00577
01910
00188
05416
01364
03941
01478
00396
05029
00615
04729
01154
03173
04078
03454
00823
02113
02061
03454
04635
03434
02242
01948
04410
00890
01898
05128
00647
01716
04691
03473
00713
04668
00720
05514
04026
02852
04798
02290
05055
04883
01195
02384
00287
04009
00403
00899
05282
02536
04414
02092
05440
02282
02852
04153
05117
01327
05581
01368
02076
03626
00218
00717
04232
03916
00878
02696
00017
03733
04266
00217
04947
00271
01019
02767
03229
05373
01976
04287
04469
02853
04508
05491
04976
02035
03131
01161
05067
04055
02519
02126
00351
00646
05043
00753
05302
00452
04942
04441
02079
00188
02745
03229
05448
05585
01914
02273
02460
04774
04006
01574
04107
03238
01932
04823
01770
02322
01328
02905
00463
02300
01754
02455
02330
04436
05506
00083
02392
00194
05513
02793
04845
03591
01128
02962
01793
01633
01002
02512
03555
04323
03280
05183
03138
02810
05184
04568
04285
01726
05534
05497
04746
02524
04902
03525
04628
00493
04832
00985
02177
04608
02695
02969
01927
02386
03898
01298
01631
04455
00169
03528
01460
05328
04143
03319
03798
03256
05460
05162
02187
03724
03045
04225
03824
03412
00081
05502
00473
00280
02664
04403
03198
00100
04420
03023
05273
05048
05511
03927
01829
02667
03568
03051
04990
00670
00137
03709
05664
00537
04750
00570
01603
04923
05677
03316
02856
03857
04101
03589
04417
03185
05203
04559
01530
02788
02171
02888
00868
04713
00744
00365
01500
01552
04514
03550
00089
00340
00500
01146
03340
03778
00160
00010
01156
02368
04167
03007
02422
02221
03359
01606
02928
04713
03243
01795
04122
05573
00329
04841
02338
03258
02107
04513
01315
05260
02669
03290
02589
00519
03036
01494
02129
01949
05263
01912
05664
00638
01082
02046
03739
03781
03331
03385
02837
01576
03422
02611
03021
04383
01650
05601
00812
01666
05166
02055
05231
04917
02951
00298
00978
00554
00047
01725
03344
03343
00543
00667
03594
01845
04118
01484
05567
00961
02705
02822
02330
04297
02203
05505
05620
01982
00374
00500
04427
04837
03965
04399
04772
05093
01105
00394
02236
00626
02591
03426
01308
00820
01844
02415
01846
05062
04152
01694
05201
00272
04380
04430
02982
03476
03639
01307
04363
04874
05568
01886
05333
00548
05066
00416
02869
02318
00527
03926
05611
03486
03439
02778
05421
05523
02097
02088
04836
01612
04286
03816
01578
02396
05354
03624
04681
00369
00508
01201
01489
03663
00754
03752
01767
01987
00899
00571
04142
01369
03165
01874
02023
00614
03963
04568
04345
02242
05107
04859
02352
04563
00242
00893
03637
01248
01061
03015
00524
03313
04540
02192
04102
03508
02554
00888
02454
04296
01464
04596
01300
01102
03182
03138
01060
05299
05284
01669
00645
00560
03374
01970
01366
03324
02700
00170
02475
03803
04969
01809
01561
01788
03255
00296
03907
04035
01185
05372
05680
04893
01955
01998
04046
00553
05007
04567
01442
01340
03781
01941
03288
02344
00406
02375
03330
00791
02334
02646
01231
03263
00276
02918
00989
01649
03035
04277
01956
00639
05670
03967
00611
00294
04034
00882
00421
03878
04840
03568
05589
04325
04726
05267
04103
02720
04590
02633
01052
00366
00002
05538
05230
02254
04532
00456
01800
00068
03742
00206
04508
00111
05095
03076
01053
03474
01508
01739
04877
01925
03029
02597
03993
00991
03524
03252
02521
00934
00136
03380
02628
03395
04971
02486
01259
00189
02306
02256
02346
01593
00387
03644
00411
05376
00382
04198
00832
04913
01189
02502
02029
04337
03685
01786
05663
02721
01581
02364
04640
02060
02590
03568
01050
05610
01598
05686
00487
04912
00010
04651
01735
00645
02439
01707
00010
01183
04000
01074
04462
01348
00694
04979
03482
05640
00558
02907
02201
00920
01975
02514
03936
03036
04157
02549
03102
05362
00410
01101
01726
00635
03204
02076
05596
01008
04520
02018
01325
00694
03469
01305
00069
02602
04950
04786
04459
01657
03010
02064
00172
03107
05154
03611
01570
00799
05364
04308
02364
02027
01615
02256
01034
01690
04427
00051
04103
05293
04220
05162
00855
00066
05020
04208
01120
01364
00833
04874
03973
02807
05018
05122
04396
02727
01532
01943
01045
04605
02569
02016
01476
03050
02137
05462
04226
03993
04953
03228
01285
04252
00187
02250
02613
00807
03915
02538
02294
00253
05691
01743
00867
00447
05477
00215
01326
00199
00887
01165
01006
02822
05398
04244
00527
01306
03917
03728
00796
01884
01268
04259
04602
04658
01955
03703
04162
03801
02676
01787
03977
01637
00093
03507
05046
04577
02781
01549
04012
01511
04979
00546
00513
00946
00208
01014
00891
03956
00089
05486
03260
04691
05481
01784
01331
05142
01390
04893
05263
05663
00203
02023
05520
04225
01882
00000
01581
00590
04144
04675
03595
04180
03014
01546
05401
03468
01459
04122
01141
03703
05084
03111
01732
05649
04903
04500
00182
02152
00475
00491
03347
00375
04438
00446
03843
04664
00082
03463
04105
05296
03307
04605
02040
04577
00370
05412
03099
05054
03306
00770
04281
05675
02843
05429
04533
01260
04300
01842
01945
04993
00718
03887
02363
03488
05676
00120
03458
00023
03578
02551
02309
04848
03846
05011
03081
00295
05482
00809
00042
00655
04767
01531
01324
03981
04616
04473
05457
05650
03582
01725
05674
04920
04484
03466
05699
02005
01348
01098
01360
03925
03889
01853
02862
01565
03384
04954
03644
03065
04590
05161
03570
03554
03300
01610
00000
04844
02070
02118
02076
04716
02150
01299
02091
03046
05260
04947
05373
03496
04451
04398
02415
04402
04567
03629
01971
01429
05143
05196
04787
01311
05119
04827
04116
05304
02214
05182
03674
04529
04029
05546
04569
04726
01183
03912
03702
00750
04006
04280
00716
02227
03589
00938
04102
02823
04392
00366
03993
05323
02177
03451
04848
00482
01651
05604
04668
02362
04176
03527
01779
03227
02738
00037
00481
03601
03099
05454
01793
02321
04411
03170
05442
02471
03565
04369
00945
03575
01589
00565
01372
04034
04087
05674
03853
00429
04845
05640
04337
03134
00860
03465
04205
02038
01531
01853
04531
05159
04628
00586
02790
01718
01210
02532
04027
03452
00885
01055
02924
02471
00389
03422
01799
01776
00648
02109
04676
00453
04530
01234
04240
03457
02548
04668
04866
01323
02899
05676
04800
04984
03575
00001
02899
00241
02447
02599
01444
02150
02063
00177
00251
01778
04220
00845
04718
01983
00538
00664
02464
02517
04208
00359
04236
00659
04517
02704
00020
02389
03503
02923
01831
04910
04504
02906
05551
05571
02342
01211
05285
00793
00040
04309
01882
05296
03379
01489
02642
00608
00691
03020
02060
01837
03490
04002
01934
03768
02223
01110
01617
02493
02073
04085
01697
01084
01739
03937
05425
05299
01272
00319
05329
05673
01855
03673
02509
05470
04953
03698
02963
01640
05204
04063
03854
00802
01220
03292
02406
02507
05177
02996
00831
00646
04036
03395
04493
02226
00607
05014
02911
01241
00528
03216
04417
05686
00470
03875
01664
01255
01406
01278
02836
03945
00813
04035
00709
02595
03743
04981
05007
04766
00569
02648
01904
02829
03244
03349
04580
00243
05185
00305
01048
03698
03114
05626
03328
02143
03351
03421
04963
05664
04410
03618
02446
03664
03733
00163
05437
04373
04317
03329
03269
02196
03429
04025
04207
04984
03097
03166
02962
02485
01241
00531
03236
04726
03866
02084
03746
00034
04815
02551
05527
04264
04370
02769
02004
05269
01950
04179
04637
02179
03257
01375
04941
04080
05442
00531
01143
02158
02376
00727
05270
03178
04743
05018
05414
01967
00545
02107
02577
04161
01178
04299
05518
00452
05605
04385
03715
02767
01886
05127
02439
04257
04124
00628
02202
03076
01848
04295
02958
01748
04548
03455
01028
00983
04535
02092
02572
04055
02114
04059
00414
00522
01744
00506
03709
05391
03151
02087
02194
01024
01974
01095
04562
00876
01520
00043
04681
03910
05434
02119
05615
03549
02794
02752
03209
01920
00652
05072
04661
01658
03549
05339
01960
02899
01236
05077
04692
01117
03969
01155
00490
01131
05545
01988
05010
05639
00940
01941
00630
04983
03989
00653
03830
03358
02068
01992
02245
05514
02259
04966
01193
05399
01663
02112
02085
02929
00543
01034
01188
02407
01949
00760
00210
05651
03077
01176
03307
00435
03296
02650
02524
01263
02525
02156
04422
03477
03712
05127
00967
05399
02896
02602
00304
00682
02223
01182
00793
01308
00305
05395
00407
02772
05197
04707
02707
00494
02208
00745
01365
01211
04020
02270
01364
01402
03262
02856
00289
00589
00958
05194
01739
00667
02227
05412
02934
04372
02637
05092
04229
02808
04490
02627
03270
02904
02369
05252
04808
01470
04511
03450
00624
05568
03605
02308
00481
02860
03952
04849
05034
04107
04988
04769
01603
02608
05491
03613
05483
03196
00721
01119
02296
01433
04473
04574
05466
02656
05651
04470
05018
00240
01534
00291
03984
01425
03442
01605
02275
04049
03342
05575
00457
00458
02688
01740
00732
00293
04789
05380
02839
02851
01048
02503
01511
00535
03184
04129
04825
01171
02737
02614
02101
03836
02897
05580
03269
02758
04648
04300
04092
02985
04542
05558
00722
04443
04693
04078
04564
04506
05097
00120
03370
02460
02169
00207
03410
05382
02257
01706
02044
03598
00371
00627
03348
05215
04255
04286
00179
00964
04369
04474
01269
04656
00165
02567
01273
02481
05279
04816
04839
04918
01647
00987
04388
01315
04220
00336
03400
00561
02129
05663
00248
02144
00079
01883
00267
01395
03633
00923
02354
02846
04715
04055
04057
00353
00202
05017
04530
00224
03271
02338
05020
02266
02039
03497
04541
03497
03298
01753
00033
01262
01307
01543
02615
02634
04555
02327
04667
02184
01451
01753
03006
01920
03829
01502
00173
01322
00380
04872
04237
04517
01020
01511
02816
03695
01880
03144
00065
02689
00122
01380
03882
04279
05437
04546
05515
00247
00046
05210
01448
04724
05485
03003
04847
04895
04896
01380
02192
05057
00330
01432
01578
04759
05046
03136
02727
05443
03387
04993
00865
04972
01172
05339
01215
02090
05269
04368
05615
01347
03008
03970
04441
00482
04978
01629
05178
02082
03559
04529
02832
00791
02549
02305
01961
05174
03573
01948
04171
02579
00684
04605
04507
03701
00108
05670
02383
04361
03348
03289
01126
04915
00414
02088
02623
02905
04720
00899
01293
02614
02702
04580
01117
02560
05133
00579
01114
04791
00758
02224
02147
01011
00003
02011
04592
00228
00407
01814
03731
05189
04098
04810
01526
01958
02083
05623
04261
01391
05077
03334
03829
01602
02305
04190
02880
01169
05386
03475
03737
03166
04424
04596
04153
04263
04027
01379
04996
02850
00788
00627
05126
04746
04858
00797
00741
03125
04947
04949
00131
02142
04458
02396
04190
00899
03097
04003
02696
03096
00347
03191
04739
05509
05431
02211
03433
04891
04997
03041
00872
00247
01615
05157
02929
01028
00645
00580
03633
01547
02906
01107
04623
03408
05122
00855
04161
01504
01401
00322
03262
04217
01533
01401
01058
04035
04504
04127
03080
00583
04853
02041
04638
01597
02981
00031
02219
05351
04403
04890
04933
03784
02765
05060
03526
00607
02303
02342
02744
03973
01513
03084
01854
00550
03748
05416
05583
01941
04550
03961
03922
05466
01095
00867
02171
05002
01353
00490
05049
02199
04912
00919
01429
04061
00651
03518
03891
00916
00855
01081
02144
03667
01585
00817
03023
05154
04668
03312
03206
00253
02873
03504
04550
00210
03219
01576
05284
05058
03067
04673
02430
03383
04268
02467
02208
01833
00880
00266
01568
00331
01655
04568
02618
04809
05686
01724
04078
00245
04441
04486
03512
00179
04898
00646
01496
04101
00128
04831
02559
02248
04739
00309
00131
02525
02646
05654
04140
01961
04737
03043
04437
00060
04715
00563
04476
04620
01307
05638
00706
03374
01810
00392
00815
00157
01811
00224
04498
01801
00775
03663
01370
05304
05066
02026
05163
04979
05248
01517
01384
01212
01601
03950
00055
02887
03862
05386
02500
00391
05112
03351
00171
00027
02292
03696
05676
03714
02550
01577
00605
04060
03368
03806
05003
05503
04179
02727
01067
01915
05024
00479
04164
00414
05668
02315
03941
04644
01286
02082
01456
02794
03570
03714
05519
02074
01847
05436
03420
00771
02575
00758
04931
03407
00071
01596
04120
05648
04910
02762
00050
02539
05079
02655
02732
05692
00078
00837
04136
00442
00077
05682
03786
02362
03496
05176
02431
04488
05599
02154
03781
02622
03448
04639
02848
03458
02647
00043
05527
03499
01808
03080
03733
04188
04472
00475
05260
00905
02312
01741
00352
04095
01312
01630
02076
05094
04406
03929
02209
01089
03179
03537
01445
03183
00267
01687
01815
00193
00018
04888
04918
02565
03703
02484
02612
01694
04824
00447
02836
00766
00041
01755
05432
04069
02714
02070
05424
05119
00588
01132
04065
02129
03692
04282
01174
00981
03771
02035
00217
02660
02014
02212
04591
05053
04133
04848
05010
02425
05484
00977
03872
01058
00777
01446
01464
04178
01465
03990
02969
01720
03851
05478
00755
00056
01554
02515
02186
04824
03772
02767
03125
03283
02268
01526
04228
03492
05162
04492
01955
00413
05538
00938
01904
00297
04069
01595
00505
01584
04487
05674
00822
01173
03214
02002
02201
04142
02737
05233
02691
04084
04415
02646
04012
04306
00375
00478
01664
03841
05568
04334
00457
04898
05006
00059
04744
05172
01200
02914
00399
05324
00033
04811
02069
02023
01493
01150
02610
01667
01545
02469
04963
01678
01143
04373
03762
02097
02945
03244
02090
03641
04109
03528
02729
00244
05210
02539
04496
00894
04954
04202
02165
02362
05147
03215
02961
04673
03373
00031
01140
02119
00301
01386
01256
05570
03556
04560
02506
05179
05492
03968
05028
02239
05080
03551
02133
01746
04976
01682
04204
02820
03695
00708
00512
05634
03468
04808
03141
05400
03125
00748
00867
01857
02762
01792
00940
04543
00367
04258
02228
04622
00201
03647
05421
02811
00230
01458
00141
00750
02117
03332
01876
04581
03296
04116
05259
01668
00786
03105
02187
02495
04205
04387
00568
03295
02088
00719
02910
03921
00907
04848
05581
03508
01876
03263
01789
03418
01718
01190
02864
00150
01949
02609
00476
01001
01832
05345
00895
00436
03551
02254
02514
01570
00957
04497
04294
03087
04847
02100
04293
00153
04976
02070
02472
01126
03836
04622
00228
00683
01896
03211
01075
01320
04743
02789
03009
00097
00435
01828
01907
01294
00360
03808
04890
01742
03202
01837
02746
03983
01227
00085
00239
01974
00890
04923
00826
03216
05274
02759
00894
04723
02020
04328
00937
02010
01597
03409
02121
00777
04306
05137
03008
04545
03001
02465
03039
00042
04059
04845
02112
00401
02923
02056
02107
03216
02334
01020
03639
00302
02559
01778
05494
00853
01591
03370
02259
02481
05249
05548
01577
04439
05631
01055
00169
01403
05357
03967
00925
00099
01664
02042
01707
02802
04436
05419
04877
00424
03535
01641
05642
03336
03840
02611
04318
05685
05520
04065
03480
00005
01068
01274
05326
02493
01876
04787
02863
04458
04829
03409
00236
02876
00290
01339
01396
01194
03002
03288
03820
01622
00177
01989
03480
05362
05644
00638
04513
01800
00771
02944
05481
02994
04726
04447
02070
02491
05213
02765
03897
04859
04505
03591
00520
02866
03831
05502
03802
04577
01880
02522
02846
03428
00965
02877
01516
00100
00034
00636
00559
00221
04292
05508
00650
05004
02302
00623
00186
04236
04181
00404
05124
04395
02573
03817
02937
01520
05410
04004
03846
04983
01716
00086
04294
01196
04877
00672
03439
00650
00565
01096
00340
02104
03960
00088
02246
03327
03173
05142
03111
01144
04939
03629
04084
05140
00809
04547
03863
03334
02948
04232
03931
00744
00412
03610
04752
05034
00723
02712
04804
03867
03682
04325
02252
05482
05014
01842
02221
01435
04024
01405
04799
05088
02342
01979
05268
00699
02664
04321
03510
02837
00447
01043
02305
01551
00345
01036
00236
03937
02751
00750
02432
00657
04673
00241
01968
04779
00170
03140
01372
03927
02548
02462
01924
02539
01115
00271
03132
01076
04879
04280
01646
01200
00445
02977
04518
00370
05611
02762
00142
02837
03791
04081
02774
02890
05285
02872
04286
01770
03749
00182
04507
01229
05032
01839
03732
05350
04800
01129
02109
00171
01298
02399
00271
03735
02229
00349
04704
02807
00077
02410
02994
00287
04953
01011
03307
03224
00816
04140
04891
03419
05550
05417
02053
01035
01062
00891
04397
04724
00940
00497
04439
05016
00257
00630
00865
04559
02620
03964
01959
02900
03332
01051
03372
04662
04124
04181
02374
04025
03672
00410
03139
05411
00733
02917
02770
03715
03468
03422
00789
02529
01103
01042
04337
01738
03072
04313
03480
01863
02520
02118
00304
03583
00313
00958
02700
05351
04809
00854
01712
00422
02974
04123
04406
02457
01558
05334
01800
01659
03896
03504
02814
05162
01286
03165
04035
03119
01406
04220
03549
04292
04632
00798
04026
05389
05041
00709
00698
01529
01463
01396
05388
03963
03869
03966
01776
04349
00122
03295
02172
02584
01870
03450
04850
04334
05008
00137
04515
02209
01780
03943
04686
03257
05532
01637
02318
02486
01195
02273
02291
01248
04230
03532
03559
04872
03671
03111
05466
01936
01792
02425
05664
05630
01576
05330
04591
05521
01777
05291
04346
04402
02918
01807
02680
02399
01925
02523
03344
05518
05182
05687
01053
04013
03030
04681
01385
02429
00930
00678
01862
01345
02764
02927
03256
01017
01728
01006
03624
00488
02153
02951
04091
04676
00628
01414
01000
02965
02442
00035
01187
01617
03293
03326
05433
03791
03280
03373
00529
04022
01479
02715
03737
04989
02347
02126
04115
02497
04671
03709
02737
02211
01845
00205
01899
02016
05077
01490
02596
02499
01939
02162
05207
03915
00169
02854
03579
05190
03322
05309
03607
01122
01194
01958
04328
01847
04571
02466
03066
00566
04213
05211
05501
03045
03580
02420
03321
00286
03050
03934
03945
05274
02216
00384
03257
00688
00497
00235
01407
02875
03203
03764
02864
02971
01498
02240
02537
00843
05399
01783
03680
03307
01138
04624
05570
04530
04374
03709
05014
04602
04143
00386
04296
00233
05654
02944
04797
03039
00407
04613
01630
02058
