02540
00854
03080
00214
02243
05572
01506
00453
04282
02905
03465
01894
04684
02179
03947
04371
04905
01838
04028
02840
01670
04594
05249
05031
02965
03766
01195
03993
00112
04767
03163
01154
01679
00441
04644
04240
03321
03072
01519
00095
04439
05451
03831
02331
03491
01590
00244
01236
02847
02763
04949
05143
03235
00685
01478
01743
05358
03296
03218
02935
01693
03576
03457
00954
03034
02492
04770
00681
02220
02742
05477
01625
04140
01371
02015
05270
02231
01298
01072
01544
03359
04290
04577
04033
02557
04316
01606
02431
00225
00546
01028
01060
03242
04210
01452
00048
04561
05492
04133
00184
04159
02332
03784
05221
04542
03835
00773
00203
03181
01289
03875
04996
01806
05127
01316
01929
03801
00660
01414
02828
01395
00174
02822
04437
04122
02627
05472
00727
02359
01203
04113
03502
00694
00099
00093
00664
05009
03137
03564
03789
03272
01871
04912
00956
00973
04558
01858
01187
01692
02793
02058
04298
01320
02106
04252
02621
00977
01309
05215
02565
04241
00719
04810
05345
01109
04514
05448
01766
00681
01664
00314
05008
03948
02041
01531
03556
00419
03404
00799
01412
00969
02222
02580
03405
01092
03897
04043
03921
05011
01812
02640
03436
04291
00795
05524
02341
02721
05003
01292
00163
03946
02060
00498
04425
04254
00923
01353
01616
01715
03923
05151
01663
01125
01944
02571
04905
00427
03039
04853
02500
05317
00605
03893
03233
02705
03435
00499
02317
03133
00531
02990
01827
03639
02938
05016
03499
02241
05193
03230
02227
00672
04697
01446
01641
00115
01050
02801
00018
02048
00193
04736
00266
04138
03436
04306
03704
00927
03795
00203
00365
03630
04717
02001
00345
05365
00668
01104
02155
01401
03478
03805
04035
03503
03729
04440
03413
00663
04650
01642
02972
03432
04881
02446
05368
00710
01269
05388
02885
04112
00872
00544
01018
05366
00558
02330
05595
04584
03720
04254
04251
04266
05207
00715
04498
01348
00271
03609
00311
00117
03354
02555
01818
01703
02885
00772
04609
00989
00843
04327
05596
01993
03228
01270
00999
04187
04234
00972
04156
04756
02032
03142
00210
01689
02303
00235
04054
02978
00519
04941
05540
00914
05470
04296
01090
01441
02000
00135
00825
02676
00035
01190
05489
00622
04613
04049
00008
03104
02548
01676
01263
03677
05578
02572
04194
01576
04004
05410
01281
02222
02733
01624
03247
00240
00811
01556
03622
04537
04070
01370
01141
05550
03504
02893
04312
00195
00086
03734
00722
01642
03265
02525
00138
04966
01225
04244
01247
01630
00119
03636
05544
00429
00566
03934
04685
04662
05173
02563
00892
02324
05563
03136
01129
02063
01800
03809
00869
00684
00611
05351
01401
00348
01957
00068
01183
04628
03073
01570
05021
02812
04303
03779
03903
04737
03732
02404
04369
00933
01648
02971
03254
03286
01603
05407
04487
01948
03836
00486
02251
03340
02304
00649
01903
00218
03892
00260
00227
00235
00551
02522
03633
02280
02078
04342
05243
02990
00381
00108
00303
05283
01135
04061
04041
02051
02355
01369
03141
00984
02339
02879
04160
00232
01441
01536
04843
01096
03521
02338
05354
02575
01229
00576
02447
05253
02521
00559
03821
02810
00260
04379
00060
00435
04039
04719
05385
03870
04957
01524
02167
00615
03855
05073
03446
03748
03323
03153
00286
01227
00928
05122
01768
05219
01897
01689
04137
02039
03443
02162
04492
02503
04669
01173
04427
00249
02187
03445
00874
03469
01463
00147
00848
05294
02933
03519
04610
03843
05345
04478
02206
01382
05159
00551
04305
01964
04558
02471
02934
02595
04194
00548
04043
04346
02428
00831
05553
02745
00112
01522
03136
03186
02036
01977
00452
04111
01576
03374
00697
01323
04390
05260
04382
00797
02312
01429
00729
03886
01136
02639
00135
03244
03543
05033
03102
04535
05270
05531
01825
00408
01290
03819
04031
05394
02728
02444
00520
01712
04605
00801
01005
05566
03360
01344
04851
03284
00727
01073
00756
01613
02499
04725
01426
02230
05353
01156
04664
02465
00349
02703
03023
03961
00045
02020
00250
03152
04551
05103
04463
04853
05544
03805
03315
03777
01538
05468
03344
05200
03625
04479
04437
04973
03195
05150
05035
04037
01226
04217
02703
00350
00679
02109
04880
03329
04364
00959
04455
03634
04549
02566
05550
03520
05020
00997
04895
01048
01537
03654
00682
01684
04690
03842
00370
05457
03565
00556
04612
03486
02671
00621
02869
02288
00231
00554
00600
01170
02172
00003
03576
03738
02071
04597
00280
05367
04751
01854
05253
05222
03823
05472
00372
01508
05062
00095
00285
01150
04939
02276
01652
04036
03531
00036
03392
04924
05169
00859
02233
05394
00176
05042
04707
00941
00656
01087
03905
01853
01106
00076
01048
01041
05346
03152
02242
01061
03512
02361
01996
05432
01803
02635
02124
03387
01907
05185
03682
03686
02137
05106
00681
04005
02461
05552
04506
04271
04611
00810
01886
01399
05244
01554
01966
00379
00716
05304
04521
03706
03037
00052
05521
02403
03712
04739
00258
02728
04635
01641
00560
05585
03283
00565
02780
03469
00055
00898
05138
03363
00646
05049
05538
02983
01215
04052
03898
01513
03011
04350
02236
03815
03689
03094
03649
03714
01278
00370
04426
02574
05334
03391
04702
00354
04052
02663
03877
01520
00401
02892
01631
02351
03213
04752
01890
02483
00975
05431
03663
01438
00570
04868
02832
00656
02511
03104
02640
02330
00441
00794
04086
02961
01689
04520
03008
02845
04686
00363
03288
01681
04352
01777
02677
02485
03434
04019
01553
02335
03778
04031
03970
03712
03110
04976
05112
03098
05220
02137
01170
02159
02757
05089
00637
00181
04312
04071
03434
03974
00471
03431
03146
02676
01304
04853
00520
04186
01010
02406
00100
04781
02026
01455
00200
03441
05145
01253
04104
04392
04539
05283
01307
00645
01015
01481
02352
03423
03334
02401
02703
03521
03330
02686
05326
02206
03277
00605
00332
01378
03802
02317
03789
04675
03547
01227
01619
05110
02665
03334
00949
01950
00778
03682
00735
03680
05506
02648
02949
01938
01880
00378
04133
01265
04195
02867
02360
05426
01362
03565
04341
00208
03381
03213
05571
03876
02635
04920
00792
00179
04232
05497
00114
00865
00867
01051
01457
04643
00410
00784
00784
03090
04770
01172
05022
00892
00270
03340
01245
01172
00283
01640
01303
04585
02231
04104
01783
04628
04812
00378
00459
01100
01420
02081
03572
04564
03034
00721
01639
00755
02355
03287
02276
02916
03159
01846
03024
00228
05432
02284
02673
00136
04574
00979
00901
04913
02644
02211
02047
00280
04146
02804
00448
04036
00872
01026
05358
01659
03492
00777
03251
01588
04929
04400
03765
04554
02796
05570
00077
03597
01075
01591
03847
05267
01389
00049
02005
03948
02432
03618
04559
04083
01171
00843
03435
02400
01968
04063
03605
00890
01813
00679
02283
02026
00472
05118
04888
05259
01525
05596
02315
04957
01973
02256
00851
04344
04380
05287
04569
04190
03375
04585
00698
03817
02017
04034
03807
00612
05049
01182
04891
03158
03457
04814
04705
00952
03565
03271
04096
00776
03557
02921
05084
04310
01009
04861
00329
01180
02177
01432
00806
03754
04694
01053
05364
04223
04624
03390
03442
01588
05045
03970
03767
03634
02299
00194
00074
00548
05554
03854
00193
03751
01681
03181
01941
03677
05275
05505
04574
05505
00270
05129
01328
01077
01192
02400
02770
02744
03477
01570
02487
03699
00122
03599
01850
05586
01368
04488
03867
00272
05469
00183
02160
04843
04300
00555
03018
02070
02055
03680
03430
04877
02935
01693
00075
03747
01241
01815
01351
04568
02628
00371
05249
05126
03130
00041
00250
05179
00555
04228
04550
03841
01825
01414
04544
00728
04300
00648
00207
04869
02506
04990
01843
02275
05233
01177
00363
00728
01533
01958
02855
05155
04881
04949
05445
00881
04011
03860
01067
02959
00713
02521
00512
02810
04178
03518
02854
03410
02051
04871
00855
03629
03990
03423
05052
01512
01552
00672
05252
03448
00360
03474
01575
04030
05551
05227
04600
02712
00320
02196
02144
05557
00262
00524
02748
04929
03748
02885
03797
01918
00133
03916
00152
03827
04001
05159
03346
00478
04840
02423
00554
00486
04974
00861
02875
04044
04083
01433
03564
04479
04846
02477
01517
04942
05077
00032
00464
04856
03564
01278
02690
00511
04903
00573
02757
02555
03678
00826
01579
05579
01516
03490
04209
05383
04676
02797
05301
03377
02801
01252
03574
05193
02503
04867
01927
01408
04107
03930
04399
03364
04604
00557
01792
00569
04125
02427
04273
00425
04385
00412
04699
04275
02929
03940
00684
04383
05180
03204
01356
00369
00508
01936
03434
00572
00673
02042
03905
02221
03708
05437
00204
03144
01034
03670
00739
02993
04955
03469
02674
00161
02014
02353
01332
01112
00139
05217
03953
02897
00108
00424
04081
02257
03721
01312
04348
04889
02702
00406
01423
03068
03451
02542
00733
04586
03625
02301
01184
03434
00084
02133
01306
03942
01705
02238
05485
00640
04653
01534
03602
02979
02503
03195
02106
04500
00363
01848
02207
05223
01380
03932
04038
04846
00766
00624
01460
03628
00109
01894
02218
05544
03581
03927
02014
05469
01047
02885
05399
04046
04332
00639
02213
02391
05377
01379
02682
01950
04631
04381
04937
03273
02038
00142
03130
02697
05494
01704
04391
00179
02794
03477
01846
01552
02441
02616
05426
01994
01178
02443
04168
03719
05243
01543
01212
03090
00398
04386
00710
00500
01473
03635
04909
01378
02745
00817
00093
05424
01178
04281
01704
03043
03892
01710
04855
01348
03949
00091
04426
02929
01896
00660
03572
02093
03600
02843
02060
03960
04675
03262
00945
03961
05149
02653
05086
02071
00383
00201
03526
05351
05212
00968
05452
04896
00064
03798
01889
00266
04989
02373
02266
01141
01044
03717
02510
03526
05084
02206
04457
01708
00050
01114
03472
01393
01278
03488
03314
01612
04861
00411
00006
02835
01040
01049
04711
05485
00577
03055
04041
02854
04909
01978
03286
04956
01554
03040
02154
04342
01654
01621
03079
04020
01201
03897
01334
04993
00409
01887
04827
05125
00200
01609
03987
01143
03500
02927
02925
03600
00778
01950
01378
03994
01904
01149
04626
02952
01590
01834
00156
00671
00048
03139
04986
00498
02675
05505
04247
01291
04385
01791
05390
05253
00819
01496
00416
04951
01762
02062
04530
03659
05137
02215
01888
04236
04987
03410
05410
04413
02325
00680
02170
00743
01567
04173
00758
03051
00556
05397
02312
02069
03307
00835
00095
04817
05586
04429
00674
02263
04934
00443
04009
05410
02506
04046
02424
02399
04577
04286
05017
00129
00033
04700
04981
05137
00598
01334
00462
04290
00752
04345
00604
03619
04139
00656
04546
02957
05369
03690
04940
02876
03246
03642
05064
00123
00967
00344
02750
01848
04695
00133
04557
03190
05200
02859
02595
02689
02218
02531
05336
02269
05460
02224
03080
04631
05300
04393
00875
01053
04668
03925
00723
00489
01996
02606
01793
04664
02397
01159
00741
02746
00753
01098
04912
00194
02965
04922
03095
00988
00047
02199
00103
05406
05514
00704
02687
04023
01659
05363
00046
01349
02864
03664
01578
01347
01588
02748
04330
02526
03041
01600
04545
04265
04610
02481
00471
02343
00324
02635
01894
00933
02425
04599
04814
04234
00712
00492
05365
01990
03316
02129
01631
01704
05031
03041
04389
02028
03643
01095
05301
00497
02246
02952
04742
05193
02783
03136
03703
03241
05361
05380
01219
04608
01435
01543
04866
02981
03009
00984
03039
04617
03283
04168
03281
01131
00503
03370
01817
02634
05557
03859
02551
00373
02976
02721
05161
04542
01756
00312
00674
02958
01744
01895
03426
03986
03306
04394
02135
01138
04841
00104
04144
03138
03787
00412
05370
00178
00243
05137
02233
03392
01174
02054
00069
01069
04963
03089
04990
05581
02700
01088
04621
01656
03350
00826
05112
01694
00409
02532
04610
01303
04948
03968
02557
02167
04464
05520
00620
00897
04591
04088
03418
00531
00401
01793
01041
01023
00771
01370
02808
01753
01700
02105
02508
02220
05205
03584
00505
03848
02141
02810
05269
01206
02486
00068
05305
03884
05080
05576
05565
01691
02495
03141
05487
00421
03323
03979
04656
03629
05012
02594
01707
02151
03384
01482
03378
01134
02147
00028
01879
02068
00586
02960
04613
05172
03204
05592
04280
00771
05557
02634
04799
05413
00024
01883
03084
00028
01960
05062
04982
02396
03691
02859
02732
03417
01563
03925
01461
03298
03315
04084
05128
00359
01267
01193
04357
04852
01968
05216
02383
05186
04347
02263
03687
04291
03212
00605
01254
05532
01835
02518
01654
00911
00762
01083
03150
04885
00066
03838
03112
00171
03001
00203
00960
04388
02349
03817
00651
01756
02288
03872
04818
05356
03488
04149
00041
00505
04657
04369
01232
04167
02745
00320
03974
02539
03543
02677
03557
05055
04897
00874
03998
03630
03977
00068
00370
03983
02252
00022
05034
04046
05303
01948
00115
01765
03254
02216
00793
03627
02266
04890
02463
04771
00005
01639
04473
01973
03253
01788
05510
05177
01227
02812
00845
05167
00248
02661
02418
02700
00483
04945
00245
01679
02809
04601
02120
00434
02257
01523
03083
03324
00571
04092
03782
00403
00228
03440
00642
00015
02664
02198
03076
04745
05013
03001
01351
01394
01720
03601
03029
05088
00167
00257
03394
01059
00746
00121
02693
02614
03335
05499
05395
04785
02504
01242
04634
01531
02218
00703
03575
02173
00965
02438
00340
04146
04211
01125
05217
00890
04639
03692
00270
02510
02508
02727
00515
01902
01887
02945
05277
04885
04937
01251
04261
00846
02421
01178
02349
05024
01099
04343
05162
02533
02686
01519
02953
00408
03288
05379
01968
02765
01408
02618
02642
01914
01093
04202
04685
02547
01578
04117
02788
00628
05198
02960
01716
04983
03799
01055
03158
03781
00506
04700
03728
04329
01257
03735
02648
03808
03961
04567
01510
00749
04015
04927
04020
04617
01127
04715
05397
02231
02433
00665
05263
03734
04552
03749
00214
03567
03968
05037
01862
02542
01964
01587
01341
04014
00953
05505
01747
00941
04618
03718
02488
03807
00448
04959
01416
00670
04262
03473
04205
01918
04727
00914
04337
00895
03564
01831
04541
00092
04742
01320
01395
03360
05428
03552
03525
03320
05378
03665
05137
00835
01310
04116
03898
00134
04360
05182
01187
00957
04693
00254
00074
02732
04544
03554
01214
01395
03758
02297
04351
05440
01308
02580
02289
00990
00103
01638
01212
04107
02648
03243
04291
01415
01194
01444
05567
04264
01625
01056
00216
02122
00585
04438
00064
00452
02480
04271
03787
03703
05441
02368
02894
04991
01974
00213
04627
01484
03097
03178
04310
03818
02959
03762
04736
05404
04578
03611
03965
02119
01353
04265
05308
02314
03126
04670
04578
02508
00795
04763
03243
05390
02330
04544
03967
03071
01928
03151
03565
00878
01277
03375
00199
05466
04443
05516
04441
03238
04985
00124
04871
05320
01835
04509
05218
02624
01775
03417
05510
03686
02422
03275
02611
03900
03692
05116
05254
05026
05255
01670
03572
00809
03176
02618
01218
03327
04561
01884
03204
02313
04548
02796
00272
05327
01843
03840
01982
00240
04905
04684
03135
03639
05267
01220
02998
02117
04077
01272
01495
05102
02213
01470
00699
01632
03406
00782
00285
01853
04452
04038
00980
03338
03190
01262
00078
01311
02133
03894
04869
00287
05559
01883
01664
05506
00232
04360
04425
05326
04879
01529
00934
05285
03512
05147
05366
01367
00547
05520
04875
04023
03496
00046
03486
02475
00036
04167
02547
03198
00677
00355
04618
05040
03919
01673
03039
00333
04968
00893
04799
00634
01510
00035
00551
02571
03667
04194
03930
02610
04666
01987
00351
02483
00497
01144
02485
03443
05346
05114
03348
00174
02360
03051
02370
02567
00898
02491
04878
00410
04295
03173
02924
03054
00007
01465
03790
03526
04490
01781
01211
02902
01863
04396
02222
04179
03731
04329
01902
02499
03044
01292
03077
00788
03104
03634
02080
01160
01223
00340
02882
02446
01626
02214
04613
05004
01126
02944
02094
02872
00657
03129
00555
00518
02432
03022
02860
02396
04098
04803
05564
00833
03453
04704
03002
02419
00307
04285
03512
02872
04400
01560
01135
05229
05075
02659
03581
04346
02647
02331
02045
03686
01724
03058
05121
05479
03703
04878
01581
02225
00659
01291
01619
04752
04898
00283
02375
01265
03172
02126
01023
02906
05170
00621
02601
01306
00744
01631
02185
02363
01549
01423
03213
02900
05056
00869
00270
03163
03552
03440
04485
03992
01112
02629
03144
04756
00102
03009
03264
02608
02215
04170
03432
04018
05504
00980
01284
03259
02539
02016
02556
03764
05052
03839
04819
00934
03311
03060
01352
02152
02001
03447
04360
02803
01863
05493
03918
03378
04734
02197
01401
00021
01456
02326
03720
05157
03088
00980
01876
04754
04562
04457
03370
02183
05434
01584
00452
01567
01951
04228
03554
04177
01820
03399
03114
03271
03987
00127
00986
00749
03134
02907
05062
00964
00468
05076
01522
04470
01971
01006
00621
01764
05072
00798
04968
05050
04153
01093
02226
02948
01667
03706
02769
04795
01621
03877
02495
01848
04464
05096
01439
04681
02713
03672
05146
01953
03045
05545
02203
04553
04640
04329
04259
01396
03289
01634
01449
05361
03502
01251
05074
04985
01327
03512
01896
05160
02866
00309
05595
01737
05235
02482
00145
00330
05541
04784
01899
02703
05561
03802
04661
02818
01993
04999
05193
03176
05570
03099
02882
01518
04012
05261
03480
00994
02616
01571
01052
02239
01861
05274
00913
01664
01262
02242
00229
02869
03315
00806
00235
00947
03875
03465
04279
04038
00131
01100
03445
04674
04445
00172
00934
03319
02952
03208
02519
00707
00944
04224
02464
00065
03810
03033
05175
02271
03863
03965
03214
03149
00346
01151
03887
04433
02327
00316
00754
01784
02753
01341
00409
01319
04320
05177
00105
00111
04822
05239
05413
02687
02317
05361
01736
00083
00703
04501
02175
01291
00704
04997
00257
00758
00748
03774
01132
03085
05193
00629
01852
03868
02328
01597
00170
00635
00158
03334
02304
04059
02473
02495
05333
01179
02241
05404
03785
01978
02925
00211
05118
05159
05215
05504
03953
00341
03133
02536
02228
00010
02125
01626
01481
03639
03420
03953
04413
00801
02187
04311
03550
00861
03798
01700
01018
03387
03586
02500
01494
02809
01795
03798
00648
01945
00359
02704
05330
04493
00611
03680
00668
01454
03288
04109
02252
01483
02561
00093
03076
05375
01787
03440
05592
02939
02289
02441
04202
00259
04643
04268
00804
02325
03219
00291
00817
01187
00429
05018
04409
04770
01296
04427
01624
02107
05596
04692
01817
03326
03322
00292
01524
01751
00802
02261
01697
00121
02509
01426
05527
03734
00601
00570
03558
02865
03474
05469
01677
01418
02851
03683
02649
03480
01273
02444
02875
05270
04303
01490
04325
01492
05403
01898
03009
01294
01941
02794
04141
00953
01887
01028
04407
03897
01238
01616
05040
04817
00020
03273
04336
02194
01406
00366
05479
01844
01105
00424
04347
01698
04772
04970
01955
02255
04026
00276
01535
02727
04134
00787
01041
05153
04379
00643
00540
03120
04848
01044
02167
05401
01676
01738
02382
04190
00819
05278
01046
01529
01517
00482
03083
03173
04303
00002
02056
03413
00649
02086
01569
03560
05035
04948
04672
04436
05396
02898
04539
02527
02009
00553
05166
01101
01679
02469
03803
01492
02549
04249
01946
04939
02816
05471
03166
01153
05252
05149
03847
02346
00380
05123
04573
01299
02199
02289
02383
02839
05503
02070
03368
04458
00935
03091
01418
05234
01072
04605
05546
01206
02520
02625
00296
02063
04640
05123
04234
03227
01912
05439
01428
03888
05129
05392
03749
01037
00830
01710
01457
01964
02832
01650
04023
02068
03693
01013
01182
01963
01892
02615
01969
02249
04240
05180
04468
00295
01375
05233
01185
00791
03101
04716
03556
02701
04674
02448
02831
02874
01556
01903
03995
03833
03066
04779
02748
04866
00831
03125
03135
03805
02719
03031
03810
03953
03410
04429
03504
03482
04625
04301
01048
04632
04201
04999
01962
00900
02651
01512
03885
05022
01550
03289
00415
02337
00050
04612
05162
01592
04626
00662
03231
00810
04469
03264
04531
03729
01616
01976
04434
01545
03500
03292
05060
05507
02991
02774
01818
03929
00650
05115
02997
02940
01246
01518
03732
00361
03244
04770
04855
03866
02456
02652
01749
03864
04921
04918
03862
04622
04576
01600
02286
03354
02370
00162
01623
03196
04163
03740
00809
00657
02305
02766
00377
05401
01370
01363
01067
05556
04027
01768
01077
04107
01031
04651
04498
00203
02176
01022
03616
02604
04020
02987
01847
04208
00743
03810
03494
01703
02265
00989
00427
02639
04084
03076
04654
01785
05557
03436
04378
03238
00692
01915
00442
05553
01329
05031
03597
01221
04285
02716
00965
02415
04546
02652
01313
04047
01520
04224
01316
05032
00006
02749
01362
05335
03609
00386
05576
00416
00195
00766
04149
03171
03979
01406
04184
03246
02796
02580
03991
04300
04293
00659
03129
00059
04797
05527
04737
05083
03025
03041
01191
02178
00028
04864
01269
00429
04642
02540
01851
01361
03992
00427
02991
03088
01715
03990
01828
03495
02347
02454
05318
05283
03724
01384
04080
03219
01242
01376
02538
01049
05086
01609
04066
00603
05265
04810
03973
04694
05347
03749
05466
03538
03273
00921
02588
03696
02369
03719
04563
04319
04579
00337
02125
05230
03973
03326
01309
00893
03531
02267
01968
04972
00810
02779
00137
01589
00216
01471
00568
03669
02513
03025
05371
00421
02408
02058
03409
00807
02792
03412
02263
03100
02502
01673
05377
05586
00742
03610
02006
05147
01510
00108
01416
01976
04746
02524
02767
05492
03077
03459
04290
00238
04608
00085
04689
01359
02955
04196
01249
05273
05054
05025
00645
05088
00010
03586
02069
02610
05472
01791
01454
01041
03549
05143
01542
02242
02706
00943
01546
01118
01068
03962
01269
05414
05348
05077
02319
02259
05156
00169
03425
00235
04116
00883
01392
05584
04833
04416
00190
00722
03242
02610
04984
02277
02854
03872
03836
00909
02037
03673
05292
03669
03905
00168
04200
03360
02224
01492
00843
00599
00425
03231
00740
02720
00961
02798
00174
01583
01025
00775
00014
05175
02390
00726
01002
00697
00852
02283
03713
04573
00424
02237
04842
02815
04120
04754
01996
00448
01081
02582
00471
03933
01102
00488
02622
05309
01495
03605
01042
01411
05181
05436
00924
05027
01304
00624
01814
00978
00796
03484
00230
03287
01694
02720
02104
05341
00134
00538
03639
03178
03987
05568
03720
01866
03941
04554
04420
03460
05419
04557
04560
03406
05097
01057
03642
03293
02118
01027
01329
05172
02480
02775
02881
02301
05452
01574
03082
04726
00254
04773
01053
01091
01873
00758
01842
04322
02083
05223
02921
03099
04560
01913
02363
03733
04602
03739
03196
01894
01970
02676
00527
02179
00773
01760
04581
01813
00198
01714
03764
02989
02292
03191
01265
03598
02728
01051
01162
02184
04189
01285
00033
04997
01596
05181
02056
01884
03682
05166
01558
05155
01265
00519
03364
02882
00816
02587
00871
02243
05599
01256
01546
01765
05116
05525
04967
01551
05419
02548
00705
02369
01862
02055
04289
02343
00352
02687
02540
01063
00791
00927
00445
04281
03830
04255
04484
02454
03428
03148
04602
04777
02445
03821
05152
00899
04554
01249
05236
03883
00399
05316
02894
03890
02097
00784
01853
03683
05267
03616
02809
00025
02636
01968
04453
02124
00470
02848
05251
04483
04693
03544
00403
03853
03873
02181
03498
01675
00082
00704
02315
00868
01864
02032
01028
00476
05557
00550
00616
02463
01095
01287
04708
00984
02645
01543
00608
02750
02884
01551
02325
04621
01239
02913
00421
01682
02482
02099
00251
05120
02633
00759
04960
05537
01674
01851
02967
04422
04419
03916
04630
03647
02833
02261
04993
00262
02982
00614
04900
00245
03158
04176
02637
03736
00958
04428
01252
00381
03314
03931
04841
02568
01570
00936
02440
01187
00136
01002
03578
03059
02608
00934
01243
03813
04964
00977
01892
01191
01491
04882
01221
02004
04126
02502
01633
03559
02719
00094
00485
04945
02390
03938
04550
00421
03729
04473
05206
04400
03958
01088
05219
03654
03313
05592
02412
00951
03989
02813
01537
03585
04209
01904
05142
05215
04528
01174
01571
03871
03308
02233
02139
01362
03249
01868
00711
02364
01706
01420
02751
03019
04042
00194
02532
02820
03352
03430
03517
03128
03736
00733
04044
01750
02130
00674
00811
01595
00962
01219
02409
03332
00731
05058
03323
00292
02040
03356
00448
03376
04929
05063
03766
00312
02518
04980
05331
04561
00859
02995
01921
02797
05536
05366
03800
05099
00300
02126
00217
03787
01830
04114
04165
04314
04831
02238
02168
04875
03135
03095
04710
03399
04330
01996
01616
01307
01615
04985
05250
02640
05453
02853
01548
02840
05474
00652
04859
04484
00594
01015
05427
03539
04560
03046
04876
00868
00716
02991
01862
02444
01465
03872
02891
02339
04730
01537
00351
00121
05064
05269
01030
01606
00770
05151
03090
04543
00786
05186
01351
02789
02616
04544
00462
00087
01685
02884
03154
02439
01014
02139
04282
02282
04059
02716
04163
03497
03939
03753
00826
03445
04342
00109
04915
04664
02799
02629
02025
03110
02659
03772
03538
01873
05554
04015
03613
02652
03017
04911
01963
05223
03026
04676
02184
00234
03385
02926
00740
05213
04731
05255
00722
03380
01101
00645
03101
01608
04614
00987
05282
03599
04714
05183
03982
02702
00148
05510
01876
02309
02080
04684
03947
00520
04210
03696
01442
03054
05446
04443
03937
04003
04597
02625
00734
00728
00736
04224
01880
03866
00765
02854
02163
05216
02043
03119
03024
03518
02067
03019
01256
03830
00973
02622
04838
01678
05324
04097
01406
04508
04695
03879
01582
05246
03461
03738
01615
02535
02340
00931
05431
04340
05062
00360
03087
03516
01417
05519
02412
01285
02626
02529
02093
03316
01861
01546
03311
04092
03475
00285
04048
00024
00032
02164
04414
05523
02271
02485
04283
03492
04589
00145
05232
02968
03031
04646
00843
03912
03017
04996
04694
04201
03797
05324
04981
01473
00891
04531
04572
01175
02651
04007
01163
04132
04276
01353
01383
04870
05208
00600
02645
01332
01774
00366
01942
02571
05443
03652
00314
00198
00687
02097
00066
03948
01696
03087
00918
03140
02917
01534
04287
00547
00504
03778
02787
03206
00744
05224
03291
04443
04066
02854
03762
02937
05116
01504
00316
00081
05375
01030
05520
02332
03534
03899
01924
05043
01495
04368
02532
03934
02516
00559
01742
05348
03198
04948
04461
05505
04112
03509
03471
02934
00467
02083
05253
00346
01963
01416
02999
02797
01501
04528
02978
03725
01979
03237
01424
00866
02542
04402
05426
02965
01983
00297
04507
02014
04642
00064
03196
04761
01759
02229
01879
00186
00926
03571
00675
02808
04334
03245
01628
00837
02707
01511
00707
00286
01194
04244
00601
03677
04985
03737
01844
00812
04376
00432
01371
00276
03798
00649
03940
04403
02506
00908
04712
03308
03095
02522
02495
04504
01786
02641
04733
01947
03731
02797
05000
03090
05230
04203
01205
03272
04013
03177
04670
03015
01204
01994
03331
03723
01904
04853
03770
03794
03205
01597
03476
04496
03346
02780
03405
03967
04835
00056
00751
01364
04339
03335
04996
03885
00700
02447
03062
01382
01885
02118
02438
00138
05446
04888
02405
05191
01667
02215
02705
04058
05443
03373
02959
03690
04292
01692
01954
00241
05148
04167
03270
05300
00166
05594
05132
05139
01288
02307
05394
05244
01949
04916
04317
01242
05219
03616
01046
01067
00707
02083
03454
05200
03641
00639
00687
01693
02559
03776
02577
04016
01434
04353
00886
01950
02752
02088
05011
02953
05317
02732
04635
04782
03649
01431
01177
04730
04447
01286
01033
03709
05028
04557
04148
04727
02074
05463
02823
04494
00761
02412
03407
02498
04913
02731
00467
00407
03286
01974
01677
02738
00456
01645
02662
05407
01341
05363
01069
05199
03438
03149
00116
01791
03707
01289
04936
04371
02683
04027
00875
03073
03461
02114
02031
02698
04724
02825
01808
04676
00986
00585
00271
00242
00356
05131
00295
04661
02726
00812
03182
05467
01187
01082
02282
04662
04730
05307
01325
02152
00048
03724
03534
04826
02487
02055
00261
01100
01880
01790
01635
05190
01922
04867
01036
05293
01454
01738
03762
02002
03182
00134
01423
05508
05362
03504
04670
02278
04663
00583
01943
03739
00013
01905
03813
00029
01027
00831
03814
03725
05041
02094
01119
01860
02881
05482
02808
01608
02202
04173
03291
02875
00875
02565
01765
05261
01809
04020
02470
02898
00133
02705
03835
01103
05029
02923
01285
01101
04605
00430
01701
03087
00242
01278
00439
01088
03499
05440
04008
02886
05340
01337
05174
03668
03248
05037
02626
01147
00178
05417
05268
05055
01656
01405
00876
04040
00781
04193
03200
00079
01113
02232
00887
02425
00048
02994
01888
04480
00340
01003
04560
02604
04775
00209
04822
05152
04593
00227
01469
01457
01130
05428
02366
00594
02116
04815
01982
00458
04696
03733
04171
03879
03564
04673
03343
02412
00094
01197
04943
05126
01168
03533
00962
00220
01584
01689
02065
03076
05378
01929
01160
02451
00460
01753
01110
02220
02366
00427
02182
03738
01884
05355
02586
03321
04041
02286
01025
03438
03825
02996
03670
03574
00595
05580
04053
03836
01482
04662
01689
01029
04567
02884
05175
02629
01261
00538
01777
00084
01432
00373
01432
04571
03946
05544
01217
05032
04772
03201
03458
02690
02557
00394
00394
02134
01458
01547
04506
04079
03466
00684
03876
04196
05029
01656
04510
05068
05185
04926
03139
00717
00264
01521
00551
01169
00793
01583
03476
01433
02033
03231
03621
05580
02582
01267
05471
02696
03808
05485
02727
02874
02308
04350
04196
04264
00062
04874
03218
03211
03611
00807
04928
05594
04993
01924
01991
04289
01755
02565
00679
04241
04868
01421
02559
03984
03215
02325
00489
00305
04753
00952
03888
00351
03340
02065
03406
03699
02232
00188
02631
00742
01456
01081
01820
01120
05079
03600
04524
02382
02661
03150
04173
01745
03569
04557
00291
05523
05117
02673
05147
01397
02649
03663
04551
04932
01941
00648
01270
05067
02310
03571
04975
04961
03540
00601
00426
02083
02046
03258
00235
01724
05514
03117
05596
00128
00909
04068
04390
01624
02515
01070
03627
05432
00300
00854
04195
02765
04595
00520
03312
01746
01020
02036
03648
05089
03098
02091
02912
03910
02506
04806
01560
00559
04575
04007
03750
01024
03147
03479
04858
00388
04454
00750
01452
04989
01310
00337
01461
00764
04028
00277
03504
02124
04463
03009
00942
04969
04439
05010
02416
02670
02031
02361
04677
01516
03864
04255
00737
04598
04063
00840
00886
01913
03882
05461
02161
05226
05476
01667
00371
00983
03394
01170
00426
04831
02161
05312
01292
00253
02910
01907
04880
01024
00546
04373
00969
02838
00488
05017
02431
05510
00957
03037
04491
03581
01234
03144
03087
02721
04145
03602
03153
02561
00794
03107
02386
00557
00216
00851
00206
01250
05253
04945
04114
01053
03542
03327
02613
04817
01860
03291
01301
04436
00569
02552
05200
03828
00788
01770
04923
04198
01368
03969
03041
01567
03511
02477
03228
00827
04758
02464
00969
03419
05374
02737
04491
02348
02591
02140
03007
00706
03744
00678
01527
04388
00327
02911
04310
01632
02369
00608
05543
02751
01423
02228
04794
01619
01358
04467
01819
00077
04481
00425
00304
03468
03037
00278
03696
03088
03249
05390
03611
01484
05328
00737
00953
05177
04956
00948
00883
05095
03792
04270
04488
02702
04105
01295
02861
04995
03347
01754
05285
01959
03660
01716
01176
04825
02839
04069
03795
04556
01792
04443
02332
02131
05031
04525
01647
03192
00970
02237
02490
03948
03667
00215
02930
04408
04955
02710
04048
05171
03577
04422
02540
02604
01388
04836
03252
04615
05056
00769
02953
02501
03744
03909
01686
04187
01593
02801
00301
00517
00775
00189
02624
04723
04287
03295
01849
04129
03223
00461
01015
02149
01141
00762
02405
05186
00083
03836
04953
05465
00460
00527
02950
00511
03014
01554
00926
02857
02044
03790
04167
04451
01702
03191
05304
05569
03751
04620
03121
01741
02387
01752
00213
01823
01499
04155
00997
00715
03830
03810
04345
00755
01166
04722
04253
04093
04133
03973
04167
04224
00738
04715
04401
02776
03451
01233
01367
03193
05568
00575
05134
02976
00322
05339
00030
01412
02814
00332
01854
00683
00554
02137
02859
03322
03899
00463
00676
01893
01328
01889
03173
00196
01951
00714
00446
04678
01466
05390
01296
04863
00062
02654
05027
02141
04376
04346
00359
01209
03571
01265
04549
01128
01186
00485
05408
00977
03590
00201
00174
02265
01949
04908
04141
00314
04233
01647
04260
03922
00728
02546
02327
04023
04948
03021
02310
00425
05001
00154
05315
00576
00750
00688
00622
01604
00498
02473
00910
05244
04741
01093
03566
05374
04256
05384
03602
05093
04689
02943
05333
00224
00519
03552
05249
02694
03063
03023
00361
00328
00425
02173
03846
05311
05570
00138
03916
04773
04846
04139
05161
04511
02217
04999
04986
02007
00235
02363
04649
04521
02318
00350
01414
03859
00253
00958
00929
00591
03355
05481
01890
02685
05388
01384
03237
03065
00612
03206
01173
01197
02762
01774
00132
02303
03369
04914
04452
04362
00019
00072
05253
01450
03250
04815
03115
05105
01741
00911
03435
01143
00851
01566
02883
04750
03879
00063
05043
04883
01640
02565
05468
02560
04315
03798
01555
02911
04663
04682
04161
00249
02925
04243
04506
02285
03282
05462
00920
00988
04555
00759
03092
05408
00820
02259
04737
00189
03565
03431
04037
02576
02913
00494
05588
04132
03380
01511
02411
04995
04008
05109
03237
02761
01260
04831
04637
02069
00898
02968
04385
05529
05291
05306
01008
02352
01650
05323
02544
03183
04337
00322
05518
01492
01092
03523
02131
04315
02504
02341
01759
00400
03087
00340
02340
04670
01092
00114
02914
05318
03797
02873
04538
01547
04834
04316
02706
00522
02048
04395
05220
04168
01353
02197
04643
03363
02788
02696
04235
04490
02957
05204
04675
01480
00577
04749
03602
01532
02377
00943
02971
03300
03040
05276
04119
03544
04642
01185
04878
02579
04339
01975
03153
00011
03625
04613
01526
02978
01815
00738
04753
04981
02006
00376
01772
02066
00882
01092
05507
04774
04719
02362
01118
03860
01079
04198
04012
02370
01025
04045
03480
00077
03486
03602
00683
03165
04323
04532
00798
01460
05454
03028
03193
00575
02680
04213
00685
05551
01302
03164
04907
00929
03019
00055
02623
04601
01165
02010
02124
03598
02066
00196
04869
03806
02071
00992
04198
03906
03372
04807
03981
02909
01760
04483
00855
00174
05221
05135
04187
00293
04064
03674
02077
03473
03119
01578
02385
03095
04599
00573
03821
04896
05225
01322
04201
00426
02320
02918
05365
04894
02905
04835
01847
02145
02655
00019
01439
01828
01715
02922
01673
01494
05541
02977
01711
04794
05585
04631
04968
03315
01736
05554
04385
04251
01882
05379
03543
01267
00381
04040
01486
03829
01469
01994
03216
02469
01920
02663
03749
01862
02804
00362
00620
05577
05336
02070
02004
04000
05124
01186
05241
04336
03765
04350
05438
05093
02361
04403
00355
00671
05011
00233
01667
04874
04076
01666
03949
03980
03383
03171
03005
02296
00990
01107
01111
04191
00686
02396
03967
04454
02300
05327
00311
04562
01106
02596
03990
01216
03226
01087
00161
02193
05574
04109
02889
00579
02970
00110
01730
03899
00087
03245
05371
01341
02116
05290
03454
04030
01307
02264
03845
00753
03533
01154
00023
00670
01715
03817
03006
02801
04946
01577
03302
05358
04266
03705
05429
00610
00987
03889
03937
04756
01269
01414
00082
05243
02778
04497
02486
01161
05298
03822
03258
00101
02891
03359
05260
00182
04139
00368
01450
03643
04180
03990
05286
05560
00818
04145
00665
02379
04420
05361
01024
05341
02212
04660
02680
