03044
01845
03430
03154
05669
01942
03072
00532
02929
01519
02885
00934
00894
02655
02354
03527
00103
05314
02381
00733
04416
01448
05170
04823
02515
02732
03229
03322
05125
00483
03557
04730
01908
02105
04108
00089
02965
02511
00450
02604
00559
01494
04916
04453
04926
04947
02132
02372
03999
02560
02187
04877
01549
05204
00252
05316
02085
05699
01441
00977
03979
00581
00148
05535
03020
02934
00483
02904
00905
04126
03749
04070
04846
04323
02121
00717
01940
03015
04833
03698
02764
04444
01940
00548
05632
02504
00349
00549
00929
05126
02840
04291
00373
05449
02192
02502
01464
01938
03091
04743
01209
03256
02965
02651
00505
04716
03875
03623
00042
00203
00005
00487
05371
00630
03904
04616
03374
03961
03862
05447
03473
05484
02895
03289
01653
00154
00920
05230
04867
01559
04359
03007
03737
01741
05127
03079
01365
05567
00220
04133
02370
00247
02895
03892
01184
02630
04847
04904
04462
04159
02906
02450
05630
00313
02631
04814
01393
04189
02673
05069
05243
01487
02797
02031
02445
00833
00979
01978
01062
03331
00495
05534
01219
02074
03256
02684
00771
01869
05209
00546
02824
05277
03386
01194
03103
03369
02978
02991
01941
00254
00847
05361
05482
03208
03672
01367
02022
02567
00164
03872
01043
04056
00556
02855
05286
02373
04711
02037
05087
01877
04878
02310
01120
01760
00649
01851
01207
01624
05049
00687
03743
04960
03320
00803
05376
05234
05612
03272
01539
05095
02631
00505
00506
02834
03183
02595
02130
05148
00588
03062
02486
00404
05234
02884
03727
00124
03296
02469
01865
02494
04149
02766
05473
04316
00775
04192
00035
04759
01041
03825
02909
05155
01387
05657
03689
01958
00680
02127
01511
04058
00025
00947
04754
00053
01933
01457
03564
00788
00387
01760
02954
00764
03856
04521
05123
01445
02670
00662
02881
03776
04404
00703
03062
05697
03833
03352
04041
00362
02607
04701
02353
01228
01735
05219
00123
03232
02431
03381
04443
05617
02353
00091
02718
00620
04980
01819
03643
04372
05269
01994
04200
05486
03219
03257
01504
05106
05232
03253
04810
05656
05264
00808
04217
00805
04497
00579
02899
01237
05160
00223
03061
05170
03490
01824
00613
01412
02199
00164
03859
01229
00993
05411
03594
00031
02967
05588
01214
05533
00613
04538
05691
03087
04143
05573
01562
00071
04212
01404
01580
01696
00300
04703
01593
02868
00075
01305
02046
04911
01571
05377
05634
04268
00790
03703
01975
00485
03060
00247
05073
00655
02075
02881
02713
00167
01596
01395
03060
02667
00367
04360
04391
02190
01387
03710
02343
01767
04356
04216
03230
02017
05626
01590
02796
00908
03295
04797
03389
03487
03746
01326
01316
01420
01555
01247
02921
01108
03615
02847
04611
04420
02432
02856
00992
04589
01029
00007
01547
02695
00168
04855
02729
00626
02430
05205
01674
02090
04729
01036
01130
01710
01689
04198
00327
05635
01304
03256
04136
02078
03180
04612
05488
04220
02615
02396
03515
01323
05615
03078
01790
01559
00760
00551
00983
01687
04977
03185
01095
01001
02551
02358
02791
04312
04102
05350
00122
01425
04175
04457
02701
04522
01267
05098
02950
00868
04185
00868
04175
02555
01003
04096
05095
04696
04215
00336
01563
01874
05517
04635
00091
00218
04674
02857
02256
01118
04227
01526
05138
00026
05580
01356
04611
04091
00468
04294
04241
05151
03557
01384
03562
00893
04682
04396
03210
02705
02734
04114
00211
04209
01437
05425
04606
03077
01377
01819
04577
05545
05649
04147
03581
04169
00090
03078
00753
03144
01287
04567
00938
04666
01820
00864
01294
05513
00361
03311
03208
02032
04884
01845
00957
04775
00348
00258
00785
00534
02925
00982
04285
04492
03037
00409
02614
01095
03669
01026
00972
01615
03281
03798
05492
05001
00286
03307
00360
05556
03242
02164
05264
04414
01842
01397
00766
03304
00232
04083
02343
03240
02149
03011
01453
01335
03061
04938
03022
03380
01902
04658
05696
05544
04944
00886
01775
03612
04058
02327
01931
02740
00078
04575
03374
01238
01439
00549
03425
02440
03612
02831
04768
02079
03322
02314
03421
02246
03526
00545
02835
00587
02693
03029
04552
03361
04313
05579
03419
02326
04125
03303
05601
03919
01034
01481
01342
00270
00696
03191
01760
04336
05616
00371
04173
04781
01547
02419
03541
05393
03233
00967
02736
00409
00613
04046
02761
02303
05393
02894
03749
04427
02450
03006
00292
01668
03864
04153
00797
00075
02772
05021
04617
04966
05648
03634
03557
03348
05641
02118
03177
04229
05628
02526
01301
01266
05626
03035
04156
00143
00134
01458
01668
04573
00457
03541
03245
02087
03086
01792
01334
04876
04440
00257
05253
02684
01004
05089
00976
01449
02491
02859
02072
01912
04649
04114
03047
03681
03118
05222
02710
01320
05185
02836
04640
00630
05356
03016
03587
00936
00298
04069
03549
03606
01444
01081
00584
01737
01544
02058
01682
00731
05394
02593
00331
00512
02670
01385
02145
00491
04826
03680
02642
02398
04811
03279
05614
03463
05356
04020
03116
04031
00530
02937
02378
05321
02507
03802
03526
04473
03115
02576
01356
03463
01218
04194
03554
03896
00825
03306
03915
00323
04753
05685
00631
01089
01054
02155
05045
03383
02636
01775
04510
02069
05612
04843
05146
02836
00889
02152
05570
00480
02083
02040
04513
01221
03754
05212
04797
00904
04721
00678
03505
02391
00612
02541
02112
04277
00544
05461
03525
03143
04181
00717
04774
03860
02618
02063
03752
04525
04911
00755
01829
02978
03395
04196
02017
04864
00394
02209
03887
02504
03113
04795
00976
00233
05566
05512
03430
04186
02991
01612
00198
02091
03950
00528
02152
00806
04163
00486
02233
03761
02433
05175
00123
04316
00571
01124
04993
02777
05583
01975
01597
02229
03851
01709
05411
03401
02653
02418
01769
03273
04361
03865
02269
03038
00936
00759
00208
04518
05154
00859
04551
01795
05338
00732
00944
03876
03676
05411
02464
02060
03861
04479
04051
04353
03458
02366
04478
05348
04677
01963
04948
03724
03504
02903
04725
05473
04826
01450
01601
03692
04769
01506
00568
01877
05566
01850
01951
04424
05204
05369
04286
02116
03023
03713
00413
01302
05145
01497
04982
05618
01179
00883
01385
05393
03418
04730
04346
01632
01094
02096
02368
03368
03447
01088
03243
03351
00927
01333
04401
00471
02016
03486
05447
00286
02426
04285
01915
02087
01718
02475
02694
01631
00238
05417
03034
03711
00238
02511
05349
00782
00784
02307
04789
00147
05168
05337
02249
01207
04790
04716
01454
04069
01372
00332
03232
02006
03005
03635
02080
00736
04740
04014
02542
03518
03359
05083
03684
03510
02631
02266
02713
03100
02769
01005
04228
00087
01819
02191
04789
02291
03705
02481
02418
05234
00460
01744
05132
01887
01233
03951
01825
01653
03415
04874
05226
01060
05610
00963
01582
04523
01783
04333
04706
04118
03133
05579
03601
03426
03930
03809
04815
04535
02472
02970
02117
03799
00152
00960
01175
04114
01009
04645
04106
02654
04715
04790
01539
04776
03922
02619
05030
00620
01253
03310
01252
00259
03331
05377
04959
04259
03172
03308
04859
01101
04166
04348
03294
01838
04633
03091
02874
05503
01626
04676
01899
05652
03024
05542
01904
00199
04899
00497
03634
04199
02736
02525
01572
04900
00611
03695
02759
01858
00689
03506
01246
05115
04508
03875
03602
04633
01593
01542
02751
00189
04059
01754
01963
05257
04693
00767
04437
01069
03050
03078
04691
04503
05514
03745
05669
05568
00598
03105
05153
01991
02181
02842
01282
04793
00782
00663
04765
03035
04173
03656
02068
04569
03949
02165
01452
05035
03340
02076
01763
01558
04911
02346
00637
02784
02286
01398
03623
03017
05260
00335
00357
00787
00980
00221
00494
01465
03503
01552
00479
02700
02122
01425
01973
00482
03103
01347
02660
00665
00424
02621
02808
04813
00597
02425
02604
03810
03044
05685
02878
03421
01220
02693
02930
01644
01982
04614
02047
01949
00135
03170
03784
01508
04570
03026
03292
02034
02382
03974
04796
04123
05657
03499
05302
01830
03461
02683
04067
04997
03836
03377
01175
03024
00503
03331
01109
03684
00547
01074
03303
04609
00963
05613
03839
02643
05006
01747
01203
03506
00922
02999
04411
04109
02699
02561
00349
01291
01202
02524
05095
00857
00274
00966
01629
03155
03396
00460
04882
04966
00687
01504
01757
02266
04182
02505
00497
01022
04055
04566
00134
01977
03466
00962
04299
04640
02591
03024
01607
00290
05553
01731
04424
02955
00574
03933
04513
01566
00576
01354
00621
01418
03550
03096
03677
05508
03845
02873
04446
02431
02999
04418
02515
00673
02002
05379
02746
02050
03307
05315
01202
03872
02017
00094
00246
03634
03736
01706
04425
04125
00342
04647
03706
05452
00404
00471
02216
04639
01144
05627
01345
05012
00868
00892
04404
05459
05211
02922
02461
03801
00100
03587
04678
02752
01915
02011
01477
03410
05168
03523
04067
02607
02739
03989
03160
00536
02153
02380
01257
04306
01938
04269
01432
04996
02356
04138
05240
01283
02709
01431
00443
02400
03582
00451
03493
02007
04706
02304
02528
02967
04598
01967
04510
03897
04878
02222
01724
03903
01222
04628
04020
01878
05244
00629
04369
04099
00029
01899
00695
03908
02851
00201
02246
05475
03829
00239
01213
05593
03651
05503
05120
00445
05066
01931
04011
04258
02088
00335
04742
05459
04561
02734
00625
01742
03517
02637
01413
01862
00373
03500
04402
04143
05138
02358
00668
04258
04929
03192
00229
03281
04153
04721
04381
00304
01824
01049
04377
02627
02968
00872
01690
00098
02759
02683
00801
01660
03181
03994
00732
03203
05074
01764
01272
01699
03329
03460
04786
02937
02799
01753
02081
01680
05053
04030
03906
03897
05556
05488
03468
00452
02731
05373
03243
02343
05364
00653
02655
03834
05458
03708
05125
00508
02919
00480
04189
01917
02960
02737
01380
01357
01601
05510
02514
03422
02231
00810
04345
00410
01650
01125
00168
00849
02289
03086
00234
03246
02869
03491
00695
00984
01341
04767
04058
01587
00259
02255
05145
05417
01565
04115
01286
05169
02132
00236
00127
05274
05282
03745
04036
02221
03151
05499
00425
03345
02529
00483
00351
05543
00020
03806
02242
00703
04128
02367
03001
03478
03540
01969
00465
04638
05501
03711
03799
01524
00897
01023
02712
00833
03582
00963
03448
03569
00057
00651
01564
02661
04635
04115
05598
05379
00562
01716
04470
03187
04695
04148
05371
04252
04209
04103
00096
02602
01631
03873
03549
04080
03014
02370
00997
05283
04196
02540
00045
03886
01913
04328
02825
01352
02696
01428
01851
02956
04924
00673
00877
04479
01862
03817
02883
03118
01590
04780
01710
03170
04713
01889
03082
05560
00808
02909
01199
04935
02464
03079
00514
02409
00523
01634
00266
03103
04372
04188
01205
02412
01200
02164
02819
02621
03275
00740
00859
01190
01803
00833
03316
00149
03235
02499
00110
02581
02592
00592
01201
05690
02417
01950
03577
03976
02176
03846
05149
05338
05322
03005
00901
03858
00144
02617
00847
00414
01925
01411
01037
02149
00591
04069
00921
02941
03770
05463
00519
05473
05504
02568
02547
03916
02704
04719
03688
04177
03382
01867
00489
01568
02115
05489
05059
05086
04478
00769
04800
05205
00414
03808
04798
02364
04900
05120
01517
02271
04421
02781
05439
05586
00666
03161
03798
03576
04624
03240
03852
05138
01338
01450
01478
02718
01938
02409
05055
02916
01780
03895
01093
00308
04774
01749
00230
00946
01797
01855
01264
05490
02329
01681
04435
05022
04544
05429
01197
00195
00021
03755
01957
03389
05489
03570
02585
02536
02000
05501
02857
04988
05292
02443
02115
00724
03538
02407
05376
01439
05654
01345
01991
01527
00634
00062
00147
04055
04112
00815
04120
04781
03697
02797
00762
04829
04009
02487
00016
04829
03468
02653
04204
00907
05484
02890
04780
04436
01650
04079
02362
02579
01179
05619
01149
00730
04287
00286
04255
02036
01337
05132
01423
02353
00613
03642
01244
02535
04908
04246
03465
00882
00995
01261
00697
01219
05511
03443
01479
02049
02881
02427
04350
03682
04800
05364
00038
01206
00584
02935
02006
01778
00746
00962
00159
03300
05244
01974
04059
03289
04132
01139
03320
02407
02068
00553
04868
04302
01424
05367
05332
04659
04043
04167
04733
01661
01853
03604
03371
01952
00874
04922
03242
04631
04737
01645
04975
02217
02292
00513
05175
03588
02351
00808
04792
04627
01500
03929
02224
01795
02061
01353
05208
01517
00601
01021
02351
02666
00154
00944
05067
02032
00749
03511
01249
03533
02469
01816
00299
04809
05057
03663
05128
04345
02792
02475
05133
02931
02058
05477
02075
01762
01145
04822
00874
01580
04079
00436
02499
05119
03407
02332
02146
01729
00432
04095
00623
00750
05221
01591
00576
04924
00292
04563
01437
03759
04094
02052
03763
01767
00263
04908
02767
03531
00471
05165
01926
02880
05024
01644
03554
03847
05076
03470
04284
05676
02612
00472
05046
03352
03011
05150
00881
00954
03224
00319
02903
04522
02331
01770
05210
05170
03186
03156
04017
05195
00049
01458
04445
01168
02605
05296
04200
02170
04694
03080
05230
00041
01088
03894
02712
04262
04814
01378
04434
05022
00846
00022
04458
00562
01993
00153
04847
01105
04128
02999
02249
05636
04530
01234
02577
05001
01581
01058
02365
02248
04339
04042
01575
00483
00525
04715
02686
00004
05554
02827
03759
03285
03206
00807
03358
00724
00178
02818
05173
00556
05221
04506
01966
01876
03082
03964
03012
01451
05345
04308
03557
03570
05540
00879
04639
02039
05002
00290
00312
00323
03283
02860
00213
00610
02815
05059
02462
03094
04113
03980
03693
01246
03620
02949
00902
03350
04865
04049
01454
01377
05032
03579
03415
02306
02269
00551
02419
00360
02884
00891
05338
03337
05236
02913
01143
04578
04521
02895
03164
00766
02226
03931
02297
05516
03205
01972
02791
05534
05099
04068
00513
05056
03819
05456
05412
05098
03251
02459
03681
03724
04018
04581
01852
01692
00943
00783
00377
02269
01429
01885
04862
00942
03932
03904
03375
00766
04806
02115
04710
02520
01819
01349
04935
04324
00925
00625
01368
05577
00240
02322
00287
00825
04069
02578
04737
00426
05575
03429
00032
02751
00451
04374
00180
01576
00145
03290
03254
02703
02076
00262
05358
01589
01803
05437
03595
01780
01763
03019
04411
02047
01001
01068
00257
00515
00788
00356
03126
03533
00384
03167
05227
00419
05698
00782
02480
00615
01344
03934
02243
00028
03865
01201
02645
03023
04254
00375
02738
00861
05088
03621
02100
03064
00391
00450
05201
04723
04440
04772
02535
00052
00774
04910
00174
03842
03351
05041
03657
03660
00297
03999
05521
02808
05429
05320
03373
01972
01964
00004
00975
02159
02537
02869
03865
05577
05128
01308
03669
00249
04841
01574
02347
04548
05141
02249
05473
03535
00677
02830
03942
03693
05076
04218
00728
01921
00479
03694
02575
03707
05054
02863
00782
01273
02930
04494
04076
01452
04737
02320
00641
05405
03898
03102
01616
00419
04721
00661
02781
01315
04025
02483
03048
02072
03401
00570
03844
03681
05176
02189
00499
00784
03166
00600
04607
01756
03310
01284
04650
01579
04627
01212
02791
00698
02995
02252
02320
00295
00195
02521
02601
04722
03006
03210
03950
01979
00228
00939
01378
00504
02271
00071
03392
04287
04101
01760
02070
01479
02441
05034
01442
03048
00028
03124
02369
02809
03009
01348
00456
00610
02641
01702
04013
03415
04117
04281
03374
02456
02981
02454
01333
03195
03529
02558
02584
02184
02647
01950
04476
04712
00941
00802
05206
02609
03626
04511
00958
05117
03192
01918
01312
02166
03124
04647
01613
04203
02345
00310
03758
00074
01012
04594
02893
03170
03013
05168
01633
00268
02460
00055
01624
02309
03375
01562
03148
01554
01664
05045
04734
04916
00699
01174
05275
04082
02100
05400
05266
02638
05359
04927
00331
01998
00417
05195
00786
02205
01280
03754
03496
02193
05684
00530
03279
00806
01497
04763
03405
02625
05013
03691
05558
03503
03334
02467
02698
04566
03525
00482
01127
02431
00990
00798
00673
03646
02368
03918
05265
00619
02206
01304
01932
03117
04124
00219
02936
04496
05631
00737
03409
00919
02191
01556
03525
02561
00287
02571
00222
00635
00584
02924
02528
04463
03439
02152
00316
01131
02209
00599
02813
04437
03670
01302
04275
04983
03802
05287
03643
01783
05304
05652
00875
04737
04580
05033
04943
03668
02491
00600
01316
02311
00999
03770
02234
01742
02286
01997
01451
05642
03025
03033
04210
04938
04704
02976
04779
00199
02723
02201
02484
00639
00445
03432
05541
04042
02646
03285
02016
03513
02264
03615
04139
04696
00139
02321
03352
00955
01818
04117
02612
00418
02402
04092
00897
00967
04929
00398
03097
05465
04379
01878
03895
00135
02897
01253
03297
02877
01972
02436
01261
03255
01778
00401
02737
04197
00189
01333
02526
00839
00511
03056
01977
02275
04285
00504
00829
03856
02169
00767
01833
04238
04899
02697
05013
00264
02365
04819
05008
03713
05470
01279
02973
00211
03457
05040
01640
02110
02271
00593
03629
03622
03630
04461
00938
04589
04022
00230
04278
02944
03783
03701
04206
04012
04541
04662
01793
00905
04884
01862
00549
05231
01315
00293
04072
01361
00619
01449
02938
03815
02186
02629
01027
03135
01727
01078
04585
00460
02430
02710
01144
02752
05319
02258
01810
00473
01287
02578
01168
00359
05059
02417
03034
04920
04373
03095
04475
02665
05519
02520
01639
01588
01751
00281
03578
02075
01721
02074
04164
01337
05635
05638
03144
05028
00766
04924
04339
02212
05431
00105
05620
01898
02129
04578
00225
00369
04283
00288
04413
01210
01955
01573
00693
03146
00752
05494
01654
04550
04421
03668
02460
03338
03814
01521
03165
03676
01208
03061
01430
03985
05611
05181
03799
03565
03855
00115
02819
03220
04381
02744
05674
04616
04075
01859
01254
05087
02151
02188
02217
00431
03370
00121
04833
04277
01356
05468
00947
01607
01148
00994
05195
01668
01433
02308
01948
04254
05637
01893
02668
04859
00699
03236
00646
02709
00640
03632
03587
04601
00450
02657
00257
03423
01093
00298
01087
03165
01743
00049
01335
05685
00807
03355
01865
01545
01299
02702
01428
01282
03442
00885
04479
04681
01281
04203
03018
03471
01541
01059
00112
01079
02971
00928
03517
00146
04013
02233
01449
00490
00229
05140
01608
00944
04976
03140
01629
04473
04275
03886
02706
05040
04770
00993
02250
02082
02287
05322
00241
03946
04967
04907
05225
01989
00485
05654
00666
03255
03127
05119
00877
04376
01004
00948
03666
02542
03552
00153
03472
02454
01803
03772
01822
04442
02078
01170
02835
03075
03825
00992
04063
02232
00390
00977
02577
04899
02199
04769
04778
01427
05482
04256
02777
04488
05210
00213
03109
02479
02922
00306
04151
04146
02962
01617
03304
04092
03598
01484
03687
00450
03991
01901
04149
03967
00889
02898
01262
02434
05563
00833
02515
01977
01687
04156
00537
03704
01817
01688
00222
04277
04243
02851
01009
01620
05075
01380
01181
00276
04209
01294
03381
04733
02765
01646
01882
05056
00445
03520
05330
04652
01916
00925
00041
04351
02305
05574
02951
04574
02275
04148
00036
00954
04854
02667
02740
02420
03012
02745
04748
00932
00144
04870
04839
01706
04751
04770
04258
05250
00269
03384
04946
01419
05409
03733
05690
01574
01829
04996
03681
03609
03730
04285
01871
02058
00832
00728
05498
03270
00428
02409
00397
03925
05462
04567
01799
03775
00129
04778
04205
01106
04921
03430
03325
00770
03972
00149
04620
05557
01714
02637
04061
02861
03284
04420
04684
00067
02857
00332
02317
04307
05067
03860
01832
05142
04059
00144
00054
03131
04399
04693
03348
01155
03535
01266
04772
00581
04300
05458
01498
01286
02265
05604
04108
05366
01952
03700
04250
03127
03092
03069
03469
02901
01236
05192
01362
04984
00937
00955
04444
05591
05578
03124
01346
03743
04948
04952
01944
04004
05181
03020
03289
04082
02086
02039
04621
03688
00101
04234
02621
02454
03929
03121
04644
04418
05601
01120
01518
01247
03493
05102
04049
02201
00260
01641
02519
05136
04295
04935
04203
01815
01755
04850
01679
00740
02548
05488
01459
00488
00681
04637
02337
04898
05217
05481
00640
03129
02857
01533
02001
04174
03814
03930
02944
03635
04158
02631
02220
01750
03885
03993
01917
02459
03409
00308
01346
02378
03511
00884
03485
04108
02743
05173
03283
03100
03032
03197
03306
01686
05604
05105
03661
00170
03597
02600
03162
00363
02520
05651
05619
00047
04469
01589
00740
02862
00845
05171
05210
02789
01112
01439
00252
05674
03347
02867
04542
00219
00985
04861
02586
00353
01770
02215
05352
03523
02737
04662
05107
04091
00031
02528
00694
00292
03613
00266
00670
01054
02598
01170
05625
04480
04911
01049
03256
05697
00769
04299
00054
00345
00649
02465
03352
03179
04019
00924
00713
05292
01060
03293
03023
02590
00565
02987
02545
05492
03181
05185
04420
04386
04612
02253
03133
03669
00891
00274
03921
04309
01172
00067
02855
01791
00579
02269
05151
05326
00471
02863
01829
04706
02238
01977
02637
01492
02307
04582
04538
04181
01726
00875
02206
04282
03131
02665
00477
05037
01241
05658
05350
01106
02806
04705
02582
04825
04727
04489
03492
03440
05046
01585
02874
03172
03744
05481
01227
00122
00358
03972
03151
03352
04619
00926
03527
04574
00195
05166
04133
00159
00672
01797
00484
05197
04494
01649
05610
02610
02111
04920
05391
04856
00080
01981
02278
03556
04493
02943
00079
02002
04896
02410
03536
04189
04557
02775
02333
02603
05280
03006
04058
02612
02421
00327
02799
01992
05020
02206
03544
00751
05000
03756
00612
04422
04509
00831
04773
01547
03650
03206
02374
03038
00603
02275
02275
03359
02800
05398
02342
04843
04979
00179
00255
01560
01891
04071
01395
03121
01844
01132
00558
02155
01177
04495
02203
03798
00517
03368
01961
03928
02575
00549
03955
02969
02413
01740
02170
01199
00587
05603
00123
02568
04098
00953
05400
01294
03223
02511
05187
00607
03706
02964
04078
04580
01655
05115
04399
01312
01480
02732
00984
02361
01271
03878
03328
04527
02808
00924
00868
04200
05542
02009
02188
02277
03550
04067
02890
00883
01368
02501
00089
04562
01290
05101
00011
02607
02869
00554
05301
03268
03135
03501
03589
02579
03679
01407
04935
03628
05210
02055
03661
04707
03143
01994
02004
03390
03079
03953
03003
03359
03771
01474
04723
05194
04840
03296
04730
02311
03637
05177
03133
04431
00176
04389
02245
03598
02726
03553
04125
00288
02973
04610
00894
04060
02727
01925
03213
00047
01313
04284
01225
05109
02619
04930
00610
03980
04656
02244
05690
04374
05383
03412
03419
03132
01064
01024
05478
01069
03312
01468
05494
03327
03200
00744
01570
02527
02388
03385
02561
04856
03949
04539
02644
00266
03605
00170
02157
00402
04243
02785
01007
03833
02084
04483
02886
03243
05659
00572
03994
05137
05007
03580
00505
02530
00670
01677
05237
04967
00686
03672
01749
01622
02725
01851
05506
02446
03681
00456
00338
05206
05031
00496
04329
01911
04367
01542
00408
02028
00326
02996
03165
03805
02036
01737
00703
04764
04469
02650
01963
03117
01144
05176
01988
00603
05382
03406
03093
04044
00758
05325
00571
03711
01253
00004
04197
01253
04209
02857
00387
01615
02151
02785
01605
00758
00974
01399
01701
04337
00560
03403
02181
02888
03431
04546
01724
05069
00436
04603
00960
05361
02128
02236
00333
04805
05601
03942
01913
00087
03458
03167
04663
04184
00347
01953
02124
00268
03826
04626
00984
05129
03626
05355
05194
03129
05006
00342
02619
01167
02816
04288
01592
02905
04488
05247
00632
01472
00123
03861
04104
04965
02413
00762
00794
05420
01211
02424
02561
05031
00175
02474
04687
03296
05549
01414
04234
01516
05574
01104
01998
01393
00900
02657
04228
05067
03934
03141
00643
03636
00460
02393
00415
05482
03491
02484
00958
03918
04657
05549
03076
03742
02351
02738
03653
04062
02136
01452
03694
00648
00183
03172
04561
02884
01914
04598
00600
04816
04093
04137
02044
04353
02270
02587
02836
03742
00887
01539
00589
05314
01179
02428
00606
02070
03378
04604
04309
01836
00423
00090
05289
03934
03431
05674
03647
05002
03488
03328
03924
01580
04114
05389
03769
00240
01298
03914
05686
04619
05373
02193
04333
02076
03171
03782
02518
01302
03901
02938
05452
01289
03198
02556
02471
01062
04545
01358
01237
01505
01076
00139
03441
03730
00508
03823
05687
04804
00981
04963
01521
04547
03599
03519
00826
03448
05679
05202
03256
03879
02359
02586
03890
03336
02397
01305
01164
05176
03275
01643
01428
01727
01920
05222
01933
02427
02856
00960
05645
00437
05633
03565
05378
05191
00870
01337
01658
03314
04309
00996
04757
02377
01285
04326
03782
03583
02796
02657
00985
00035
01241
03711
04709
01982
02942
02865
02187
04287
02437
05640
02289
04783
03348
01836
04415
05594
01784
03247
00247
02347
01731
05153
05160
04219
04359
04759
00790
02442
04255
00657
02197
01971
00396
04784
04031
03665
01516
00128
00948
00033
04448
05367
00289
01666
04044
02365
01011
01513
02597
05257
01598
03057
04115
00609
03773
04066
00300
04025
02744
00987
05610
04092
01064
02546
05668
02476
05441
02209
03584
03920
00818
01014
04300
04749
01690
00938
00407
03611
01491
03528
04189
03515
01847
04886
05183
03934
05388
04318
04940
02680
00949
02987
00729
05430
00715
01426
02692
02621
01374
04664
05097
02937
01144
00301
01170
02486
03996
00428
04611
00607
04173
02386
02374
00065
03102
00105
03238
01526
03114
01766
03644
05428
00608
03255
00144
05080
04309
01539
00457
02960
02531
04372
00274
01826
01534
04408
04569
02234
02842
01923
02434
05504
01636
01872
05295
00466
03434
01990
00299
04357
01633
01727
04784
00248
03851
03990
00823
03705
00134
03643
05402
02977
03132
04307
00945
00463
00889
01377
01706
05061
01022
00798
02023
01290
04708
04214
04762
01708
03888
02265
05532
02138
03852
04217
02407
04918
00972
04080
02154
01122
01334
00896
03823
00788
01420
02823
04853
01280
03347
01460
05140
03742
02042
03936
01617
01246
03641
00119
00039
04801
00660
05631
00916
04601
03960
00704
04362
04805
00560
01653
04661
00594
00126
03126
04474
00861
01901
05659
00406
00227
00494
03750
05012
04251
00999
04178
05354
01667
05636
03140
04475
02931
01962
03190
02219
00467
03839
02459
00864
04832
01407
03981
02652
05361
05145
04495
00232
04456
02453
02903
01768
02241
04902
00607
01762
04070
00865
00769
03225
00822
04248
00413
05110
04900
04897
02916
00053
01959
01680
02634
02058
00632
00352
02284
00283
03076
04683
01285
01767
01857
04657
03476
05010
03460
01550
04943
04945
02817
02895
04049
03245
01394
03726
03549
04395
03665
05279
00980
00950
05238
01191
00995
03639
04506
05597
04599
01115
00255
01657
00664
01667
03343
03884
01144
05078
00491
03658
04641
05613
04474
02014
00627
01248
02896
01956
00569
00542
00214
04406
05206
00997
04931
01085
03251
01816
01380
04772
03273
01622
03952
03157
00753
05252
05320
02992
02785
00047
00815
00646
04893
02259
02994
05454
00298
05241
03511
00236
00520
04972
02999
03579
04894
02104
00650
03177
02081
02176
05571
02554
05049
03409
05301
04689
00776
05420
05406
05387
02913
01165
00895
00282
03373
03467
01969
04483
03346
01908
05471
01725
00168
00945
00556
00881
04165
05638
04928
05491
04679
01040
01943
03799
01873
03825
01666
05253
05321
04330
00843
03002
00414
02472
04335
01487
02411
04720
01743
04177
03991
04609
04509
00360
00911
04548
01465
04786
04229
01323
04616
00215
01510
02980
02020
02930
05261
05276
00806
01579
05415
02492
00473
01033
01439
04356
02636
05304
01976
00691
02124
00383
01881
01259
02496
01888
00257
04562
03670
00696
04172
01323
01343
02850
02622
05319
01402
02973
02723
02951
03125
03393
04031
02862
03733
02992
02197
02193
04446
04294
04495
01163
02212
02742
01969
01204
02192
05293
04431
01534
03422
03104
01565
01378
00124
04839
00022
04649
01028
02510
01540
03031
00520
04827
01697
02401
03043
04614
05282
03763
04807
02031
03229
05585
03642
00178
03361
01427
01598
00811
05121
00225
04347
04274
00192
04425
02343
04366
02735
04331
04436
01281
05593
03974
02250
00835
03736
04321
01751
04492
02728
05462
02905
05329
04702
00128
05248
00359
05655
00652
04418
04207
03699
04166
01067
05001
00705
04486
03889
00536
05577
01553
00440
02404
02885
03974
05279
01443
04913
00509
02809
03710
01241
03383
04620
00179
03821
05557
04668
02981
03254
03935
02214
05432
00364
03098
02463
04407
03696
00418
03553
04984
00543
00926
02986
04726
00128
04897
01072
03714
03763
00977
00613
05692
01587
00336
00459
01638
02099
04711
01996
04563
02478
03992
01376
02290
00693
00256
03744
04382
04545
00001
05188
00166
04470
04694
04876
03010
01782
01909
02729
00080
00227
01254
05099
04073
03841
04506
02010
03117
03328
03939
02506
05470
00323
04320
00744
04897
05189
03449
04432
03147
03829
00419
01625
00774
04885
03534
02235
00665
03131
00041
04205
05130
03509
05644
00602
02823
04131
01637
02470
00792
04004
01665
00983
02646
03893
02145
00873
02890
05037
02520
00332
01886
00659
01152
03848
04633
01345
04502
02036
02778
03688
02688
05080
05143
05549
03562
03212
01584
05266
01597
04338
05671
01694
00487
02083
04819
05197
01184
00915
00328
03117
03770
04308
05210
00995
05441
02598
04462
05254
05325
00309
01063
01019
03076
04166
01763
01870
05677
00995
01673
04888
03643
02051
04399
00710
00520
02634
01776
00542
01917
00211
02339
04073
05555
01336
03844
01221
05612
04902
02337
03284
01916
03179
04754
01958
01304
04808
02394
00841
00492
01172
02849
00079
03033
04260
03043
04278
04414
04864
04266
00483
01228
03608
02832
01340
03126
00967
05188
00845
04354
05597
02271
02318
00598
04621
00720
02636
00779
03174
01545
00705
01596
03404
00694
04270
03424
04369
01735
01056
01265
01593
01801
00442
04549
04767
05118
04967
04235
03431
00502
04223
04516
01542
01159
04385
00464
00757
02569
03197
00355
02586
03043
00627
03168
03169
01290
00217
00245
05655
01387
00860
04274
04733
02289
01818
00789
01691
05085
05661
01447
03587
05522
03252
04976
04309
01881
02184
02657
04306
05577
02737
04963
05151
01948
04863
04921
00476
04086
04940
00706
02701
00620
05576
03201
02903
05494
00464
01454
01840
03149
03019
02978
00698
03299
00383
05340
01811
03145
02288
01970
04375
05651
03369
03063
03666
01833
01584
01122
04461
02062
00351
01041
03267
05109
03121
02817
01865
05643
02258
03445
02471
03131
01233
02751
01646
04498
04156
02546
00364
01856
05649
04583
05234
00577
05323
02882
04889
02373
05199
01904
01055
02745
00815
02732
01362
02182
00986
00131
02909
04129
04866
03271
03403
00598
00382
04459
02237
02059
01963
04756
01734
04261
04771
00398
00189
01045
00565
01662
02176
00292
00204
02535
02048
02269
00546
03073
01166
00712
05169
05150
04513
00252
00895
00970
03665
03734
03755
00565
02840
02038
05372
00396
03431
04416
04033
01034
01066
04899
05598
01702
01877
03466
02386
04042
02767
03856
01142
02698
04342
05198
03119
04943
03863
03260
04432
02196
01280
00632
03848
03346
02711
03062
01727
04040
05519
04453
01647
01149
05539
05545
01190
05406
01875
03152
01122
04797
03859
03307
04642
03177
02210
02076
00184
03665
05136
05136
05232
03319
03464
05099
01100
05321
02298
03025
03469
02998
00773
00197
03807
05039
00609
01497
03081
05634
04595
00645
05460
04141
01842
01813
03778
03096
02850
04638
04035
02741
02096
04165
02680
00052
00066
05651
01900
04895
00361
02349
03728
01188
04977
02883
03803
02713
03388
00201
02263
00258
04383
05629
04908
01538
01286
00904
00654
03077
05675
04825
01681
02174
03807
02219
04569
03268
03629
05204
00188
05607
04572
01471
01538
03809
00584
02840
01204
00023
01028
02350
02241
02810
03263
02869
00397
00103
01085
00154
00006
04171
02481
03284
05326
00385
01253
02502
01084
00302
04938
02871
04171
05514
03515
05510
01126
01608
01497
01110
02905
02804
05013
01315
02321
03038
05370
03012
00859
05664
02157
04344
01415
00641
03407
01531
01585
02209
04982
00282
02059
03257
00688
01591
01630
03027
05433
00356
04756
05047
03896
00335
02519
02785
02035
02179
04181
00014
04012
01202
04088
00910
03975
04098
01472
03085
00537
00443
03751
03799
04393
00022
04648
03287
02092
03076
03161
01727
02016
01783
01868
03161
04134
02842
03358
04185
05081
04973
02000
02643
02038
02311
04330
01353
02287
00167
03157
05414
04760
02911
02103
05342
00020
03095
03814
03614
04752
03627
02579
03133
01286
01888
02475
04557
00951
00032
00293
00981
00325
05174
03146
00119
00063
03116
03041
03436
01601
04149
03330
03804
03363
01403
00170
00095
03442
04009
02613
03156
01783
04583
00329
00810
00469
02707
02775
05473
04218
00812
02657
05076
03261
02614
05107
04947
02091
01388
03134
02864
05481
00486
01975
02943
05434
03299
00336
01058
05234
03404
04182
02472
01038
04972
03999
02918
01035
01003
05254
05368
03635
04354
03442
02934
02591
03084
02384
00847
01963
03407
05589
02364
02142
04215
00960
00142
04854
00448
00709
05246
03917
00867
01147
00606
03436
05062
00640
04796
02245
00689
02443
01862
00954
01286
02507
04001
03917
00250
03679
02923
00562
05318
04506
04173
04910
00000
02337
02743
05342
03225
04624
02483
03132
01572
04338
05217
04258
00758
03097
00808
02279
05306
01994
01175
03528
02541
03413
01459
01480
00374
03182
05232
01297
04547
05352
02766
02079
03440
03435
01961
00051
01714
01706
04343
01413
02729
05430
04711
02714
01083
00326
03612
02041
03147
02255
04959
00017
00922
04900
00020
04108
02001
00084
03852
02139
01192
02340
02996
01739
02888
00725
01448
04956
02008
03822
03407
01693
00155
02083
00235
01467
00937
00006
05585
04755
01247
04827
01626
03555
04941
02943
00273
03941
02135
05401
01704
02693
04109
03374
00543
02900
00736
02667
05048
04533
04169
00905
03789
04948
02369
02421
04593
01050
01308
02854
02525
02121
01093
03368
02468
00429
01054
04559
04065
03899
02383
05049
00421
05266
01416
00953
03098
05175
04004
04357
04037
04111
01659
04291
01821
05686
01909
03748
04325
04886
03433
02597
04316
02451
04728
04872
02081
05512
05462
03832
04753
03054
01310
01028
01677
05614
04895
04214
04433
00981
03348
02991
04339
00990
01634
00687
04582
00670
03897
01712
00339
00136
02255
02565
05261
03300
04649
00842
01073
03566
00276
03497
01433
01237
04636
04143
05210
05602
02978
00216
05097
03924
00235
04222
01730
02680
04004
04278
00965
03022
05150
00238
05031
02214
00219
02700
04685
04318
05068
01014
01624
02999
05252
05235
03932
02638
04545
04196
01354
01185
00403
02117
00734
02721
00918
00340
05470
03227
02355
03532
04185
02532
04988
04933
02381
03591
02279
01622
03703
00551
04760
02440
01650
01225
04403
04833
04394
03640
01217
03169
03315
04495
00476
00642
04847
04955
03933
04611
01276
03895
04555
03197
05355
00542
03530
03701
02521
02377
00389
03512
01552
01428
00274
05384
03091
05111
02080
04804
02716
03830
03879
03265
02803
00761
04604
02062
05576
04400
05108
01214
05174
03727
02690
00116
00274
05574
00841
02570
01095
04772
01704
00922
04451
00522
01435
00554
03867
00346
01163
03372
04274
01841
01365
01136
02164
05171
01411
01883
02518
00247
02387
02637
03825
05191
04962
00377
04331
00346
03213
02340
04003
01168
00861
04868
00217
00855
05092
00199
03763
01856
01628
01109
05267
00206
01221
04203
01120
02683
00850
01610
02717
03188
04401
04208
01257
05024
05106
05266
01854
01024
01406
05091
01753
04554
04427
04465
02998
04560
03584
01226
03017
04005
04956
00650
00080
00155
01571
00468
00453
05672
00688
00542
05696
01618
00731
02239
04150
02321
00014
03365
02486
02165
02804
01216
01725
00074
04926
03522
02241
00685
05290
01031
02662
03768
02554
04404
03188
00325
04413
01145
00590
02763
01729
00949
05252
01170
02149
02675
02681
00087
01691
02814
00763
05449
05654
01049
03951
05238
01730
00238
03402
04418
05181
03730
04638
03313
04614
02390
00504
05256
03713
04540
04746
05270
02781
01060
02300
00393
02454
04118
02932
04961
03256
04659
05370
02296
02066
03984
00411
04541
00024
03570
00798
04250
04034
03815
03830
00240
03457
03870
05683
00844
04536
00515
00275
02116
02489
01638
00677
03393
01844
04578
04548
05271
