02103
04172
04024
04406
04048
03696
03954
00330
02081
03950
04272
05289
02894
02600
00764
05269
01236
02505
03720
04744
00845
03826
05066
00531
01557
01138
03964
03834
01157
02817
03878
03919
00099
01181
02989
01111
04900
01298
00477
03033
04378
00307
04411
03608
03399
03822
00674
02278
02015
01829
00751
04064
02850
02620
00401
01242
05101
01553
01291
04515
00967
00446
03049
04324
02929
02009
00277
04358
04000
00084
01074
01059
03527
05289
02247
04280
03087
05455
02506
04589
05398
02523
02953
03725
03377
01765
04203
01556
01807
04398
00029
03963
05272
00983
04639
00699
00423
01189
00893
05238
01806
02137
01710
02531
04823
05350
01252
03213
00132
03198
00472
01723
02175
04393
00653
04211
02000
04130
02024
02922
01447
01445
03258
03985
00106
04101
02853
00614
03455
02815
04361
00472
04528
02515
00900
00560
02728
03168
01118
04809
04722
03420
01431
03473
00996
02765
00711
01175
01525
03603
04747
00664
01157
03790
00974
00761
03267
04936
04906
03346
00438
01837
04006
05466
04981
03359
00465
03928
03568
02729
01209
04538
02535
01888
03235
03425
00530
04534
00807
05025
02651
02455
04552
03298
03069
00641
02804
01372
00342
05435
03155
01379
04944
03954
01554
00012
01301
05113
00104
03001
01296
02767
02181
02852
00177
02963
03914
03951
01972
05176
02020
01235
05223
05207
05029
02964
04090
01303
04694
01109
03796
02619
04903
04285
01764
01070
04482
01929
01277
05104
01819
03384
01804
02961
01446
03834
05239
05017
01185
04149
03392
04088
05192
03487
00008
02759
03219
05181
05326
00510
00660
01484
04411
04608
04879
02136
04587
04246
01015
02737
04828
04657
02686
05045
03404
04336
04824
00368
03505
01925
03170
02854
00672
04468
01574
02729
00130
01410
04932
01871
03015
01056
04716
04002
02585
03949
02075
00827
01073
03904
04271
01337
02754
03152
01402
04376
04627
01150
04611
03739
04308
00288
02725
05462
04845
02037
04578
03528
03293
03649
00668
01308
03057
05320
03971
02147
01162
02271
03146
01604
01694
00894
02536
02628
02336
05284
04955
00641
00430
04797
00539
01638
03707
00074
05377
00268
04727
03816
03556
03500
03862
03143
05454
00622
03742
01274
01205
04966
04156
03233
01932
02269
00326
04135
05484
03451
00052
02754
05080
04152
03365
01803
01228
05365
01674
01991
02835
00670
04089
00456
01916
00358
00176
05389
01119
01039
01224
03767
04390
03835
02281
01009
00502
03824
04844
00807
03517
02301
03952
02913
00397
00925
02860
01918
04954
02677
00714
03466
02483
05030
01024
00045
03938
04849
01427
02859
03803
02584
01713
05425
03514
00671
05172
05448
02336
01879
04586
03234
00253
03458
03140
01990
00923
02324
05263
01521
00170
05290
03521
03227
00819
02001
00956
01243
00278
03522
03067
02509
00072
02302
01438
00970
00401
02949
00642
03801
04697
02387
00754
01440
01446
01723
04206
02125
04374
02480
03309
04117
05078
02862
01489
04732
01890
04272
04809
03647
04393
03656
00277
03046
02021
01743
01594
04368
01520
02341
03185
00038
00778
04817
01988
01882
04687
01583
05304
03630
05177
03407
01279
01672
02779
02159
01546
05395
01726
00469
04987
03003
03485
04355
00576
02595
01648
05392
04408
05085
04841
03420
03463
03252
00714
03379
02698
04054
00531
01286
04233
03356
04333
02123
02541
03631
02709
04169
04542
01208
02003
02325
01233
00825
05207
01176
04624
02471
00117
01684
02535
02784
04689
03845
02404
00163
01078
04410
02030
02742
05104
01937
02282
03603
00853
03034
00894
00867
02353
03511
03923
00681
00714
00516
03861
03664
02827
00970
02630
01263
04761
00965
03868
03922
00049
01753
02834
04026
03889
01337
04813
02825
01969
05052
03546
02857
04566
04078
02728
04007
04545
04361
03496
00752
03439
04797
03485
01360
02317
04194
02557
02319
01920
02558
02439
03329
01247
04163
04759
03526
01400
01082
01007
02375
00297
00546
00629
03248
04519
00316
04993
01759
04198
01348
00486
04273
00597
05374
01149
02509
02502
05390
00957
00538
02789
05458
04387
03819
03952
04475
01438
03046
01714
01820
02640
02424
01546
00607
01379
03865
02749
04492
00882
00703
00729
00519
02632
04134
04632
05210
04199
00271
04160
05105
03586
03814
03880
03939
00098
05146
00009
02562
00315
03743
03716
01771
04979
03076
02315
00279
01912
02103
04479
04086
04139
02339
01940
01339
01922
01129
03641
01072
03981
01587
00416
05341
00477
02292
03123
00791
02326
04256
04360
02631
04659
01349
00277
04834
00486
02012
00736
05171
03025
02827
02874
05290
01347
01140
04873
00699
00428
04942
01636
03282
02524
03303
03971
01578
04145
05327
02143
01612
05384
00996
02483
04187
00401
01051
03794
03118
03443
00467
02137
00059
05169
05033
03626
03231
03728
03116
02698
04311
04571
05263
00436
02670
02264
00269
05355
00781
05310
03449
04454
03132
01668
04150
01108
02965
01929
01126
02595
02632
01666
01436
04678
01838
04301
02508
00818
03807
01000
02541
05489
03524
03929
00653
01402
01357
00709
01560
04109
03721
01197
01178
02932
04204
02501
01295
05029
01466
00136
01498
04155
04662
00561
02765
00727
01556
04068
05237
00442
03169
05348
04330
02976
01237
00949
04583
03757
04092
05470
04928
04054
02258
01049
00008
04916
03016
02452
02025
04380
00405
00860
04643
05170
03617
00582
05254
03040
02553
01370
00188
03151
01524
04471
02191
04833
03135
04020
01595
02346
04257
01693
04425
04444
05417
04466
01125
00943
01256
01373
03362
01227
00522
04852
02920
02917
01813
01810
05445
01793
04275
05483
05104
03941
05242
00107
01712
03259
01497
02276
02470
00868
04333
03388
05023
05485
01065
01680
03110
02576
03880
01284
05005
00237
01050
01917
04601
03412
01462
00077
03399
05326
02835
03923
03535
03719
02765
00322
02326
02161
02955
03556
03104
02512
05080
02204
02819
01147
02911
04872
02870
04260
03067
05257
02490
01713
00648
04037
00772
03230
01812
00795
05385
00015
00079
04247
01954
01693
01926
03057
02175
01573
00778
01472
01524
00361
00877
00136
05196
02016
01730
03945
04142
01607
04967
00587
00345
03553
00536
03870
05443
01959
03339
04655
05442
04820
02722
05330
05035
02792
01773
04940
03545
03898
04557
02465
01163
00960
01938
02490
04090
00643
03430
02083
01694
01368
01295
04395
04774
03928
03799
01283
00466
00109
01386
00863
02646
04073
00893
04493
01454
01924
03758
05254
00339
04524
04185
03953
05468
00577
02174
00484
04845
04667
02032
00879
02185
03715
04130
03993
00157
00374
05053
04001
05479
03221
02563
00553
04373
01718
01963
04046
05343
01360
04625
02185
02233
03362
01401
00314
03476
00051
03028
02943
03501
02246
03335
01628
04232
03741
04437
04477
04839
00570
05448
01202
01584
05226
00732
04690
03207
00903
05312
02631
01393
01885
04306
00711
03211
03214
03201
01212
00131
03026
00226
03390
03138
05447
04672
00994
03330
01377
01561
04811
01563
05174
05379
00025
01273
05489
04855
03537
02628
01285
00905
00088
04585
04958
01777
04169
03201
01523
01838
05422
03045
00119
03686
04839
00689
05473
02622
00417
01577
00684
04388
04206
00605
04729
04495
00458
05088
01925
00442
02480
01509
01106
00777
03615
02327
04420
02773
04075
00872
01161
00772
00436
02117
03230
03893
04408
03360
00430
01574
00554
01359
00298
05323
03755
04293
00447
01430
02470
00047
05243
02194
02453
02169
02771
00801
05062
00978
02598
03708
01520
03378
05196
04417
00058
03004
02974
03635
01806
03733
00913
03099
03888
05436
02302
00502
04526
02039
05308
03943
03396
03454
01798
02511
02021
00868
03616
01304
04296
05119
04849
03148
00961
04089
03948
05143
04004
00869
01371
04012
01437
02559
04366
04821
03967
02585
02817
02501
04131
00315
01436
01863
02428
04787
02740
00221
05083
02618
02694
04319
00521
05314
03257
03646
03338
04036
03417
00062
01031
00821
01451
04832
03777
02790
03857
01305
04051
01206
01806
04232
05425
03898
04331
03897
01654
00824
04061
04500
04709
00339
02995
00537
04566
03914
04729
01039
04551
03623
00407
01125
01750
03056
02959
03167
05357
00254
00246
01526
03497
02215
01694
04406
00885
02058
00841
04998
03959
02717
01546
00360
03245
01167
03781
02078
04966
03804
01829
01037
01192
04338
02170
05108
04106
00130
03733
04017
02130
05228
00793
00420
04904
04159
03960
03113
01391
01949
01842
02653
02770
01191
03010
00956
01428
04515
02422
03599
00577
03703
03058
05237
03152
05074
02950
03252
03517
01718
00045
00837
03756
01022
03065
01608
00833
00195
03192
00811
03671
02526
00138
03506
02463
00290
02750
04838
04158
03689
00571
00283
00372
02837
01056
00031
04784
03709
01935
04196
03277
04780
02086
03493
00287
02546
01472
02009
04006
02691
04268
03518
01429
03037
03737
03426
03115
03794
05130
03105
01603
01359
02513
04878
04873
01123
04198
01379
03824
04305
03221
01516
00393
02974
05229
02347
04942
03175
02685
04876
00565
04618
03986
04776
01928
03179
01847
01900
03317
02590
00173
02304
00658
03020
04487
00581
05074
04792
04596
02689
00036
01297
04536
04093
00054
03558
03850
02505
04451
01985
00765
00252
02565
00777
02890
04430
03689
03186
02341
03269
05081
03475
02408
05296
02752
04624
02140
02204
03879
02402
04715
00592
04712
03061
01013
02359
04707
01052
00295
04429
00496
04112
02062
00482
05435
03991
02025
01797
04064
04280
02733
01192
03011
03185
00898
00002
02117
05395
02306
04485
04658
02086
02427
03146
01631
01869
03626
03708
04260
03910
05291
05248
05046
04860
01213
04717
01546
00897
01506
01319
00129
01191
03504
03362
03028
03783
03935
05116
02665
01418
04163
04895
02001
04571
01683
03573
03694
02029
00388
00682
02229
03858
01280
00606
01048
04290
01374
02733
05486
04851
02954
03624
04511
03305
04506
03373
02671
00058
04365
01915
01960
05207
04413
03887
03183
02903
04388
00083
04457
04658
05299
03533
03639
00577
00186
00107
04784
01609
01249
02007
03519
02076
02705
01178
00295
02289
02824
04568
02404
01181
04937
04767
03925
03648
04039
03523
02297
02795
01181
00114
00192
02726
01312
04004
02793
01286
05098
04879
02364
04340
04398
03022
03541
00434
05418
04128
03638
00616
04332
01232
02164
02341
00522
03584
00313
03172
02896
03915
01638
02858
03163
01475
02738
04967
02497
02739
05095
01018
00440
03398
01313
04741
03986
00119
02097
01278
00929
01638
02569
03832
03747
03199
03722
04062
04601
03297
02872
04655
03022
03529
01454
04962
02585
05058
01844
00180
01615
04051
02317
03765
02383
00932
01851
03956
05439
02109
04779
04795
03147
01287
01923
02983
01170
03621
01442
04220
02741
04460
03350
03501
03672
01272
00841
04816
05096
03683
00002
01453
02259
03539
03156
05494
02635
02041
00721
05011
00306
04616
01425
05215
01932
04029
01830
00927
04375
00341
04796
00078
01431
04664
01602
03535
02694
02417
00723
01723
04339
02486
01548
04843
00043
00496
00011
01542
05433
02344
02761
02499
01543
02521
02525
03807
04483
02138
03751
04494
04752
05243
02885
03836
02350
04696
05465
02599
02260
00418
03073
00376
04551
01323
03481
02056
04449
04717
02742
01428
01945
00106
04509
03153
01667
03699
02914
03066
03101
00760
05114
01587
01039
04288
03196
02236
05200
00926
04435
03003
03597
00991
00490
00319
02772
03218
01847
02654
03339
02062
00870
03606
04082
00624
02822
00660
01056
01923
03564
05361
04157
03537
00207
03850
05398
04487
02853
00376
03521
05288
00796
03114
05323
00938
02803
01867
02552
04439
00664
03399
05075
03256
00566
05166
04689
03484
02267
04968
03884
05260
03876
01428
05439
03710
01162
04452
02983
00956
01212
02501
02030
01135
02760
02728
00181
01374
00619
05201
02986
01209
04145
00925
02931
02694
03442
05240
04265
03039
03522
01477
03249
03986
01760
00986
02469
04575
01542
05295
03020
03408
00670
04738
04127
02927
04314
04605
03679
00784
05194
03045
03560
03994
02054
04955
00541
01641
03610
03305
02531
00841
00717
03183
01497
01090
05083
03744
02164
04484
03988
01001
02563
03887
02430
02564
01323
05468
00971
05389
03373
02126
04048
00422
02355
04732
04386
03730
00528
01932
01115
01381
03118
02234
03861
01338
00162
05083
05334
03874
04951
01077
01500
04849
00910
00071
03149
00055
03506
05470
02427
00717
05215
04432
03101
03577
04602
02776
02362
03008
03903
00419
04616
01136
00363
03670
03378
01175
00678
05186
01963
00079
02064
03981
03925
00011
02900
03030
02169
00030
02013
04677
01734
02575
02937
04533
04170
01378
00993
04150
04682
04755
04032
01867
01705
04885
02818
05033
05312
04812
03799
03982
04605
02228
04979
02338
03905
02691
05273
03060
02580
01486
00240
00429
02751
00873
01260
02949
01462
02364
01909
00954
00890
01253
00038
00383
03327
04441
05065
01723
02318
03895
04883
01004
01948
03485
00417
01327
03758
01089
01012
00988
02489
00751
03766
04897
04800
00110
03022
04949
02194
05336
02170
05072
00762
01572
00873
02028
00865
02115
03351
00119
02041
03431
01200
04658
03556
00857
04297
00891
03069
03885
03687
02198
03605
00652
01852
02299
04775
01886
00640
04568
04908
02790
02431
00656
03985
00439
03164
00289
02003
04665
00326
01083
00649
01916
03028
05327
05086
04837
01180
05003
02382
01456
02537
01507
02255
03038
02669
03129
00501
05089
05302
01506
04306
05097
00401
03598
03384
00670
03833
03770
00493
05388
01794
02889
05106
05051
03258
05132
04497
01605
03862
02976
00592
02089
02762
00738
02379
01421
00998
00229
05213
03808
01172
04928
00888
03274
00995
03666
04915
02326
02155
00176
02696
02783
02576
01222
01471
03590
04262
03347
02918
04084
04786
04868
04581
02100
02094
05248
03905
00176
02046
02221
05132
05273
04094
02545
04900
04345
04998
04148
02614
03841
01206
03191
04527
01884
01240
03935
00089
03643
00167
04640
05447
00563
03540
01832
01855
02689
04624
05348
04450
00904
02846
04930
05203
05474
01341
02290
05048
04497
02441
04659
00132
03613
01178
04209
04734
01108
03229
03602
04913
05361
04519
03470
03466
04758
00093
03312
03547
05492
03122
04162
03901
04309
01477
02468
02976
00502
03675
02290
00615
01039
01081
02941
03799
00240
03003
00672
03174
02562
00212
04072
04676
00352
02773
03849
04030
05032
03577
03088
00992
00597
01751
04475
05066
01274
03200
02263
02719
02681
02813
00434
00737
00331
01518
04984
04081
01076
00773
03172
01617
00075
00640
00901
02917
04656
04381
04250
05384
00842
03663
03395
02036
01717
01779
05138
03021
01424
00935
05183
00910
05263
01976
01456
00647
03184
00246
05445
00074
04248
03284
01996
04469
03251
03565
01669
00726
05145
02379
03764
05483
04407
01524
00023
04509
03010
01782
00364
04319
01379
03741
02880
04855
01404
00502
04603
02064
04331
02280
03128
02192
02413
02728
00484
04790
04614
03225
03295
01813
02023
01987
04783
02915
04664
03347
04279
02324
02750
00096
01240
03487
05474
01182
04710
04647
00377
02821
04549
00356
00803
00366
03977
00873
01557
03193
02357
00802
00943
00525
02181
00948
03251
05381
04004
03368
04057
01177
01654
04077
02080
04674
05094
04333
04994
04675
04076
03358
01448
00403
05138
02460
03345
04664
01860
03055
00310
00979
05318
02451
03978
05248
02162
04959
01088
00273
03471
05179
01942
01921
01494
04223
03024
01258
03583
00822
02775
02032
04964
02988
04295
04742
05494
03750
00977
03671
03381
00900
00762
00406
05187
00885
04001
03463
03509
00964
04338
05255
02091
05263
00498
01276
02153
00528
00443
04337
04626
02029
01856
03064
00520
03788
02989
03016
01334
03528
00887
05415
01428
01992
01003
02606
03197
04950
01334
03705
04620
01105
03973
01063
04080
03848
01290
01909
00848
04862
01531
01971
01160
01762
04154
00771
03942
04967
01610
02559
01822
02974
04142
05231
02953
02757
01108
04696
00260
00600
03282
03556
02005
02367
00717
04253
04694
02850
01537
00877
02255
04534
03918
04672
00052
01633
02236
03942
04668
00677
01603
04233
01956
00934
02563
03128
04727
01409
03433
04170
05326
03178
00264
01992
02285
04802
01434
01685
03130
05402
01445
03243
01854
03339
02858
00680
02574
04739
01527
00245
01267
04086
02178
00204
02710
00410
02561
01209
05240
02009
03571
01053
04885
02004
02369
03646
04116
00590
00405
00679
04508
03523
02627
03376
00265
02903
03417
03532
03427
01531
04207
04915
05223
01566
02281
01971
00012
00313
01717
02707
03826
01489
01476
05269
01477
01787
04881
02817
03914
01142
00144
05183
01838
03093
03450
02652
00180
00924
01970
03670
04098
04057
01576
03753
05080
04040
01450
04829
04253
01108
04191
00517
02254
03929
04926
04135
01585
04998
00871
02614
00607
05151
03001
02353
05262
00061
04276
01094
00491
05159
03414
03667
03996
04838
00337
05306
02082
01781
04635
02176
01905
05098
03743
05084
02049
02864
02016
00205
00289
00761
02048
01285
01387
02293
00611
03202
03324
04118
03406
04254
02902
05328
03715
00728
01936
04516
00791
01511
03817
02217
00719
00715
03421
03891
04828
02047
02781
01879
05342
02948
01666
01556
04628
00325
00582
02800
04074
00156
00571
01852
00539
02437
05460
03199
05023
04131
05290
00333
00333
02927
03708
04948
03182
01454
00276
04547
03450
03443
03991
02398
01612
02881
01427
03900
02686
01742
01139
04412
03639
01484
01379
01959
03480
02071
00759
05339
04040
02242
03899
00097
02272
02875
04161
04809
04737
02736
01207
02014
00555
03555
02467
05445
01994
02326
00569
00820
04683
01226
03732
04880
03660
04631
02473
01044
04701
01959
04293
04897
02648
02195
04291
03307
05156
02814
01958
02053
03538
02931
01181
01249
01949
03172
00317
04920
04193
03565
03259
03920
02410
04986
00007
02909
05163
00027
04000
03182
05073
00442
02603
03013
02066
05040
03552
03074
01361
01977
02409
04428
03079
01562
00470
00567
00401
04457
05216
00378
03371
02548
00973
00945
05169
02452
02574
05351
00026
02649
04157
00201
05181
02435
03038
05147
05150
04019
04588
03865
04894
02652
00484
01022
00359
00061
03607
02681
01690
00411
00598
05236
02842
04377
03688
05466
01254
02728
01335
02430
03887
00106
01331
00950
05265
04767
04924
05186
02921
04754
00155
01917
02051
04866
00836
01099
04330
01796
04791
01078
02981
03298
03902
02218
02861
03526
03911
01183
01897
02513
04539
00277
04849
05432
04979
04020
01005
01005
04014
03380
04645
02563
03780
05048
03550
02647
02529
03810
01768
04627
01127
04326
04078
02421
04343
01044
02576
02337
01159
02737
03943
00532
04550
04997
03557
02901
01371
04551
04508
04638
01560
04991
00304
03688
01483
02577
03805
00224
02999
00696
05233
01386
04106
02757
01720
02516
01374
03305
05195
04457
03199
04798
01180
02328
02424
05135
00449
02443
04246
04159
02122
02225
04290
04835
04313
05208
01509
02928
00041
00781
01250
04153
03734
03497
03441
05207
04932
04120
05160
04414
04102
02509
05311
03712
05484
02458
00449
03872
04506
04348
04597
03129
05081
05015
00719
02838
01739
03950
04061
04822
02637
03393
03018
03357
04849
05000
01474
01673
00410
02389
00207
04019
02046
02883
03632
00118
04338
04922
00009
04807
03289
03494
01434
04340
03967
02235
02977
03911
02521
01804
02219
00786
00010
03893
00855
05135
00004
01123
03852
03150
01885
01022
04608
04824
01866
01430
03809
01069
04371
03766
04391
01966
02409
02791
03141
04996
03424
04238
03702
02465
02112
05461
03488
03092
01900
03948
04053
00705
00030
03814
01448
04171
05422
02232
05231
02581
01202
04969
00891
03888
04139
02693
00181
01126
01946
00946
02185
00850
01542
04580
00052
03897
02197
01325
00784
04533
00354
04422
00283
01613
00863
00266
01988
03670
01261
00742
02632
02225
05094
03742
00877
03875
02701
04237
04853
01375
04556
02862
03734
01781
01566
03656
03445
00090
01445
02647
02553
04859
03549
00657
01671
01583
03899
02657
03460
00477
02389
01053
01103
04705
04894
03740
04855
04234
05002
02638
01881
03305
02171
04301
02433
04909
04447
01606
01714
03858
01595
01125
04486
03472
04601
05266
00579
02865
04947
02464
03103
05412
03887
00960
01551
05045
01702
01375
00246
03422
04097
01253
00911
00972
05428
00754
05269
02618
05371
01683
03680
03639
04762
00926
04644
05160
00453
03680
00388
02997
02449
00971
03161
04485
03831
03080
00814
02785
01686
04675
04186
02050
01039
02242
02752
04427
02946
04381
01806
03909
00259
00907
05441
03046
01725
01178
04157
04641
01518
04785
04690
00529
05027
04086
04263
05474
04468
00516
00854
00028
02483
05464
00869
00562
00848
01152
01469
03611
04948
04217
04065
02625
00959
05405
03746
00315
04101
03537
01073
01425
04984
01553
03713
03630
04808
00694
03452
04942
01067
03053
02433
01664
04888
01182
03369
05431
01343
00928
02004
05224
01864
02832
01561
05398
01414
01597
01019
01546
03799
02011
02802
05299
05226
01593
00869
01831
02688
03477
01884
04117
03719
05286
03921
03227
05425
02317
00690
02604
01270
04869
01101
00753
04877
03273
04847
02560
03665
04640
04019
02906
03932
00180
03367
01396
01649
05416
05122
01907
04955
04133
05272
04852
03578
00816
02644
03698
00058
03757
03423
02289
00518
04663
01846
01188
01460
04944
05006
02644
02672
03082
03960
01125
05250
02856
00501
01743
05164
03543
04500
04961
01897
05236
01896
01062
01102
03547
02196
01996
03371
05438
00588
01526
03110
03168
03222
02087
04651
00033
05151
02033
00286
03538
04457
02037
00407
02139
03474
02980
02805
05414
04463
02834
00203
04167
04826
02899
00775
01934
04958
03503
00301
04040
03206
01560
02864
00053
04477
05171
03172
00868
03225
01704
01676
03749
04233
01590
03086
04673
02210
04619
01882
02284
03414
05254
02860
01079
00184
04516
03390
05193
01974
02425
02130
02427
05420
01146
01681
04317
04950
00880
01337
01825
01216
00727
00769
01318
04106
04238
00107
04594
02527
01024
00871
05097
04015
02297
02755
00566
01290
00263
00947
02013
04580
04839
03596
02799
03262
03844
04252
01005
03727
01117
04640
00460
01861
03900
03186
00670
00886
03579
02087
01622
00692
04916
02141
00674
01656
01554
02298
01202
04903
04262
05234
04966
04251
03948
01846
03440
00081
02766
00550
00640
04990
01632
00004
01897
01867
04542
01283
00725
04806
01878
05200
04105
03666
02114
01664
00967
03275
00610
02809
03953
01507
01277
05206
04239
00145
04738
01360
01902
05201
04493
01783
03556
00444
02395
01946
00736
01722
01070
02316
00473
04602
00587
02836
03356
01235
04603
00924
01911
02918
05169
00246
05317
03183
00754
04400
00049
05153
03955
02134
00302
01188
02112
01238
01313
00642
00786
00704
03569
04135
02091
01732
04853
02434
00614
01885
05269
00331
04222
02140
00031
00170
02899
04118
04597
00578
04915
04403
00131
04114
05304
03712
02034
02561
03964
02780
01508
02450
03555
05335
02276
03946
02421
04844
00607
02762
00267
02445
01721
03372
00291
02857
03526
04423
04964
01502
02988
01913
05319
03156
03969
04490
04985
02687
03583
01353
04451
00141
04796
03945
03729
01368
02909
00466
04216
01443
00835
01946
03845
00211
00117
02465
01714
01346
02076
01893
02383
02353
01108
01879
03519
01403
03993
05427
02926
02101
00546
03370
04987
01828
03730
04147
01379
02586
03765
05163
01897
04574
05294
00914
00301
03412
02879
04011
03255
05356
04983
02744
01081
03190
02436
00332
04394
05083
00968
01106
04046
03324
05209
01595
03815
01402
05306
00607
02762
04857
03858
03457
03610
00565
04232
02814
05231
01694
01892
02428
05443
03695
00316
00624
02410
00667
05000
04325
02924
01322
01849
05423
03602
05155
02941
03337
02100
02739
03027
00211
03570
01849
03069
01453
03862
04068
03272
03157
00674
00607
03829
04684
04665
00863
03650
01416
02657
05248
04511
05281
04145
02649
00334
03338
03342
02626
00247
03943
00132
03254
01014
02642
00818
04938
03634
01599
01362
01634
05390
03413
01824
04921
02036
00026
01022
00443
01815
01242
00884
01031
03763
03161
00393
00383
05123
05231
02370
03278
03053
04082
01989
04616
04850
00211
04623
04801
01642
02782
03400
04931
04567
02144
05111
00718
01351
00150
01480
02768
02775
04616
01389
02302
02067
04972
02177
02734
01389
02014
05470
00717
04893
00261
02383
02621
02455
02208
03134
03160
04335
03242
00747
01181
00867
00191
02668
01089
03580
02593
03085
00081
03327
02136
03269
03643
02751
03510
01984
04075
03139
00455
05305
04121
05109
02448
01644
03796
00458
00991
01996
01201
03591
02771
02211
05378
02117
00695
03074
04918
00357
00174
05264
04827
01578
00008
01900
02392
02255
01912
01887
02029
03450
03293
01764
04608
01643
04488
00554
04634
00295
03425
02872
03099
04256
05342
03545
04239
00666
05066
04607
00430
03660
00905
05302
03142
05089
04477
01138
01064
03579
02729
00857
03829
02238
00386
04587
02264
03565
02820
00468
05438
02345
00151
01445
00570
00051
05319
01087
03487
01109
00657
04589
04367
01211
05155
00946
02005
04404
01504
04338
00415
02683
02002
04990
01943
03398
02844
03230
05420
00933
02589
01419
02506
01613
00191
03070
00870
04333
04781
00268
01419
05075
03320
02097
01423
03736
01888
02848
05469
04334
00503
01257
04718
00035
02782
02146
00262
05394
00277
00920
00957
04722
00554
03921
03883
01274
02606
02924
01980
01676
03396
01245
03791
03739
04458
03007
01761
02201
00026
04712
03674
00191
03470
00531
02723
01575
04633
01145
02471
02899
04155
04154
02197
00007
04855
00868
02332
01993
05220
01843
03386
01474
01313
01448
01890
01286
02029
04247
01900
00373
01787
04851
04052
02365
03575
05352
00900
00103
02380
04768
02270
04605
04115
00216
01821
01470
01765
04608
03235
02882
00652
02402
00998
03738
02135
00364
04453
03620
02792
00800
03271
01387
00207
05096
00670
04249
01077
04147
00947
02603
00054
04070
04130
00863
04089
04010
01542
02530
03291
04367
01825
03340
03132
02155
05099
00879
01418
03929
02188
01907
00138
03359
04787
02097
02729
05395
03856
02433
03884
04977
00494
01843
05072
03912
01148
02498
00425
03396
03423
00826
04790
04423
04430
02391
05295
00936
02305
00143
01955
05299
00290
03914
03285
04116
03601
01046
02677
00840
00872
05105
01471
01674
00164
04187
04609
01484
01448
03429
04523
00505
04076
00664
02297
05203
02145
01288
02672
02146
03488
03457
05133
02091
01552
01147
01947
01835
03674
01746
00452
03472
04396
00696
05180
04902
01622
00055
03910
05460
04661
00429
04275
01098
00797
00615
01501
02284
00291
01982
00781
00600
05016
01604
00029
02596
04125
00366
04417
00284
05013
05193
01665
00514
02936
04343
02097
02609
02506
02392
01962
00288
04924
00301
03021
03251
01338
05271
02412
01376
01123
02642
00376
02132
04518
00502
04018
04819
00935
03464
00124
03854
03885
03942
02077
02627
05386
04117
02855
01102
03622
04224
03269
04514
03689
03214
05196
02400
03248
02472
02385
00153
04590
03944
05366
00596
02328
02090
03677
04578
02320
02965
00258
02246
03553
04759
00635
04201
03200
01539
00662
02610
01184
02640
03864
02796
01903
01823
04850
00492
02718
00866
03085
03323
03196
02167
01003
02405
04708
02348
02164
02343
03048
00580
01368
01044
01378
00935
00039
05378
03134
00600
01451
01373
03118
03948
02378
03341
05119
02069
00961
03961
04443
03853
05242
03780
00409
03308
01119
03763
00257
04463
00766
05333
03969
05202
05018
02096
05349
00682
04002
01141
05141
03829
05316
04219
00595
00957
03519
04389
03300
01615
04631
01449
05233
02177
01740
04866
02768
01994
00438
05150
04063
00421
05136
00889
02344
03690
01987
02285
04183
01288
05179
01487
02081
04014
04109
01356
03643
03733
00980
05221
00467
00202
04790
01861
03739
03566
00238
03956
00185
04973
00600
03693
02754
00705
02617
02074
03904
04596
03205
04924
03778
03605
02003
04486
03150
01854
01788
00075
03703
01598
00656
00016
00948
03790
02675
05016
03586
01596
00868
04638
01614
02147
01797
01585
00319
01811
04414
02488
03499
05150
05295
04813
02280
01393
03833
03608
02955
01941
05356
00857
02673
03778
05280
04518
01503
02430
01746
01220
03360
01251
04215
01189
03145
04929
03712
03386
00940
02635
02189
01759
02458
03745
01300
00792
04820
02348
05269
02933
02569
00908
00861
01070
01875
01059
01623
01072
02907
03262
05071
01639
01967
04151
04330
01040
02071
04662
03447
03392
05399
05057
03693
03856
00809
01628
03062
01645
02014
01191
05412
02179
04488
01847
01338
02257
04816
05295
04170
05256
03781
02647
02714
01710
02637
02532
02481
04675
00727
02291
01188
02779
02635
04457
01663
02022
04195
05317
01843
00551
04606
04084
04893
02188
00695
01213
03569
01892
01148
03700
03192
01432
02984
03181
03531
03685
04840
02078
03657
03835
00466
05251
01349
05086
04728
03687
05266
03329
04905
01760
01184
01799
01049
03560
01469
04599
02951
01242
02668
03621
02135
03476
03017
02960
00650
02123
03525
02055
01867
01581
00802
03942
00392
04460
03320
02870
00802
04455
03247
04465
02702
02514
02877
02729
04954
01627
05067
02133
00183
04295
00344
04093
05421
05409
00126
03398
00760
01877
02558
02937
00114
05434
05382
01194
01928
00986
04990
04823
05474
02481
02941
02471
00567
03366
00758
02753
04348
01401
05043
03884
03697
02824
01841
01460
03458
04189
03458
03608
02961
02089
00817
00867
00078
03947
04504
01963
02411
05018
04527
04597
02630
02509
00228
03822
04092
03509
03067
00642
01529
00643
03210
03314
00630
05472
00251
03217
02215
00162
02402
05309
01339
01268
05177
01353
05301
02173
05129
00767
03197
05139
00811
04931
04128
01740
00245
03222
03673
05395
02884
01597
01864
02519
01459
03287
02257
00724
02958
04670
03323
03215
04565
01154
01603
04356
01867
04711
04005
04033
04091
03712
00461
01826
04654
02410
01539
00172
01959
01668
03525
03435
04669
04694
01322
03850
02511
03377
05304
02963
04598
02841
01282
02567
00711
01962
04308
00517
02015
02728
02329
01701
05153
01841
01552
04951
00760
03966
00575
02166
02931
04387
02884
04405
01954
02501
00637
00617
05349
03418
04876
03914
02911
05435
05364
04116
01109
03949
01775
01143
04690
04930
04241
00454
00324
01755
04386
01245
03769
01587
04324
04858
01696
02255
02032
02174
02562
03518
03370
00870
00357
04697
02900
02548
03553
00523
03481
04581
02154
04843
00000
00872
02210
02223
00653
01625
03759
01441
03154
05181
02189
04752
01402
01313
05390
03068
04463
05338
01835
00748
02066
02951
00068
02934
01378
02430
03391
03023
05029
01006
00851
03232
02403
05155
05100
02627
04237
00604
01971
03683
03465
02050
04227
01983
02713
01249
03590
01459
02310
03440
01751
01596
04060
05494
03610
01818
00599
03508
04375
05377
02829
00747
03215
05189
02831
04414
00867
00408
03062
01073
00627
03017
02499
03516
02196
05262
03738
02787
02391
01815
04188
03432
01687
00782
04576
00873
05341
04096
02614
03712
05087
03366
01556
03888
02738
02293
02492
03685
03165
03968
04722
01866
01803
00024
05299
01629
04261
00814
04872
04600
01910
03436
00774
00740
03627
00434
02582
00354
03263
02820
03089
02101
01708
03194
01345
00328
01481
01729
03144
05193
04093
02616
03203
04773
01588
03314
01378
03134
01184
01535
04443
05226
01022
03343
04252
00153
04712
00664
02471
01083
03668
02831
00325
01597
02775
02348
03890
05301
02815
01076
03761
01633
01214
04684
04824
01264
03821
03858
02603
03869
02050
01940
00279
02671
05263
02135
04973
00426
01092
04355
01109
01278
05083
04580
03557
01480
01490
02726
04426
02670
00445
01822
01764
04066
02330
04312
02065
05305
01539
00645
01308
03394
04983
04086
00860
01677
05342
01596
02098
05100
01956
00288
01570
03609
00532
01007
03446
00479
01894
04690
04550
02935
01894
01367
00076
02720
01255
05403
00978
05355
00425
01049
02271
01349
05395
01765
04966
01566
02086
02238
04023
04894
05287
05235
03616
04726
03052
03516
00040
03754
03415
04305
05460
04208
00398
01675
02274
04122
05210
01023
05087
04097
01391
01021
02424
03372
02086
04301
04298
01988
00412
01202
01435
01258
04275
00371
05129
03587
03078
00024
03850
04336
01500
01319
01626
02002
01638
03583
02498
04981
04160
02834
00265
03345
02370
02833
04340
04874
00020
02846
00871
04985
00191
02651
03695
03844
02603
03590
05437
00675
04127
00325
00181
01462
04819
04095
00431
04859
02853
05162
01987
03168
03519
00072
02151
01150
03197
02458
01031
03973
03897
04607
01900
01923
01767
04209
03011
03913
00614
00846
04674
01862
02105
00114
02033
01211
00187
03578
01355
05264
04764
04521
00010
01211
01204
00007
03993
02515
05357
01930
00033
01701
04456
01725
05039
01536
03633
04505
05122
03416
02230
01576
02665
04523
02863
02496
00257
04576
03175
04776
05118
05205
01022
01266
01899
02892
02863
01041
03531
03818
02297
00728
05413
00803
01931
03304
01192
00431
04513
03254
04245
01898
05253
03408
02479
02440
04571
05313
05474
00560
05393
04481
03560
03998
00503
00779
04625
04732
03483
00196
01765
04902
00718
05105
04544
00366
03376
05312
00717
03311
01585
03636
01764
03719
03784
04809
03335
05156
04993
01124
04464
04892
01943
00529
01005
05451
03504
01408
04297
00174
03278
03137
04599
01251
00950
00747
05465
04795
02948
00008
04087
05322
00935
04787
02182
01982
01559
02405
02820
05419
00293
01177
00502
02415
04354
04683
02286
02993
02165
04987
05438
03859
00075
04183
02629
05357
01328
04601
00457
01114
05208
01834
00671
02135
04527
01360
01732
03195
02803
02430
01088
00377
01672
02901
04321
04206
00095
04596
00770
02990
01592
04678
01170
02126
04261
04165
00956
03404
01661
04651
02240
03258
03830
05212
00764
03774
01516
00662
03742
01931
00654
01949
01803
02466
04246
04931
02125
05256
00500
00060
00676
02479
02327
02492
01523
02197
01978
04598
00435
03204
03211
02433
03162
03404
02587
02743
01454
04647
05238
02865
04695
00126
03572
02301
03235
01146
05197
02607
01525
00290
04642
01687
00066
01937
03542
03341
00453
02080
00492
02775
05362
00949
05450
00044
00790
01283
01179
02142
04585
05329
04218
01181
00756
04675
04391
03276
04966
01569
00084
01913
04274
05443
02109
04121
01024
01514
01340
02558
01193
00228
01452
00064
05393
03863
04741
05039
04641
00276
04446
02255
01553
04634
01223
02423
03412
02115
03010
05160
01654
02227
00112
05274
01880
05280
04076
00269
00232
02467
02293
02690
05411
04488
05266
03316
01988
02318
04036
00271
03182
00510
00375
01500
05499
03373
04877
03918
04193
01949
00001
00202
01789
04844
01703
03997
00962
03117
00941
01440
04323
00733
03022
01697
00283
01433
05379
04857
05112
04146
04008
01558
00010
03569
04696
00022
03977
01202
00877
01811
01872
02822
03075
03322
04414
00916
04453
04594
01585
03737
04039
03442
03654
02122
05418
03368
05152
01255
00321
01205
05379
04231
03640
00874
01689
02415
02004
02104
02993
02013
02263
02828
03108
01429
01241
03879
03293
02255
05004
02914
01348
04360
05277
04214
04612
03000
01098
04633
04583
02113
01232
02937
00483
03741
02700
04490
03986
03318
02938
02736
00990
03758
01533
02231
03855
02071
01360
05471
04706
00309
01587
