04149
04972
00501
02895
03108
05061
05165
03439
02921
03036
03147
04555
00571
05281
04651
04247
00733
04764
02008
04387
03758
01070
01266
04379
01920
04472
03860
01575
01514
03925
01320
04469
01301
00564
02042
02521
00168
04885
05398
03094
03648
02212
01286
03063
01399
05083
01388
00487
05263
00906
04649
01846
02331
04730
03720
04788
00419
01208
01881
04736
00499
00725
01293
00722
04046
00505
00755
03167
05324
03319
02014
01434
01701
01580
02827
00335
03801
00153
00194
04203
01702
04728
02784
02439
04052
04572
05086
01860
02072
02505
01243
00200
03483
04138
02585
05214
01079
04825
03134
01276
00205
02865
04129
04446
05134
01527
01742
02967
04964
01887
02368
01552
04020
04891
02802
02689
01195
01470
01746
03829
01346
02495
02795
04946
03127
01009
03182
04677
00705
04159
02780
04100
04976
00285
04739
01141
01078
04809
04962
02013
02326
04025
02786
03066
03888
00238
05083
00849
03902
03853
02392
02548
04238
00950
03520
04211
01267
04782
04578
04619
03538
01071
03716
00388
03951
02480
02752
02093
03010
04311
04580
00738
00066
04010
01836
02301
01499
01221
02390
05211
02247
04773
04898
05181
05263
03115
02724
00126
00972
02997
01663
03037
05254
00134
02208
01440
02015
02094
04236
02104
02773
00420
00871
02284
00027
03439
04698
02486
00668
01612
03880
04218
02403
03474
03389
01516
03017
03777
03964
03712
01819
03041
04387
00405
02400
03919
00301
05147
04604
02986
02460
03604
01036
02700
00344
03519
03239
03060
01297
00199
02460
04160
00221
02338
01150
01055
00526
01381
00281
00053
00299
05141
02759
03695
00329
03936
04132
00734
03174
02554
05362
03745
05027
03668
00434
03787
01195
02254
02328
03236
01252
04877
04825
01716
04176
01312
04844
03681
02544
00044
04578
01753
03334
05080
03323
03835
05358
03315
00631
00312
01297
05136
01125
02992
04637
03115
04179
05238
03548
04726
03371
04677
04294
04013
01078
01596
01510
01328
04409
04124
03631
02606
03640
04507
01281
00389
02467
00033
00044
03488
04564
04160
00047
04058
02393
04984
01182
04543
04268
03640
05094
05154
03916
04673
05245
01977
04280
04476
00115
04205
00496
02716
00495
00517
03584
01430
02312
04433
03178
00253
00217
00244
01479
02802
04055
01603
02850
02752
04642
02259
01928
03373
04157
04839
02447
03557
03492
05078
01658
05233
03426
03795
03639
04629
03676
03166
04726
02983
03230
02776
01366
00602
01311
02356
01629
02338
04643
04128
04395
03563
00997
03283
00620
02754
02439
01328
00976
03813
00128
02409
00033
01782
04992
00527
05041
01714
01979
00213
01461
04736
03935
03429
02649
05181
02324
00434
04737
02293
00136
04493
00066
00900
03236
00131
02803
01650
02062
02930
00115
04052
00211
05164
03296
05335
04841
04637
01665
04576
03574
01215
01097
03135
03217
04277
03528
01890
00451
04268
01400
03630
05081
02997
03673
03064
01961
00814
04025
00153
02839
02185
00084
04168
00059
00757
04667
03585
04648
04680
02140
04891
01219
01982
04495
04288
01062
03907
02776
05165
00528
05268
02213
01305
01379
04228
00917
05107
04802
00986
01579
00515
00173
04536
02454
00171
04427
01502
05127
02287
01098
03189
00335
04471
04725
04624
02490
05237
05371
03524
02195
01298
02032
04008
04100
00739
01682
04887
01531
02888
00186
02186
03868
05229
00453
00611
03015
03018
02878
03549
04271
03573
00706
01407
01332
02423
03568
03055
04414
03748
01675
03667
03198
00716
00789
04594
04810
02934
02394
03577
04949
03933
01349
04098
01193
01946
03835
01959
04426
00840
02426
01733
04224
05271
01286
04267
01736
03000
00680
05057
01312
01008
04019
01653
03549
01104
03285
02552
00667
02944
04894
02735
02752
02796
03064
04486
04053
03318
00586
00488
00714
02779
03467
05313
02261
05146
00496
02292
04479
00599
03690
01904
04227
01070
01727
02877
00188
00090
03059
01797
03481
02501
02810
01509
01784
04378
01549
02770
02524
00086
02391
03009
04772
05245
02443
04807
00954
02001
01828
01055
00989
02493
02952
02170
01524
04592
05002
05304
00166
02853
03259
01196
01227
04439
04268
01302
03352
04114
00162
05258
05339
04341
01438
00286
00028
01987
04840
03338
03636
00856
03855
00247
04685
01729
02760
00825
02078
02180
03465
04289
00401
00623
00129
03443
03826
04780
03134
03031
02798
02146
02666
00771
00038
03183
02266
04093
05318
00665
04428
01317
02703
00172
03645
00713
02077
04789
01005
04571
03213
01517
01296
01605
04007
03490
01849
00605
04236
04176
00596
00619
03693
05068
05312
05039
01391
00856
04072
03415
00206
02850
01765
05390
04069
04520
01426
02289
00928
02326
03275
04114
01846
04648
00346
03560
01438
00291
04383
05286
03668
01573
03276
04319
04968
03421
02123
00971
04388
04213
02708
01170
05320
02724
02910
02264
02964
04176
03753
01754
00577
00920
02990
04684
04588
02856
03540
04796
01008
00430
02592
02769
02935
01937
04632
00782
00357
00401
01780
04011
04737
00081
00529
03626
02696
03505
02547
01167
05288
04080
00303
04352
01094
00439
01682
00636
03140
00993
00650
01000
01467
04462
00479
02772
01392
01319
03692
01285
02526
03811
00560
01451
04929
03240
01756
02770
04578
05366
00705
02007
01692
03517
04055
02712
05313
03199
02412
03742
00097
04247
00199
01782
04625
05169
01856
01378
03508
04419
01142
05103
03928
01585
00124
04656
00888
01111
00729
01495
00873
05143
03114
02835
02044
01242
02534
00886
03479
05051
02670
00221
03216
03119
00856
03971
01807
03785
04919
01079
00630
00530
01176
00433
00680
04301
03562
03620
01307
03456
05347
03877
02763
05327
01084
00673
05252
00555
04528
00701
03300
04080
03086
04119
00428
00988
01008
02034
04913
03571
04864
02407
03266
04903
04598
04350
00056
04468
04544
04588
00029
00674
02263
04758
03074
02995
02977
01244
00466
02557
01345
01057
05116
00642
01959
01311
01897
00618
04597
03799
02475
03810
00103
00206
00277
04190
03222
05091
02389
04810
01305
05036
00178
01030
05008
02761
00412
01983
04863
02168
01455
03050
02172
01663
04587
01580
00733
02353
01508
05182
03809
00615
00048
01764
00273
04960
03834
03723
02370
05315
04603
05354
03514
00481
00663
02018
00364
00008
00835
00983
05050
00105
02905
03785
04726
02355
02437
03916
02173
02473
02224
03210
03240
02206
02958
05315
00888
02265
01614
03011
03806
02859
00061
04682
04805
04565
04344
00312
01893
00599
00060
05199
05004
03219
05139
04579
03674
01992
03070
01452
02961
02651
02385
00156
00927
05215
02376
02740
05002
01533
03100
02025
04271
01823
04073
03484
00807
04622
01071
02343
03327
00355
00603
03970
03018
03330
01410
02158
04773
01819
03730
00937
00607
01483
00132
00632
00978
03999
04969
01947
03250
02712
03832
01353
01569
00554
00018
02068
01533
01870
03634
03264
00247
04536
02036
02349
04025
05155
02921
03653
00643
01215
00156
02679
02177
03237
04196
00080
00973
04145
02159
04387
03444
00782
04583
00744
00688
03184
01859
03880
04554
00971
04037
02113
01401
00505
00659
01596
00643
03272
01957
02764
01703
04785
04074
05129
00125
02405
04046
03802
03243
02418
00300
03858
00973
00915
03636
03161
00159
02126
00642
01627
04050
00135
04819
02637
04873
01258
00308
05243
03318
03374
00056
02455
04294
01084
02110
04941
00862
02031
03477
00561
00697
00893
04445
05210
04679
01212
02716
02192
04603
01080
00281
03208
04689
04184
02576
02016
03386
00696
04195
04158
01565
04049
00137
02539
02620
03829
04469
00237
01904
03447
01374
01970
04954
04655
03006
00296
04400
01451
04850
02505
03008
01145
03077
04148
03187
00048
01313
04223
02209
02303
04539
04224
02245
03253
02562
05099
01204
01640
01787
02165
02488
01625
04052
01736
01275
02452
05203
03631
03394
01869
03122
00361
03897
02678
00354
02146
03085
03597
00441
01901
04249
04242
00362
04102
00864
00263
01263
01315
00747
02128
02013
03299
00240
02233
04675
03231
02968
02583
00424
04949
02075
00102
02241
04891
01291
02338
00916
02720
02913
02634
03821
00558
02887
05246
00034
04716
00675
03793
03404
01120
03773
02417
04253
03226
00574
00035
00816
02491
04429
04844
02457
05300
03430
05155
00378
04843
02641
04498
05007
02472
03077
04778
00280
00702
03407
04406
03080
02694
01443
04136
05046
02749
02781
00544
00879
00093
04189
02515
04078
03433
04653
01240
00594
01065
00136
03478
04050
03182
04072
00841
02655
04335
03484
04819
04758
04706
00172
01631
01457
02191
01907
03145
01153
00574
04704
04649
04697
04625
03593
01502
04010
05236
03285
04327
04399
04608
02731
00940
00724
05095
01132
00964
04232
03657
02218
03792
03500
01517
01148
01956
02655
00940
01775
01670
00511
02496
03146
03207
04934
01122
03790
01974
03383
01816
00104
05340
00747
00876
05125
02090
01733
02186
02857
02470
03062
00322
02635
03541
05077
03635
02448
03698
03247
05257
05139
02276
00782
03453
00046
03790
05378
03051
05080
05120
02673
01441
03379
03243
03996
02371
04504
03362
02791
00491
01506
04124
02020
04077
00435
03557
03718
04545
04303
00724
03309
01066
04451
02344
02554
00899
03513
01315
02448
01089
00076
05065
02445
02204
00154
04129
05300
05335
04946
02042
00633
02639
01843
03393
00656
02880
03615
03382
00714
02914
04891
02975
02525
00787
03100
04140
04054
01646
00639
01786
04758
01201
03876
04955
03534
03836
03680
00050
03728
01429
03758
00108
01996
03665
04394
01794
03636
04285
02850
03355
04941
03794
03193
01439
05082
03575
05200
03950
05238
01856
02835
01054
04566
02068
00726
00979
03849
04613
04458
04913
03869
00321
01328
03086
00639
04077
04505
02883
03061
00896
04839
00664
00732
05277
02164
02831
04778
00187
01101
03256
02799
01391
02738
02340
04917
02857
00813
02166
04305
04524
00428
00995
04277
02302
02277
00434
01235
01631
01621
00151
02632
00383
04212
04809
00090
00040
01865
05339
01135
02899
02174
04384
04812
05174
02248
01263
02063
03787
01053
02534
04282
01468
04673
04459
05037
00345
03383
02038
04518
02900
03073
05010
01399
00836
02413
01146
01700
03446
04028
04800
01983
02099
03751
03200
02122
04914
01584
01692
02280
00933
04026
01529
00281
03361
02678
04318
02681
01759
04684
03084
04051
00207
01978
02737
00943
02541
04108
00655
00717
03667
02872
02810
00724
04478
04132
03230
05196
03005
02623
01334
01380
00532
00832
00945
01321
00335
04735
04735
03148
04841
00247
00802
03327
01605
01644
05360
05068
05203
01494
01996
00857
04860
05258
00908
00628
04993
04578
00365
05006
04293
01096
04218
02543
02828
04468
01540
04119
03987
04167
05259
04748
03398
04300
04923
05317
02608
01050
05194
04586
02637
02304
00517
00285
01148
04686
04954
01625
00392
04899
02641
04469
04494
01640
02603
03405
02256
05305
00588
04286
04368
02547
01478
00852
04488
01119
03962
04450
02182
04929
03723
00364
02398
04205
03670
04476
00775
00831
04465
04808
00999
02709
00173
04389
02482
01179
01982
02722
03542
02395
02471
01715
02282
04679
00274
04047
00445
02924
05381
02721
00290
02861
00841
00664
04537
03577
00731
03779
03201
03946
00253
00189
03914
03083
01399
03328
05319
03725
00471
04137
02360
01238
02360
04496
02213
01582
00974
03315
05271
02927
00543
04086
04977
03137
01725
02737
02995
00664
02257
01333
05079
04867
02473
01164
02268
00329
04970
00052
00504
02977
05265
01416
01819
02358
01138
01100
03574
03933
04428
00986
01258
00821
02172
02062
04278
03778
05373
05258
02424
02150
04610
04751
01212
04101
03922
02841
03962
03107
01314
01101
03130
05044
05272
05137
03770
05255
01907
01904
03728
02408
02496
04241
02292
01249
00360
01524
03357
02964
03981
00784
03339
00519
02627
04515
04756
03133
03043
00415
03136
03581
00802
04470
04079
04009
02633
02570
04075
00310
02238
01242
05272
04634
02879
00973
00055
04967
02407
01628
04026
00082
04320
03592
04402
00288
02640
04552
04700
04734
02185
04156
00082
00100
01168
02083
00757
03557
03272
02429
00496
00517
02111
00230
03312
01056
03013
02112
03096
04987
00316
04139
00042
03481
01419
03228
02343
00268
01253
03407
04526
03118
03575
00810
02051
02554
03439
02416
03615
04164
03544
03175
04862
03474
01041
00175
04542
00534
01949
00983
00835
00177
02533
04165
00871
04693
02930
00353
02151
00255
03663
04311
04721
03223
03218
05343
03377
03797
03227
03723
02170
03498
04957
03308
05289
02832
02946
04161
01006
03423
04188
04830
03916
04517
01277
03757
05056
03409
03255
05243
01606
01549
00944
05073
00494
01461
03350
02549
02270
00456
01528
02445
02857
02642
00845
02544
00637
01675
03949
01169
02122
04896
04637
00640
04726
04372
01576
04215
00030
01474
02433
02638
04591
02890
02462
02139
01811
01845
01438
00377
02558
02567
03370
00836
00224
00001
01057
01479
00917
04855
00734
02418
01192
04468
02476
00331
00606
05000
02634
00815
05039
01036
00834
05150
01887
05042
02027
04024
03298
00355
03990
02048
00111
01966
03885
03171
04387
02674
01303
04093
01038
02137
02817
00536
04171
04889
05255
02554
05104
00319
04255
01674
03814
00722
00910
01342
04034
02538
00252
00037
05066
05315
00171
01780
04803
01082
03421
00367
02583
03602
02467
02541
05204
00275
03730
04024
01719
01881
02799
00616
02584
04900
04564
02756
02503
00753
02034
05268
04500
03348
00462
04661
01700
01240
05120
00538
01968
05349
02134
04827
01215
00101
03576
01741
03587
01235
02181
00478
04057
01584
00627
03379
04594
02435
00555
02904
00351
02148
00994
00586
04561
01398
03403
01213
02806
02159
00827
02718
03384
00117
01709
03268
04543
02846
03787
00087
01127
04348
05110
03052
04676
03011
00804
00821
05225
04417
00161
02866
02928
02913
01785
00646
03116
01995
04753
02888
01507
02035
04405
03307
03343
02029
03068
02661
05051
04714
04168
01713
01683
00666
01417
01009
01684
03958
02193
01675
00970
05152
03898
00606
03281
01658
00892
03770
04795
01487
04850
02370
04119
03330
01532
03743
00739
00553
00416
02098
02880
02861
03769
04781
02276
02593
02914
01974
05397
02013
00132
04929
02529
04334
04274
05241
05307
05075
01542
00779
05176
03102
02084
03264
00071
00365
01036
00877
00038
03221
03357
02928
03065
02258
01125
02576
02926
03229
00477
03593
02748
04827
00729
03899
04586
00693
00213
00671
03412
01881
05371
05086
01711
00357
04842
03413
03478
02411
04936
02096
04693
03189
03663
04522
03507
03430
03686
01822
03285
04467
03622
00662
01660
04245
02733
05173
05152
00371
02864
03747
01847
02552
03832
04261
02518
05214
03503
03589
05200
01702
04141
04765
02556
02134
02747
03060
01088
01189
01808
02651
03756
01574
05233
00327
01002
00574
04491
01131
04793
01459
01573
05017
01120
00948
01857
00989
00839
04231
01881
01541
04185
00147
05310
02353
03351
02683
03147
03483
02182
00506
00352
04595
00816
01273
03875
02578
01008
02987
00720
05313
00879
02362
05017
00614
05043
02576
00609
05033
02319
01579
00531
03153
02134
04581
01752
00934
01969
03031
03332
03531
01544
00810
04338
02386
04181
02250
04094
05307
02076
00448
04048
02491
02607
00834
01081
03069
01093
04289
05397
02039
02282
02550
01937
04236
04170
01177
01638
04145
04623
04832
00787
03982
01699
02505
01969
02068
01807
02365
04959
02509
03681
04272
03214
00772
00700
04033
03223
02874
00369
04514
05169
01562
01004
04324
04830
04474
03273
00067
04581
01638
04653
03449
05282
00403
04730
05210
02617
03084
01898
04084
03002
02196
01620
02976
04599
00954
01387
05097
00249
05322
00260
00176
01623
03605
01704
00586
03872
01639
03968
00343
03040
04753
03919
00191
01887
01619
04977
02386
00815
03760
03689
00884
05220
03661
02111
04332
04158
02879
01097
01448
01665
01576
04160
02815
01118
01814
02796
03890
04082
01224
04778
00280
02068
00990
04825
04940
03996
01012
00820
04317
05159
01762
04049
04754
03951
00699
03296
00288
04039
04024
04136
02601
02645
01993
04243
00114
04952
04063
02082
03202
00824
00097
01731
03450
01628
01441
00486
04222
03263
03545
04511
01782
03172
03768
03902
04681
02161
01579
00379
00887
01648
02690
02692
00168
01375
00504
05081
03751
02033
01302
01462
02197
00382
02309
04631
04499
03189
01933
02339
02271
01290
03599
03127
01602
04739
01948
04412
02037
01444
03920
03058
00693
01250
02831
01203
04362
04205
00714
00676
00295
01966
03237
03998
04159
03008
01832
05339
04589
00267
01568
03324
00941
02179
04041
02895
01397
03287
02859
02142
01938
04333
01671
03331
03728
03972
03596
01967
01177
05345
00905
03690
00937
00003
00985
01836
01196
02642
00303
01706
01965
03417
02084
00421
01379
04140
02612
02420
04978
00189
04409
03833
05364
02937
02154
01857
02194
05287
02685
02957
04555
05201
02652
02230
01663
00939
00270
01933
00688
01720
05349
01680
01382
00043
00359
02209
04254
00251
02187
03849
02262
02072
05322
02353
01303
04322
04392
00361
00687
02458
00077
00385
04451
00712
03949
03780
00446
01250
00552
04837
01208
04854
01358
00906
04901
03502
04083
03133
00200
00187
02011
04618
04316
04589
05034
01498
03392
03278
03466
01989
01829
04598
03090
00919
02789
00129
00288
04153
05353
04645
03291
03680
00270
00824
00887
02747
00574
02614
03085
04733
04559
05399
02006
01611
01114
00551
03685
00896
02497
04088
05302
03859
00734
05250
03639
04786
01021
00394
03817
02920
02461
02952
01082
00722
04712
00826
04019
01007
05148
04174
01009
05277
05349
02957
02251
02584
00569
01523
02182
01286
03832
03563
02376
00950
02006
05336
00879
03703
01975
04606
02245
02421
01630
01758
02715
02910
03545
03624
00255
04226
03004
01491
02411
02889
01816
03240
02179
04798
00016
00773
03835
03465
01920
00645
03123
03563
00675
04020
00920
04226
04815
02944
04247
02957
01199
02596
01609
00273
00293
03526
02550
03617
00201
04592
00503
04788
02579
00796
03212
02288
01073
03144
02087
00605
01445
00817
01443
04093
05239
01843
00500
04831
01170
03326
03108
04002
02389
04037
02623
01559
00400
04968
00844
01631
02833
03018
04705
00043
04882
05205
00002
00067
03321
04232
01373
03734
01484
02730
03917
00880
04222
02769
02280
03506
04491
05067
01247
00450
01708
03918
05059
04331
04119
01379
01430
03760
01726
03404
03509
00154
01730
00502
04952
05281
00179
04618
01634
01191
02095
01558
03676
05248
02686
04905
03073
03742
02126
00683
04973
05089
02135
02890
04751
01875
00524
02465
02008
05321
01324
03579
04950
00709
02741
00453
03970
01696
05269
03570
02602
03550
00988
00392
02572
01770
02777
03479
02569
00432
03415
03394
05145
00145
01155
01382
03280
04705
01957
02487
00900
02340
04625
05346
02978
03551
01361
03997
04269
02884
03992
04507
00442
00909
03126
03116
04458
00121
00867
03552
02909
01340
01706
01860
01031
00624
01804
01901
02178
02226
03453
00346
01584
02744
04799
04750
00987
04070
03224
03882
02372
03183
04955
04713
01308
05345
04833
01445
02761
03433
01161
01472
03440
00717
02851
02877
03604
03817
00341
03900
03625
01025
04424
00460
03936
03710
01066
01970
02223
01732
04584
03784
03515
00279
02632
05378
00261
03813
00481
05073
03974
02591
00991
03378
01136
04921
00559
01617
02411
00225
03411
01662
01009
00372
04554
04058
01903
04588
02199
03739
03256
01894
01812
01899
03295
03639
00380
01639
01016
02367
01474
04883
00540
04125
03385
00491
03248
02226
04880
00244
01993
00338
03081
01528
03286
01237
01383
00313
04225
03565
01434
01653
02707
05375
02017
01231
00803
04027
01330
01982
04979
03049
03912
04887
02104
05065
02482
01038
00948
00845
04212
03610
03977
03723
02749
02870
04531
04201
00756
02419
01643
04053
03815
04947
05100
00333
04577
00008
00788
03320
02679
00411
05009
00208
00104
04505
01341
01071
00151
05088
04431
01190
02566
00759
02711
00693
04537
02419
03806
04780
03115
05158
04056
02824
03033
01417
04927
01610
05082
02770
00933
04545
00527
03273
01397
00975
03021
04981
01631
01769
00627
02772
04599
05096
04322
00807
02488
01309
04673
04387
01762
01866
00346
01812
04804
03523
03069
01500
02888
01747
02270
04266
00251
00594
02437
04853
01205
01212
05131
05103
03995
02397
05340
04583
03294
03033
00885
02950
04791
03160
03514
05339
04898
00646
01388
03883
00172
01665
01510
03712
02563
01243
05243
02498
03169
04384
00702
00563
04011
01281
03638
04235
03564
02671
05347
02188
00825
00275
00633
04024
00089
04665
01408
02215
00939
02261
00429
00821
03044
00414
00625
02280
04851
03096
01324
03639
02067
03246
02014
04061
00037
03131
01290
04917
00790
02177
03599
04520
00900
01163
03924
04458
01857
04613
04031
00946
04026
03291
05114
00080
04943
02711
04882
02001
02838
03044
01486
01245
04958
04528
02176
01922
03813
00302
00851
02337
00814
01185
03162
00366
00379
01933
02016
03174
02139
02318
01066
03329
02297
05276
01701
04414
04121
04319
03245
03926
04726
02332
03227
03032
01269
02570
02722
01164
01328
01854
01294
05147
03736
03586
02601
01947
04698
05268
02987
05081
00892
03922
03582
02431
01445
03364
01532
02381
02782
03258
00485
04523
03513
01364
04016
03261
02316
02169
05277
02151
01538
02854
00997
04816
00943
03344
02223
04195
03965
03085
05344
03319
02919
04005
03830
02625
03282
01190
00833
03240
03859
05380
03415
04942
01505
05160
04394
05222
03144
03847
05176
01792
05279
02444
02670
00778
02687
01776
02657
00561
02576
03484
00324
00245
02729
02033
00839
00626
01060
00647
02242
02666
00756
03978
03830
04112
04251
02835
01924
05000
01381
01259
01772
02563
01251
02018
03676
00814
00668
01861
00419
02625
01246
04333
00657
00005
01245
05244
02741
02583
04686
03067
02818
00193
04219
00119
03087
05128
03668
03466
03818
02264
00029
01174
04304
00379
05073
00380
00891
00776
00827
00051
01649
00600
01013
04772
03053
01829
01336
00393
03940
00163
01694
04662
00574
04936
04167
05272
02374
01216
00238
03713
05104
04192
01319
01918
00454
04980
01127
01104
01408
04341
00784
02326
02982
03770
03160
03692
02762
00383
05341
00885
04663
01435
04111
00211
04984
02635
01881
03119
00830
02212
01605
02948
01666
05294
03540
01798
05163
03995
00295
00432
00325
04527
02230
04811
03711
01922
04114
04050
03806
05057
01680
03146
01651
04858
03772
04927
00677
01934
02783
02202
03101
00601
01687
01063
00693
03244
04298
02618
04491
03788
03039
02969
03576
03771
02689
01405
04359
05333
00152
00138
03676
00661
01438
04102
01635
01605
03363
02094
01506
02477
03349
02540
04340
05050
01823
01965
04811
01416
01885
03383
05025
04882
05001
01175
01099
00318
03709
00112
02451
03422
02734
02552
03552
04353
05250
04652
03100
02304
01862
01844
03482
01587
00317
03410
04562
01556
00265
01763
00818
01684
05383
01352
00794
02802
04075
05094
03260
01826
04135
04353
04551
03434
03713
00063
02103
01719
04816
03513
02530
02854
04890
01029
03105
03230
01998
00926
00121
04843
03488
05397
03941
03830
03631
01721
00826
00159
02471
01481
03382
02445
01555
01587
00550
05372
01691
03237
03995
03853
01341
01744
04504
00819
05123
01836
00107
01825
01609
02638
03693
04658
02138
02879
01464
02000
02926
02254
00052
00110
04314
01278
00758
04145
03284
04482
00509
02961
05032
01652
03738
01173
00980
02501
00811
01188
02869
05182
03332
04224
01012
00685
01364
03797
05209
00220
03119
01736
05082
01356
00373
05122
00296
04519
04310
04068
00318
01570
02504
00476
00206
03721
02127
00437
04994
02420
00623
03669
01044
04295
01441
00079
02187
02312
01528
05249
01914
03633
04183
00497
01383
00686
04608
00504
05245
02448
03235
04840
03126
02264
00042
00130
03928
02607
02886
00312
01674
04914
02375
01489
01348
05067
00388
03619
01657
01586
03013
04130
01066
00491
04730
01246
00375
02744
00363
03491
01756
03063
00994
03403
01759
00151
03408
04790
05354
02604
01259
04617
03809
04434
02521
01540
03001
01701
01587
02622
04034
00839
01329
04339
03315
02403
01846
02661
05081
02239
04024
05296
04083
05222
01774
05351
03157
02267
04846
02901
03407
04546
04786
02294
02682
05056
04534
04036
03214
03275
04489
04645
05035
00003
04766
04753
02850
00896
01350
02713
01582
00494
04571
01475
01397
00123
03227
05290
02413
03873
04263
01138
00965
03086
03991
04090
03713
05256
03389
00338
01073
00551
00458
00708
01559
03267
00536
05047
03795
01172
01630
01102
02716
01993
04785
03887
04261
03496
05005
04663
01682
03675
03232
02314
04070
04412
04799
03313
05323
00807
00984
01669
00068
01606
01554
02311
05338
03890
04357
04042
01577
02260
04626
01408
02327
03884
02294
03744
04265
03777
01121
04921
03713
04903
05197
04865
05007
03519
00373
01559
00347
03848
04987
03286
04629
01147
02054
05330
03497
03612
01823
02637
01138
02100
01238
03834
01042
01940
01838
00643
01915
04332
02921
03542
01565
01665
03033
05290
04812
01836
03213
04559
05069
00551
00708
05388
02806
04764
04200
03098
02831
02054
03938
02661
02961
03320
01471
05082
04873
04604
04012
01428
01160
03019
02379
04873
01186
03771
00129
01426
00274
03992
03643
05399
01110
05337
00941
02192
02356
03603
00526
02185
02257
02187
02915
00981
00953
04148
00663
00995
03537
02624
05324
05198
03356
03563
04641
01430
00149
04187
03152
00676
01042
00932
00203
04658
04674
04009
00970
02129
04379
01973
04203
02444
01226
01999
02942
03898
03536
00811
01260
04369
03757
00236
04052
01350
00259
04832
02057
00417
03794
00605
02284
02612
00971
01007
04721
01412
04068
04467
04448
02329
05047
05101
03027
02200
02495
00846
04375
03015
02088
02074
03289
03504
04177
01933
05134
04903
03729
00718
00950
01101
01147
04227
02751
03583
02008
01028
02810
00721
02360
04500
01555
02700
01700
01489
05170
00631
02035
00477
02337
02409
04110
04965
04410
03572
00802
01918
04183
03957
01090
02200
03525
03224
03647
02091
03173
00769
00037
03598
00968
03621
02522
04358
03311
00775
00878
03779
01469
01478
01682
04855
03545
00940
04862
00535
03619
01097
04019
01668
00074
03302
01514
04899
00480
03437
00967
04104
01915
01109
05293
03434
05281
03652
03367
01751
02015
00829
00865
02688
03278
02826
04377
03856
03851
02339
01669
03918
01401
04835
05377
00857
02004
00587
00117
00499
02837
00952
02641
00646
04781
02144
04062
05132
00008
02842
01299
02075
00872
00923
05176
04668
04275
03557
03755
02356
03602
00034
01148
02708
05006
03422
04855
04211
01489
04659
00902
02924
00078
04253
04192
02658
03327
05037
03770
04303
01025
05220
05177
01420
03302
00773
04849
04315
02158
04997
05156
03648
03315
04790
01546
01542
02872
00710
04938
05110
01308
04655
04947
03601
00169
00424
02729
00543
03428
05137
04327
00384
02857
04252
00989
02408
03556
00886
01934
01240
03165
03068
01265
02455
01681
05043
03778
01512
01866
04744
03773
01316
03459
02558
01422
00032
04369
03997
02079
04937
04249
03695
00863
00124
01714
02039
01531
02794
00039
02939
01796
04840
05172
03488
00142
01853
00265
04460
03512
02717
04976
03958
03508
01123
00047
04762
03700
00883
01131
02992
00887
03212
02473
03060
02199
04141
02770
02841
03008
03023
03994
01639
01096
00831
00557
01323
02797
02615
01207
04069
03799
01906
03766
03013
01428
01054
05047
03503
00201
02103
03641
05006
00108
04941
02321
00580
03731
03759
05075
00870
00176
04985
04715
04070
00892
03729
02021
00947
05316
01104
05055
01140
01557
00443
00840
02425
00592
03745
03125
05098
00082
02351
04160
03785
04266
04791
04013
00074
02191
01880
04899
00659
05070
05270
00539
03798
03789
01210
01449
02051
01351
00476
00444
03674
02316
02588
00171
01951
02428
05377
02213
04294
01609
02793
02085
02030
03462
00287
01633
00730
04015
04002
02773
01834
01462
00145
01193
03200
00631
01685
00636
00438
03537
03743
04827
04182
03114
03889
03513
04937
00845
03689
02533
03432
03922
04479
03115
04753
03675
04295
03800
05265
01143
02050
02270
01432
04965
02303
01255
01683
02646
03079
02601
04954
01870
01710
04087
05249
03113
01973
02312
01532
04439
00541
03703
01860
03739
00270
04054
04910
01494
02685
04967
02339
02682
03100
04856
01274
00310
01147
04274
03104
03206
00332
01175
04386
04955
02396
02605
00066
00262
05174
04387
03693
01044
01761
00519
02085
03887
04154
03250
05242
00266
04756
05273
04963
01294
01147
02953
01546
01013
04505
00965
01582
05162
03272
00511
03034
02011
03878
01753
03898
01717
01606
00950
05358
02691
05290
00619
02295
05090
02670
00683
02527
02539
03585
04723
00597
01149
02037
00931
04941
03887
04517
00285
03023
00560
03734
02182
01166
00659
00758
03598
01336
04722
04449
02814
05229
01341
03659
00100
00840
05031
03048
04326
00954
04430
00758
02097
04142
03597
02540
01068
00976
03367
02500
03566
05127
02578
03659
01449
00401
00502
03858
01593
03574
03753
02613
01573
03308
00800
04312
03489
03273
04812
00674
01469
03256
02606
01809
00582
03874
00712
04925
02935
00357
05298
01497
03364
04555
00846
00915
00858
02273
01608
02357
01558
01560
02749
03796
04225
03193
02608
01470
05356
04952
03091
00929
01662
03107
04672
02446
04263
00012
05011
03884
00144
00402
01635
03496
01506
03838
03078
02850
01167
02393
00470
01412
00952
00491
03628
00211
03332
00934
03519
00240
01778
00113
01017
02080
01412
01040
00711
04879
03344
00497
02034
02164
03876
00498
05391
01646
01869
03645
04951
00740
05347
04885
03811
02761
03309
02779
03585
00638
04652
00937
03612
04146
02415
01127
04258
01613
02067
00868
01023
01346
05164
03092
01345
00482
00429
03464
01913
00117
02760
03580
01941
03204
05314
03105
03188
05114
02822
03243
01615
05265
03116
05396
00664
04384
02758
01015
04802
01954
00831
04625
01237
02538
00176
00346
04156
00562
02281
00690
02757
04827
04600
02302
02140
01511
02185
00217
03228
03218
03034
02439
00484
02815
02929
04309
05345
04079
05068
04060
01901
01300
03181
04229
00492
00204
02720
04126
01175
04056
03083
04346
00232
00076
02793
05023
01512
01257
04162
04625
02720
05326
05355
00124
00858
04270
00213
02975
00947
00218
01709
02003
01175
05127
01319
00346
02161
01434
00919
04069
02710
01520
00014
01974
03781
01098
03526
00468
03549
02134
00251
01845
03722
01281
01829
01678
03390
05064
04686
05173
01216
04293
04092
04680
01316
02046
04115
05174
02303
02210
03514
02994
03805
01941
00769
00721
04664
05379
04860
03225
00831
00025
04246
02449
03697
03847
02854
01584
02428
01241
00806
03133
01287
05269
01310
03429
01616
02167
00140
05396
01226
01927
04917
03594
02695
00869
03853
00823
03958
01355
04223
05001
02145
00832
05201
05041
01998
03172
04016
02319
00392
00271
03427
05330
02553
03653
00478
04617
01958
01684
04278
01383
00015
00382
02307
02737
03122
01585
02711
03891
01251
03780
03194
02073
02681
02933
01823
04290
01039
04981
02711
00878
01910
03428
00616
04808
01700
01241
03017
03550
03420
02570
02805
04037
00794
04498
03697
04074
02928
02736
01276
04131
00065
02700
04690
04380
01561
03876
03597
02174
00216
02653
04712
01385
01618
04134
04009
01306
00524
02877
01235
04680
04188
00309
05333
00713
05301
01311
02795
03945
05166
01509
04423
02714
04374
03254
00027
04335
01639
03555
04133
04266
05252
00944
00671
00430
03088
01366
03163
04790
05204
04278
00728
00948
04884
03432
00851
03838
03638
04025
04772
03219
04688
04459
00267
04548
02606
02470
00064
00557
05173
01748
05101
04722
03311
03987
01080
03031
01963
00027
03824
04151
01168
00975
03595
02798
00718
03432
02505
04130
05281
03005
04641
00372
01482
03287
00375
05181
01516
01425
03702
00379
02344
02421
04127
01827
03822
05169
03902
04776
02993
01920
02294
00545
04117
04612
01585
03041
04879
00929
01037
04176
03185
02022
01494
03719
04848
04621
00980
01913
02660
04682
04745
02836
00460
02432
02889
01087
02180
03550
01070
05214
03276
03048
05367
04208
01934
02530
00877
01658
00827
05287
04322
01828
02922
05184
03374
00433
00142
04537
02751
03300
03203
05117
02076
03853
02037
01729
00462
01131
02293
02030
04364
00444
05169
00816
04265
02720
04847
01148
00164
01076
04806
00918
00692
04826
02177
01336
04686
01253
02936
02046
02709
01146
01804
01766
03844
03602
04207
05142
00922
03796
00430
04118
00683
04959
00493
00756
04095
04677
01293
00366
05234
03683
04652
02665
02119
00318
01801
04280
04530
05343
05234
03065
04560
03455
03540
03058
02557
01022
02694
01825
05050
00540
02291
03873
01768
01314
02602
04151
04446
03979
03819
04636
01402
04901
01497
05222
00600
03052
03022
03766
04669
02733
04639
02254
02134
01711
04374
03356
01042
02477
04934
01111
00080
03184
04238
04843
03406
05362
04557
02287
03112
03014
04398
02851
03641
02899
03904
03638
03329
03927
03189
03310
05228
01504
04261
03937
04746
02822
01038
02056
03072
00524
03938
03436
04074
02373
01510
00624
03835
04243
00506
03358
04419
01354
05273
05342
00067
01652
04943
02528
04064
00925
03906
04882
02466
01087
01758
01838
03576
02488
02377
03091
01698
02071
04280
04284
02563
04765
02620
00925
00441
01368
03677
02281
04305
00771
00721
02793
00660
02777
04648
04871
03416
01977
00879
01360
01644
03011
01744
01600
02429
03641
03306
00128
03838
03889
03106
04034
00375
05366
02870
00733
02148
03830
03074
00836
03616
02142
01633
02480
02951
04601
03777
02542
00365
02528
04907
04020
02110
04187
04517
04980
00299
05005
00270
02427
03741
03014
02214
04771
02690
01003
02071
02708
03905
03400
00324
03106
01859
02469
00837
04320
01848
00582
00596
02770
01067
05236
01991
03576
02564
04657
04810
01566
00840
02017
04568
00648
04054
02563
01078
03043
01576
05215
00740
04815
03004
02778
01745
03241
04350
00621
05074
03324
01669
04548
02166
01999
00351
04106
03377
04922
02465
01801
00651
04866
01702
00839
04844
04020
01107
00132
04431
02830
02837
03392
03560
00833
03656
03969
01611
02819
02510
03410
01995
00992
04960
01088
04251
01929
04963
01430
00932
01117
02866
05272
02908
02427
03147
02612
00727
03802
04145
01156
03077
00320
03806
02808
03856
00110
00299
01785
04728
04340
01861
03745
04708
00449
04381
03205
03079
01659
02733
00492
04189
00861
01066
03737
05193
01783
01394
02268
04685
05254
04595
00352
01740
00540
01806
01317
00639
04498
01454
03429
03562
04466
04441
00628
00866
05114
04530
02200
01886
03938
01104
01232
