00226
04523
00352
00867
01991
02290
01538
02765
03218
00921
03657
01543
01893
02571
04604
01998
04525
00989
01861
00050
03883
04880
03704
03489
01485
02240
03604
02347
02153
02377
03237
01253
04837
00570
04355
03353
04950
03761
03178
02410
05123
04982
04391
03029
03478
04548
01052
01842
03919
00098
04481
03387
04564
03487
01463
04484
02184
03244
04794
00952
03590
02211
00210
02628
03803
01477
02854
02236
05150
03378
01038
03996
03245
04065
03459
01002
01893
04720
02213
04614
01805
04469
02664
04579
02992
01570
01644
00063
01957
01575
04040
04606
00173
01698
04035
02661
02904
02945
00206
03746
02740
00392
03905
02425
00979
03662
01152
02730
02535
02434
00986
02894
02589
02971
00991
02783
05188
03997
02267
00791
04168
01911
03586
01521
03983
04825
05098
01836
04960
01970
00368
00750
03899
03976
00168
00517
04168
05169
00644
01017
01248
01806
04080
03805
00562
04296
02280
02916
02307
00130
05095
00096
01061
03774
03837
00117
05155
04587
01900
03772
04166
00364
01119
01028
04007
04308
01606
03812
04898
00078
03795
04427
02067
05017
03307
00871
00639
03856
03225
00148
04433
04007
02693
00605
04144
04465
03548
03310
01274
03023
04380
05194
04048
01075
00958
04152
04557
00338
02385
01528
03299
01544
04127
00260
04420
01606
03214
04577
04378
00822
04181
03525
03635
04447
03704
02146
04845
05076
01907
04144
02282
00086
04703
03178
02816
00874
02099
00094
03024
02005
02459
02936
04624
01876
03293
00120
01095
04793
01406
01375
01253
00639
04160
04761
02445
02894
01798
03701
01600
00458
04102
04352
02070
03702
02921
01838
01707
05046
00802
04826
00900
03362
01432
03366
00397
01862
03874
00043
01569
01878
01150
02596
05173
03983
01518
03062
03457
04761
04272
04055
02732
01512
02121
01584
04227
00226
02077
01197
02165
03355
04349
01953
03518
03580
04813
00406
03486
03042
00993
03042
01078
01058
03971
00997
00078
04586
03908
01775
00630
03571
01101
03422
02807
02418
04528
04805
02132
03278
04208
03049
01955
03149
00906
03253
00338
04055
03998
04093
02231
01003
03566
03679
02377
03392
03329
00325
00292
01443
02324
01911
01917
04432
03375
04398
04963
00364
00528
00131
04094
01887
02438
00294
04167
02239
00875
03531
00083
00135
03726
01102
04908
02694
01693
01911
00142
01620
02492
05161
03067
01072
01204
00660
03564
02596
00075
04794
04389
05050
02923
01391
03092
01304
04546
04729
01765
03350
02534
03687
03429
00897
00531
04574
03249
04471
04018
03647
01130
03587
04231
03828
01959
00323
04183
03001
03511
00052
01796
02807
01522
03183
01943
01083
00010
02125
02553
04358
00371
00198
04478
00909
01964
01319
02158
02033
02250
03266
03649
04425
03760
01919
01975
02587
02204
01489
00001
01274
00272
01907
03471
00552
04332
00513
05111
02797
04629
03842
03679
01392
02932
02515
04087
03506
03725
00720
02518
05194
00218
00971
00415
01418
02404
01455
02575
03489
02702
01501
02854
01658
00382
03989
04128
00450
02488
00658
00991
02791
04296
00652
00839
01899
04028
04769
01189
03128
01804
00205
04781
04381
02631
04277
02383
04167
00475
04628
01780
02315
04704
04941
04523
01679
04802
02511
03483
01272
04714
03606
02484
00382
01368
01022
00598
01612
01326
00323
04013
00244
02716
00260
05176
01408
04419
01445
04404
00802
04040
02596
01082
04284
04632
04643
03666
00348
03250
03380
04259
01327
01206
04723
04232
02983
04680
00541
04960
02055
02368
02350
03937
01931
00401
03992
00906
02980
03459
02143
04420
02977
01488
02994
03909
01337
01928
03028
02801
00277
00786
00936
02348
01323
02911
04971
00081
01460
02028
01275
01880
03983
01684
04230
00615
01423
02847
04909
01656
02223
00060
04823
03955
00790
00406
04914
03800
04886
03382
04916
05115
04062
00980
03135
04172
03967
00011
02147
05009
04491
03689
01934
03843
03817
02671
03247
02402
04741
04363
01816
04118
03253
02928
02465
04115
02247
04367
00760
00663
03750
04116
01670
02996
02011
05087
02750
01333
00879
05053
05039
02558
03583
01298
00121
02884
04456
01333
00172
02422
03970
00697
01483
03911
02697
04900
00992
02025
02230
02077
00745
04488
02253
04071
04832
03440
02224
04180
00872
01051
03056
00360
01267
04619
02947
01004
01121
00961
00497
05034
03010
03367
02152
03772
00333
02368
03200
02204
00665
04218
00249
03047
00392
02765
03008
04403
04116
04899
04577
01625
01137
04164
04694
04529
00722
00988
00189
01258
01736
00315
01863
01410
00757
04938
03709
04360
01359
01973
02077
03627
02512
02105
01651
04991
01241
03771
00307
00364
04807
03842
02754
02498
04894
00546
02260
04845
02146
04374
00639
04560
00164
03561
03887
00657
02441
00385
05108
01986
04199
01193
03509
02615
02408
04074
00663
03225
02513
00677
03353
00246
01885
00847
00391
03426
05042
03737
04782
02942
02133
00763
03967
00483
04953
01037
01677
00667
00674
04578
01760
00301
03160
03345
03276
04275
01767
01697
01499
03945
01763
01744
04455
03764
01017
01328
00004
02045
04881
02911
04474
03097
00735
03697
01680
03478
04361
02332
04211
04740
03715
04720
03623
03389
05174
02081
02885
01666
04559
04914
02434
00836
00307
02160
01744
00012
00352
00184
03437
00392
04415
01478
00329
03890
00742
02859
00838
00190
00458
02458
02376
01151
05073
03695
02011
02263
00469
03660
04692
02458
02357
03538
04304
03677
00086
02456
00680
02193
00982
04619
02646
03174
01265
00994
01569
04669
00316
03565
02788
03550
00351
01258
01742
01138
04704
01027
02994
02574
03882
01159
03918
02237
04221
04883
04072
04265
04638
01069
03109
00518
01583
03853
00851
04139
03242
02809
04742
01726
02039
00219
04832
03402
00668
01681
04713
03647
04148
00144
01583
02855
03352
02342
01302
00416
00618
04859
03728
02795
03729
03587
02408
03904
02255
02355
03225
00508
02238
01149
03323
02520
03624
01673
02429
03735
04582
04098
01534
00940
00624
03323
04293
02949
05092
04940
02897
01784
01474
03997
02283
00152
01075
02877
01304
03716
00969
04495
04794
02604
04610
02402
04133
04929
05046
03548
04591
01944
03456
00914
01009
00027
01194
01078
01626
02620
04128
01534
00867
04743
02391
02429
03757
05171
01030
03856
00006
00308
03122
04887
05083
02016
00792
00750
00840
02971
01220
00758
04282
01426
00158
04933
03125
03697
00148
05143
05153
02369
02754
02688
03807
03810
01598
00159
03738
01280
02624
04848
05081
04933
04846
00350
04368
05179
04406
04674
03046
05036
00213
02909
02338
01272
01541
00031
02303
01522
01811
03089
04622
03560
01821
02597
04538
01533
00970
03591
01638
04852
00644
02128
03427
04987
01121
01704
00030
01410
02624
04229
04246
03814
04894
02132
03291
01119
01880
04211
04034
02370
02010
04632
04629
01651
03542
00034
01303
02187
01873
02234
01941
02306
01239
04341
03784
01450
02111
04137
02855
04168
04664
01545
03418
00990
04515
03599
00345
03881
04395
04917
00658
04741
01327
02433
02746
04728
00768
02106
01291
05138
02645
03675
04123
03631
02956
05139
01133
04502
00171
00949
00145
02081
03476
04819
00598
03145
04503
00035
02464
03101
00562
04811
00181
02095
04948
01182
04321
00283
04431
00114
00889
01413
05179
02333
02972
01966
02039
03357
02085
00562
01658
03985
03118
00738
02392
03671
01231
00249
05056
01730
03172
03276
02466
01511
03804
04019
00350
04741
00190
03215
00279
01022
04118
00503
04967
02566
02300
02131
02188
04184
04373
00996
02256
02127
04724
00894
01782
01560
04249
01843
01056
01489
02505
04653
04350
00478
02078
00743
02192
01992
04453
03320
00957
01122
02229
01246
04524
02874
02015
02691
01120
03511
03553
01822
01728
02533
04853
05049
03236
00331
02839
01195
02300
03509
03171
02801
01098
00211
04908
03917
04848
03069
01210
01787
03332
02321
02523
00044
02480
01291
01161
02097
00405
03967
05132
02310
04480
04086
00551
01384
04933
00867
02077
04932
02232
02785
00726
04654
03514
02763
01117
01515
03424
04087
02721
02459
04768
02464
01435
00390
00869
00238
02943
01282
00609
05060
00219
02190
02962
00934
00076
04031
03485
03973
01808
03028
00151
04409
05143
03431
01987
05050
03235
03939
01077
01594
00270
04333
00053
02930
04890
00592
01056
03960
02547
02361
04088
00266
03809
03163
02139
02106
00026
00480
03233
03317
04836
00990
01823
03153
03112
02513
04296
03763
01026
02938
03587
01195
03701
04724
00216
00029
00059
03566
00980
01756
03610
03802
04365
02852
03266
00050
01471
01236
00595
03441
03412
01991
04012
01509
00754
00974
01118
02127
04270
04475
02207
01604
02798
03724
03562
01076
01436
04690
03011
02260
01191
04926
03192
02106
04004
03895
00020
04853
04289
03354
03405
04630
01210
04894
04397
02175
04836
02370
03405
00502
01815
02102
00093
01365
05177
02499
02417
04098
03173
05032
03158
03398
03083
05138
04722
03580
02785
03222
03032
01321
04183
05006
02619
03762
01303
04831
04794
01118
04651
01507
03786
02057
02553
01303
04385
02849
01162
04275
04526
01409
03656
00113
01127
02120
00981
02108
02058
01701
03976
02455
03045
00001
04643
04150
02816
00585
00336
02285
04632
05111
04026
03076
01351
01052
01895
01747
04095
02108
03635
02784
01878
04694
00408
03858
02602
00830
03481
03424
03893
02264
03934
00123
02604
03011
03370
03685
00914
00336
03224
01997
00746
00718
03316
02457
02105
02820
02646
03166
02698
02666
03816
03262
01147
04468
05193
03822
00276
00379
03787
00067
01944
01754
04966
01529
00196
00386
02671
02496
03956
01770
04659
03571
01733
04599
03998
02182
04197
04868
02760
04507
00390
04062
03439
00865
04114
03119
00272
01274
04729
01637
01390
05064
00293
03118
01141
03395
00911
02257
02728
03545
01178
04444
00470
01394
00988
01494
01723
04623
00909
01249
02339
00143
01753
03630
03962
02942
03647
02396
03343
03530
00364
04782
02023
04162
00882
02312
00365
04942
04641
05110
03415
02965
03144
01833
03204
03935
05012
04223
04577
03272
04967
03358
03515
00078
03684
04012
04494
03863
01399
00254
02300
00097
01618
01403
00682
02775
03985
02493
05092
04813
02591
04243
03281
00761
04626
02149
03713
00590
03521
04646
03410
00934
00885
04703
02274
03643
00941
01422
03535
04386
04012
00650
05163
03508
01086
04625
00123
05099
03848
01584
00062
04933
01356
00798
00570
04856
00891
02485
05185
01875
01302
03726
01187
04444
02493
01753
01774
02411
02488
01734
04897
02402
00756
04099
03374
00535
04916
02514
02045
01744
05145
03589
02653
04746
02701
04265
03125
00198
00537
01068
02569
04401
01639
02749
00232
02062
02753
01647
00050
02241
01768
04969
01431
01595
01553
00125
02187
03837
04970
03427
02534
04603
01466
04577
01351
04352
00470
04857
01320
04807
04623
05087
00620
00604
00777
00853
04293
05168
02103
00182
03123
01091
04562
04619
04535
00561
01849
04829
03397
00332
03793
04664
05048
05073
00622
01767
04239
00618
02122
03778
01221
01199
03169
04481
00734
01018
02208
05068
05182
04374
04482
00625
00116
01555
03641
04752
04019
01144
00062
00246
05120
03253
01728
01060
01255
03557
02200
04588
03577
03244
04333
03592
03889
00227
00339
01751
04324
01821
02335
02452
02406
01620
04789
04756
04761
03877
04498
03212
04944
03749
01030
02669
00081
04831
03001
01373
01929
01995
04430
00579
01658
04796
02980
01247
00703
03061
04985
03827
01217
00713
03786
04546
00882
04831
04486
01156
02998
04446
02417
03011
02641
01035
00547
00917
03275
02124
03472
02710
00576
03943
04227
01921
03429
05132
03347
02939
01269
04587
04392
02364
03849
03540
01382
00634
03942
00362
04312
05060
03999
02050
02184
00200
02171
00878
04635
00818
02754
03392
05178
01362
04690
01101
04442
01305
02814
02176
02941
00047
01957
02840
00226
03843
03440
00608
04199
00848
00677
05016
05007
02489
03817
04421
03422
03185
01347
04146
02609
01385
04779
04960
04042
00023
04273
00546
03257
04543
02089
00670
03159
02001
04580
02416
03628
02606
05099
02641
02352
03704
01221
03583
03342
04438
00423
00938
03877
04481
01915
04571
04120
05053
00809
03184
01157
01351
02145
04584
05059
03704
00267
00248
04596
03555
02342
01800
02170
00433
03117
00941
02374
00166
03304
00355
04603
04719
00702
04518
04721
02747
01223
02621
02710
02515
02192
04884
02191
02487
04920
02085
01788
02935
02167
01538
00009
01867
00975
01330
00352
00255
04650
02774
02108
04846
04179
01030
05049
02985
02112
04428
00023
03924
01005
05053
02030
01374
03844
03327
01995
04508
04904
02780
04360
01728
01714
01954
01625
02571
03250
04195
00099
01580
02023
01360
01687
04787
04249
01357
05100
00967
02067
05169
02011
04401
05055
02701
00419
01427
01994
00758
00893
00072
00678
04385
04891
02920
03470
04954
05001
02216
03332
01648
00229
04477
04486
02272
04090
03627
01456
01709
00312
02158
02779
01625
02416
00068
03522
02227
01755
03381
00693
03005
04234
00720
01446
03992
03960
00211
00177
00174
02828
02582
01705
05196
00251
03589
04285
01930
03034
00888
04698
01081
05041
02881
04810
04568
04715
00162
01322
00978
01561
03848
04169
02119
01606
02712
03772
03381
01189
04740
04158
03812
04183
00713
02629
04539
02330
03048
04144
02402
02043
01664
00284
00789
05131
05013
01318
01089
04143
00703
03259
00862
00033
04257
02475
01289
03428
04867
01467
04013
04693
03087
02858
04222
00398
01109
02939
03649
03284
01931
03745
04283
02640
01717
01130
03189
03082
04525
01266
04409
03504
02366
02984
01099
00727
01523
04077
01143
02601
01335
00393
01123
05132
02408
01399
04176
01988
02942
01713
04723
04910
03842
01478
03386
03581
02988
02840
00589
00066
04877
00066
03507
03412
00293
00150
04622
00415
01058
03909
02324
00024
02327
00088
03914
03775
01812
01643
02143
00125
04247
05177
03315
01997
02255
02659
03203
04311
01257
03673
02737
03463
04314
02571
03428
04268
01431
01913
03353
01005
03747
01607
03253
00694
03126
03068
01544
01888
04711
01290
04559
00478
00662
01144
04791
04227
01048
03978
05177
05153
00304
02258
03798
02429
00855
03232
03120
00879
02135
03221
03138
02213
04874
02645
05069
04102
01210
04619
03953
00580
03572
04246
05092
03659
02398
02129
05170
00710
02961
01345
03713
03920
00197
02631
02863
03464
03032
04341
02170
05054
01739
04749
00252
04619
02745
02069
03953
04861
03909
05031
01847
02287
03039
03589
01377
01527
04834
03402
01079
05192
03357
02555
01870
01624
04268
00924
00992
00188
04386
05071
02311
04944
04309
04439
04715
00627
02390
03786
03621
04542
01596
01701
00223
00613
01804
05034
02155
00678
00759
01909
03757
03583
03280
00956
05173
04588
04760
01476
01741
01822
03336
04528
02699
01767
03115
03909
02179
00481
04229
00985
02221
02542
00355
01065
04846
01706
01152
04810
02998
01341
02098
02295
03509
04269
00495
03337
00986
01217
04719
04853
04474
02384
03727
02942
02313
02759
01359
01484
02920
04617
01481
01861
00028
00097
03902
02599
04903
01475
00847
02183
00501
03472
03205
05140
04516
03096
03725
04501
01153
02778
00356
04481
05051
00791
00298
02557
01990
02485
03254
02703
03407
01951
00902
04146
00407
04777
04289
00050
01582
03474
03500
02135
03037
03346
04357
05039
04895
01747
02127
00484
03917
02268
00298
00045
01669
04567
03326
01423
02518
02900
04356
01828
02475
04215
04145
01268
04273
03309
03776
04800
03575
01052
04331
03950
01329
01096
01494
01454
02265
05105
00856
04346
02194
05114
01430
03244
02858
03205
00734
00602
04972
00985
00957
04237
02223
04822
00749
04928
04303
05039
01263
04531
00886
02133
01105
02686
05126
03301
01052
01203
04358
01208
01484
03756
03430
00697
00940
01812
02288
05091
00334
04226
02557
00840
01333
01631
03713
04318
02367
04408
03877
01731
02754
00592
01135
03954
05057
03885
01344
00126
03018
00578
02746
04651
02992
01101
04811
00508
04641
00407
03850
03798
04979
02425
04589
03732
00831
01102
04309
04596
02810
02083
00630
03887
02236
03434
01911
02629
01807
00446
00418
03158
00614
03953
01001
01342
02871
04497
00198
02184
03223
03498
03756
03363
00256
03685
00639
03106
01697
00541
00845
02716
02082
00626
03864
00516
03475
01399
04161
02740
02960
03685
04130
03186
02147
01203
00135
00277
01254
04461
02234
00032
03939
02337
00202
00892
05082
00649
01016
02421
01918
02290
03550
00299
04988
01419
03564
01288
01833
03321
03888
05185
01527
04071
01809
00390
01252
04379
02057
03523
01888
03540
01916
04617
02280
02719
04889
02167
04836
04857
03756
03473
01545
03023
01197
00819
05067
04705
00569
02143
01811
00517
03434
00914
04409
00439
03750
01924
03743
04846
04769
02670
04457
04954
00528
04838
05164
00282
02139
00406
02658
01930
03502
02603
00759
01113
01997
02985
00964
04024
00049
04684
03701
01278
04323
01417
05081
00489
02243
01539
04150
01360
01285
00057
00246
02851
02457
00844
04530
01780
00246
04943
00729
04286
00995
02247
04365
00979
04946
04114
03322
00629
03736
01908
02564
01674
00829
01644
01500
01346
00349
02021
01982
01284
00824
00568
00730
05012
02364
03455
04397
01074
00509
02500
00908
03516
01807
02408
03741
00499
03984
03472
01313
03066
04468
00842
03778
00235
00621
00493
02965
03173
00167
00814
04715
03664
03038
02879
03226
01920
00829
01090
02867
04327
00644
02187
01664
02725
03973
01635
04204
02699
01931
04601
00286
01870
04167
05011
01507
03558
02568
03122
02232
04134
03574
04147
02897
02262
02316
02850
02473
04699
03312
04361
01590
00809
04287
02679
03304
01183
02170
01323
01246
02688
01975
04575
02804
02242
04262
01298
02333
02991
02273
01518
02906
01769
03022
04360
00900
00347
04900
03525
02315
03386
00136
01593
01403
05034
03779
04795
03000
04365
00961
04549
03463
04758
04377
03048
01656
04556
00020
01564
04019
03338
01580
05156
02974
03011
01698
03280
04824
03186
01356
02828
01157
03200
02585
03734
03943
02879
00226
04093
02021
03171
00367
03957
00474
02992
03507
04102
02045
04463
03878
00228
02521
05098
04845
05066
05016
01607
04903
02688
04289
00865
03206
04763
04186
01281
04121
03443
00748
01548
04658
02848
02098
00646
02856
00558
01581
03748
03067
04079
01816
00639
00544
04175
04850
04916
02936
04867
00109
01257
05025
03147
05010
01562
03032
04422
02863
05025
00313
04693
04095
01716
04966
00776
01652
03992
00464
05092
00563
01268
01108
04038
02795
02656
01925
02673
03876
02220
03794
04739
00513
02237
01443
03061
03233
03858
03974
00386
01319
02597
04752
00383
02916
03981
01010
05128
03262
04912
02186
03356
03407
04245
04290
02366
03581
00951
03306
01165
05121
04582
00029
01645
04438
05144
01682
04164
01200
05165
03234
02369
01591
01680
02112
04854
01390
05065
00330
01974
04724
03903
01195
00921
04935
05115
04122
04893
04591
02599
04882
01575
05102
03494
04527
00983
01154
00221
03538
04857
01557
01839
01441
01304
04546
01558
00542
02541
04083
03645
00130
04069
00731
01435
03782
03248
03661
00313
03902
03398
00408
03829
02147
04228
00223
01535
02283
01620
00489
03712
01350
04555
01810
00091
01752
04171
02140
02236
04974
02265
01846
03740
00703
04649
05174
03175
01376
04325
03894
02660
03092
03517
04537
02339
02639
02440
01801
04102
03397
01416
03838
00502
03155
03676
00236
02294
04265
03983
02298
00196
03299
00493
00474
00412
01219
02614
02154
03799
00381
02347
00822
03952
05087
00229
00360
02903
03738
00678
01694
00767
02561
04103
04149
01362
03085
02272
01191
04116
04490
00230
00239
01028
04114
01486
04629
01375
03588
00592
04746
01743
00289
03783
04193
04433
04515
00788
00552
00389
03977
01986
05170
04814
00691
03109
00851
03256
03639
04076
03271
01497
04654
01909
05183
03760
04127
04271
02889
02970
05157
00283
04747
03604
01023
00524
00779
00923
05092
01741
02142
04799
02048
00130
00731
03750
01952
01174
00203
01196
02966
02275
00528
03224
01785
04977
05087
02058
01293
04245
04955
00113
01434
03195
04192
02265
02748
04974
00920
04129
03350
02980
02589
00187
03331
02743
04316
03740
02091
03006
02002
01299
04046
01258
04230
03991
04224
04380
04258
01320
02609
03860
01967
05176
04311
04100
04141
02531
00459
02979
03084
02921
00973
00605
03146
04748
01093
03975
02105
03860
00247
00849
00939
02848
01250
01237
02925
02680
02149
02619
01629
02606
03534
00239
01706
00770
02705
04842
03095
00980
04849
01068
02827
02612
03150
00540
01752
04966
02299
00470
01525
01890
03386
02627
01642
00407
05063
00631
04808
02576
02958
01523
02915
05038
01722
02666
01886
00260
02394
03297
00129
02946
02690
01328
00376
01129
00700
05125
05051
02014
03369
01687
00341
02074
04152
01000
02852
02397
00592
00996
01485
04178
01150
04214
00713
01710
04470
02314
01279
01858
04376
03357
02447
02144
01345
02304
00633
02795
05147
04220
01992
04983
02082
01023
03502
01103
02675
01252
03724
04053
01475
03713
01694
01364
03945
03546
00194
01857
04201
00451
03507
01072
01982
02658
05174
03267
02403
00995
02016
01165
02575
00373
04002
00533
03019
02370
02258
02726
01840
05036
03335
00915
03122
04642
03969
00712
01187
03474
00386
04267
02885
03160
03437
00721
04240
00021
04793
02718
04844
03339
02450
00164
02044
04692
01901
01964
03863
02914
03014
02787
01636
02258
00200
02843
02721
00074
02856
01939
03312
00881
04798
00241
03871
01774
04592
00011
04562
01448
04989
02533
00367
03916
00035
03604
03414
01805
04334
02561
04507
02134
04782
02234
00098
04603
01907
00162
02485
02334
04296
03433
04757
00365
02585
02518
02586
04296
04850
01328
01673
03584
04133
01932
03457
03419
02408
02705
00594
04452
01385
05111
02219
01488
04910
04862
00510
00123
03549
03787
02914
00369
03029
02045
03732
05064
05064
03646
01852
01194
03429
03237
02919
00433
00518
04536
04710
03115
03491
00910
02994
03726
01920
05090
03754
04932
04794
00116
00492
04695
01626
04314
04012
02808
02979
01092
02035
03400
00750
05181
03974
04938
00847
02093
03762
03920
02643
01244
00497
02001
01432
04832
02060
01149
03274
01271
01438
01063
00934
04736
03600
03345
00156
03812
01734
01942
04870
04162
02085
02704
00863
01032
00799
04393
01970
00030
01005
03887
00688
03884
00487
04081
01485
00523
00851
00726
03432
04217
00632
02605
03285
04310
03038
04718
04793
02972
00821
00688
04306
03483
02830
03508
03344
04322
00985
00126
00339
03338
03004
03667
01554
00572
02972
04942
00917
05043
03659
04221
02128
00668
01439
02537
05165
00474
00267
03571
00709
05046
03372
03353
02586
03475
01346
02535
00548
01103
01289
04603
04582
01878
03411
04193
01020
00193
00675
04061
01764
01324
04313
02775
02198
03589
05125
04479
00576
00255
02858
01186
00387
05062
04704
02454
00692
03149
02389
04591
00992
00244
03538
04356
03855
03238
03254
04539
00643
00542
05073
02897
04973
02281
04719
03606
01772
00246
04031
00245
02516
03834
01326
01425
01063
01665
04597
04090
04706
02623
04412
01407
03127
02356
04841
00798
00066
04365
03049
01703
03354
03335
01770
01422
01190
02751
00915
04975
04297
04149
01408
02156
00139
00735
03901
04210
01702
03338
01774
03834
03994
02267
02618
03579
03325
02499
03602
00636
03187
04961
04897
04855
05045
03585
00401
00586
04017
01554
01927
00999
01822
05030
00445
00442
03994
00178
00843
03931
02403
03301
00529
04473
00478
05190
03570
02423
04631
00981
04768
02403
01029
01876
00209
00737
03881
00495
01963
01270
00627
00422
05105
04944
02145
02507
01770
02035
03493
02934
04250
04110
00946
00791
03167
02444
02227
03907
00970
01815
04488
05039
01224
04087
00686
03835
04477
01127
02313
00261
02812
03320
01408
04782
04916
02928
04502
00234
01322
03546
01376
01473
03119
02561
02328
00114
02271
01159
03773
04135
00006
00095
02069
04148
01230
01659
01520
02457
03561
01807
01498
04647
04503
03028
00444
04687
01749
03433
02208
03750
02578
02756
03967
04165
04303
04486
04616
02780
04259
01501
02912
03511
04840
03619
03425
03816
02757
02227
02753
04564
04233
03452
04655
01882
01777
03038
05147
01789
02598
04241
02131
02211
01830
03428
01990
00679
00413
03475
00407
02121
00767
00994
00960
03557
03973
02711
04016
02480
01506
02708
04387
04510
04033
01841
05020
02449
04349
02488
04657
03436
04844
05130
00867
03894
00825
04671
03353
00842
00205
03451
00760
02171
03849
03948
01169
03221
00626
03967
01543
03455
02377
03954
05003
04172
04918
01684
00966
04416
01105
04153
02850
03712
03116
02970
00533
00978
03504
01193
05164
02980
01539
00705
00624
02648
02963
03212
04231
04845
00706
01567
04345
00553
02877
02080
01341
02866
01498
03640
04144
03676
02270
03107
05074
03708
03305
02067
02701
04331
03055
04501
00146
02583
03411
04283
00530
00387
04002
02184
04533
01071
02249
04923
03179
04610
00131
04195
04269
04995
02003
02608
01999
02584
04523
00826
01220
01189
02455
02331
04894
00438
04409
02839
02241
05192
02786
00860
02306
00433
01817
01908
01089
04720
02251
02103
00944
02063
00367
05102
04527
04805
01076
04066
01702
04392
00906
02787
03950
02623
00506
02693
05132
03686
00003
01876
00027
03563
03234
01528
01877
03925
04205
02419
03325
01764
03644
02983
05148
00595
00020
00070
00359
03146
02865
00321
03769
03472
02080
04433
03938
01982
01319
05108
03836
03487
02449
01519
00149
01315
01865
00547
04206
03699
03058
01706
00223
03166
03296
05168
00964
03586
00503
02814
04169
00711
04383
02529
00541
03573
04896
04201
00422
03990
02640
01950
02081
04149
03142
03437
03779
04085
00394
01729
02818
00879
03483
04332
02297
02916
01596
04548
02076
04689
03692
03963
04472
02480
05120
03990
03141
03930
00896
02959
03372
01834
02667
00390
01759
01853
00151
01522
02889
01926
02969
04885
04852
01886
02669
00414
04704
03736
00195
04024
00870
00226
04038
02352
03066
01864
04218
02500
01654
01043
01025
01894
02425
02543
04634
02224
00139
04314
04040
02385
01195
03063
01082
00101
01864
00035
02684
03635
01720
04223
01209
02529
02920
03547
02986
00210
02289
02740
03744
01407
01875
05141
04090
03091
01681
00329
00963
01823
01289
03792
03756
01503
04877
02351
03745
01364
01747
04498
02907
00464
04885
04269
01058
01041
04358
04400
02476
00292
00562
04920
04742
00827
03089
00770
03517
00729
03704
00219
02233
01945
02395
03220
04728
05007
02211
02369
02739
04838
02504
03167
00415
03273
03355
04421
04626
00605
00883
04996
01247
00747
03010
02152
00272
04620
03667
00097
00911
04237
01554
02619
02145
01521
02791
04088
03615
01254
02017
04976
03923
00783
04395
00815
00523
04897
03934
04012
02205
03722
03379
01754
02072
01003
03315
00120
02178
02566
02941
04579
02659
02018
04515
02443
02941
01275
04785
03922
02103
04055
03194
00929
02740
00467
03569
00261
02805
01356
02930
01031
03160
02506
04555
04745
04250
03431
02762
00827
01792
04717
01636
04750
03838
01308
01646
03760
01491
00203
02748
00374
03521
00839
00308
02712
04316
02327
02638
01653
05055
02463
01290
00519
01829
04675
04190
03442
03786
04611
02443
04358
03375
03477
03803
01476
00020
02145
00649
04814
03333
02069
04300
01622
04308
03001
01505
00712
00751
03021
02085
02580
02221
02686
00316
03251
02746
02775
01009
03979
03500
03796
00826
00445
04482
04130
00390
02908
00680
00643
02582
04408
00009
04317
01398
03768
03378
03810
01895
02263
04719
02986
04698
00709
03316
02300
02938
03597
03434
02668
00903
02343
00308
04238
02171
01460
04877
01928
00474
01335
01599
02422
05115
01411
03570
04135
00845
05087
04400
00789
02408
03751
00593
00322
01506
04412
04248
04413
00138
02763
02745
00452
03508
03034
04517
05060
01713
03439
04612
02939
01226
04363
02413
00367
03370
00036
03445
04503
01430
00912
01537
02359
03609
01421
03898
03897
01280
02349
01421
03751
01934
02623
01211
05013
01197
00329
04436
02890
02498
03521
02059
00560
00987
01147
03973
00881
02392
04972
02580
03585
03188
04974
04875
00155
04702
03484
05117
04227
03848
04765
02182
02683
03435
04509
03525
02497
02581
01111
02660
03558
04416
03887
02566
03561
04384
01803
00796
04705
05129
03458
04532
02954
01003
03933
03167
04902
04779
04218
03646
01909
04607
04719
02600
00159
01349
04219
03305
04110
02800
04456
02218
03865
02817
03869
04938
01627
04894
02128
01414
03107
02929
04809
03802
05012
03184
02721
01396
05068
02116
04873
00193
04897
03304
05191
01734
02679
02080
03019
03133
02047
04307
00032
00698
00362
02855
01327
00521
04523
04312
00685
00278
04010
00036
00564
01833
01940
02518
01759
02108
00768
04157
04382
00010
00780
03736
00570
04037
00374
03584
01202
01924
02248
01986
04500
00520
02618
05063
03624
02761
03787
03810
04902
00961
03962
03574
03560
04197
03262
04801
01289
01148
01414
00457
04365
04509
00603
01442
01258
04953
02833
03273
03764
00658
04924
02512
02983
04455
02656
00165
00429
04189
00272
00049
04399
04555
00440
01371
01768
03762
02902
00758
04550
01255
03699
00254
00825
03919
03072
04570
01630
01030
01019
05022
01477
01467
01473
01569
02637
01932
04141
04661
04626
00953
02303
00984
02221
01271
02632
02758
01450
02260
05041
01929
05143
04946
00923
05038
03176
02547
01073
01797
02135
04703
03897
04133
03064
00372
03658
05033
03643
04298
02520
00363
03035
03921
03882
03820
02883
00042
04573
00285
03280
04192
02449
01741
02498
02545
03217
01583
04172
01532
04128
04358
04011
01033
02463
01280
04451
03919
00123
02173
02340
03910
04115
05035
02539
00986
01767
02416
00486
03464
00939
04786
02800
00360
03867
05110
03498
03159
02666
04995
04490
00544
02387
03298
03549
04007
01936
03525
01304
04370
02376
01025
04092
03620
04626
03449
02296
01478
02984
02984
04904
01252
02264
03979
01819
02418
01524
02073
03427
04921
02601
01327
00566
05091
05084
01468
00561
04750
04816
01030
04923
04800
01861
00168
03287
04567
02698
03689
04788
00587
02979
03593
02383
00035
03749
04154
03208
04625
04590
00841
01842
04939
04162
04583
04963
02695
02977
01033
03803
04354
04212
01016
03970
02093
00245
05126
03626
02596
02110
03918
02996
01852
00346
04710
01646
03401
00313
00596
03002
03129
00431
02938
02313
01793
02427
00911
02726
01249
03284
00764
03792
00358
03439
02975
04911
02285
00190
03295
04888
00831
00963
01198
00587
04493
01043
04996
02730
03593
01365
01213
03556
02254
05177
02673
03551
01982
03509
01339
02643
03094
00315
00153
03043
01311
00407
01232
02055
04228
01091
01016
02037
04235
03933
03723
00415
00722
00033
04102
03877
00808
03424
02921
00651
04853
01170
00177
02325
00758
02471
04479
01742
04201
01705
02917
02649
00817
03453
02204
01614
03879
02761
01637
02166
04317
02015
02554
01970
01584
02471
01104
01349
02937
01467
03708
04643
03984
03356
04335
02737
02623
03651
01439
00507
03854
02033
00051
04660
01119
02887
01434
03304
01368
03666
02169
05006
02377
01982
03311
00969
01945
02811
01895
01950
01570
00381
01898
00447
02197
01501
01838
00902
03211
01821
00559
03485
03673
04249
04247
03322
01375
02569
01933
02169
03357
01907
01128
01953
02754
00589
04383
04376
01955
01504
02718
03122
03173
00120
05078
04629
01575
02775
04514
05192
04366
04442
03378
02346
03486
03428
04710
04478
01666
00694
04009
03844
00841
02480
04183
04947
03005
03953
02572
01411
02737
02377
00858
03303
03398
00480
02854
00215
03866
03440
04944
00075
00334
01757
01054
00884
03442
01445
01956
00645
02895
01379
01985
00238
04672
00589
00025
02857
01534
01405
03770
02653
00727
00140
04206
03248
02266
03642
00605
02442
02146
05019
01899
00100
00381
04635
03269
00383
01031
00866
02643
00929
01608
02739
01771
01563
01926
04414
03602
03638
04120
04677
01935
03931
03689
04492
01710
03825
01461
01850
02750
04145
00787
05052
01016
02630
02415
03592
01132
00273
03443
01166
03402
01017
01537
04715
05017
03438
01168
04039
00663
00078
04320
05183
01406
03985
01803
02333
02239
05167
02875
03187
03742
02690
04194
01798
02090
04070
03673
02727
04839
01388
04921
04061
00970
00830
04432
04462
01808
05117
01824
01917
00635
00534
03738
03740
03003
00243
04018
02739
05061
01645
02895
01529
02018
00159
00049
04079
03862
01942
00735
00172
02954
03077
01565
01011
01753
03237
00070
03009
00116
02458
03708
03794
00547
03392
03561
04579
02921
03908
04096
01842
01714
00303
00293
01489
03452
02509
01046
00442
05167
00012
00629
05116
04905
02912
04931
03652
05034
04515
01882
00807
01386
02122
01751
00987
02690
00771
00226
00518
02174
00009
00875
00574
05036
00666
01171
01839
00993
01760
03748
02395
02777
01212
01102
00043
04472
04545
00783
02436
01842
04204
05022
03877
00548
02705
03317
00861
00525
00704
01080
00425
03516
03463
02854
02107
03623
05153
04347
02726
00997
00028
03359
00150
03817
02952
03455
01276
01099
02827
02822
03303
00148
03490
03063
04558
01702
04242
02810
00554
00775
04461
01281
04321
03944
02895
02453
02365
04550
04520
00690
03227
02331
01012
02955
02174
04306
01686
02956
02372
03990
04355
03483
03617
01989
01515
01257
02759
