03388
04921
02055
03474
03544
01106
03691
00958
00471
02889
04478
00602
02651
03579
01613
02906
01152
03997
02700
01219
01772
00728
00699
04467
03468
00937
04117
02409
00203
00691
02836
03424
03289
02716
04705
01276
00632
04344
00987
01261
04935
01054
01842
02961
00303
03490
01357
03412
02790
03515
02386
03578
01068
00562
01723
02970
00874
04523
02822
02159
05255
04677
00090
02785
03174
01170
02004
04533
04797
01620
01285
00417
00688
03711
00362
01867
01625
00235
02253
02288
03663
05050
05051
03598
00231
02936
03300
05196
00987
01151
01712
04434
03712
02875
03597
03042
02683
02802
02964
03413
00995
00541
00720
02782
02250
04671
00059
02568
01068
02778
01392
04503
00102
01125
02324
02931
02045
02553
03472
01138
02584
04021
00867
01740
00100
02064
03125
02627
04421
01969
00146
00756
00582
02583
04418
03493
05189
04143
04399
02002
01746
05236
03394
02200
03392
04689
04764
01749
04825
02534
00760
03394
04675
04344
04026
04855
05155
02015
03646
03473
04723
03731
03126
02950
04661
02747
04774
03201
01158
03719
02538
00264
03157
04115
03715
00832
01748
01218
04008
02804
01721
03137
04913
00663
04882
00357
03009
05020
05199
01521
03464
03399
03262
05087
05247
02367
00625
01279
02540
05138
01064
00490
04827
03106
00970
00589
00231
00458
05014
01623
02808
04660
04359
05147
02949
01503
04388
00236
05069
03295
00826
04343
01059
04882
00244
00111
04962
02250
01890
04001
02688
02877
00351
05201
04291
01111
00249
03777
04366
01994
01558
04569
03063
04896
03172
01657
03474
05162
00034
05292
01754
04804
03022
01766
01435
04853
04003
03432
00862
05153
00080
02219
00074
05090
04580
03219
00121
01184
00485
00851
01637
01905
02029
01611
03609
02250
03751
01246
01170
04220
01043
01026
03219
04959
00873
02592
00176
04705
03822
00753
04040
03930
03642
03531
04318
03463
02094
02149
03134
01602
01372
01676
04666
03750
04593
01891
04855
00276
02034
04774
00519
00246
04235
03813
02616
01180
03307
02827
04106
03637
03166
04300
02939
01363
03978
01964
05112
02287
00137
02219
00553
03795
00740
03242
01302
03754
04960
00939
03965
00028
03715
04125
00939
00583
04314
00842
03298
02570
02742
03946
01165
02605
01926
05181
04992
02526
01338
03310
02924
00151
00926
01305
02299
02648
02482
04455
02301
03828
00926
03151
02190
04176
00707
02147
00072
04480
03209
01833
04073
04799
02824
00182
03990
02214
03286
01878
01935
00840
03947
01398
04478
01009
01755
01074
03208
03761
02889
04469
04671
02761
04602
05112
03747
03693
04258
00549
01720
03464
00330
00066
00572
01509
01526
01965
03295
00767
00410
02617
00471
00469
04084
04410
01143
02533
01814
02379
01411
01494
02875
01050
02741
05255
01312
05246
01495
03475
03631
03849
01525
00708
01772
03628
00660
00546
04060
00888
02577
03001
01175
01555
00964
02589
02747
01228
00041
02069
03543
00451
02224
02867
04906
02769
02157
02841
03280
01817
04175
01870
02331
04877
03122
04231
03448
00640
05264
03984
04730
04456
05017
04626
01244
00887
01071
01828
01666
04635
00813
03575
03480
04615
01328
03792
00039
03803
04940
00284
02446
00040
01270
00862
00091
01224
03423
02153
00152
01989
04245
01424
03391
04064
02037
04613
02641
01946
02551
00250
03658
03743
02903
03567
04323
04643
00835
01716
02946
03214
02767
02122
00539
04876
04697
00643
02868
04006
02763
01727
02823
03976
02282
02286
04276
04324
00026
04036
03538
00663
04926
00867
00535
04560
00059
02716
04871
05023
01500
03837
03995
01900
05224
00143
00362
03404
00463
03800
01649
05215
02544
01720
01073
04601
02656
02863
03717
02352
00017
03535
03376
02548
01313
02118
05288
02770
04046
02762
01421
01886
00327
05293
02281
04767
04929
00482
04124
04093
00505
05051
02601
00139
00241
02241
00359
05191
01998
03132
04110
02220
00620
01570
02230
00107
02202
03201
00787
03770
02406
00258
03311
00868
00421
02862
02417
03565
03276
00987
02467
03047
02342
01863
04831
00015
03230
03901
00900
03071
01077
00576
01555
01409
03617
05030
03756
01424
03421
05062
03794
04722
02228
02051
01459
04771
00566
01146
04999
00213
04695
04727
04977
02841
00215
00707
00020
02354
04519
05168
00756
01529
04357
03106
04039
02817
03866
01227
05251
04129
05069
03679
04418
01836
01025
00182
04205
01421
03669
04254
00403
01019
02792
04129
00454
02216
02587
04472
02136
01355
01320
02967
00107
03372
03948
05246
00427
04398
02913
04848
03558
03776
03467
02866
03506
02735
01371
02470
02631
05143
01627
04278
02804
03700
00597
01105
01220
00616
02423
04270
01474
03536
02028
02065
00522
01581
00877
00167
03743
00279
01452
00545
04633
03453
04414
04628
05132
00931
00524
01476
02207
04184
00091
05270
01572
04298
00496
04264
03617
04709
02847
02258
02940
01789
03161
02207
00644
00252
04438
04151
03499
04060
00909
03198
04920
01973
02851
02305
01182
00620
00282
01142
03264
02993
02086
01302
00741
05039
01771
01814
03712
04206
03862
03582
01400
00524
05226
03476
00617
03985
02283
05120
04750
04261
05075
00584
05196
02172
01045
00949
05125
04575
01435
02019
04759
03410
03551
02934
00052
04142
03768
00177
01245
00351
02057
00571
03187
00246
01023
03473
04566
02455
04678
02427
03693
03231
00889
04435
02840
04094
03621
03240
04997
02986
02549
00604
04214
02362
01891
00710
03776
00319
05237
00527
03801
03870
00223
05068
04396
03080
00569
02956
02677
04406
04644
03349
03764
02112
00057
04266
04340
03858
02578
04738
02501
01279
04706
00435
00423
01202
04853
00574
05059
01430
04837
02932
01159
02773
03460
00127
02065
02553
04934
03304
02193
02748
00691
03832
03743
02526
02338
02617
03117
00125
00281
02695
04131
00177
02204
00036
01774
03374
03718
03445
01195
00279
03108
05243
04471
03637
02841
02451
04384
02945
00295
00834
03527
05127
03011
02309
03330
04996
03775
01080
01446
01262
01558
02962
04153
04460
01729
00058
03701
04513
01810
01885
01161
04102
00477
02264
03773
02329
00710
01635
03578
04360
02112
01604
03461
01071
01715
03060
02084
04046
02118
05297
02167
02175
00212
02685
01432
02704
00988
00201
02414
03516
04168
03404
01956
01708
01030
00024
03910
03858
01346
00717
02295
00786
02081
00114
02242
05049
04344
02788
00774
00408
04294
02613
04244
01601
01235
05198
03492
00217
04256
02250
04240
00062
04244
02963
04578
00368
03386
02350
00313
01480
04014
03411
02339
01023
00326
03983
02646
04293
03609
00543
02384
01130
05219
00278
02898
01155
03800
03778
03124
03912
02539
00060
03183
00037
01655
01482
02113
01038
05273
02271
02231
03770
02617
03118
00373
03144
02648
00347
02033
04899
00823
02924
01942
01689
02969
04655
01200
00115
05047
01386
03849
03067
00396
00847
04276
03419
01377
00873
00014
02246
01347
03858
05254
03901
00652
05251
01118
00428
02469
04007
01348
00582
02637
00150
04659
00035
02660
00361
02890
04918
01591
02084
03851
00740
05235
02784
04378
00908
03269
00696
00045
00608
03152
01195
04164
00188
05111
03108
04722
04431
00886
01070
02330
03767
03892
01339
01929
04762
01700
04915
02749
01447
01228
00201
01590
01650
02660
00906
02873
05186
01856
04967
04650
02956
03632
00703
02612
02241
04716
01502
00865
05125
00976
02520
00792
03634
05064
04693
02130
04469
04513
04881
02899
04463
03031
00941
04958
02017
04747
02846
03606
04946
00941
01262
04204
00147
04031
03413
03667
01586
04942
02217
00638
02166
02941
04202
02892
01082
05059
03233
01723
01304
02219
01316
03158
03566
02064
00320
02138
02785
02723
01467
02480
01115
01220
05125
00589
00179
02401
03426
04807
04091
01487
02908
04427
05194
00022
00420
04684
03772
03752
02111
02063
04391
04978
02296
02570
00400
04054
04841
03756
00287
03018
03550
01087
03251
01735
05239
04875
05106
00782
02145
02274
04510
00935
05061
05090
04402
04056
04652
02267
03675
00257
03399
03924
03787
04022
05163
02642
01172
00926
02370
05161
01449
03815
03782
03847
01815
00655
05190
01918
04531
01966
01914
03176
02928
01395
04579
03500
03700
03729
05296
00838
00501
01590
03461
03344
01874
02731
01215
04553
04018
00999
00238
00128
01381
04290
03203
04237
04795
01787
01928
05188
03318
00105
01526
04387
02440
00787
03349
04708
00326
04495
00248
02824
04479
03560
00677
05116
04250
00269
00428
03086
01656
04150
04784
01472
02714
05043
03602
05215
02330
04180
00059
01147
01136
01471
03764
02565
04164
01538
02289
02476
03175
00180
00943
00053
02380
01919
04511
00659
01974
01028
04741
00698
00396
04818
00389
00784
04776
02954
00974
02404
02993
01769
00249
03404
04055
01960
00793
03905
03533
03676
03761
01058
04867
02906
00313
04145
02426
04882
04403
05095
02574
03292
01386
00599
04759
03896
03754
00689
03399
01903
02475
02453
02687
01220
01263
02231
04885
00885
03220
01416
02303
02459
02770
01007
04814
04699
04763
01917
03350
00074
02608
03234
04718
02630
02164
04900
01232
05068
00749
01271
04431
05003
04182
04168
03525
03105
03457
03964
03008
02472
02613
00632
03453
03364
03428
02703
02717
03713
04716
01527
02103
02818
03396
03625
03586
04632
02222
01365
05020
03809
05223
00566
04329
01492
03263
05216
01747
03285
01547
00883
03878
02646
00565
05235
01772
01381
00007
02033
03170
00395
04561
03962
01735
01391
00757
02832
04507
02371
01521
05259
02571
04395
04680
04217
04336
03051
01441
00401
00113
03311
03349
02995
03378
02927
01495
03889
04031
03838
03151
01334
02619
03108
04237
04799
05243
01512
03969
02295
04848
03611
02107
00361
03316
01239
03564
01817
02663
02728
04616
03216
03922
05104
00531
00781
04165
01840
01788
00304
04599
02778
01184
05026
04475
03710
00968
01496
04142
01074
00058
02333
03220
03369
01331
01155
01936
04809
03271
01106
03204
03327
01504
03800
04726
01736
00604
04425
04125
00011
01803
02290
00088
00810
02682
02177
02514
04972
02931
05096
01850
03176
04293
01191
03441
01247
02267
02429
04767
02388
05244
05184
04235
02205
00558
03501
04655
00186
02002
02250
05060
04818
03940
04170
01678
00921
04217
02343
02364
01902
00461
00823
01988
03275
00554
04857
02246
00067
02867
00036
02356
01676
03125
02355
01658
00456
03506
00267
01091
00119
01063
03418
04080
01179
00624
02388
02156
04060
02584
02347
03498
01484
02519
00058
04007
01726
03837
03987
00576
01407
02483
00083
03016
04606
01129
04982
04042
01825
02543
02103
03359
01322
00409
03647
02243
00243
01339
01337
04911
04119
03417
02035
03574
01453
03872
04252
01976
04190
00050
01853
04909
02809
01020
00419
05230
03030
05259
03266
03896
04525
04921
03112
00158
04267
04350
03722
00880
03215
01723
04668
01182
02953
01590
00813
02542
01875
01636
05077
05287
05190
04312
00786
04311
03483
01394
00954
02408
05003
02816
04135
02975
00826
02008
02190
02721
04227
04571
01710
01575
03142
03638
03125
04446
03758
03048
01926
00437
02733
00160
04505
00391
03767
00337
02707
02281
03075
04940
00190
03836
03442
04001
02113
00447
04353
02525
04670
04448
04334
00068
04173
02449
04379
03628
02017
00779
02447
03520
00345
01235
02363
00187
02221
05033
04757
04128
02936
03274
02635
03514
03362
00034
05182
00280
00355
00976
03655
01964
01695
04826
03823
00065
04629
04060
00516
02864
02647
04212
02608
02032
02063
01956
03937
01870
01132
03217
02311
03780
03709
05176
03113
04788
02047
03607
02252
00078
03590
02718
04922
03592
01769
03988
00919
05202
04367
01502
00935
03062
04499
05038
04596
00133
01501
02724
03063
02820
00098
02638
04713
04555
03601
01271
03583
00563
03643
01695
01715
02267
04402
05237
01152
04969
04928
00778
00034
03339
01667
03682
00778
03159
01629
03417
01831
05107
01909
00924
00013
00565
03604
03337
01828
00575
03830
00241
01459
04895
03664
05126
04860
00435
04859
04626
02475
04568
02425
03179
02322
01932
01845
05164
01692
01006
00646
03320
03230
04310
00187
03322
01675
00166
00912
02858
03172
01273
00898
03668
05032
00611
04594
00719
02558
01310
04985
03403
01861
01240
03995
02844
03866
05129
03644
02096
03636
03795
00421
04508
00717
01321
02105
00772
01589
01210
02257
02888
00564
02353
00265
03382
04598
03183
02059
03279
00786
03743
03223
01166
02821
00201
00538
02069
02868
03925
03977
04090
04084
03895
03510
04693
02639
03334
00933
02441
01551
03878
01112
03712
04873
05203
05089
00081
00628
02184
04825
02449
03856
03768
01842
01170
03686
03256
02083
01205
00572
04610
02204
02242
01903
04338
04689
04198
01825
00619
03064
03969
00862
01197
01955
04286
03710
01867
03144
00712
02796
04357
00895
02963
04295
01455
00302
03960
02650
02388
03708
05085
00439
02362
04033
01009
00349
00274
01275
04588
04562
00602
01622
03560
02312
03600
00605
01721
05296
01173
01351
03843
01565
01974
00833
02986
00815
03206
01531
05174
01772
05294
00096
04785
00201
02426
01608
05066
04302
02634
04907
01503
02187
02645
02194
01691
00206
00974
02554
00698
05266
04520
03330
00071
01891
02400
00856
00273
00413
03323
01185
03913
01783
00681
01556
00080
02221
01502
00596
03277
01385
02003
01237
02266
02759
00466
03694
00892
04844
04235
02330
03237
00237
03778
03593
01650
04822
01986
01779
04150
01853
04895
04719
01374
04789
03209
01974
05211
05139
04118
04578
03046
03404
01055
05166
01438
00367
01771
04160
01389
03491
03516
00846
02101
05128
05030
00124
03686
02510
02289
03886
04582
00542
04738
00626
01592
02301
00103
01069
02250
05212
05198
02042
02481
01446
04094
00541
01503
03878
04633
01941
02625
02677
01728
02669
03099
01640
00231
04546
04865
00783
01260
02822
03896
00136
03896
01054
03455
01495
01591
04393
02824
04440
00478
01776
02342
01667
04410
03738
05088
03801
03520
00297
01800
02207
02679
02904
01323
03780
01978
00784
03469
03125
02411
00334
00601
00148
03725
00174
02435
02655
04931
03290
03450
00894
04522
04795
03182
04231
00494
04733
02630
01739
00080
01243
01606
04274
02518
03525
02344
04853
01836
00854
02238
03008
01943
00142
03909
03710
00713
02088
01480
03437
02818
02325
04667
04883
01862
01956
01503
03634
02911
01927
02621
01985
04013
01984
03375
03964
02636
01434
02331
02247
03051
02443
01618
01392
02612
00766
00348
01501
03148
01742
04966
01345
01597
00493
01133
00214
02613
05175
01439
01244
00987
04879
04140
00435
05222
02301
00820
03126
03546
04806
01683
04381
01660
00389
04826
04921
03248
03287
02089
02654
02806
05261
00930
02982
03694
04998
00565
00036
00253
03632
04245
01805
03958
02441
04680
03224
02325
03247
02419
04789
02163
05262
00941
03159
02567
04622
02359
02743
02429
05144
03809
05236
01442
01457
01395
02546
03836
01801
05046
00236
03224
00767
02873
02274
04818
00338
03253
03436
04908
02069
03038
00967
02024
03997
02397
00470
05052
00875
02107
04362
03139
02573
00063
00284
01074
04549
01085
04512
01484
04437
04590
00083
03656
00803
01068
02713
00442
03421
02686
01600
04201
03445
00604
03794
00248
05007
01591
01346
03530
04808
00992
02438
01773
02754
04444
03361
04188
02362
01684
04805
01561
03622
01494
04744
02851
00513
01272
05219
00455
02298
05052
04976
05118
01929
03581
00137
02179
04296
02722
02034
00819
04576
04509
01599
02967
04864
02212
03904
03089
03385
04172
03567
00904
04253
01569
01960
04694
02237
00167
04260
03287
03345
01142
03207
00540
03747
05162
03215
03650
01329
02267
02711
00706
01448
00067
02846
00234
00762
01938
03861
05158
01895
01277
04747
05092
00608
04509
03562
03545
01499
01871
03140
05046
02639
04921
04418
01667
01903
02085
03682
02592
00684
02129
02512
04578
03136
04896
00449
02785
04877
05047
04759
01213
01871
04432
01061
01349
02849
04375
01371
02172
01178
03830
03828
02543
03431
04517
00488
00840
02403
00544
04944
01786
03644
00601
01153
04577
03200
01325
03861
03977
00871
03155
00266
03587
04503
02103
00601
01400
00560
03134
01847
05127
01115
04347
01866
02654
03885
01906
00866
04345
03449
02793
03343
05011
03722
00943
03076
03513
00796
03291
02222
00761
00158
03609
03971
02436
03329
03640
02719
02812
04243
01348
03929
00238
01002
03167
00039
05299
01858
00775
03687
04146
04890
02530
00886
03019
00148
03231
03826
04299
01355
05229
05205
02937
02449
01178
01482
01879
04899
02574
05276
02566
00356
05226
00321
04168
04727
03660
02772
02683
00741
01429
02476
01389
02438
01898
03921
02923
00189
02228
01006
03787
00467
04067
03620
01002
01405
03282
02022
04190
01589
01249
01250
01317
03498
02227
04612
00535
03058
03436
00787
04994
03698
00179
02520
00781
01213
02314
03679
04006
03993
03315
00522
03497
04514
00669
02381
05287
01308
04840
02591
02756
05061
00458
03410
04253
00942
00716
01298
05173
04802
04925
01101
04855
01673
05222
03768
02597
03782
02496
00898
04041
03625
01043
03530
01885
03356
01655
03190
03608
04960
03753
04402
04904
01209
02539
02356
04679
02767
01237
01978
03440
03588
04789
02723
04662
00319
01850
03999
02667
01467
04785
00873
02875
00040
01413
01759
03179
01327
01510
03797
03954
01517
02937
00855
02892
01555
02006
04625
01130
04377
02025
04733
05058
04716
05291
02779
00244
02919
04363
02470
04877
02742
02326
03576
04048
01978
01157
01216
04607
03733
00012
03764
05125
03373
03459
05037
03242
02692
04373
05003
04511
05092
05046
01886
05272
02694
02339
03667
00068
03581
03996
00481
03569
04615
04342
03619
03597
02867
02294
03950
04657
03699
00279
01141
01564
02342
01128
04533
02579
02611
01554
04956
01573
00248
03261
01574
02934
02946
01118
03762
01930
00702
04545
00263
03633
00624
04185
00022
02709
01928
05217
04089
03316
00225
01398
00786
01103
04359
04823
03294
00131
01583
01280
03834
01504
02038
00233
01144
03080
02491
01766
02063
02879
04120
04340
02108
02210
02335
02051
05229
03425
01296
01778
04056
02146
04311
04789
04473
04530
02693
03130
00265
04747
03771
01172
02923
01921
00901
01504
03849
03718
03202
01893
02304
03719
02097
03979
03641
01796
01913
02588
04632
03200
02955
00900
02507
04777
00944
02568
03716
04686
00035
00570
01233
03225
00108
05240
03469
05011
02362
00058
02752
01056
00091
04562
01019
00364
01321
03979
04942
01683
04018
00425
01139
04954
04722
04664
03919
01506
04994
04660
02241
02375
04041
03142
03219
02501
00742
00938
05278
01939
01267
01473
01830
01654
00857
01389
01906
01260
02386
00687
03382
01923
00242
02872
01802
01476
04643
04998
04040
01017
03227
02683
00091
01556
02855
00244
02806
00513
02048
00836
02952
05248
02662
03723
01778
00655
03734
04670
04536
03155
03918
00596
00129
03675
00129
04767
04689
04637
02461
01057
02969
01166
03823
01243
01594
03301
02029
04061
04347
01264
03216
04764
04221
02662
00427
05252
02649
04881
02284
05085
02301
03696
03448
03438
00989
01717
04410
01321
02016
01586
00873
02942
00879
04389
01824
04719
02349
00231
04328
00541
02418
02805
05252
03061
00363
00610
02388
01650
03830
01794
02496
03298
04568
03867
01753
01524
01251
05132
01194
05274
00419
04606
02713
01269
03309
00342
01220
01883
05210
01673
04383
02535
00250
02086
03097
02147
05264
00580
03759
02971
03282
04136
04226
01566
01319
04009
00480
04855
00829
00791
00765
03350
04647
03125
03940
02577
04640
04921
03673
00103
04524
02835
02427
00312
00103
03513
02878
03103
01855
04746
02899
04723
00093
01177
03701
04484
02841
03425
00245
00143
01567
02839
01082
01654
04322
02420
03582
03775
04651
05226
02024
00227
00847
04070
00078
02951
05266
00672
00153
02719
03212
02294
03180
05003
03902
04850
00307
03772
02858
02184
00468
03187
01557
04717
01499
03396
05105
03559
00891
04247
04095
05137
01056
05156
02487
04633
01462
03613
02763
02161
03652
04869
03826
01744
02507
05099
05085
03335
01394
01330
00818
03873
00674
00776
00445
03759
00014
04194
04304
02972
02312
01228
00879
03493
02468
00892
03840
03301
01679
00422
03913
03253
05112
04171
01815
04043
01571
05079
02976
03224
04715
01106
02765
02140
04686
04986
05218
03214
00812
00191
00284
04801
04904
01647
03200
03987
00203
02089
03558
05121
04791
03985
03316
02348
04213
03651
00886
03135
05064
01058
01972
00665
00081
04448
00555
04970
04928
00152
05082
03350
05177
04467
00479
02694
02332
00495
03713
00060
00618
04158
03333
00073
00840
05132
05294
01502
03787
04532
01271
00977
02535
03953
03247
03502
04954
00769
04336
02174
00584
03399
00149
03771
00932
00918
05070
04026
00102
02842
04251
00950
00825
00035
02441
03178
04009
01328
02220
04375
01001
02527
03214
05156
03327
02608
00445
01603
04488
00623
04196
05213
00007
01778
03688
03273
04642
03973
03846
00545
00372
00102
01098
03266
03635
02060
03546
04584
05266
01212
00916
02075
03804
01810
01895
00712
01952
00250
02613
00259
03340
02140
03127
03250
01672
03127
04278
03615
03147
01462
00565
02316
04609
04535
04748
03388
01282
03462
01352
03937
04372
00010
04434
00137
01940
01539
00886
00122
03362
00944
00004
00140
02810
03527
03985
04129
03099
01628
04712
01231
00023
04807
02301
01350
03874
03890
04972
03408
01036
03255
02879
04111
03738
01815
02129
01443
02797
04356
00307
02726
00014
00149
04325
03372
03785
04240
03526
03823
03225
04093
03066
00900
00950
04391
04832
01688
02538
02407
01512
01758
01554
01233
01775
00266
04628
04462
01766
01775
02139
01587
03514
02670
00542
02786
04525
00453
04247
02700
04358
02063
04761
04743
04487
00305
04815
02441
00804
03353
01289
03686
02609
00246
02672
04843
02464
00633
03147
02448
02161
03923
01261
01779
01475
02537
00309
03007
04639
01017
02366
00237
02329
05066
05187
02970
04804
05007
04104
01276
02823
02229
00823
00574
01374
04708
05177
03845
03470
05060
00161
01309
04868
02697
04100
01821
00346
04904
04032
03068
02356
04869
02295
03905
01116
00239
00163
01242
05168
03019
02615
03969
02211
03785
00765
04632
04303
00663
03627
03403
05234
04000
00736
02336
03034
04874
02624
00571
04219
04977
02569
01520
00948
04761
02677
01722
01249
00310
05222
03430
02823
02111
05208
02513
00315
01192
01381
04947
03178
02765
02092
04909
00454
03996
01836
00750
00157
01842
03944
02606
00982
01559
05247
03288
00014
03309
03590
02378
03593
04928
00099
05195
00675
03696
00693
00597
00658
01086
01366
01636
04076
02540
01912
02844
04507
03721
02331
02227
02873
00361
01678
03867
03891
02791
03986
00219
00706
00053
02340
03812
04316
01392
03322
01688
02065
00346
02532
00356
04758
01808
05025
03803
04087
02041
03453
02571
03277
03802
01283
00558
04083
04039
00104
01849
00854
03532
04575
01178
00205
01421
00724
04057
01163
00935
01856
04211
01844
00661
04194
00718
01726
04858
01032
04472
04091
03253
03694
00013
05177
04459
00792
02480
00703
05220
02619
00132
05296
04051
03637
01809
04979
03824
04966
04879
04808
02672
02391
05285
04877
00748
05071
05107
01789
05011
04738
03782
00716
04062
02206
00160
01137
05133
02260
03033
05072
00792
01819
01188
01659
03667
01952
04836
01495
01812
00174
02052
04372
00395
03450
02541
03239
02101
01887
03639
03149
01059
04979
01705
00940
01517
00814
05219
03767
01203
03765
03944
00726
02346
01103
01297
04248
05056
00568
00238
01705
02307
02439
04686
02772
04309
03330
02809
00243
00111
05289
05086
01753
00114
03420
03083
03958
00134
02514
00039
02285
02069
00758
03426
00974
01360
02645
01240
04412
01799
02462
02259
05058
02299
02486
05251
00926
02434
01917
04534
03244
01409
03718
02925
02153
00973
03932
03774
04684
04653
00289
03574
02404
03924
01623
01819
02144
02088
01371
04031
00417
00935
04601
05209
01010
01266
03023
03998
03788
01708
00238
04791
02664
04236
01154
01750
03537
00016
01943
02879
00790
04257
03764
02178
04345
02772
02853
01678
03531
00876
03934
04408
03460
04577
04841
03062
00520
01565
04786
01127
01048
03625
00173
03665
01439
00021
01305
03443
03737
01190
00493
02529
05009
03012
01756
01933
01555
00236
00435
01516
04668
04366
03521
04286
00162
03176
03691
00227
05197
01988
02802
04787
00312
02257
02078
03908
01054
02066
04067
03527
00769
00155
02907
03941
00984
03024
01430
00073
02009
00244
03421
00204
04694
03891
02170
00921
02813
05036
03850
03623
00284
00639
03077
03304
01991
02447
04390
00023
03869
04872
04571
02590
01589
00843
00212
01799
01788
00515
01697
05065
02153
03320
02731
04992
02402
04823
04659
01205
00803
00294
01310
03291
01738
03738
05261
00316
03312
02259
04612
02208
02011
00371
03510
04709
03037
02035
03080
00082
03129
01039
03788
01606
03141
04665
00918
01966
03523
02178
00613
02207
04930
02385
02047
00387
00942
02177
01282
01694
00361
00054
02125
03008
04596
02463
05144
03114
01197
04915
03920
04351
01126
04062
04766
04370
03719
00603
05293
00026
03346
04888
03144
00993
00672
02942
04770
00354
04081
02024
02566
04918
03489
00447
02375
02034
03973
00948
04549
02719
03749
02914
00382
01202
04324
01702
05200
03831
01126
02641
02676
03033
02078
01345
00024
02501
03619
03856
04794
03633
01786
00262
05023
00540
01423
03655
03008
02192
00338
05250
02476
01550
03829
00308
04177
03282
00286
00828
04578
01667
00277
00923
04504
01787
03988
01945
03124
01694
02669
04496
00239
00796
03634
03881
00211
00760
03985
02328
03091
00218
03470
02276
04315
03425
04581
02342
05294
02300
02064
02856
05071
05152
03802
02042
01507
02176
02588
02859
04925
03856
01401
04321
03454
01002
03237
02963
04076
02426
04686
03021
04365
02894
01906
04428
01272
01287
03225
00311
03035
00860
03704
00758
01569
02141
00584
04325
03660
01943
03589
00309
04799
03435
03034
03051
04745
02760
00730
00558
02518
02651
00738
05288
03628
03594
03313
00304
00932
04537
02465
02375
01215
00309
01867
04990
02410
03706
02907
00940
04272
02949
00271
00101
01498
04167
00490
04958
05263
04142
04233
04160
04483
01850
04832
01277
00183
04574
01060
04490
04570
05225
01457
03859
02106
01824
05008
01347
03755
01108
03923
00296
04337
00381
02203
03792
03573
02893
04428
00028
05009
03003
00083
05074
02417
01419
00202
03848
04331
01904
00550
01784
03716
01989
01366
04754
03652
01281
03492
03815
03939
03993
01612
04876
05254
04312
00633
01551
01022
01063
02032
02558
02865
03704
00584
03032
03325
05250
01739
02090
03633
01222
02076
04899
00816
02099
03390
00665
04346
00671
01794
02240
04420
04535
00210
03389
00191
02262
00980
02092
05067
00147
00477
03038
00918
01400
03903
02790
02971
01299
04087
04503
05258
01288
03349
00307
05079
00757
03330
00431
01455
05179
01872
04844
01848
00596
00940
05154
02056
00651
01604
01416
04100
01052
00149
02803
03104
02325
02480
02148
04175
00154
03318
04437
00137
02224
04418
04920
02248
03934
04963
02609
00060
04520
05222
02053
03000
01982
03012
00691
01042
00962
04567
03679
02667
04822
02687
03370
04891
00276
00653
03630
03924
01492
03648
02403
03383
02575
00979
03790
04557
03434
01299
02774
01015
03704
04217
00984
04176
03784
02205
00653
05164
00799
00318
05053
04774
03285
02619
03198
00624
01180
04435
01688
04376
02787
01821
04618
01603
00040
03742
03105
01408
00486
03631
04394
00402
03264
02868
04442
02896
00791
02036
04264
04399
04692
04432
04217
00075
01778
01553
03284
00638
01379
02793
03329
03109
02665
00605
02404
03813
04041
00654
01981
01994
00756
04188
02066
00696
00111
02376
04253
01883
04101
03623
03542
02749
01647
03822
03657
02364
04483
02485
01135
03753
01406
03552
03907
00975
02945
01112
03693
01561
03587
05293
03357
03151
00758
01476
02109
03102
03435
01197
05242
01630
00256
01359
01837
01568
04621
04543
00328
04993
01722
01003
00867
04882
02141
04819
04936
05264
00347
00202
00143
01008
01818
03895
04303
02283
02659
00805
00943
03995
04805
00462
00933
02465
02510
03984
01553
00955
03097
05128
03073
03668
01826
03951
01085
03720
02331
04651
00825
02594
03076
03332
04277
04144
03837
04462
01749
02273
00439
03965
02817
01855
01261
04391
04077
01336
03541
03642
00725
01107
01572
02616
04625
01583
03515
01789
02348
02847
02177
00879
03331
00174
04102
03552
04156
03832
02337
00059
02304
00178
00074
02070
02767
02494
02238
01034
00424
03398
01088
03657
00037
02695
04782
02456
01553
04923
03097
01689
03700
02608
04806
00365
04276
00008
02167
01299
01998
03329
03137
00584
02945
05006
02136
03935
01475
03809
02705
00440
03017
02141
03371
04053
02946
04207
03874
05115
03419
00380
00469
03887
01890
00461
02615
04341
02501
02052
02189
01929
01971
05093
01459
05217
04274
02017
00370
02859
02424
03015
02569
04155
03075
00331
02603
04711
02055
03299
00901
04851
00432
03686
02001
00195
03322
00704
02068
03676
05018
00613
03266
00206
01422
01551
01772
01769
00960
01263
03774
01632
01523
03932
00907
04803
01203
04125
03626
04041
03669
00568
05123
02284
01316
03376
05175
05033
04426
03317
00085
02725
00143
02409
04173
00679
01355
04363
03291
02449
02907
04155
03970
05097
03594
05028
03347
02943
03242
00694
00290
04860
04963
03189
03515
02807
00183
04059
03290
04774
01665
03178
02357
00601
03703
05226
00599
00498
01126
03613
04010
04500
02799
01114
01177
01369
01005
03732
03596
00868
05190
01944
01806
02033
01045
00014
00162
04268
04345
02015
04878
05196
01068
03201
01700
03852
04856
05217
02354
05141
01789
04258
00554
02163
01555
00856
02455
01714
04014
01387
00999
02905
00916
00177
03694
03810
01620
01451
01360
01306
02401
04152
01147
02716
03097
02205
01484
02853
01873
02217
02744
01430
02261
03585
02750
02013
04989
00501
01728
05147
01643
02441
03156
04739
02448
03442
01102
01989
01187
04933
02020
01157
04189
02646
01125
01722
04932
01531
02239
03445
00461
05044
01703
02234
04988
00223
02604
03667
00864
05212
01128
00980
01064
01367
03123
04818
03550
02711
04174
03416
04554
05283
01111
04267
01636
01384
04236
05215
04895
00462
03542
04743
03190
03852
03933
05230
04141
01142
01233
04068
00403
01890
00376
01773
03492
05216
03959
01628
00274
04311
00235
04020
03734
02721
02817
03657
01637
01243
01165
01345
00805
05246
02352
01711
01690
03246
00425
04448
01041
04384
01132
03245
01744
05107
00979
04081
04768
01668
00960
01628
00504
02324
01823
02670
01703
01452
04173
02113
01201
00067
02571
03118
00051
01939
00842
03966
04518
05233
00019
03682
03279
00817
03067
03842
04405
04415
00824
03962
04322
02643
01956
03112
04519
00488
01300
02424
02288
04055
00224
00739
03489
00336
00534
01660
03407
01785
00404
01672
02362
05231
04748
05162
02363
02463
03571
04666
02691
01950
01121
00723
00901
00930
00821
00664
03205
00736
02693
00772
01533
03754
03470
02694
00787
02885
01086
01308
03713
04553
03989
03140
01382
01674
02926
02410
04962
03076
00063
03077
04606
03251
04210
03588
03958
00064
00496
04641
02428
03815
03830
00729
01018
04449
01850
02539
02528
02856
04855
03051
01840
02606
04470
02307
00354
04771
04583
01357
00268
01059
01860
01832
02522
00827
01045
01941
03163
03769
02612
00415
04614
03199
02395
04946
01777
04353
03709
02029
00592
03651
04321
03195
00600
03633
04007
03008
04306
04866
02702
00090
01003
02656
02434
00259
02835
04182
03871
02402
01436
04610
01430
00481
04889
01682
01125
01037
01115
02409
02922
03393
05155
02482
00077
03838
03853
02016
04051
01108
04154
03543
01987
04007
03978
02532
03780
05113
04385
02456
04965
02823
02620
00106
00854
03211
02566
04373
00146
04941
01518
03265
00202
04551
00609
01059
02378
01615
00176
01661
04483
03899
03269
05177
03250
05203
00446
01758
02359
00939
03068
02856
00450
04464
04715
01445
00807
00755
05001
00260
01728
04413
04721
00318
04341
04449
00837
01924
02684
04989
03733
00888
02035
02212
01601
04961
00327
00421
00585
02358
00643
05024
04507
02860
04106
01498
02733
04227
01230
01374
02554
05126
02490
05111
04953
01023
02199
04370
02529
02127
04531
02490
02199
03079
02826
02159
03852
00495
01198
00579
05082
05148
02111
02520
04620
00266
03033
03231
01260
01337
04407
01590
02197
04105
02328
01302
03613
01308
01203
04280
02415
02345
02355
01881
04290
01356
00397
04125
01472
02003
04492
03808
02434
03341
03844
00629
03581
00302
00023
01024
04993
00406
01477
01731
05046
01799
00482
03306
02753
00581
04330
00459
00657
00757
03748
03065
00799
00914
03120
00141
03527
01841
03660
03472
02144
04788
03882
00524
02752
00294
03924
00561
03934
04066
03309
03244
04285
01177
03176
02475
05254
01623
02763
02524
04873
04350
03810
03992
00725
03953
03434
04473
05286
00608
01369
00947
00701
03446
01040
00244
03043
04332
02865
00966
02622
00769
02554
01242
04201
03918
00671
03661
01251
03213
03567
03183
05096
03615
05086
03889
01120
03302
03916
04710
04529
01001
00722
01529
02344
00517
04195
03098
02143
01606
03225
04488
01298
03516
04254
04833
02792
02972
00953
03191
02505
01315
05142
03175
00378
01953
01191
01244
01385
03544
03382
02706
01272
02280
00384
00362
01261
01479
02223
03213
01632
01390
00619
00361
01073
04746
02367
03827
01452
00193
04512
02019
02727
01886
00400
00701
00623
04468
04033
05016
00968
01987
03719
01201
04815
04717
00344
04334
03833
03487
00711
03091
01518
02724
01569
02594
02427
01176
02977
04323
00595
02962
01955
00160
02745
02984
00768
00088
01571
01539
05076
01503
00111
04428
04092
04930
05154
02067
04451
02589
00387
02898
04264
04996
01197
03182
02843
02796
04365
00868
04861
03523
00155
00655
01334
02954
00720
03576
04111
04832
02910
01372
03228
02176
04372
03226
00292
04850
01568
03071
04755
04967
03824
05086
04450
01409
01741
