00598
03627
03957
06188
01428
02832
03570
05203
05423
06342
04256
03532
03135
06285
03694
02881
01412
00907
04251
03237
01023
02756
00084
03895
04258
00382
04875
05579
02061
00698
00755
04624
04141
03670
02877
03552
00927
01880
05381
03407
03316
00625
02910
01070
00160
03832
06482
01865
00781
04446
01297
05373
04448
02593
04137
01332
04160
04401
04545
02970
02275
00659
05692
01536
05685
00854
02270
00185
02498
04056
02109
05073
06460
05249
05236
02059
03507
05372
04105
06391
05206
04995
00490
05376
00556
01929
01243
01168
04015
01155
05954
00514
03584
02567
04403
05825
02816
04793
01731
03511
05759
05929
03929
04977
01547
05054
04012
03062
03556
04333
01261
02200
01543
00897
04896
03718
02637
05731
00073
04748
02759
01584
04142
02133
05569
00694
03020
02131
05632
05648
05140
00713
02651
01018
02603
00866
01605
05464
02049
05327
03509
03535
04039
03671
04560
03930
00905
06307
05902
01756
00260
03995
03644
03287
00789
04196
06396
03373
00890
02081
01470
01947
00937
04006
00836
04403
00240
02853
02530
02042
03404
02506
03308
01051
02078
04528
02025
04116
04075
01231
06368
03811
04496
06082
04462
03542
04795
02652
03088
05575
03910
04599
02010
02906
00182
04099
01113
05232
03539
00333
04506
04870
00683
04387
00061
01236
00148
04729
00537
04748
02392
05082
01897
02964
01524
02777
03440
02975
03801
01275
03246
04352
02951
02054
01444
02976
04019
01893
04595
05398
05993
03699
03748
00473
02984
02094
00763
00555
02666
00135
01446
01214
05199
01092
05601
06367
00273
06311
03580
02190
06374
03111
06345
04833
06139
03917
00792
04982
01589
01664
05785
03040
05138
02634
02362
06306
02073
05707
06038
03738
06052
02253
05378
00769
05796
04701
04350
02856
03007
05872
02753
04665
03117
00430
00402
04076
06312
03562
04410
03800
03307
05116
00444
03698
05145
00499
03462
03608
02612
05126
00315
01111
01189
04484
02099
03655
04219
02733
01151
05800
01693
01673
04982
03479
01080
03774
05551
00599
04930
01606
01346
02366
03205
05285
00802
03588
03135
00389
02950
05722
02972
02079
01429
02897
05202
02507
05867
04378
05421
00504
03273
05146
00484
01234
01896
05523
01766
05157
04939
00590
03686
02899
00816
05783
01971
04715
04494
03159
00456
02953
02976
05449
02369
02410
00961
06081
06478
06000
02699
02435
04208
01686
06498
00627
04187
04854
05268
05102
01744
01825
00539
00403
01184
06385
03139
00317
00013
00966
00050
05082
00943
04622
00577
00645
05432
04771
01682
00714
05954
06363
02907
00678
00806
02512
03118
02014
01039
03338
02260
04747
05764
06148
06330
02808
04144
03695
01369
04702
04407
04211
05430
00934
02965
02397
04521
00266
02355
06130
01016
03016
02850
04033
02299
04046
01230
03880
02304
00679
03096
05221
05969
03632
05276
03648
03889
04284
05969
06370
06136
03679
00686
01364
03362
04089
02462
05546
03932
04011
04348
04999
00740
06387
01258
06077
01215
03336
00212
03991
00776
04410
04870
03436
05931
03955
02594
01788
01759
02444
01283
04469
01101
03231
04804
04934
05267
06269
00845
02524
02146
03337
05922
05218
01693
04692
05405
00208
01111
04832
00900
01106
01595
05827
04808
02682
00902
05057
04376
05448
00672
00507
05536
05145
00269
03140
05191
00982
00309
05021
03099
03031
06271
01608
05713
04460
05900
03009
05843
06294
06330
01418
02831
05419
04048
02351
04795
06404
01829
02526
02897
05171
05349
04581
05922
05865
01438
00240
05142
00626
00490
01650
04460
06068
02015
04892
02909
06047
04328
03829
03722
02270
05390
05166
00675
01251
02015
00473
02310
01397
04634
01030
01374
05851
03905
03054
00582
04042
02545
00664
01425
00428
04716
02470
03075
03459
02533
02637
05390
01828
04577
00833
02592
02941
03577
01903
01946
01575
00873
03342
04146
02782
02068
00920
05645
01871
01637
03810
00299
01775
02526
04916
06049
03406
02987
02883
05781
01671
05175
05474
00497
05680
03892
04039
02542
00806
03233
05590
03495
06037
01281
00832
00951
03014
05718
01842
05308
03095
03560
00222
04086
00833
00717
05835
03588
06137
02890
00753
00062
01773
05355
05272
01840
00209
01452
05582
02807
03261
03492
02843
04506
04531
02160
00137
02309
05298
03054
05442
02449
04075
05178
05393
05531
03803
04185
00363
03012
06194
02657
03010
02977
00276
01535
02723
00913
01684
04750
00890
02172
01364
05543
03766
01691
03867
03697
03601
01463
02002
01334
01293
03186
00823
05452
04124
00305
03538
02396
04410
04287
04900
05997
02420
03459
04004
01417
03995
01219
05014
03745
06416
03293
00500
02922
06318
04070
05719
02897
06254
02521
00417
05267
01322
04154
04787
04605
01070
01049
00214
06361
00313
01615
06394
03637
06066
05004
02815
04954
06251
04666
04709
03437
06010
02457
00852
03301
01993
02660
03150
05398
00418
05249
03911
00901
04786
00949
04926
01374
06123
04027
04738
02455
02427
02851
03550
03166
04093
00711
05746
02870
02940
02482
04439
06035
03047
04065
00089
00224
04897
02004
05095
03859
01944
01653
00149
03300
05922
02579
01086
06298
04839
04082
02162
02595
03954
02371
03750
04767
01872
03221
05748
00749
02654
00928
00526
03446
06384
04305
06330
05595
00571
05945
04676
03137
02264
03586
00887
00584
05579
00901
01727
02453
03254
06239
00260
05170
02904
05200
00580
06400
02183
04405
05259
05975
04701
05402
06020
01883
03139
06048
05064
01538
04026
06097
00179
06195
03843
05475
04984
00105
03136
05234
01303
02172
06357
01102
03637
04866
03558
05892
02911
01694
02710
02957
05459
01256
03861
06182
03227
04829
04391
00979
03938
04380
01760
06475
00154
05202
05488
02733
03900
02839
00848
03997
03895
01167
00135
03822
01519
01036
00860
06333
00158
01409
01401
02675
01117
01240
00593
05107
01173
02748
04248
04406
03578
03807
04283
04644
02544
06160
02159
04464
01409
03857
04718
03232
03095
00676
05077
02296
02642
00972
03337
00638
03791
03427
02849
01947
04768
00158
04022
06193
04593
05009
04054
00100
05308
02429
05408
05138
01469
00228
01580
02403
04936
04889
04019
01898
01643
05021
05169
01428
05125
06146
00631
05471
06153
05174
03273
05302
03033
03880
02040
03012
00130
06399
05842
02822
02749
02028
04567
01771
03789
06267
01404
03047
00572
03529
01915
05688
04211
03994
05577
05193
00481
04398
02044
00912
06428
00298
03194
02076
00764
01728
02835
01476
00314
02359
05279
06168
02521
05062
06087
01285
04443
02888
00734
03660
02402
04303
00701
03636
01843
06042
05465
01200
03597
05531
06037
02533
00736
06074
01946
02913
06440
06451
04518
06242
03972
01860
01974
00657
01539
01852
02229
00302
00797
05160
04703
01581
03629
03781
05003
03396
01044
01681
05235
01345
05062
04231
03058
05695
01665
04246
02979
01140
04637
00182
03699
03536
04688
03835
06013
03238
01191
06178
05954
00373
00870
00286
04237
02007
01342
00144
01655
00694
04224
01128
04977
01091
00147
01957
02258
05140
03730
00974
06197
05605
02336
01171
03004
05736
04105
00531
02714
02995
05422
03752
06355
05567
04278
05178
02198
06422
01080
02152
03066
05512
03596
01490
06118
03979
01245
04292
05754
01202
03625
02164
04602
03614
01229
04687
06178
05921
05661
00932
05252
06011
03696
02406
04391
00958
06301
00561
00409
05353
03413
03409
02284
01149
06369
04771
01046
03737
01519
03789
06122
05268
00189
04565
03712
06357
00291
04370
04352
04587
05347
03127
04412
05531
05460
00356
00509
04671
05863
02558
05743
05725
02793
02835
04500
06157
01237
01864
00386
06268
06490
01989
02270
01302
00430
05595
01082
06243
03003
02804
00576
00930
06499
04943
04253
00590
05547
02218
04068
04603
02196
03018
05562
01441
02881
04078
03431
04165
04293
02129
01421
04061
04502
00674
04770
01537
00064
04889
06160
05035
05464
03104
04072
04935
00373
01216
04303
05594
00424
01879
03133
05101
02564
06376
03164
02603
02552
00042
02302
03211
02026
02312
02659
02803
00566
04361
05601
04899
06492
02460
01383
03278
03415
00112
01017
04292
03913
03735
05282
02396
02976
03993
05440
05145
05651
02200
03077
06029
04871
01354
03718
03273
06214
03671
01117
04328
02090
05022
00412
00226
04460
04851
02114
02032
00987
04619
00323
00867
02863
06223
00979
02299
06098
06490
02680
02611
04493
03071
05003
01635
06482
00544
05174
04910
05291
04818
00649
04725
05575
05317
03783
00912
06405
05783
05181
03596
03897
04124
03957
05899
04699
01241
02769
04397
04599
04164
05334
00887
02759
03196
06128
04638
02188
00302
01788
01490
06151
00528
01709
04013
06065
02657
03914
04091
05183
00814
04385
04399
03312
03444
02864
02696
06037
03864
05436
00767
03638
04621
02743
02594
03755
01068
05583
01406
04398
05422
03770
02149
02300
02425
03445
04986
02343
03296
00021
05950
06274
01831
05768
03113
05921
02496
04681
05862
00285
01857
04488
01549
02916
05510
01541
04986
04362
05890
02941
03027
03643
02762
00026
03863
03873
03866
05427
01533
02794
03745
04487
03317
03322
01692
04568
02250
05267
01930
00585
03533
01827
02307
01570
06082
03140
03599
01688
03261
03932
05362
00184
05396
02463
05631
00176
05312
02437
05698
05465
04209
03617
03535
04893
05261
05872
03077
00905
03521
01899
03151
04895
04574
05803
05402
02869
04350
04503
04164
02102
02710
01205
03681
02930
05002
02740
05605
03238
04321
04822
02502
02914
01347
02781
01552
03891
01044
05862
00070
03817
03178
01821
03015
04569
03244
00829
06431
01733
00535
04677
04341
01081
01073
02954
04634
04291
03784
00719
05668
03094
01957
03015
03017
03887
00963
05869
02906
05308
04376
04785
03808
05786
02583
02016
02430
06145
02678
05054
01605
05615
05111
01189
04750
00990
00518
06345
01878
03097
06007
02439
03680
05141
05192
01387
01311
05351
05605
00034
01590
00750
04644
01694
03311
01503
04434
01720
02492
06209
02638
05652
01981
06278
05523
02391
02898
05141
06098
06015
00752
02826
01575
01357
04517
04331
03702
04068
02305
06458
03648
05639
05504
05127
02240
02219
00265
06369
00843
00766
04741
04081
01864
05512
05682
00186
03530
06420
05747
01373
01831
00233
00481
03937
05732
01720
00742
01016
02431
03709
03218
05244
00773
06345
06076
02984
05444
03409
05017
03555
02312
01582
05492
03039
02402
00654
00332
06120
03205
05656
01939
05432
03579
05509
02707
03542
03965
01537
03397
02915
01647
02550
04671
03745
04203
05603
01314
02253
04176
01501
02484
01273
03950
00207
02067
03665
05805
05711
03088
05542
00584
01414
00660
00056
03785
05305
03805
03454
02015
06355
06224
05070
00911
05658
00467
06262
04867
01890
01134
04653
04752
00877
04752
03667
01056
03706
00888
03972
06074
02305
00877
06310
04578
03195
01564
03406
03397
05327
03796
02820
01901
00672
00017
00119
06441
01595
00290
05890
03969
02629
00972
05526
00545
03059
01440
02874
04984
03466
04352
00740
06340
05070
00388
04448
04285
03698
05964
05238
06491
00833
05535
01712
01168
05408
01638
05566
03879
02992
01805
01258
01092
04925
00079
00658
03666
05321
01281
04296
04375
05432
06048
04773
01743
00504
03616
06186
02662
03416
05904
05155
01979
00465
01231
06231
01980
03324
02516
01781
05316
01133
02835
03473
03957
05894
01105
06286
05387
00161
02034
00236
03365
03871
03094
05375
02935
00212
05421
00742
01148
00584
02136
05666
04894
02393
05170
02300
00524
01184
00075
01366
05164
03190
03265
05683
00356
02563
03652
02905
04084
04518
03516
02751
04517
02336
04503
04649
06296
04059
03068
01799
01897
06007
03228
01391
00883
02300
04199
05071
06457
00171
00635
03270
01184
00995
06034
04588
01148
01852
01218
00793
04845
05363
03558
05379
03744
02194
04639
04908
00870
04863
05052
01377
05165
03740
02888
02370
04873
01745
01219
03576
02319
05549
01880
02229
03014
03636
01374
00824
01882
00642
05273
01392
05970
01994
05229
03415
04018
01966
05994
05460
03902
05742
01838
05409
04154
01000
02104
02171
02822
05514
04393
05044
01898
03723
02722
04483
00552
03533
04754
01892
06382
02569
04466
01763
01340
01074
03743
00275
00794
01935
02548
01264
06351
06191
05457
05754
01654
01838
04963
05449
03721
04366
00154
02406
01121
00653
01825
00680
02385
06338
05225
03307
05347
04888
06209
00194
00898
03754
02823
01552
03137
05250
05256
00042
00972
02089
06146
02720
00105
02431
04031
04846
01339
04608
03245
03766
01248
04910
04652
00311
04832
01464
02612
03502
01330
04532
06254
05873
04575
04676
02962
03608
02478
02206
04736
05528
05507
04526
02399
01728
01105
05043
03754
06315
02014
06058
00834
00672
03241
03831
02309
05781
02436
02933
03842
04743
01723
02196
00341
04223
03445
04507
00926
04318
05690
02372
05334
02923
00080
00373
03975
00013
04968
05488
06134
03111
05096
00799
00334
03533
01610
00679
01791
00542
01194
04862
04120
00360
00269
00897
05742
01709
03220
00567
05359
01187
05405
05692
03548
04078
00781
00589
01047
02087
04802
00593
03865
04069
05875
01571
03788
05448
04079
03295
00065
05585
00459
04023
00036
05817
05237
05818
05913
04839
01514
05916
06432
04481
02923
03893
05304
02583
03243
02984
00577
01850
05989
02292
02060
05340
01221
03238
00152
06037
03246
02254
02436
05040
06192
00072
01821
03316
02819
05628
01913
03249
01756
03658
02557
00675
02183
01447
04519
06140
00655
03033
00869
03827
05054
06062
05811
00821
05357
06364
02459
05277
04621
04513
02272
04473
06347
04362
05396
03703
06190
00586
04472
05282
04287
06392
06467
06313
00438
01855
05705
04846
03060
02380
02798
01981
04368
04366
01258
06248
05932
02461
04725
00775
04064
05211
04369
01209
00390
01083
02560
01721
03391
05621
03464
01595
04174
05384
04377
04587
01947
04389
03943
01149
05658
04932
01476
00248
04429
03816
00001
03025
03696
02513
03221
01871
02748
03925
05791
02832
03288
03420
02966
05034
03886
00752
06095
04016
02629
04729
00463
00282
02415
00584
05034
05613
06481
04787
05492
01684
01422
02853
05496
04255
04806
01820
03159
02325
01417
03911
02770
03869
00930
01610
00644
04071
00810
05964
06343
00725
03048
03739
01422
03589
00986
05269
02341
02069
04273
03360
03437
04906
01367
03045
04463
04787
05107
06302
00035
00366
03567
03147
04510
02221
04818
05987
04965
05847
03328
05297
04909
01634
00483
06474
01193
01621
06367
04763
06167
02074
04154
04031
03492
00977
01827
02351
01813
03385
01774
00347
05534
05937
03793
01544
00235
02988
00357
06001
02494
02782
04175
01238
03313
03346
05814
02899
00657
06368
03591
02043
06416
01140
02821
05460
02111
03590
03887
03804
04556
01877
04071
02747
00648
06250
05188
00568
03344
06174
03488
01470
05386
03553
01032
00203
05623
05966
00926
06424
06069
04544
03270
04408
04711
03475
03641
00359
01089
04951
05958
04207
05662
04283
04562
03086
05484
01742
02404
02152
03315
05827
03782
01792
02722
04766
01215
00949
02763
05374
04658
04578
01986
03368
03416
04763
06434
01815
04138
00232
04380
02650
03174
02809
01412
05250
00099
04420
00274
06184
00284
01967
00558
02294
02891
06409
03593
01935
04140
05072
04097
06166
03446
06377
03707
02941
04496
03567
01607
04947
01668
01887
04176
02950
01108
01677
05443
01899
05119
04909
01402
01496
03349
04733
01675
04493
05731
00027
05215
06272
00882
05715
02853
02914
01830
04097
04244
03470
04646
06177
06463
00180
03983
01340
04597
05340
01923
03308
05937
04694
01640
02537
06169
02306
01846
04639
04052
06269
05002
06420
02093
01335
04198
06182
04434
04809
00726
00566
04050
02119
05880
02376
00267
03150
02727
00215
00812
03827
04205
04494
00115
00243
03740
05729
05503
02435
04065
00793
01990
06077
04869
02306
04078
02986
00711
03111
03498
03964
03898
04801
02900
05860
02392
01889
01441
00332
01897
04924
00353
05227
01879
04310
05661
04773
02190
02719
01239
02494
00859
00546
04893
02704
01586
03568
05759
05264
04414
02135
00527
04631
02899
04772
01054
01466
03922
00732
05182
00988
04007
05992
03078
05052
02648
03160
04503
01278
02794
02452
04905
01987
05035
04535
04189
05721
05235
05669
01151
02906
01151
01381
03582
04522
00595
06000
04833
05188
02864
04192
06410
01308
04431
04121
05154
01855
01321
02313
03272
02444
02704
02401
02074
02323
02143
06259
06282
01157
02807
02187
05626
04435
04802
06126
02584
01308
03448
00482
03785
04578
01772
01465
02500
03405
04552
02092
05226
02946
01262
05529
05990
06347
04545
05148
04161
00305
04100
01971
03176
04072
03990
01821
04829
05559
03154
05465
03527
01258
02945
06016
02952
04700
03458
04696
03378
03687
03830
01161
00804
06188
01779
03623
02000
06433
00387
04158
04054
04909
03145
00138
00018
05246
01012
02638
02495
02530
06363
02875
04032
05628
01842
02035
02033
03539
01064
00045
03811
03593
04186
05529
01799
03706
06343
04031
03297
02808
05200
03992
03578
05539
01992
06145
06338
06046
05329
06392
00444
00900
05271
04235
02823
03706
05527
02148
04297
04186
03504
00843
02734
00757
00438
01422
03712
00038
01930
04958
00259
04774
03631
01260
05248
01252
04758
00047
04882
04005
06170
01750
02089
05762
05656
06467
03187
00188
00317
04997
04238
00429
03026
05631
04929
04465
03884
04693
00723
02771
02750
06080
01852
00220
05392
00700
01105
05515
04782
05917
06356
00239
05294
03232
05966
06067
00275
05347
02278
04353
01543
03152
01740
03029
03515
05004
05370
02330
06406
05679
01998
05537
02053
04128
03361
02709
06183
01054
03188
05344
01490
01503
05074
01780
04124
05746
05854
05432
04503
00712
04279
03498
05368
02291
00821
04929
01291
05747
05322
00627
02430
05330
04687
05917
05224
03567
02834
01064
03272
02448
06090
01272
01779
01364
06181
01568
01470
00660
00461
02188
06373
00042
03173
03503
06490
03516
05652
02121
01974
06315
04626
02194
06019
05148
02626
02001
05394
04372
03543
02256
03060
01752
03502
02337
05604
04380
05825
00798
03412
06310
03824
04195
02289
04464
03030
00340
00824
00490
04390
00241
02823
03253
01020
02773
04262
04531
01157
02448
03948
00996
02132
00198
02058
02296
01840
06357
00798
04236
05171
01115
04776
05968
01566
00717
05006
05486
02680
02456
05966
06020
06189
03354
02699
00920
04645
04845
01337
01361
01335
03503
02146
02618
03053
03378
05333
05087
04661
01532
03821
00776
03368
06031
02283
02302
00191
04150
03385
03837
04269
00360
02957
04420
01693
02135
06110
04101
05652
06350
04094
03216
02601
00280
01247
06103
05710
02700
04095
00708
05856
04012
00552
03483
06183
05838
00074
04000
01420
00723
00350
05845
04399
04636
01759
04801
00080
02096
01563
00255
00531
06264
00139
01530
04097
00782
04940
03890
05538
01427
03071
04473
00437
03719
03872
02686
05759
00967
00756
00182
00668
05491
04584
02925
05891
01252
00730
03890
05853
05690
02915
00039
02097
00662
04850
01897
01707
00733
03621
01776
04831
05460
03790
00617
00861
03968
05429
04384
05948
00440
06393
00884
02868
02899
00972
04686
02397
03244
02877
01713
05881
04564
05873
05080
00938
04081
04042
04951
03874
01437
05849
02741
05015
01643
05802
03196
04623
03792
02582
00949
05781
04775
06309
05514
00671
04005
01534
00527
01829
01507
03440
00861
03442
00458
03590
00227
04785
02865
04559
00503
04142
02755
04173
02628
01512
05588
06049
02617
01212
02570
04056
05451
06392
06253
06016
02289
03161
00963
02309
04744
03127
00910
05671
04686
03348
05028
04522
05644
02043
01422
01322
06488
01744
00758
05705
01889
04896
02622
04481
00930
05719
03262
04803
00403
02095
02897
04646
00955
02895
06309
03810
00891
00802
06197
03378
02344
00542
02035
04061
05174
01929
05003
02253
06148
02947
02743
04860
01905
06160
02479
03272
02950
06365
02192
04574
05388
04663
03789
05672
06125
03189
00557
03109
00194
05232
02232
01430
00202
01664
02198
00046
00869
02673
03098
01502
02154
00895
00792
01331
03072
00112
00085
01225
03829
04977
00193
00262
05147
00408
03915
06037
00487
06493
02969
03973
01177
04259
01034
00409
06306
05247
05805
05606
06174
00600
01161
02095
02750
05765
02327
02501
01093
01612
02653
06477
03983
01939
03540
01151
01759
00251
04296
05597
03870
01261
05116
00583
00933
00345
03193
04937
02683
01230
04713
04448
04069
03950
05476
01854
04620
05320
05556
06076
05209
01024
01870
02806
04848
01300
00101
01028
01374
06358
00999
04044
01088
00269
03562
00758
06409
02692
02679
00049
02693
05793
01280
02965
03777
01779
00489
04663
00063
00469
05929
04206
01979
01540
03946
04421
04052
06475
05240
03746
02180
04825
01226
05158
05462
01352
00644
05212
04386
05217
01576
05833
06496
05677
02349
03973
01991
03275
00150
01516
01029
06331
01428
02275
05335
01571
03439
02615
05211
02985
06210
06329
02106
00354
05043
04635
00877
00918
01029
05514
00375
04625
03882
03922
03208
02797
05465
01207
01046
03518
02685
04226
03621
05455
03516
02000
04099
01163
01318
00243
04381
00025
02966
00396
03164
05484
06375
06040
05191
03964
00413
00479
02561
04342
01011
03350
01197
06074
04986
02717
04411
00175
02480
03402
01315
04988
02073
05017
02280
01563
06431
05021
00914
03831
05972
00044
03057
04883
00606
02795
06366
01717
03145
00717
00552
01381
00065
00366
00400
03943
00834
05452
04793
05552
00931
01174
04947
05702
06184
06138
04925
01538
03221
02757
00542
02416
06261
01596
04225
04174
01028
06486
01712
01046
01447
02205
01635
05813
00910
00903
02535
04321
06340
00723
03505
06199
04232
05908
03501
01530
04476
00614
05735
04389
05546
03119
01921
03003
00000
04906
01041
05079
01460
05456
00231
01325
01757
03935
02031
00304
06282
03960
06231
00011
04765
04268
02278
04994
02553
06119
01873
04691
02593
02494
00873
00889
03936
01028
01404
02189
04169
03579
03313
04648
01011
03513
00017
05537
02919
06254
00723
01813
06039
06041
04308
04177
00495
00863
04913
01683
06359
03856
02047
03834
01683
06153
02553
05844
00280
03414
02085
00337
05816
05554
01512
02054
01009
01933
04792
02208
04583
02611
02859
04168
06127
04206
01082
06036
01985
01310
03710
03879
03690
00641
02079
01081
03315
03104
02131
04275
05465
01495
02061
05923
03850
00501
05387
02177
04278
00477
00575
02402
06491
03337
03344
02052
00527
01324
03846
04427
05127
04167
04343
05134
05758
05195
04810
02223
00908
01147
06436
01918
01629
00634
05164
04800
04558
00469
00241
01393
04122
04739
00053
03999
03470
02113
04850
00490
03483
03437
04498
00606
03938
02302
05619
03868
04422
02163
02122
03918
02150
03242
02787
05489
05790
00255
03111
05204
00440
01358
03874
05922
06228
05721
00324
03852
00597
04399
02372
04339
03927
05039
05539
03898
02953
04669
00108
00417
02367
06300
02728
05546
00206
01704
02469
01979
05149
04698
04832
06089
04197
03999
03528
05708
02557
02138
00507
05513
01315
02434
04799
01089
02286
03513
01770
04403
03652
00206
00538
03729
03917
02930
04316
05723
01299
03662
04426
05510
01586
04920
00164
06121
02971
04793
05816
01675
00261
00154
02289
04612
05956
01152
04818
01033
03929
03407
00497
00783
04923
03917
03198
02552
03812
05733
02055
03958
01049
05499
04929
06361
02541
05451
06460
00968
00881
00467
06321
04107
04532
05781
04052
03632
00796
00414
04062
04423
00104
01157
05897
06169
01631
04112
06348
02157
00288
00761
06479
06475
04853
01820
01543
02523
04117
03981
00834
03713
00020
03986
02609
06403
03185
05776
02603
01706
01675
01523
02811
05195
05607
03175
02903
01890
02407
01593
03999
04742
03564
05863
01513
04029
00273
01921
06043
01005
03123
03861
05504
02224
02814
03730
02988
04073
01377
01645
05422
05380
01082
01229
05303
00357
01390
05537
00109
02576
05252
03292
00888
01437
02301
02037
04190
01336
03347
02093
02205
05492
00019
05883
05480
03990
02210
05990
01323
04023
04092
03542
01089
05954
04244
00277
01297
04717
01508
03796
03993
00195
06004
05799
00890
02240
00223
01625
04056
02252
06235
05125
04867
01678
04801
03075
06356
01650
00384
05107
02817
06314
05874
06434
00684
03107
02482
00770
02895
01090
03566
03371
03385
01873
02977
05511
02314
00845
00322
01446
04912
05602
03967
02113
00146
01112
01312
06117
03722
04552
02312
02497
02255
02859
06331
01549
00315
02935
05011
02433
04957
02442
01720
04846
06147
00657
02606
06451
00431
04697
02653
03884
00199
03574
04433
04708
03833
02786
00270
04186
03664
01413
02719
01412
02113
05116
00382
02599
03582
04410
04119
00070
05340
05299
02810
04121
02914
06220
05024
02065
00794
05816
04994
06087
02619
06355
06328
03959
06153
02156
02621
02565
01660
05888
05744
05739
02646
02294
05316
01332
04149
05753
04646
01360
03324
02475
04939
04524
05781
00708
02981
06042
05994
06410
02123
03188
00250
01077
01936
04918
02189
00470
06138
06073
00212
04010
00971
03646
01962
03805
06053
02865
04864
03764
06316
00356
05852
00132
01924
02835
02382
03309
02955
02510
04096
04787
04208
04489
01346
00077
04414
03432
02930
04340
05508
03876
01155
02070
03989
03339
03143
03112
05477
00728
03487
00734
03598
01222
00277
05771
02209
03511
00468
05985
05010
05704
05919
00291
05079
04508
03673
00034
00477
02318
03927
00897
03829
00845
04157
05629
03273
00380
02770
06337
02695
06367
04558
05615
02099
06097
05746
04320
01482
03579
06110
02339
02228
02617
05996
04686
04058
01444
01846
05744
05573
02216
00222
03159
05263
03529
05277
06026
02159
01685
05993
03715
04889
01441
06337
06360
00492
01894
02727
01327
05519
01826
03354
05288
05203
00556
00822
06287
04967
03005
04992
04420
04163
06473
05695
04676
04119
03246
03673
05905
01584
01860
02848
06441
04141
01114
00864
06072
01991
05437
03546
06168
00227
00774
00723
06442
03554
00595
04246
00300
03035
05551
00761
00065
03538
00714
05587
03082
05817
05438
01176
04151
06410
01255
02982
00393
05395
05078
05667
02387
06290
00293
01052
00447
01159
01067
00553
00305
05153
01187
04428
05735
00361
02202
04424
02288
01342
00379
02458
00531
02660
06123
02242
04223
01120
01099
01716
00321
05749
00394
01310
04646
01805
02155
01148
03728
05391
06223
05900
04800
02621
01107
00511
00333
00808
01971
03604
04984
04891
06003
06407
01540
05557
04835
03535
02073
05659
04567
02557
04666
04069
04156
02666
00164
00782
04206
04247
04198
02703
06143
01643
04931
01933
04621
06199
03251
06131
01780
05011
03958
05786
04379
03674
05277
02600
01717
04654
01998
05728
05332
05518
02773
00953
00706
05469
03798
01911
05540
02360
02259
04830
02176
05020
03239
02337
04522
06306
01007
01335
03995
00200
05708
01118
05491
04036
04966
01517
03154
03965
03626
06136
02869
00534
04236
03007
01847
04172
01975
01659
06003
05073
04857
05334
03141
05182
03819
01366
03141
05645
01054
04284
06315
04731
00417
05083
03774
06137
02583
05524
01156
02567
02544
01494
05224
00110
04972
04471
01607
04732
05412
04594
00263
01186
05342
05609
05066
00797
01063
01819
06051
04258
02696
03137
04032
04004
00834
03838
04433
05228
01404
00212
03540
03756
01044
01079
04587
02346
02733
01111
01362
04651
02776
04437
02637
01256
01152
00796
06231
03381
00132
02252
06268
05181
00741
06156
03654
05655
04430
01497
02003
01382
00824
05155
00807
01148
03286
00938
02742
00337
04562
05497
06204
06315
00923
03111
04837
00838
04196
06458
03960
02150
05089
01809
00936
03781
02040
00771
01446
04463
01290
01586
03178
03314
04813
03951
03956
06475
01707
01699
06066
01235
01165
03566
00026
02150
02510
01156
02835
05145
00010
06161
03353
00588
02363
05427
05054
06407
00023
02935
00630
00526
00168
06185
06432
05385
01410
04620
06007
00398
04403
01590
03447
01349
03417
01622
01030
03449
06452
00809
04758
01049
03582
03539
01875
00200
02241
04401
05350
05246
06317
05976
00012
04699
04747
02524
01209
01802
04618
05108
05364
03599
06313
03956
00205
00811
00937
00945
04982
04653
04929
05772
06475
04145
02240
03693
01513
04644
06116
00235
00254
03943
02641
01525
03055
02398
02848
03025
06466
03262
05606
05925
04883
00027
05917
02575
06339
00264
04899
00458
06269
01008
02570
04419
04785
03109
05592
00278
05239
06169
03171
00573
04064
03981
04424
03328
00991
05411
00094
05187
02659
01736
05779
01352
01913
06438
00195
01002
03426
02028
02505
03706
04851
01512
03587
06238
01042
05134
00065
04384
00077
02795
03338
05136
05281
01529
05667
00747
01072
02939
03482
05571
03204
04641
03359
01537
04112
05788
05601
01214
01026
03692
05448
03185
01341
01632
03554
00595
04671
00748
04669
02401
03787
03666
03474
03387
01576
02235
02380
04211
00259
05828
05855
05132
01176
05468
04663
03244
05042
04798
03328
00981
03518
00068
01592
04075
03297
00031
03070
05808
05039
04990
03406
01162
03249
04711
04746
03799
00606
02945
03888
04115
00162
02391
04133
02998
04780
03630
03827
05797
02418
03494
06158
06018
00135
00335
02577
01940
04713
01767
05272
00876
03004
01105
01634
00795
03260
03152
04226
01402
04543
03734
00479
02145
03147
04824
00893
02397
03315
06287
00850
01691
00840
00521
06058
01445
01252
04790
05059
01123
00767
02407
03374
02764
04319
02180
01999
04140
00194
01830
06471
06178
02038
04380
00197
05479
05521
02651
05254
04378
01746
02014
05026
01327
02596
04667
02393
01118
01714
01984
02370
03353
04365
01530
05371
02311
03167
00988
01618
03920
02361
01689
06045
05194
05648
00623
02466
06286
01104
02216
04121
00031
05937
03567
01274
02521
04383
06121
03838
00978
05341
06082
05998
03914
06294
04950
01964
02781
05561
05292
00463
01293
03184
02258
01754
05083
02449
05821
03150
02122
03352
03108
00969
03807
06283
00747
01306
01952
02247
03333
01069
01848
01173
03439
00507
04802
02167
01070
05436
02190
04509
02301
06323
04740
05631
00703
01981
01099
05352
02811
00816
06170
05061
04093
04858
04731
04309
03782
05697
00114
00506
01317
02195
05789
00917
04400
01220
03616
05890
01354
03820
04826
01539
05326
04135
01848
00102
00826
05787
03132
00078
01155
01270
01520
00812
04448
03769
03557
05159
02035
02696
05953
06123
06399
05811
05843
00798
04337
01791
03325
03160
06194
04851
04494
03422
00348
05126
03068
05286
03737
03758
05202
05178
01821
02490
04242
04215
03634
01273
05540
03645
05419
02736
01890
02378
02821
06266
02008
01387
03736
03734
02321
03282
04329
04321
06061
04770
00139
02459
02475
02009
05218
02710
01499
05586
02888
05137
03565
01124
03509
03735
00324
04470
03093
00475
02100
04831
05065
01527
00188
01225
01240
02146
04700
05027
02965
04575
00508
01093
01530
00170
00762
00265
03351
05105
01161
00548
00465
04780
03032
05570
03675
05178
00814
02822
00962
02458
04877
01038
06257
00111
00961
02276
04779
02704
05630
04247
01105
04177
02354
05945
01501
05198
00457
00525
05710
01334
01839
06328
00711
01221
02461
03553
05870
00054
02852
05663
04401
05689
04479
06360
04883
02689
01249
00227
01349
01322
05386
00046
02009
03945
03531
00355
01561
05585
04252
06341
05853
04406
03618
06239
01075
04497
04198
02801
01092
02124
04541
03639
05043
05432
06227
00908
01029
00921
05287
06107
01463
00953
05645
05648
01389
01721
02615
00770
02686
05357
01150
02069
00322
03927
01209
04937
00192
00140
05012
04194
00879
06067
03562
06418
02495
05931
00365
01457
02694
04284
02999
00764
04509
04709
01275
00622
03021
00217
01226
05963
04811
01399
05113
02694
02260
02153
02196
05346
03647
00794
04487
01161
06449
05284
06037
00726
03450
05093
03497
05389
06157
06141
03830
02569
02402
00602
05736
02854
04893
01671
00381
01366
01440
05956
06131
05718
00622
01798
01467
03421
03783
05767
05546
02125
03812
02462
01701
00385
05043
00300
02906
01331
05304
03772
06119
02947
02295
03871
05703
05830
03009
05190
04307
02918
05435
01354
05004
04751
02462
06385
03138
00411
00897
00766
02247
02926
05298
00277
01942
00863
03695
04583
03541
00704
00322
01870
06346
00870
05667
05782
01909
01861
00862
00619
02121
01680
02341
06034
04086
03972
03259
02255
02574
03715
01073
02721
03880
02460
00685
02438
03240
03086
05109
05261
04530
03354
04159
01751
01103
02657
05847
02746
01339
01915
01426
04780
05705
01271
00536
00628
00483
01329
05865
05762
01582
02355
00785
06358
02810
05327
01559
01321
03684
06076
03198
03175
02325
01631
03522
01957
01659
06337
02986
01470
05934
06216
03530
05181
06305
05465
01760
06307
00880
01230
04552
01126
06467
00572
00820
03147
01361
05939
00479
03284
05353
04537
02406
06058
00710
05029
02785
06046
01581
01386
05633
06287
00109
00661
04174
01969
02285
01772
03480
06277
01113
00499
04671
03274
03367
05901
03692
00142
01288
03213
03201
04821
04800
00767
06384
05648
05844
01202
04207
01466
04398
03043
05555
00062
02354
06080
05182
05484
03431
05664
00281
00033
02974
06441
04828
05486
02232
01268
05942
05920
03564
01903
03680
05716
05095
02627
00641
03210
00228
03837
04788
00208
01096
02585
04809
00201
01266
06415
05031
02047
00485
01995
02782
00878
01603
04110
00994
00039
02838
04158
05117
04693
02577
01619
05478
03612
05628
00140
03596
01236
06350
02475
06144
05704
05677
04172
02410
00381
05729
03177
04767
05993
00914
06214
00992
02394
01663
06400
00601
01948
06051
02574
04905
05418
04311
03052
03482
05425
01095
00908
02425
03254
06382
01118
03935
04459
02212
04279
01399
04910
04195
04082
02975
04538
05858
05220
03691
04511
02831
02626
01373
02693
04977
04685
04383
04992
05126
06402
06200
03924
04366
01920
05405
00620
02951
04951
04633
05460
02606
05727
06063
04692
05624
03418
06148
03207
02638
06311
00134
00098
02323
02928
00282
01823
05103
02347
05559
05638
02333
04301
05352
05596
03207
05244
06320
01209
00922
03535
04954
06180
03509
01588
05739
04907
02539
01230
01472
06328
00445
05424
00401
04911
01218
00674
03004
00369
04181
06048
03108
04883
00465
02670
00994
04185
01917
06483
01705
00911
00271
00273
00554
04410
00643
02781
05347
01418
02077
00588
02841
04479
06231
04979
00657
03182
03770
02733
05627
01940
01092
04119
05387
02003
01874
06163
04498
03572
03992
05686
00101
02200
06174
04545
03557
02982
03012
05663
04778
06307
05798
00146
02089
02995
06077
04295
03666
05483
00337
03099
00287
02291
05423
05092
05135
02445
03452
03610
00192
05173
04973
04660
02859
02166
05967
02519
06143
01825
02486
00690
02928
00684
06158
00494
01922
02777
03085
01921
01903
00782
05736
05522
05685
03463
05810
03657
05513
02947
01071
03834
03172
06310
02991
05299
01036
01635
03005
06331
06264
01106
06323
01037
05842
06171
03224
05178
04102
00731
03577
04992
00332
00627
05139
02501
01935
03395
03994
05052
02328
02575
04678
00635
04274
06038
04562
04048
01043
01288
04357
03278
02828
00158
02954
06333
00332
02414
00369
01718
05219
02972
03901
06301
06334
06114
00905
01340
00154
04903
03097
05586
02097
00338
03930
01137
00162
05666
03874
04950
03977
01318
04323
01598
06196
01636
02416
06493
05173
06178
05241
01616
06235
01093
00947
03488
04685
03926
04651
05907
03378
02748
03105
02330
00184
03089
01683
04736
01576
01784
05432
01523
00038
05627
03027
00309
02570
00424
01587
03894
05870
05548
05824
04493
01024
04745
04585
00885
02392
03477
04157
04503
05363
04357
01934
02473
06496
05066
03853
04493
00604
03911
02639
05164
04405
05544
05224
02330
01275
01811
04589
04128
02106
06330
06369
02350
02701
00241
04238
00855
03344
01709
01623
05082
06166
05882
06290
01427
05889
01774
03043
02159
01910
01064
03627
05336
01594
01200
02871
01049
02132
04261
01118
02335
03098
05057
03974
01546
02813
01880
02383
04435
04700
03300
03337
05758
03861
02580
00667
05423
01888
03461
04358
02741
04522
02366
02637
02292
05362
05685
00256
01110
04791
02364
02548
00546
03689
05944
00321
01080
04094
03922
02859
00132
02393
02336
04006
00282
03693
05855
04141
02718
00317
02966
01406
04521
00801
03830
00604
06012
05645
01714
04079
03506
01189
01834
00889
06290
00016
05393
01515
00275
05543
01252
06282
06271
05390
00522
03116
05250
04659
02977
05338
03988
05375
02971
03599
00434
02001
05127
04408
03692
02454
05870
05392
06059
02831
04619
04980
04354
01486
03539
02395
06304
01928
02333
06420
02032
06400
05066
04221
00126
04165
01493
00828
04036
03758
02835
04553
00929
01723
02565
02574
04599
01549
00219
06410
00067
01779
00226
00857
04719
04996
06125
01183
00932
03228
01654
04078
01718
04894
03316
02733
04002
00297
03276
04618
03583
05407
01261
01115
06428
00400
06077
02164
06014
00215
03983
02170
04421
02223
06447
06253
03833
03813
05297
06401
03952
04793
05574
04386
00186
00869
03504
00850
02790
03669
04132
01816
06328
03390
05371
06162
05157
05370
01854
04408
06000
02424
00248
00536
04241
01377
05163
04427
05836
06122
00117
00686
02226
06030
03345
03663
00408
05185
05441
03798
00151
04671
05601
03423
03281
06026
04243
05410
03147
04906
05941
03854
02910
01991
02724
04200
01083
05831
02285
03319
05199
03126
05123
06078
03388
03867
02592
05170
01232
01788
01585
03602
02704
02293
00949
04318
05824
03740
04758
05495
00290
00361
01733
02288
05960
00325
00300
05702
04731
03727
03577
00682
01370
03978
04989
06084
05173
00952
02166
00393
04221
05149
00347
02646
00273
03921
05879
04029
01049
03615
02021
01384
00518
01873
06118
04580
03297
03869
02636
02921
03286
00375
00876
04995
02799
02730
05140
04342
03633
04213
04760
04567
04119
00054
03718
00718
05210
00285
06204
03512
01310
03216
02986
03186
03787
02240
00693
05245
03550
04788
03856
05498
00299
03801
02869
04602
05088
04313
06360
01138
04729
06306
03301
04424
02264
01952
00643
01057
04215
03675
03570
04248
06312
00906
00246
05697
03597
01452
00062
03083
03643
02437
01788
01929
02909
00311
02205
04983
02758
03988
03865
01237
05887
03591
05789
01788
04286
02898
05723
01309
03680
00198
00213
04144
00918
03306
04888
02401
05945
00955
00155
01987
00851
02893
04835
02737
01622
03488
02731
05803
01116
00466
03303
05215
02409
03476
05973
05144
06321
02324
05736
00904
04418
04965
03772
02924
03274
06171
01570
00062
03125
04347
05138
03428
03295
00099
04067
00768
00525
04123
00620
05129
01291
00855
02086
04799
00873
00697
04837
00703
05787
05931
00259
03090
02319
05314
01063
02361
04377
04930
02939
04951
06027
00826
00647
02654
06003
02684
00527
06256
06023
00134
00939
03893
00987
02744
01945
03314
01505
02114
03239
04686
00678
05419
03416
02189
04217
03056
02562
02989
03451
00735
01587
05133
01994
05775
00389
01270
01150
02748
00354
04226
06194
02768
06292
06319
00879
03825
05006
05684
01188
06147
05741
01507
01086
02399
05147
04491
00099
01323
01298
06079
03639
04317
00557
04328
05014
02165
00748
00783
02653
00706
03389
00314
01612
01265
02556
03036
02700
00381
00155
06245
01827
04081
04043
00884
05833
02720
00224
03206
05137
05275
06323
06228
04762
04156
04418
03740
04812
06094
02897
04721
02860
03310
05733
04507
03395
03901
01202
06063
02554
00317
01154
00709
02320
06190
04068
02937
01721
00397
04098
01319
05424
06419
05536
05462
02491
03973
04391
01648
03706
01253
05299
04328
05354
01041
00992
03871
04077
01743
01347
04076
04532
02936
00321
03083
01089
03963
02148
03560
02650
04107
03867
04769
05370
02221
00517
02360
00851
04364
01410
00134
04398
01446
00038
05977
02212
05747
03931
05148
01501
02293
06442
04012
02247
06263
05793
06152
04932
03920
06148
04003
04113
02561
00734
00491
02205
01304
00599
05294
05806
05648
02432
00304
01647
01540
03871
05103
02017
02675
03898
05219
00067
04666
02303
04630
03423
03874
01506
03468
04275
04694
05667
02857
02898
06260
03202
04848
00392
00220
01185
02480
00947
00401
00061
05303
00285
01205
02121
05118
03627
05662
05673
02863
05884
05034
02115
03122
02255
02119
05712
02327
02837
01503
06057
00050
02361
02796
05784
04669
05147
04961
03867
04895
02440
04068
04085
00786
05292
00952
02041
01031
06396
00023
05280
05322
03150
04701
02085
03236
05868
06049
04111
05333
01318
00836
02407
03403
00369
00195
02977
01806
05174
05203
05198
03766
01802
05053
04336
04899
01776
00093
00958
02208
05156
01642
03830
03346
06359
04879
02761
04445
01409
04274
01015
03093
04975
03378
03040
02351
06371
03340
04323
02930
00145
04978
03849
04170
01600
01023
05606
03460
02573
03412
02797
00999
02156
02449
06369
03476
05966
02804
00168
01072
03872
02498
05591
06336
00170
03639
05337
02066
04059
04325
00247
02375
01160
02190
03077
00497
05284
04711
05570
05318
01272
02453
01385
06476
03100
06085
04155
05380
04823
04460
00342
02113
00367
01382
04825
01418
06153
05953
05457
05893
06232
02082
05049
05763
06396
01799
02333
05289
02423
00740
06438
00469
05836
06468
05634
05201
00892
01325
04358
05233
02066
02236
01074
05129
03070
05510
00908
01806
04159
06442
00053
01642
00647
03448
02537
01167
04972
03850
00422
02381
02992
05859
00160
01304
01709
06389
00305
04032
04591
03562
04812
02665
03371
04926
02280
01215
02510
00101
05459
03458
04796
03728
05624
02799
06267
05395
00694
01611
01527
02425
00803
04770
05960
01531
02942
00924
02019
05348
02585
03160
05370
06131
01266
04478
04039
05395
05021
03603
00303
01735
05863
01704
01848
04849
04214
01288
00353
02266
04578
03914
04000
05597
