05125
00494
00273
01085
03540
03331
01929
00953
05217
00998
00722
05013
05626
02055
01318
05054
03816
02214
04398
04546
04062
01375
04035
04207
01931
01367
05585
01034
00846
00513
05208
03113
05897
05518
02188
04910
05135
03311
02845
03936
02359
03720
04497
01447
02834
01650
02508
03812
00057
00109
05810
03819
04031
03937
05859
02334
05061
04495
06309
00935
05677
05721
05600
05457
04199
03242
03906
04355
05479
03075
00386
04315
01975
01827
01730
04067
03496
02642
02318
05491
04772
06219
00514
02083
01183
01476
05512
00618
01452
01435
01469
04568
03756
04767
01269
01260
04641
05111
02517
02707
04640
03379
02463
03390
03685
01517
05003
04510
00384
05147
00592
02303
00302
05365
03778
04926
04291
03197
02453
00360
06082
05551
06207
03313
04495
03655
00252
05774
02619
03882
02795
05295
06271
03954
05974
05532
03012
03865
01039
03627
05471
04161
03317
05660
03034
04893
00662
00529
00109
06016
00494
04909
03980
02048
00334
02631
02970
05318
05464
04043
01467
01269
03367
04653
05575
02485
00139
04619
05722
03291
06001
03039
04616
03639
01122
05725
05550
01145
03362
02927
00227
00448
02680
03019
02190
05313
04878
03373
03729
01168
01646
00822
00419
04878
05676
00481
00316
06128
05923
03230
05033
03175
02519
03853
05695
03441
01530
04184
05804
03004
02826
01581
02665
01842
02071
04695
04684
01062
03746
01528
02617
00025
03745
05733
02296
03624
05536
00414
01571
04886
03841
04712
00310
05874
01124
04105
02505
03429
01313
05792
05081
04250
05106
01310
00322
04042
00430
05605
02889
05219
04144
03579
03669
02004
06230
00746
05054
02551
01061
06200
02238
00796
03082
04990
00133
04270
02620
01832
05224
00133
01341
02248
03385
01479
04734
05142
03761
01659
01826
00392
01290
04524
01499
02698
00426
02358
00241
00859
05113
03376
04705
01668
02387
01270
00290
05109
04121
05585
03459
04285
05346
04677
06319
04453
00720
00760
03667
02794
03325
03130
03670
03158
00275
02869
06343
04346
04346
01202
05333
00074
00941
02437
05367
03413
03110
01687
01068
02271
00120
03470
02396
02333
02043
04123
01758
00780
05281
03551
02323
05742
03175
02811
03375
03682
03560
01330
05656
00158
02315
00957
01894
00844
04317
04524
05515
04735
05753
02548
06156
02641
01572
01561
05869
01690
05493
03705
04139
04431
03249
00818
03427
01140
03893
02481
03216
01471
00268
05080
05874
06347
02977
05835
04361
03573
03214
04952
05312
04823
01682
03328
04263
04959
06050
04262
00089
02443
03862
02259
01789
03011
02052
06308
01255
02770
00682
04177
02142
00643
00772
03674
04729
05332
00382
03664
01314
03289
04036
00573
02876
04144
05301
05041
04833
00285
02677
03946
04548
05442
03489
03743
00950
06140
04766
01769
00580
04956
05386
05070
02941
04544
05204
04332
05329
03086
00104
01727
03860
03980
04994
04879
05026
04703
04900
02808
04253
02207
01315
03479
03922
03603
02267
05710
04282
01678
00642
00181
05916
04581
02714
02846
00463
04747
06272
00706
00030
04812
01058
00140
05444
05538
06094
00642
05526
01079
04133
05580
03264
05368
01838
04707
00807
04178
02439
01623
03950
03085
06070
03772
00021
05185
05277
04914
00059
05624
03340
04112
03716
05986
00112
04397
00021
06319
00426
01354
03516
02445
04603
05919
04397
00574
05659
03585
04711
03412
01385
04652
04662
03852
00060
01715
02001
00837
03927
01281
03747
01819
02427
00779
04135
03877
02327
00276
02028
04423
03355
04892
01464
00564
00234
00230
03273
04995
02414
03749
01846
01645
04421
05954
03957
05665
04888
01100
04853
04292
04621
00637
03563
01032
01362
02533
02603
03688
01754
05302
01324
01021
00805
05035
02350
00512
00055
03605
04727
04829
00938
04483
00440
02288
03807
05901
04495
04830
04176
04925
06182
00403
05377
05019
02296
06355
01557
03028
03508
06271
01405
02694
06202
02919
00971
01963
01730
04294
05157
00415
00028
05982
00597
04047
05138
01841
03580
01024
00233
01497
03047
05433
06151
03717
03450
00335
05294
05520
02632
05899
04326
03263
01733
01273
00633
01559
05651
00208
05656
05465
01528
06265
02459
01819
01265
06077
01894
02948
05983
01680
01767
02980
00480
04852
01083
02414
03513
03212
05104
03155
04719
04286
04837
05499
02933
06019
03406
04258
04095
00974
02516
04750
03060
00406
01753
02601
02051
01154
04313
04927
00461
00560
05356
05588
00320
00291
01640
04643
04355
05959
03491
01839
02061
00289
02262
01288
05201
05015
00796
03741
05268
01625
05530
01336
03166
04587
01466
00154
01038
00849
02447
05299
02824
04182
05213
04350
01802
04984
04912
04983
03229
01395
03242
00570
01447
01640
01243
06329
02077
04266
00328
00154
03797
02086
02574
00043
04729
03436
02848
05251
02456
04190
04013
01590
04822
04211
02717
04788
00068
00937
03897
02622
02763
02309
04586
00902
05825
03272
01049
04579
00926
01328
00566
03374
01224
00999
06101
02876
03978
00525
02802
03831
05667
01245
00085
04635
02811
02302
04112
00651
00752
03688
05158
03405
05583
05617
02374
02857
00223
04467
01972
02009
02710
03484
03145
00749
02671
03922
00145
01854
05075
05057
03090
00268
03636
01026
01708
00439
04665
05225
03868
04886
00019
06251
03994
04728
02543
04650
01187
03637
02180
06047
03793
04335
00460
05475
02789
05482
01999
05658
01767
00517
05530
03196
00612
04565
00079
05377
04823
02909
01622
03625
05410
04587
03761
05221
00059
01682
02670
00165
02788
02751
03893
04479
02450
05754
03073
03065
04207
00059
01260
05619
03195
04966
04386
02868
05326
05221
05624
00015
05624
03937
03349
05297
00393
03997
01486
01546
02476
05487
04752
01366
04846
05083
00886
04935
05917
05069
01275
05329
02891
02547
01737
02962
04594
01333
00176
03547
05681
05330
03506
02399
01332
03352
01083
03447
02227
03263
01389
04623
03217
01507
00666
05937
05028
06045
04811
03372
06036
00829
02685
05216
05084
00549
01387
06313
06126
04421
05254
00870
05491
04910
04098
04133
04784
02773
00906
02796
05636
03815
05012
05670
03726
05571
03278
00809
01003
05401
01208
02400
04125
05405
01867
02330
04743
03943
02519
04590
01812
01130
05354
05576
01656
02959
05484
00917
00398
06125
02504
03719
01249
01191
01605
03845
05190
04067
03187
01330
01190
03938
03776
00793
04058
05313
01834
01394
02735
01099
02575
03859
04873
02168
00800
02550
02595
00519
01396
00739
03060
01971
04536
06074
05293
05781
01413
04703
01375
05654
02250
02626
00954
05006
00360
01161
00497
04990
04317
05085
01721
02406
04887
01230
01903
02628
00362
01764
03929
04523
01949
00835
05124
03452
01055
00506
05581
04163
05207
02536
05244
01840
00793
04939
05387
05296
04148
00230
02692
04263
02856
04046
05128
05709
05621
06354
03052
06306
00526
01669
04093
02447
04716
01002
05092
03483
01984
03258
02213
00582
01216
01876
01345
00517
04259
00834
01404
05851
05032
06243
01721
03473
02255
05563
02049
00658
05547
05588
01570
03685
01871
00974
02292
01991
05222
04362
03255
00356
06239
01647
04248
04146
01733
04439
02898
01130
02732
04378
01777
05412
02375
01845
06066
02191
02455
04630
03335
03786
04670
01926
04279
00865
03954
02227
03105
03687
01804
02521
00160
01324
03520
02701
02314
00411
02407
01446
05971
02099
01401
03528
03151
01184
04758
05006
04757
01781
06211
03923
00383
01928
03762
01949
02637
04203
03769
03111
03433
00898
04325
05770
04805
00070
00680
02951
03425
00277
04013
04851
01768
04403
05964
05696
00890
04449
04121
05028
06021
03864
02455
06119
05580
01122
04106
01486
02186
02902
00874
03103
00175
01582
04979
02385
04681
03846
03034
03794
01022
00563
00154
06388
01974
06206
04459
04469
00341
03452
05972
02729
01446
04683
00856
00070
03923
05611
02380
01228
05904
03062
00456
02703
00216
04222
03644
05474
01616
04033
04378
04322
01863
05771
03889
04444
01887
03369
02330
05724
01989
05125
00971
02771
04635
01507
03401
01508
05495
03767
02938
00587
06277
03872
05144
02922
06344
04229
02498
03570
00509
01995
00300
00042
04000
06064
00119
05855
03464
00199
01180
02025
03501
03088
02049
05461
03850
01587
02606
01076
05789
05721
02969
05887
06028
02471
02717
04773
04962
01624
05769
00819
01910
01398
00469
00031
06252
04661
01904
00049
00213
03308
02356
02319
05874
04785
02683
04195
05270
03215
05323
05035
03113
04966
04781
06300
02760
02400
04763
04660
00394
02060
01559
01115
03550
01048
03544
05941
03856
02735
01567
05383
04586
05485
03881
01731
04983
02299
04029
01330
03299
00076
06117
00444
04990
02163
02745
00215
00735
03870
00086
03594
02341
01459
02030
01181
03161
03333
05113
04319
05615
01715
02442
03603
05483
04637
02492
02040
03105
02308
02123
02292
05653
04541
04671
06108
01536
02322
03010
00355
02932
06070
03603
04380
05655
05218
06035
04653
05643
01168
01021
06290
00110
02515
03763
02827
02045
00209
04147
06308
02771
01759
03496
06367
04432
01079
03997
01663
00277
02776
06092
06131
00043
04346
03093
02654
03139
03885
01162
01087
00280
02061
00167
04546
04592
01700
03743
02210
05698
02396
03793
03001
05746
05791
04442
03877
05560
01037
05059
02073
05150
02649
02523
05437
05032
01473
01696
05571
00909
03112
05207
02056
03748
03793
01723
03298
02778
01978
04178
00396
02271
03987
00474
00043
00993
05977
04067
04092
00881
04244
02422
01053
05249
03113
05875
03828
04494
02524
04857
04416
00475
00103
01917
04538
00467
06191
06398
04711
03216
05545
00975
01917
05241
04937
03731
04335
00261
03106
01223
05015
05023
01055
01913
01536
05538
06364
03607
02253
03203
05922
04706
02248
02830
03325
01922
02699
04553
04732
03122
00709
06005
01541
00027
03113
00434
01874
04927
04089
00962
05132
02444
03115
06246
03074
04241
05429
06372
02566
01868
01658
00042
02404
01057
01617
02828
05888
05864
00942
01962
00779
05149
03183
01517
00353
04411
05189
06192
05251
03106
00829
05371
04140
00948
02538
04330
05266
00896
01329
05292
04410
06038
05553
01575
02680
02682
01228
01209
02690
01843
05719
03482
05424
03459
03034
01373
01363
02608
04228
03477
03503
01409
06318
00404
04246
00197
03594
04687
01570
01548
03432
02909
04878
04857
02340
06174
00817
01199
00560
00248
04249
05353
01978
01469
00832
03110
05497
04137
06254
03329
04761
04231
04522
05278
05697
05234
01630
00321
00445
03769
01798
03833
03149
01372
04628
02169
01417
05299
06244
03846
03951
02222
05975
04748
04363
05431
02702
04556
05058
01716
01861
01200
03642
05544
05449
00704
04841
02681
00151
06316
02361
00588
04755
02825
05717
04620
02786
04633
06035
05514
01252
03011
04222
02751
06097
04257
03454
02348
03695
00056
00550
03938
01389
04931
01307
00414
03680
00552
03740
01932
04439
00140
01713
00044
01820
00258
02548
03538
02058
03550
05366
01095
02950
04392
06224
03085
00027
03244
04168
05056
01846
05935
05148
00152
01403
04284
05358
00011
06337
01819
02891
02192
00689
03427
00857
03965
01782
00935
02205
02066
03105
03020
04967
03726
02333
04987
00731
02943
00073
02865
03484
01304
05431
01907
04886
03002
01793
04895
01640
00405
00579
03038
03309
00616
00952
01718
04198
04196
01652
03516
04549
03374
01723
05351
04760
05380
04733
05887
04880
01783
01391
04787
04782
01878
04295
04554
01929
03371
01684
02162
02622
04575
04279
02997
04468
05368
05250
01289
05130
02307
00491
01030
01504
03469
01900
02354
04927
04939
03707
04856
03046
01113
03489
04536
04274
06047
05434
02039
01257
05968
04296
01975
05923
01932
05875
02018
03285
05670
00033
02272
02427
02943
02478
02632
02657
05265
05320
05042
02831
02824
03050
02987
04687
01162
01523
06082
00476
02840
05346
02495
00169
00396
02097
01011
02250
01602
02251
02987
04099
06355
01706
00702
05100
04861
02833
00838
04029
04766
00099
00619
06076
00223
02719
02907
04416
04718
00633
01622
01632
02019
02837
05605
01086
01348
03426
00042
04841
05540
03089
05715
02803
04838
02097
05160
02193
03231
05481
04036
00360
00025
00721
02657
05370
03956
02925
02380
04780
02280
04934
03319
00883
02597
00039
01837
04379
05083
00497
01376
02100
05462
02459
02078
02201
02881
04810
01698
02974
00395
02057
02439
01493
05734
05285
00920
01661
05740
05160
01218
03976
03292
03440
04395
02376
02819
01387
06235
00949
05302
02161
01688
03933
01019
03645
02897
04072
00456
00393
03760
05447
03043
02886
05970
01401
05608
05237
03091
03578
04713
03493
00770
02504
05424
03337
06260
00787
01951
00565
00308
02176
02873
02677
03032
03610
05689
02506
04398
00470
04448
05762
03030
04545
05068
04467
03561
05064
00004
03283
03031
04899
05648
01463
01871
05983
01477
01062
02903
02312
05663
05594
00379
01775
05062
01426
01314
00797
00691
05911
03068
03924
01004
01993
03223
04926
05227
01508
00273
04661
03869
02901
04584
00174
01798
03123
02285
04419
00129
01756
04183
06235
04005
05549
02036
01911
05060
03421
04474
01564
01037
05110
03324
03673
03153
03441
02168
01780
03555
01262
05005
05429
01432
03981
02890
04174
04077
02796
02849
03941
03400
04925
03066
00320
04183
05122
03428
00140
02197
03432
04838
05834
01003
00318
03444
03799
04467
02960
03325
02582
04183
04836
05665
02364
00984
03856
04608
00183
00107
04278
00302
05564
01533
04446
05058
05612
03928
05166
01677
05794
04765
03400
01896
01243
06129
03008
06055
04802
05941
03385
02730
00984
02541
00539
02705
05821
04930
03186
05135
01437
03106
00358
03928
06202
01413
05715
00052
01169
00203
05764
05686
04396
05953
05009
02565
05892
00195
02130
02777
04624
01659
05759
04098
00622
00967
00742
00418
05421
05945
03655
06011
03253
06072
00719
02275
05587
03267
03888
02260
04965
05078
00601
04896
04510
00741
01751
00449
05111
05125
00200
04943
01203
02090
01143
02698
04876
01035
00153
04119
04351
01058
01827
04168
02481
04559
00966
03348
02685
00668
00264
05158
04763
02971
04608
06160
05742
04844
01454
01440
05226
05467
03829
05195
05279
01062
01845
05318
03559
03292
04489
05556
04264
02912
05530
00634
04423
02317
04894
03374
06186
01524
01777
04269
04455
06208
06350
00459
04366
00955
05546
01958
06159
06249
06317
03091
06346
03410
01997
04922
05426
05981
01289
03134
01180
02136
01088
01812
03370
04117
00171
00629
05582
04270
02813
01006
03581
01512
05142
04373
01779
06325
02142
04310
00668
04819
02756
05611
00294
05523
01107
01642
00289
03764
03182
03704
02127
02670
04520
02331
00782
03210
01858
04654
05215
02734
01090
02413
00914
05303
04396
01200
01424
00575
04448
03893
04548
01342
03856
04374
05031
03788
03035
06361
05096
01796
03851
03366
04660
02308
04968
00403
02727
02834
03511
00923
02511
02521
02514
05550
01112
00977
03685
00354
04954
02748
01858
00967
02620
01100
03682
05079
02883
01762
04473
02828
05563
00369
03636
03852
04288
05505
06162
06016
02985
05200
03548
04610
05650
03858
00707
03637
05509
02649
00788
02030
06085
06033
00410
03215
00438
01698
05264
01141
02540
01464
00833
03463
00462
05407
02110
00495
01382
02631
00315
02277
02505
02023
01415
01447
01053
00318
02087
02693
03404
04725
03726
05144
00836
05665
03578
04243
00488
01764
02669
01585
01686
00307
04934
02254
04181
02866
03709
02450
05275
05051
02936
02248
00953
01149
05516
05324
06116
03393
05395
03875
00737
02376
00038
00677
00844
03537
04343
05333
00900
05302
06094
03665
02103
02358
00414
03684
04229
00206
04163
02745
06355
04160
04443
05675
04143
05301
03774
03511
01115
00254
02971
03475
00632
02806
05680
05464
00592
04356
03621
03418
05952
00701
03718
00280
03264
02470
03675
02255
04753
01302
04582
06185
05506
03130
01145
05907
06366
03891
02033
05292
00885
05722
02259
00344
01862
02723
01281
02037
01990
04895
05400
02854
05327
03995
03178
04042
02088
02662
02963
01937
00173
03632
01466
00933
01563
04366
03942
01667
01402
06043
03322
02029
00551
05944
00974
05112
02429
05747
04844
04928
00032
01157
00612
03644
02533
05366
03404
02732
00865
00603
03672
01071
06157
03647
00786
04593
03347
01824
02230
05761
06327
03984
01708
02496
00869
01661
04002
02293
01875
03466
01093
03070
03794
02715
05021
05025
02871
04720
01539
03585
04192
02153
04543
02092
04581
03688
03906
03281
04573
03795
05628
02831
01610
05304
02779
01128
05154
02060
00354
04308
02811
00780
03937
02802
01618
05573
00855
05721
02935
04782
02144
03853
01049
01907
05340
01806
00874
02765
01951
05130
04078
00396
02766
02354
02789
05558
02652
03113
04947
05833
02849
03609
06313
03613
05780
02528
02833
04454
04133
00872
05211
04181
06202
06165
03199
02397
02499
00343
03278
06291
01916
02143
04026
06062
01727
00237
02366
04910
04611
04424
00747
02970
05621
00328
00145
05345
03121
06285
03974
02018
02717
02258
05526
01799
00866
05211
03975
03852
01672
05004
04679
02526
00045
06292
00692
00926
00866
01606
01544
01476
00674
04104
03040
01633
06128
01508
03047
03453
01420
00444
05155
05534
04177
03994
01244
00106
02734
03878
00548
02148
03647
06192
05384
03026
00775
03437
01361
04031
04940
02623
05111
00540
03344
01453
00547
04354
05159
04466
01503
05139
05626
04145
05725
02302
05590
00966
06369
03616
02545
00439
05707
00328
04604
03785
03653
02963
05214
01967
04869
02422
05394
00477
03263
06363
00030
05500
03755
01634
02478
06262
00174
01224
00718
03760
04776
01125
01729
02136
00857
00975
05120
03411
03568
02972
05842
05337
04658
04421
02436
05149
00835
02087
01862
04644
05909
01443
06306
00183
01386
03172
04761
06260
00647
00704
00092
03326
03191
02616
01444
00340
05624
04122
05550
02623
00775
02374
00215
00485
01283
01549
03791
02939
03712
00821
05245
05144
00427
01049
05487
04516
02133
03565
04348
03055
02974
02335
03833
01758
06207
00730
03604
03264
03699
00420
05328
04287
01667
05415
01309
02673
00749
00269
02963
06286
03120
05892
00075
03260
05943
03553
00858
01671
00095
05601
03307
01132
00807
05642
03320
05652
04979
01968
05797
03742
01149
05139
02105
04629
00601
05158
04793
05377
05666
05738
05411
03353
01990
03321
00580
02326
01132
06303
01846
02722
04221
03107
00378
03695
06230
00675
04014
04709
00904
02845
03307
00755
05834
04874
05565
00391
05500
03620
05824
01816
05848
00329
00979
03808
00695
04728
01276
01832
02814
01527
04312
05435
04259
03223
04029
04220
04191
04879
05486
01172
03570
05254
06266
02243
05134
01837
04913
05976
04833
01288
03396
05691
04930
02508
02040
03240
01399
04324
03590
02550
01441
01934
04883
00661
04805
02338
01735
05143
00119
05235
01932
03173
00805
02126
03045
05906
03069
04383
03176
00460
00380
03251
03418
02030
03476
02328
02533
00563
04729
01185
04856
01926
00521
01542
00443
04853
02518
03496
02478
02755
06353
03313
05469
03228
03988
05082
02754
04835
04171
00902
05687
01576
03904
02060
02582
02997
04099
06226
01519
00071
03378
00276
00101
05850
02282
02820
03493
04509
01738
06156
05508
01797
01697
01711
02356
05886
04788
02957
00675
01083
01709
06149
06257
02478
05410
04341
04747
06164
05057
05532
04713
00680
00534
05025
01760
03831
01785
06189
05028
03795
02199
04659
00094
00353
03355
06095
03686
02126
06392
04044
01822
03102
00469
00832
00746
01445
05142
00850
00719
02702
02308
04380
00423
01304
02456
02987
00254
03553
01257
02339
05517
00475
04911
02048
05969
00347
02163
01143
01862
05968
04309
02810
05829
03472
05241
02011
00631
00078
05136
03848
05109
04264
01022
03828
01790
06237
01581
06039
04180
03740
03694
05259
03635
05111
00391
01879
04463
04982
04573
04553
02857
03784
02239
02684
04909
04757
00844
02426
04587
03311
03843
03322
02576
03814
02789
03402
03521
02106
02633
04808
01652
02603
04668
01290
04203
00365
02706
00286
06349
03640
01678
04843
03170
03451
01833
02230
04586
00048
04866
02753
01051
01227
00739
00269
05942
01484
05868
04417
00069
05236
03679
01443
02035
01940
04359
00322
03079
04480
01605
06198
05759
05923
02488
04352
03653
05676
00648
01035
01168
03430
01360
00596
01242
00294
00166
05669
05753
02269
05704
01532
04317
05581
00996
05515
02405
00473
05251
03033
01502
04725
03732
03974
00920
05052
02449
05419
00039
04256
00080
02016
02227
01339
01768
00727
02044
05701
02878
03877
05615
02719
04139
04513
01245
02827
03915
03813
00606
01279
01637
02418
04545
03470
04722
02032
05166
03206
01356
03986
04187
02457
04084
02712
06119
02739
04992
04846
03670
02154
00927
03826
01962
04756
00202
04179
01178
01010
05642
01812
03698
02569
04192
05040
05766
04625
02516
01368
02900
00775
06173
01112
05429
03037
04841
06039
03776
03793
04811
00573
04028
00987
00447
04207
00703
03392
02650
05429
01383
04676
00402
03197
05428
05116
05159
00313
00769
00322
04526
01443
03357
02753
01080
02720
03594
05423
03747
02882
02513
02203
05501
02152
02560
05084
01168
02688
00066
05673
03598
03181
00409
02759
00858
04996
04922
04061
02416
03759
04613
05475
05107
01204
06303
01081
01746
04752
01070
00596
04501
04093
00688
03347
00330
04115
00248
00944
05638
02315
05703
04817
05146
04894
04995
02110
04052
06284
05910
04526
06127
06328
01382
06074
05784
00880
00236
00243
03357
01355
02291
04623
03124
05675
00751
04926
03814
06370
00632
03482
04631
03569
03298
04285
02482
04716
03449
01902
02421
05881
02910
02163
00086
06391
04601
04234
06289
04283
02073
04466
02383
05877
05040
00548
01524
01841
03108
03871
04869
04474
03155
06369
02740
05145
02086
03953
00010
03195
02000
01049
00944
03632
01188
02866
03162
02319
03217
00279
01745
00376
03643
02619
00667
00946
02486
04183
04424
05234
00225
00700
03676
00381
05213
01734
01492
02916
05673
06001
06231
05231
04572
05637
04603
01685
03197
04589
06320
00678
02818
01446
03917
03723
04964
01747
04405
04006
03419
04205
04261
02387
00187
00279
03486
03216
02923
04239
00361
03513
03581
01601
01484
03947
02031
02037
01223
03723
04477
01705
05387
01119
06177
01402
00504
05593
00169
06331
00849
02037
05106
00552
00639
01592
02118
04405
03198
01879
03920
00895
00872
00506
06072
00100
06300
05269
00863
01198
00395
00630
00824
04714
05407
01758
01729
05591
02504
00582
04638
04730
01828
01731
06096
02127
01097
05251
02070
04377
05810
06007
01504
03802
05061
05643
02156
01375
04861
01552
01408
04851
05049
05051
01858
03380
01696
02247
01719
00258
01967
05557
03542
05779
04576
02356
03144
04003
05496
02203
01215
06089
02798
02450
05616
00997
01395
05841
03886
00438
05154
03584
00933
04488
04038
05566
03375
05642
04162
03774
01494
05181
00673
04875
04327
04233
03771
00620
00687
02026
02944
04066
00981
03911
00484
02382
03668
00995
01639
05679
04883
06124
02624
06281
05922
00049
03109
04066
04243
01777
00954
01127
00499
01486
04243
04139
04708
02017
04840
01679
04696
04839
04564
00700
04332
02200
06217
04173
03806
06168
02709
00010
01581
05511
06281
05840
04684
04019
00075
06028
00770
03053
03002
02406
00737
01785
04729
05370
00864
04127
05787
04289
02967
03934
01257
03470
05527
00192
01490
00565
01380
00457
01008
03654
01681
01289
00819
05367
01142
06353
05548
00287
01039
05378
04600
05727
04724
00768
05191
00347
02545
05574
04104
00550
02241
00532
03123
02492
01644
05827
01330
05032
06074
02360
05485
05318
01106
03063
01648
02595
06388
01871
00955
03840
01104
06195
06183
00758
02945
02857
04336
06195
00553
03931
03683
04066
01321
06092
00805
03241
03581
06052
06173
00076
04019
02220
04095
00110
05766
01237
04470
04216
06171
04338
01261
00402
02391
03718
01275
04047
04827
04024
05225
05733
02077
01891
04320
03865
05412
03402
01588
00697
05344
04712
03399
06083
05155
05734
00155
03364
01088
04390
01144
04378
01087
05500
05302
02362
06329
04605
02856
02702
00854
02287
06309
01238
04577
00096
06324
04847
04101
04690
04563
05458
03751
04115
01124
04019
04831
05803
03637
02505
05524
01647
00170
03373
01970
01715
00393
05980
04875
03997
01890
00983
04295
03348
06297
02922
02953
06358
05906
03465
00033
04777
06007
02773
01255
00681
00041
00446
04794
05568
04545
05443
00917
03124
00065
06358
05834
00091
06108
02651
02271
04969
03422
05710
05378
04202
04665
01539
03113
00843
01838
03593
01994
02834
04756
03752
03124
05422
03400
05770
03721
06377
02866
06006
03416
01273
04975
00055
01499
04662
00800
03483
00202
00615
01230
03991
04570
03637
02425
00392
01237
04929
05180
00404
01623
03153
00670
02863
04898
06309
04471
03258
00799
01128
04476
00069
01010
03906
02922
04981
03128
00266
03020
02433
01376
01177
00360
05462
03619
00186
05196
00475
05793
05949
03184
02639
03609
04907
05128
04813
04677
04115
03177
06385
00080
04227
05525
02965
03445
02706
05221
00437
02357
03738
02386
01905
00052
02820
05855
05680
02993
04412
05287
06368
02721
04291
00766
05212
04966
01122
04167
01511
01585
00636
04050
00469
01009
02685
02927
00329
03830
05743
04500
00025
05927
00427
02854
00206
06108
06060
06119
04295
01369
00511
04989
01660
01000
02902
00795
04832
01170
00956
04302
05344
01145
03300
01382
04361
01749
06298
01535
05702
06281
00603
02091
03270
04705
00768
04285
02812
02795
04756
01077
04288
02287
01095
04547
03731
06028
04988
00762
03840
02032
02813
04882
04381
06067
01358
00986
03633
01745
01567
02616
03440
04418
06362
04958
01505
04408
01885
01163
03168
03572
00450
03963
00704
01350
04185
00877
04360
02463
03255
02511
02270
00724
02791
00391
00002
06001
05055
05088
01521
00184
02638
02319
02985
03893
04722
00610
04492
05631
04742
00516
04702
02445
03384
02927
00617
05682
04728
04206
00192
00054
01676
02254
03744
05267
03392
05025
04594
05193
02619
00558
04077
02142
04206
00376
03032
05238
03493
03945
00749
00010
04928
05275
04953
02632
05371
04035
04704
00135
03304
04539
05278
02917
04223
02091
02152
01920
03788
00467
04433
04045
00710
06007
02504
03480
03008
04710
05599
01816
02296
05033
03366
00942
04685
04549
06070
03770
04366
00813
00330
05658
03822
03912
03975
01857
02579
01818
02652
04847
04429
04241
01924
00146
01124
02159
01064
02617
00906
03278
00418
03633
00239
01877
02397
01854
02932
04086
01496
01912
01911
01632
02505
05567
00973
02568
01630
02780
05837
05840
05790
05429
05513
05457
04079
05164
02840
05066
02224
01814
03599
04004
04358
01747
00782
02465
05813
06159
04470
05537
00548
03860
04152
00273
02947
05961
05833
06384
04360
01355
04401
01919
02388
01446
00067
04485
05109
03119
00999
03132
04100
03586
01171
02267
05871
01300
05592
02241
00337
00628
02841
00571
03069
02339
05974
02546
01306
05004
02342
04596
04712
02977
01987
01885
04001
00404
01855
05282
02042
00559
02261
02681
03528
04305
01627
00872
03136
05638
05843
04329
05975
01985
01312
05943
06088
02360
05845
04537
03380
04957
05161
01287
06243
02804
02823
05021
05800
00853
04674
00539
03171
03264
00998
01590
04001
02904
05801
04415
03806
05566
00129
00334
06122
04427
03663
01803
02536
01769
00696
03608
01395
00911
03093
04638
01756
01111
05248
00371
06031
04925
00271
05477
00916
06262
05405
02854
05937
00618
05571
02899
06060
05968
04198
05411
06189
00869
02410
00809
01730
05577
02309
03269
03453
05878
03886
00557
03512
02269
02228
02067
04217
05023
05738
05620
03312
04069
03968
03581
04381
02012
00237
05785
01422
05840
05896
06043
03398
00356
04918
05637
05818
04204
05822
06259
00757
01383
05049
00551
02011
03996
04389
02226
05770
01231
05144
02363
00476
03232
05137
00111
00777
03457
01642
03333
02666
03666
05865
00492
03160
02203
04214
03604
05171
01125
03560
06102
03966
05813
06392
03073
01576
00166
01879
03970
02789
01826
00731
00175
04795
04413
05844
03120
04761
02094
00381
00906
04385
05866
01679
02122
00391
00350
05871
04810
00913
00841
00135
00419
03262
05813
04145
05295
04227
01552
00976
01721
03760
05099
05753
06084
04082
06222
02255
02036
05745
05045
03693
02333
05017
03244
05243
04327
02807
02562
00100
05019
03385
03757
06302
02700
03928
02106
05288
05668
06353
01775
04626
03210
03086
05503
02486
03053
06116
04968
05636
01648
00566
03053
00379
05810
04278
03243
03124
01528
02251
02011
03736
04346
02191
01571
02610
00071
04591
02584
00159
01109
05366
02133
00162
05161
02083
03889
05460
01951
00246
02335
00633
04439
01418
02983
01517
03644
06236
02813
04925
01458
05417
02875
00850
00091
06134
03392
02887
01927
02345
02340
04444
01078
06101
04695
05892
02250
05907
01109
04889
00590
01675
01544
06192
03933
05906
00442
02054
00688
04205
01716
00025
04936
01076
00632
00851
03380
03538
06296
02529
05375
03753
05170
05411
01466
05714
02568
03516
02978
01538
01600
04552
04717
00264
01717
04397
01846
05235
01015
01034
03330
03792
00230
05197
01006
04624
02790
00353
03575
01160
01471
05380
00870
01299
05908
01846
03030
03666
04734
01869
04067
01044
05189
01830
03441
00208
05050
02166
06038
03663
04916
02366
00549
01383
01957
03165
01496
00225
00728
03903
00537
02428
01353
05299
02669
03083
05792
03803
05757
00953
06092
00828
01987
02157
05049
00502
05837
05448
05037
05645
02609
02891
05956
01509
02062
05910
01286
06348
00314
03275
00418
06322
00781
02321
02506
02292
04297
03893
06058
01109
06309
03178
03846
02573
05237
03633
04335
01020
04599
05588
03873
05111
03516
05132
03836
00323
05296
04802
04381
00288
00072
05362
01177
01916
02632
02988
00213
02249
02095
05429
00005
01512
00831
01610
01343
00324
02860
05764
03899
01532
03169
05847
05802
03640
03817
05940
03887
00669
03585
02895
06142
04827
04663
02939
02576
02659
05182
05552
00256
05174
03154
03503
03205
05593
04674
01596
04236
02917
02335
03978
02802
05306
03455
00181
02011
02516
03950
03689
03250
00566
03570
04256
01469
03458
01082
05256
03675
05674
05986
02946
02525
04417
05093
00839
01279
06251
04256
04901
02818
06387
03711
02151
04455
04859
00454
01491
04425
02510
03326
03661
02904
04434
02682
04249
03182
01177
04741
01598
01999
04502
03882
00134
02818
01772
01182
02209
05702
03554
01102
03561
00179
05491
05505
01088
00239
04482
04778
05525
03721
01067
03917
05766
05621
00053
04491
03871
02596
06307
03148
04289
05312
04714
01031
04126
01537
02620
02097
00609
04399
04227
04416
06250
01716
06249
06234
03127
04573
04884
01951
04190
00557
03823
01551
02742
03934
01827
05658
02326
03317
01830
04035
01333
04224
00362
00880
00177
00111
04149
05712
05419
00909
06288
00873
01423
00793
03161
05437
00369
01413
00372
03864
00659
06090
06174
04857
02179
01126
05217
00282
00865
05875
05028
01566
02239
05733
01626
02007
04513
04320
05083
05297
01955
01332
04687
05566
02618
06390
02246
05214
04114
05180
06245
04746
05015
03572
05052
03517
05520
04322
01075
00385
04581
05428
04001
01426
02689
00963
01791
04528
05458
00744
00305
03590
00621
02553
05892
00050
04175
02143
04918
04593
05439
02133
05550
03688
05071
03903
06348
01809
02432
04516
05083
05440
05253
03018
05283
02641
04512
01005
02331
03953
03881
01563
04412
00517
01582
05551
02801
03002
04787
05736
01323
02602
03866
05413
01552
02344
04254
01087
03667
00424
01529
03459
02975
05454
00294
06090
03373
02449
04929
02359
01909
01420
04746
03085
05632
04449
04232
03627
00092
00330
05194
02084
02857
05181
04040
02047
05969
04923
00617
04232
02901
04406
03230
02897
04290
02973
04267
01609
06082
06277
00390
00502
02254
02165
00728
03922
03713
06350
05920
04672
03976
03285
03319
04265
03766
04447
03694
04407
00052
01816
05779
01966
01750
00879
04883
03298
00648
00802
04089
04185
05351
05473
06036
05245
02284
04514
01143
05245
05571
00768
01434
05058
02234
02896
06302
05386
03156
02499
04142
06178
01406
00817
04481
00836
02009
01288
04092
03594
01590
04304
02803
00270
05664
05722
00400
00289
03218
01925
01228
04388
01481
04012
06043
03206
04916
02735
05669
02906
04745
05532
04910
01556
00241
05115
05526
04064
02147
00435
03836
00414
04366
06044
00894
05502
04080
02978
01436
03125
00132
00402
05947
02777
00664
05764
03781
02143
00828
05606
05741
03502
04823
01825
03216
05215
02899
02793
02871
00020
04472
03622
00953
02674
04695
00634
03966
02236
03292
01903
00734
03085
04999
00574
00295
04914
04148
01598
03261
05922
02070
04584
04956
06170
02754
02947
04730
04185
04711
01648
05832
04213
05404
03092
05846
02137
01874
05213
05078
02780
05481
01011
00120
06398
05982
00765
05621
06081
06305
05773
03880
03490
00516
04009
06102
04531
01744
00247
06158
00854
03826
00004
06060
00919
03411
01585
00247
02087
05701
02618
05226
02033
00280
05988
06288
01627
01997
00067
00008
03355
05602
05669
04264
01971
05452
02591
01214
03723
04483
05297
03186
03241
06327
05912
01095
04879
00800
03121
00960
00433
06259
00517
04383
00785
00624
00245
05705
00121
01944
05507
03269
05332
01020
05818
03811
03882
04145
02108
05369
02998
05216
04326
04808
00678
00122
04641
02046
04975
05256
00968
03029
04298
05408
05553
03801
05966
02292
03547
03014
05803
05508
05426
00399
04224
02547
03073
03451
02778
01528
05876
05738
05962
04843
04297
04662
04770
00511
02195
03637
00332
05007
02731
01242
02118
06033
04915
03451
05565
01063
05448
05165
03909
03156
04036
06091
03507
03531
04268
02326
05784
03555
04413
06134
04442
04776
02446
03039
03824
00779
02530
02383
01593
02361
01676
03443
03066
02312
04479
00489
01395
02446
03185
00929
01436
03276
04012
06108
02049
05512
00113
04182
03639
01848
04361
05249
05626
01050
06249
02023
05092
05729
00641
00432
03276
00649
01569
01348
01977
01483
02696
04360
01666
01965
03979
04677
00515
01969
03679
05927
05886
03117
03331
04065
04235
01083
01868
01517
02877
06086
02702
05489
00723
01733
01508
00702
00152
01668
03357
01009
04952
01822
03139
05820
05631
00007
03785
05439
00207
02246
05712
03088
02365
03775
03094
00602
03433
05422
01020
03617
04153
05936
01074
02979
04369
00763
03713
03802
02096
05935
02868
04127
02730
04932
00420
02792
04606
06178
05727
00434
01619
02767
06132
02042
05460
01602
01886
00868
05540
01367
05131
02047
02304
01756
00135
01440
05360
02248
06346
00874
01578
04747
04634
02672
03715
03201
04766
00113
04242
00640
03713
06338
05604
03472
02239
04937
03541
00954
00911
06053
03601
03321
03693
00363
03495
01101
00963
02444
03783
01519
04147
00466
01560
06047
05764
01161
02232
01305
01830
05690
04561
05286
01379
02195
00468
03790
05157
01890
03157
00043
00350
03008
04227
04184
04376
01354
03394
03849
04889
03723
02279
05172
00050
06262
03983
03693
05156
00014
04893
03920
02608
02856
05582
01047
03130
00840
01914
03660
01177
05289
01641
06296
00381
03929
01487
05817
03581
03200
04070
04498
01469
03521
05286
01116
01337
01208
00036
04090
04528
05796
04228
00619
02223
04894
00924
02649
01592
05639
04647
05070
00400
00129
02467
03590
01186
00787
00712
05727
01555
02288
02724
05229
01763
03665
03416
00042
00956
01791
04969
00330
03547
01773
06339
00685
01688
05889
03409
02542
03731
03059
04913
05657
01917
05454
05784
05753
04992
02708
04930
01678
03916
01407
06291
01565
02751
05729
03407
01634
00305
03757
01779
03169
04953
05262
04014
03930
02527
02229
02815
06235
02174
03888
00748
04079
04309
01910
05596
02548
04299
05503
00786
01163
02717
05136
02246
02088
00902
02580
02786
05833
04617
04390
01878
03139
03294
06188
05912
02743
04215
05405
04795
02852
03629
06370
04267
03350
05132
00346
01027
01149
02616
02936
03083
02968
05882
04743
04945
05136
05483
03726
03426
05665
03771
03279
03621
04595
05406
05225
04565
03847
04949
01821
00153
03533
05589
05933
05058
04690
00149
04704
02976
04118
01913
02851
04609
01787
00342
02250
04679
03674
05025
03828
04389
02864
05305
05387
01782
02934
04814
02282
04794
04494
04460
00410
00173
02777
00168
00053
05510
03941
02277
04844
05705
03268
05188
02596
01737
03576
04774
00954
00702
00394
05470
00360
05503
04794
01144
00575
05980
02000
01953
02132
03738
06289
04529
03704
01803
02765
04316
00287
03658
01301
00368
01889
01681
01931
02891
02079
02615
04561
01245
01598
05320
02339
03286
05135
05570
00385
01388
02767
03562
00517
06218
03145
01610
04435
02840
04250
00711
01069
05027
01549
02658
01574
03498
02340
00779
06254
05188
02488
03613
06092
01777
00312
03963
05803
05691
03597
02373
04171
02568
05662
05174
06168
01919
03183
04508
02840
05269
01252
03573
06013
03123
05924
04131
03674
06150
01689
01612
04210
01250
02963
02129
04141
01235
03724
01257
03492
01730
00134
02649
04315
02753
00401
06354
00782
03059
05737
02407
06180
02331
01595
05545
03904
03775
05256
02273
02423
04600
00290
05609
05276
05849
02644
01703
06198
06010
00287
02343
04243
03232
05022
01364
01014
01034
03979
05203
03819
02651
06362
01149
04027
04255
04483
03574
03068
01403
05469
04846
02880
00758
01574
03956
02285
03038
05279
01010
03373
05080
00468
05193
05627
05128
03962
03210
01886
02905
00368
04173
00435
02409
03432
01714
06178
02068
05791
03826
02099
03228
05576
06049
03961
01138
00519
01922
05996
00163
02840
05894
04181
00482
03472
04451
05218
04654
03132
03405
00217
03359
06054
04948
00873
02259
06325
01754
06301
01903
03700
05807
01130
03924
01515
02635
03815
01504
02345
00423
02076
00734
02916
06328
01778
00651
04151
05001
05194
03910
02057
02804
05418
04563
03470
05628
00787
02891
00871
06090
00878
05028
06117
02371
00804
01241
06379
03138
05965
00950
03057
04215
02560
06210
01061
05339
03401
02504
02220
06095
00312
05508
00005
00720
02070
01767
04239
04569
05299
01927
01057
04182
03035
04775
04567
04544
04071
01886
01517
01241
00367
05478
00707
02438
04381
05251
02560
00836
06301
05773
02259
01864
05808
03868
00597
02359
06240
04048
03082
06015
04686
05178
05767
01104
02599
02667
05165
05691
03637
03095
02323
03685
05393
03684
00770
01895
03703
00341
00153
04294
00818
00718
00401
03082
02870
00067
02587
01917
03788
06145
01382
02434
05607
03609
05692
05007
05782
02788
05836
05576
01427
03896
03458
03641
02808
02086
02066
06064
05393
02156
01941
03381
05964
06270
03274
05159
04941
01324
02173
01269
00030
02288
03076
06261
04740
02006
02278
04068
05229
00776
01175
02171
03717
02549
00607
06314
02791
01054
05464
00756
02800
04733
01174
02918
06192
02193
03169
05557
04986
03082
04765
04851
03611
05646
01611
02286
03879
02598
02088
00037
01006
00201
03443
01640
01422
05762
02508
02059
05794
04544
05432
00454
05657
04154
05441
02092
03617
00253
00826
00966
06209
01299
05537
05068
01670
05330
04253
02943
05333
06334
03750
01830
01376
00284
02883
00162
02356
01812
02543
02480
02542
02177
03349
02747
04749
04953
05947
02140
05987
00180
01083
02415
02854
04475
00683
05843
03363
02222
03422
02749
06034
02897
00772
00442
04100
01012
01516
00831
04089
04830
01514
03054
01422
04565
04692
00104
01107
06029
01062
05065
01595
01451
00837
05828
02732
00116
04065
04444
05303
00791
00499
04157
00353
02195
01254
02741
04384
01094
04434
02642
03682
00276
05603
03352
02374
03632
05464
03423
02158
06026
03496
02631
02540
04821
05695
05081
05977
00819
02405
03260
00772
03456
03776
01681
00072
03128
02544
00747
04855
02310
02136
05102
05874
03050
03580
06275
01754
00261
02694
05685
03809
03844
04963
00683
00442
00807
00010
02498
01711
04333
01629
03399
00721
03422
04392
05710
01353
06132
02758
01073
04813
01063
01250
06185
04399
02196
03163
06274
03855
02249
06209
02686
00689
00432
03837
04296
04841
01685
01165
01939
04403
02773
02796
06223
05599
03365
01679
01288
01129
03708
05644
06235
00743
06302
00470
05909
01179
01606
04643
04969
04008
00752
04590
02766
04066
04928
05400
02419
00958
00786
03498
02400
01896
04127
05429
03626
02548
05192
01114
01619
03244
05763
06246
04412
01927
05215
02581
04295
01979
00309
06264
05773
03177
00493
05360
05561
00375
03946
01370
01919
02684
04755
06213
05181
06356
05119
00350
04396
05842
02108
00749
05058
05141
00444
00632
06056
01523
04189
05765
03923
00787
06292
04221
05953
03351
02357
05036
04818
04982
03041
01637
06337
05991
01804
03907
04925
04345
03753
04490
03752
05440
00885
01707
03819
00425
01245
01254
03188
03951
02189
03338
04301
05414
01942
02392
06106
04213
01595
06022
06319
00993
01113
01503
01035
00964
05488
02951
02422
06236
01874
02013
05874
03583
00614
01017
04960
02668
05785
04180
00371
03390
03811
03207
04169
04730
02161
00812
03755
01863
04468
04577
06370
