01453
00282
04355
05697
03077
03458
04795
03898
00577
04365
01941
02963
01717
03490
01917
00023
03866
04917
00000
00156
04595
00730
01067
03348
03066
04663
03922
03602
05564
01352
05769
05113
00014
00956
04018
04080
01627
05037
05716
02530
01419
00621
05701
02706
03809
05692
02964
05500
03681
00837
05509
05255
00332
02120
03994
02118
04921
05091
02314
05854
04498
03417
04816
05057
02472
03668
01491
04745
02052
00759
00861
02816
00908
04012
01179
03308
02510
05533
00400
01544
03003
01982
05942
00638
04403
00375
05346
02161
04601
00959
04643
05046
03362
01347
03975
04738
00944
00663
00729
01630
04758
05315
03371
00936
05351
04143
00123
04660
05135
05113
01798
01807
00349
00611
03702
00211
02203
02090
03577
04599
01324
05936
03776
00670
03953
01963
01616
04656
01000
04295
02920
03669
02562
01158
02799
03773
05599
03256
04666
00222
04233
05990
01032
04869
01081
02983
01978
02413
03321
03957
05985
03021
03080
04186
04165
04331
00835
03301
03392
02222
02550
02633
03957
02578
04895
02580
01056
02373
05003
05852
05468
00766
00639
03285
02043
01405
05301
05696
05125
05053
05825
03918
00031
00294
02399
00978
04135
05216
03547
01108
04603
00481
00253
04929
00787
01623
02399
05152
01201
05682
04988
05376
04147
00888
03542
01789
01682
04988
01604
03025
05787
04281
05527
05750
02552
01752
02679
03386
05722
04769
00254
04348
03396
05261
05777
01347
00103
01066
00247
05278
00470
04520
03175
05222
04389
01441
04162
00207
03475
00806
04986
03917
05857
02548
03454
00340
04574
04341
05955
01528
01392
01490
05584
02370
05777
05270
00998
01972
05204
00814
01402
04627
01810
01837
02785
00115
00854
01900
05495
02706
02113
01999
02859
00938
03690
03170
01114
00730
02854
05922
00039
04126
01008
02584
02596
05322
05685
05552
03392
00310
02734
03512
05645
04211
00699
02851
03500
03804
00297
04174
04856
01415
02031
05578
02044
04619
04939
02936
01393
05148
03604
03107
00631
01553
04267
00550
00719
03751
01011
03310
05908
03022
02410
05194
01604
04865
02819
00528
02574
02179
00258
02601
05306
03877
02499
04076
02911
04708
03511
01673
04645
01823
05644
00779
01400
03670
05271
03104
04053
00046
03377
01557
00084
04257
03915
00506
00322
04802
02560
02470
04570
00014
03846
03731
03520
02878
05135
05833
01818
00713
00274
05625
01947
02358
03393
02399
03372
05487
02568
00859
03161
05650
01265
00425
01062
04321
04086
05820
02524
05673
00132
02329
03220
05823
05496
01231
04079
02502
04873
00901
02208
00270
00705
01900
02022
05718
05993
04212
04889
05410
02496
04922
03232
02823
01272
00894
00189
02275
02910
00930
02486
00875
00324
04271
00865
01996
01532
02818
00315
04226
03363
04052
04949
03175
02983
01207
05915
00307
02503
03419
02402
04578
02598
04961
00558
05587
01531
02055
04589
03196
03223
04770
03251
02027
01188
04314
03891
00935
00295
00319
01687
02998
01938
05993
01693
05112
02457
05421
01214
01472
04990
03915
02299
00562
00443
00724
03494
00503
04076
00218
04314
02190
03574
01567
05977
03566
05288
04959
03168
01046
03068
04810
03032
01237
01482
00985
01116
05749
04186
01090
05314
03233
01347
02087
00168
00280
02293
01304
03853
03242
01744
02361
05641
01791
00670
05982
02505
04215
04292
02930
04235
05804
03280
02295
01378
01059
01631
01368
04182
00546
04926
05531
04716
03899
02587
04418
02846
04662
02472
02224
05494
02734
00474
05432
03596
01153
02644
00561
02074
01515
03435
02439
04024
00892
04502
00939
05464
04181
04405
05306
01696
03027
00474
03338
01584
00962
02328
01873
04495
02674
04566
05088
00871
02407
02736
00237
04393
03818
02475
01934
00894
04765
02019
05793
04635
03260
02371
01305
02479
00991
02703
05106
02413
03132
05169
03958
03633
02713
05359
00424
04769
05903
02758
04109
05825
02314
05893
01514
04035
01853
04952
01801
05273
01250
05310
01301
01864
03295
03658
03445
03259
00484
05347
02390
00145
04737
02872
02720
02708
05605
02980
00954
00407
01441
02505
04970
03883
02794
02973
03428
03422
03277
04254
01716
02208
04061
03074
02631
05859
05033
02559
03699
05535
00649
02868
02424
03536
02422
02562
05070
05725
05977
02235
01421
00917
00395
03829
04203
03143
05868
05099
00431
05390
03040
03777
02085
02215
00259
05969
03579
03697
02557
01191
03640
03168
03249
01605
01196
02718
03535
02836
00131
02431
00826
01576
05571
00047
04339
04542
02676
03018
03572
02436
04479
02007
03977
01765
05887
00338
05336
04465
02308
02085
05713
04245
01671
03074
02945
03851
02120
04640
03969
04897
01347
00719
03531
04894
03441
04521
05628
02071
04298
03335
00725
04669
05496
05934
02155
04704
05558
01988
03199
05028
05928
02467
05192
03854
05589
01320
00684
01243
00062
00328
01822
03981
00818
00145
05905
03155
03946
03384
04122
03940
02240
04116
05939
04840
03373
01093
01724
03699
04367
02610
01629
01183
02889
00479
04934
00372
01332
04327
00263
01015
02420
00476
01835
00685
03765
03720
02863
01450
02548
00958
02017
05434
03674
01122
03059
01882
00867
05522
02975
04388
02589
04288
01493
01382
01500
01453
01311
05614
02698
05347
00917
01988
04812
01903
03356
02020
04927
02505
02586
05894
03825
05953
04485
02380
01085
03496
04489
02631
05198
04472
05080
00422
05124
03121
04843
00909
04484
02049
03511
04350
05354
03231
03435
01286
01354
05749
03430
00374
04149
03751
04357
04780
01718
02292
03722
05006
01867
03400
02008
01715
04321
05579
02523
02590
00969
00138
00308
02135
05191
04512
02466
05560
02761
00832
04189
05505
01428
03602
05659
02552
05897
03976
00021
00609
01975
01035
03748
03269
04138
03047
04069
02322
02722
03103
04668
02351
00830
04143
01828
04218
04903
02348
00388
00064
00633
05450
03741
00249
03372
04426
03953
01421
04321
01341
02046
01095
01560
02026
01783
05604
04718
02904
01283
01096
02579
03881
02431
05822
02138
00579
04686
05145
03449
00411
01569
05787
00480
02208
04786
00353
04343
05058
02394
01530
04832
00269
01683
01763
02140
00630
05447
05504
03449
02464
01799
00136
04233
02939
00808
01470
00542
04443
03719
01111
04561
01440
02717
02813
02514
00071
05950
00607
04841
05740
02587
01090
02987
05594
01384
02329
00312
01601
04760
03516
05793
04547
04052
01480
04952
02827
03434
02147
05040
01914
05042
02122
02290
03375
03852
03369
03745
02787
00117
00790
03174
03470
04537
03930
04133
00825
04834
03389
02368
05345
04318
03309
02010
03572
05167
00810
02531
02012
01948
02114
05714
02165
00788
04340
03362
00541
04274
05603
03811
02343
03197
00393
02945
01083
02183
04053
01410
04190
00773
01586
02392
04489
00045
05270
02486
04552
01787
04932
02848
03346
05263
01710
02635
01168
04768
01946
02339
03708
04260
04639
03163
01128
05527
01661
00239
02263
03048
03335
01926
05020
05028
02862
02899
04365
00234
04171
00955
01331
04333
02600
03297
00433
04120
04187
05708
04863
04555
04112
05434
00162
00308
05315
01214
02953
04905
05959
03956
02182
02674
03957
01414
03336
03155
02420
01271
05809
05623
05553
05852
03209
01320
02523
04186
05582
04491
05006
02875
04565
05913
05354
04667
02866
01639
01472
00270
04191
02135
02217
05828
00413
01863
00786
04228
03525
05640
05703
03206
03401
00953
02747
05917
05981
05233
00721
01313
00955
02252
02011
04795
03607
04925
02300
03481
00815
02833
05660
00241
03182
04788
02360
01955
03471
04477
02851
04887
05000
05476
03037
04789
02138
01556
05101
02179
01827
01164
01646
00489
00494
02719
01236
00688
00456
01659
04074
02249
04848
05959
04442
00539
00938
05477
05288
02484
01631
02279
02891
04016
00229
04190
03992
05463
00487
05181
01788
00641
05985
02412
02182
01957
02202
05448
01600
02671
03309
00120
02616
01695
02038
01659
02927
05118
00710
02941
01117
04220
02435
02088
05278
01365
01871
01287
01405
01970
03171
01686
00092
04651
05785
00741
00829
00058
02851
04252
04160
00539
03978
01016
02986
05743
03446
04322
03038
05408
05895
01873
03866
01503
01054
01526
04497
01337
04940
04870
00768
04360
02804
00548
01759
02917
05535
01708
03287
02188
03997
00125
05562
03992
00194
05534
02643
00637
03269
03857
01467
04500
02704
01908
01237
05889
02404
02116
02935
02656
05581
03196
05045
04398
02190
05772
03020
04148
02600
00533
04519
01246
02060
05040
00514
04122
00155
00638
01081
03356
03813
03306
00779
00526
05398
05595
04465
00341
02714
02390
02869
02319
05721
01168
02384
03800
02659
00496
03940
00619
01080
03155
01107
02325
01124
00057
03034
00822
05238
00893
02190
02321
03052
00259
05265
03523
02285
03177
05041
03168
00242
02944
02478
04489
04082
02244
04549
01913
00952
01830
05101
02383
05043
05131
00189
01814
03098
03245
04041
05919
04970
02991
00743
00208
03885
02206
03474
00550
04873
00707
02570
03286
00754
03494
01350
04162
02013
02332
03544
00183
05778
00080
02331
03218
00652
01248
04699
04162
01889
00158
03456
03881
00985
01047
01497
05517
05740
04401
02897
04763
05197
05197
01953
02763
04493
05883
04706
00478
02045
01117
02604
03460
05396
01396
03328
04170
01848
05559
01183
02720
03997
00002
05845
01897
04759
03530
04054
01675
04126
04846
05459
00503
04893
04410
05128
03395
00263
03797
05013
04562
03255
03466
04199
04229
00402
05620
01059
00938
00571
03315
05806
03155
00530
00587
04092
01170
04346
00491
03763
05712
02869
02251
00923
03757
01503
01454
05316
04913
05604
02071
03956
02545
02767
05464
03579
04957
05536
05686
01509
02743
05592
01561
01052
05310
03412
04511
02488
04296
04404
00559
01428
03166
00071
05355
05213
04513
03109
01294
05817
01578
00776
04709
04034
05583
02184
00523
04638
02194
05522
05149
03276
03395
03892
04556
02605
01174
05479
02352
03517
03151
00298
01977
00828
03994
02631
02977
04430
05431
02676
03726
04251
02050
00248
02147
02051
05297
00039
02230
02482
02086
03100
05740
03980
02900
02882
05985
03877
01871
00880
04628
05807
03212
02191
04126
02337
05399
04249
04739
00241
01348
02959
03329
02062
03181
04582
04165
00572
04553
01168
02222
04204
05758
02387
01769
03687
01742
02936
02699
04120
02764
04194
03709
00019
05442
05560
00033
04822
04731
01185
05444
05434
01803
01115
00108
00998
03662
04424
04272
02224
02030
02230
05142
04720
02814
04665
00647
00580
05091
03464
01951
01722
04051
04208
00369
01309
04149
02889
02999
03998
04008
04307
03543
02862
02160
05532
00882
00134
05130
05697
02454
00084
04113
04734
02515
00450
02825
01972
03338
00564
04313
00726
01808
02254
05478
02176
04419
00320
04522
00005
01284
00127
00979
04899
02562
02769
00935
02469
01719
05300
04069
03845
04924
03483
03288
00684
02520
01478
05413
04999
05269
02189
05443
01527
01059
00890
03242
00966
00086
05104
02131
03729
00907
01803
04288
00998
00600
03509
01365
00811
04177
02690
03635
03992
03174
05913
04342
05491
04681
01440
05476
05254
00942
01507
04597
01823
01356
05680
00194
01748
04432
04034
03655
04272
01088
03799
02690
01487
00205
00896
04109
02274
02689
03814
02168
04623
05912
02115
03983
04216
03996
02004
01275
05078
03352
01177
04020
01698
00734
04149
05172
05935
00500
03769
00727
01304
04872
00184
04270
02834
03861
04342
01507
05245
01198
01346
02679
01404
01239
04077
04519
03662
00322
05669
02702
05561
01463
04579
01523
04291
03725
05342
04338
04540
01621
01273
02313
04651
00151
04656
04649
01475
05492
04922
04604
01153
03737
04779
05381
01477
03477
05289
02483
03099
04738
03161
03584
00549
00959
01814
02918
03463
00958
00109
01409
05246
05289
04055
05040
03133
00928
04516
04708
04598
03565
02832
02555
01282
04265
04981
01078
03181
01655
02493
02134
01297
05630
03250
02182
02669
05172
05301
01842
05169
05941
02519
03781
02793
02291
05287
03328
01219
04280
01976
01798
02111
02470
02989
02452
03523
04096
00196
05470
03544
03937
05213
03557
03732
03402
04950
03716
02037
04106
03140
05514
02982
01685
01376
05186
01185
00711
05739
04909
03329
05442
03215
02914
05827
02658
05796
04347
04057
03170
04956
00801
01914
02408
01484
02578
02569
02091
04007
05438
04273
03173
00200
04242
02154
02755
04156
01419
03210
02137
01529
03548
03499
04466
01599
04299
05716
05173
02762
00581
05079
03748
05729
02770
03815
05566
01022
01635
03044
01828
01770
00088
04021
02137
01316
00270
02048
04562
03406
04373
05913
02253
02101
01616
00340
02542
01115
03622
00792
02132
00098
01013
00755
04874
02183
01254
03668
05657
03880
02811
02873
00458
02483
03189
00021
02474
00333
02259
05245
02199
03804
02308
03600
05767
04834
04349
01121
01527
03270
00439
00354
00289
01296
03503
02975
05047
02593
05825
03012
02763
02061
00879
00043
05169
04822
02378
03558
03420
00902
02516
04421
01701
03433
01724
02101
01131
05188
05368
02438
00916
01030
01009
03158
05857
03913
03000
05471
03759
01109
01782
04778
01498
04050
03346
00943
03164
05159
03275
02699
05251
05716
03509
02955
04145
00072
02065
03147
04653
02656
04228
02006
02950
01853
01513
03769
03576
04400
01283
05016
05607
03397
05339
00012
03752
03002
05320
00392
03408
04954
05500
02855
00899
00090
03130
05909
02286
03246
00134
01062
01233
05881
02533
03638
03172
02016
00324
01197
01514
02314
05556
04398
05619
02022
00370
00509
02987
02425
03733
04364
01408
01987
03601
00544
04801
05612
04184
03780
04737
01392
03232
02874
01771
05716
03136
02153
00416
03091
04563
00472
04123
01978
03343
01189
01862
05501
00800
00738
04229
03892
04510
04140
01312
04421
00701
02058
02319
02511
03090
02879
04573
01488
01411
00731
03919
05684
04487
01716
01406
04058
01133
04861
00192
03301
05289
04864
02676
01916
03721
04733
00076
01758
01669
02335
05861
01190
00469
02151
05218
01846
01053
02584
04071
03347
02099
05150
00321
02013
05840
01403
03875
04169
00373
05615
02587
04861
05317
01972
00131
02680
02144
04516
00643
03451
01969
04119
01187
05320
05117
00236
01950
05829
05387
00867
01507
05069
00547
04453
04197
05204
05135
03601
01442
01204
00782
00117
00897
02153
05879
04340
02692
03205
01083
03353
01165
03824
01363
05241
00525
03456
03704
02366
01640
02561
02130
04598
05508
05266
04888
05510
00303
04460
03846
01292
03728
00127
03437
00848
02214
03386
04324
01222
00238
05015
03612
00434
04256
00945
03121
02792
00536
00227
02828
02112
03938
05246
00693
04211
04062
03286
04070
04196
00756
00825
04875
00509
04817
03726
00758
05717
03871
03750
02703
04363
05218
02769
05208
04866
03807
05505
05758
00649
03959
03379
04923
03718
03633
04063
02505
01870
03414
04668
03457
01507
04358
03664
01873
02987
01896
02356
04732
02249
05966
02993
01996
05482
02871
01321
03586
00126
00254
02356
01918
05536
00399
05637
01050
02276
01258
03096
00400
01181
03632
00250
01197
05864
03258
03013
03245
05272
04954
01431
05029
00542
01033
04398
01775
02309
00879
01202
01296
04904
00432
00606
01078
03649
03908
00173
02717
02622
04319
02045
01536
04498
03823
02387
03661
00597
01461
01275
05953
01433
03466
03193
02915
00938
01714
02385
01581
02337
04670
04975
00868
01462
05387
04084
03545
01311
04248
00542
02775
00921
03830
01939
00573
01793
00136
03994
05302
00336
00553
03510
01171
02945
04268
03295
02235
03840
01119
01263
04553
05489
00041
04374
05427
01322
03938
05770
03931
01726
01762
02126
05694
04615
04641
02910
03561
00655
03886
03892
01228
05163
03995
01403
01735
04997
03830
04126
05265
03668
01538
03547
00199
00842
03651
02057
04449
00346
02201
03539
00624
04468
05684
04160
05268
01294
05654
03040
02106
04416
01638
04726
00899
05900
03088
04765
03679
03849
02761
02008
05496
05563
00897
05081
01996
00512
04033
01453
03089
01625
05940
04931
03677
04579
01714
03255
01358
05809
05607
01280
02099
03192
05299
05186
02542
02582
01626
02144
02049
05792
00971
01026
02597
01847
02750
02430
01306
00406
02583
05110
04553
03995
01799
03822
01045
04543
05505
03401
04639
01956
02858
01407
03449
04458
03930
04701
03282
03822
00351
04601
04672
03167
00816
00368
05484
01966
05535
00717
01543
01090
02584
02648
00731
05060
00070
02586
02300
01518
04933
00280
05213
03355
02386
01027
01199
04891
03102
05947
01395
04070
02785
03419
03505
05850
00076
05829
02145
05235
02311
04795
03239
00693
02584
00759
00588
00201
04357
02984
03639
02242
01697
03946
01226
05707
05490
01024
03640
01743
03380
03008
04981
05652
03110
04987
01814
03460
02449
05655
04056
05178
04937
02395
04060
05574
04860
00455
00112
02093
01112
04078
05656
05456
01354
04753
04059
02838
00368
04617
05819
00185
02815
03360
00652
04922
02128
05020
01765
05618
05174
05481
03700
01271
05675
05426
05500
01735
03160
01884
02714
05731
05251
00991
02182
01755
05619
00242
01876
01074
04207
01602
02265
03726
05636
01262
01339
05918
05973
03954
05138
02328
00989
03614
02443
05918
01344
03139
00634
05756
02847
00169
02735
02209
04586
04800
03522
03080
03920
04801
01385
02098
04147
05711
04888
02353
03766
02976
00471
05891
03496
02626
01615
01017
02746
05308
05150
05891
02204
04146
02075
00251
00198
04228
05619
02234
05154
00100
04658
03514
00407
00642
03261
04602
05535
01637
05851
04103
00890
00568
00676
00557
00156
01711
04098
04154
02258
05589
05412
01947
01730
03716
01586
01062
05744
05663
01674
02867
02893
00303
02665
00071
04905
02489
02485
00206
03401
02696
00327
04004
04052
01068
00742
03249
05191
03678
05230
05295
01193
03326
04208
02905
01016
01804
00595
02993
01362
00288
01208
05294
03632
00006
05675
05153
00749
03225
05989
02274
02980
04747
00110
01388
05575
01390
02752
01185
02924
04034
05655
03003
00562
05036
03637
02961
04641
00719
05554
02226
04223
01369
02416
00529
05775
03564
00716
00044
05380
00088
04625
04411
03700
01346
05814
05042
02039
03075
02888
01523
05471
00272
01602
00019
05793
03793
00232
03111
05873
05872
03124
04187
00620
02447
01959
02974
04127
04390
05201
03262
04757
05224
02332
04331
03277
01378
03459
04507
05338
00687
03456
05002
03123
02091
02562
05131
04859
00130
02733
03455
05820
01923
04684
05424
00412
04582
05329
01435
02994
01623
01421
04408
05249
00559
00331
03640
05859
05934
04343
05434
02209
04374
00477
02313
04238
01447
03339
05110
01876
04739
03560
03261
00374
01197
02910
05751
05460
02690
04738
05643
00669
03892
00565
01233
05567
01615
03922
03109
05802
03194
02728
00740
03970
02556
02738
02887
01747
03529
04562
04297
02575
04103
03340
01910
00403
02193
04718
03905
00216
05975
02334
02114
03317
04784
00331
00315
04657
05293
05493
05622
01270
03019
03625
02301
03073
02901
02741
02037
04470
00964
01322
04247
04785
04292
04670
03356
03847
03428
04881
00565
05947
02617
00568
01989
05628
01183
04661
00251
04443
04958
05304
04031
02171
05204
02270
04904
02209
04597
03480
03480
02459
03660
05447
01269
01837
02733
01746
01717
02486
05369
03178
02517
02177
02668
04725
00678
01607
01670
05878
02693
05490
03476
00366
04213
05437
00730
01948
00154
03543
04448
03472
04213
02086
04470
05917
04839
02280
01093
00636
00020
03780
00996
05277
03462
02111
02979
01785
04779
03419
03656
01779
00252
02794
04628
05100
03034
02768
00912
05734
03815
03430
02729
05840
05103
02219
05781
04193
01905
02869
00498
00848
00541
04085
00698
03983
03404
01273
04564
05431
01511
05642
02601
01951
02485
05910
00001
05846
03988
04776
02139
02464
02163
03379
05110
04718
01497
03086
01694
02869
04902
04329
00790
05057
00789
05533
02014
01027
00074
01426
01761
02229
04590
01018
03838
01630
02387
03450
03073
05392
03974
03353
05326
00751
02833
01089
00329
03820
01657
04931
03124
02896
05771
04407
01894
01780
05182
01585
02549
03581
00949
02302
03008
03125
00980
00541
00475
04084
01803
03083
04663
02062
05748
02679
05549
04981
02565
03381
01703
01391
04035
02654
05436
05283
03091
03684
03222
04797
02142
00595
00082
04497
00944
00130
05059
02460
05853
03385
00498
01350
04865
04269
05927
03763
02226
04695
04989
05128
02613
04723
02277
00267
03081
01651
05353
00564
05460
04211
02714
05872
01000
02872
01257
03620
00465
00210
01295
02078
00061
01537
02314
04918
02937
04835
04836
03412
02340
01787
03809
01020
02819
05661
00149
00900
04369
03878
02047
04390
04223
02201
03094
03632
05375
05172
03007
04697
03257
03825
03816
02942
02649
00968
02180
03003
04886
03122
03379
04149
02623
05832
03757
05475
03827
00730
05212
03965
05421
02763
05507
04989
03979
05306
02942
05043
02250
04204
04423
01492
04847
02836
04338
02914
01876
01988
03030
04454
01325
02909
04601
00986
04230
02931
03126
00723
02427
01660
05950
01580
05267
00567
00840
04062
04074
05833
03094
04923
01866
02162
05494
00554
01717
02974
04641
04380
03282
04952
01892
01517
00657
04729
02824
02358
03228
04830
03360
02511
01037
01495
03406
04931
03350
04252
02099
03772
04353
05018
03154
01580
00148
05275
00287
02477
05200
03284
03817
02993
04375
03032
03040
05091
00855
03497
02549
03534
00199
04174
03150
05500
03261
01888
03458
04742
03514
01791
01335
05643
01075
03474
00629
00380
04653
00732
03926
04292
04451
04969
01069
05668
00599
02823
03409
00252
05507
03234
03348
04150
01099
01736
01348
02109
04529
04587
04957
03803
05939
02405
03640
03199
00725
01397
04885
05069
04919
03911
03440
05872
01908
05330
04371
03579
00166
02363
02312
01821
00312
03511
00025
00898
02506
00286
03606
03350
02683
02939
00882
01748
05558
04992
03659
02397
04939
05894
00772
05509
03880
00706
01344
01479
03124
04163
03149
05464
02041
00151
03195
04761
01723
02989
00664
03878
04121
02694
00777
03243
00127
01813
05015
02134
03125
02965
05027
01912
03432
01130
02615
03637
00387
03199
00027
02844
00730
03726
05409
04752
04674
00415
04398
02516
00032
00104
04517
00565
04237
00658
02913
02737
00867
00828
01966
02117
03718
01993
03157
00164
00529
04644
04226
02308
00668
03620
03700
04691
00312
02106
01473
00311
00839
01735
03475
03234
02843
04475
00963
02740
04825
04728
04096
05802
05448
03189
03564
01253
02124
05662
01076
04902
03098
05321
00202
03061
04904
01411
02096
00848
05811
02377
00994
00400
00379
00963
04305
03112
02991
02058
00664
04327
02400
03546
00045
04093
00805
01939
04229
02425
00123
03113
02020
03873
04311
03756
02801
04891
02969
01986
04898
05272
02382
01055
05752
02977
05186
04503
00681
02793
00608
01258
03078
05250
01225
01086
02185
04363
00940
04875
02830
03319
05367
00831
05434
02297
00123
01346
04092
04187
00357
00723
02158
02254
03598
00465
02423
04012
02561
05479
00113
03129
02932
02783
03235
00552
04869
02167
02506
02458
05218
03008
00825
03649
05333
04883
03721
04482
04394
05646
00734
00249
04559
02524
04041
02822
00103
00739
01971
05462
02554
01079
04701
03405
04493
04924
00865
02366
05753
01496
05828
02173
03259
00263
05114
05419
02983
01064
05702
02945
03194
02805
04989
00217
00683
00496
03718
05637
02620
01272
00176
00786
04067
01915
02912
01511
02575
04229
01493
01368
02122
01463
00842
01864
02618
03315
02599
03531
02803
00916
00820
00617
05517
00282
05756
02398
00477
02898
05833
02302
03346
03333
00674
02806
03503
05671
03150
02590
00832
03375
05779
02378
03098
01687
05632
04752
02132
03145
01555
05043
03132
05177
05464
05614
00711
03794
03374
01597
03993
00872
01415
01173
04877
00957
01133
04308
03473
00175
02700
02083
02978
01006
02815
00872
00479
00379
04666
05447
00748
05660
02721
02457
02038
02045
05572
03333
03854
03152
03993
01434
01843
02421
03412
03823
03520
04053
02404
05329
03712
00999
04445
02332
02409
01477
02845
02917
00252
03113
00509
04404
05671
03921
02263
02815
02085
01811
02175
04512
01828
02793
00159
03833
01264
02589
04674
01758
05904
04256
01997
01425
03677
03779
00389
03564
03563
00937
00177
03670
05317
01396
05357
01064
02233
04380
05975
00233
02173
02190
05802
04278
02525
02961
02389
02685
02067
04724
02568
00984
03153
03715
04170
01560
03965
01416
02249
00199
02826
03533
02703
05423
00767
01008
02941
03641
04246
03184
03367
00029
03795
01332
00779
05848
05934
03707
04735
05148
00288
04750
05671
04337
00582
03201
00928
02745
05637
03160
02828
04849
01546
04774
01834
02676
05420
00385
02369
03114
04673
03090
05209
02845
02953
01496
04502
02524
05291
00827
04146
01000
04539
02878
04053
01547
00740
03743
00003
05241
04471
00360
01427
00319
03664
02567
02696
01816
01682
03931
00222
05519
05375
01973
05682
01214
03205
05022
04126
05285
02584
04631
04288
00582
05240
04458
02453
01788
01375
02880
02551
01804
01145
01501
04849
00852
00608
00453
02507
01473
00132
00914
04583
04092
03283
03581
04806
02116
05546
04137
03767
00071
00824
05808
05421
02073
01371
04837
03628
00887
02506
05849
04544
02902
03150
01897
04555
02549
01518
01460
03801
03953
04309
03994
05440
01238
05186
02015
03465
00195
04940
02575
00294
05030
01856
02956
04479
04071
03049
04307
04493
04081
02314
05981
05410
05626
00283
01153
04595
04548
03085
02631
04420
03228
05420
04631
04558
04944
02464
00095
02959
00286
05344
05283
02574
02743
04932
01567
03433
02562
00212
03896
05245
02493
02835
03681
01185
04574
05298
05402
02752
04807
05794
02402
03297
04360
04634
01885
05124
01247
01968
02512
04316
01530
01496
05337
02243
01357
02343
04428
05295
05311
04546
04056
00927
02335
03416
03785
05745
00068
01416
00358
03748
02401
05761
01594
01012
04647
04964
01392
04759
05973
04856
02631
02611
00091
02490
00373
00298
02812
03358
01016
00740
05586
03510
02551
02919
03947
00798
05624
01125
04945
01938
00571
05075
04071
01213
01379
01649
00575
05327
01972
00874
01128
05561
01607
00106
05349
01288
01275
00023
02921
05452
04070
03789
01182
05604
05834
01226
02502
04840
02530
05235
04904
02243
03483
01489
01292
00699
00496
04156
00594
03341
02173
01170
02779
00842
02805
05555
05867
03320
01199
03148
05831
04070
02219
02575
05961
04097
05027
05035
05954
04764
00860
03693
02847
04015
00636
04467
00644
05678
04981
04169
04052
03860
00447
05186
05475
03789
04292
05764
04963
03485
04277
05536
05754
00512
04602
00460
03973
05167
04583
05375
00901
05372
01882
00841
02296
03498
05568
04092
05299
04747
05383
03691
05035
00583
04318
04750
02403
04022
02281
01663
03215
01067
05121
01380
00023
00702
01912
01193
01639
02388
01770
04745
02387
01452
01055
00873
04936
03272
00493
02033
02862
00118
00010
04424
03273
05403
04959
01723
05247
05211
05352
03209
02580
02231
04359
03870
05760
02195
00361
02522
01682
02210
02608
00254
04671
05921
02768
03666
05107
02174
03093
02117
04215
00195
00497
00818
04675
04242
00628
02988
05675
05950
02452
01990
01573
05363
04268
04146
00939
05604
02768
04083
01004
00735
03454
04800
02893
01311
02000
03800
03708
05214
04798
00701
02597
02421
02225
01615
05645
00513
04578
03798
02876
02196
04497
01482
04984
01541
04434
00002
04236
01908
01537
00456
02071
01246
03030
03750
04641
00074
04724
01791
03192
02462
00939
03820
04505
01153
00589
04161
05835
03773
00542
02011
04133
05776
03748
05593
05599
04768
02222
03124
04085
00408
04145
05789
04840
03508
00941
00129
05471
02453
05359
05819
03596
03217
04272
02134
04489
02394
02122
03565
02560
05753
00906
04930
05690
00087
00784
03447
05887
02760
02452
04892
01836
03284
03812
05701
05139
03811
01560
00967
04796
00709
02262
02256
00489
02795
01440
05824
05288
01445
00987
02279
00257
00777
05531
02429
01007
04700
00795
02808
00028
04913
00104
04717
05044
05964
05645
04294
01100
04209
05465
00028
05147
00205
04492
02449
01622
05312
01857
05517
00922
00934
00453
01220
00882
00961
03974
00096
00009
04805
01222
04335
04377
00927
00831
03659
03922
03747
01472
05490
04646
01792
03782
04755
01329
01778
05686
03604
04534
00260
03766
03410
04420
02704
00443
01909
03351
00501
02925
04559
01963
02260
05543
00834
05580
01447
00379
02683
05224
04125
00514
04079
03158
03382
01713
02080
04480
05576
00727
02268
05212
01068
03667
03234
05673
00216
02178
02161
02644
05338
00710
02815
01929
04189
04418
03091
03335
02763
02881
03264
03052
00880
01687
05311
03120
05446
05808
05496
02734
05106
05524
04156
02669
01467
05148
03009
00765
04786
05726
00299
04988
00610
01827
02804
04152
01542
00250
04600
01535
04593
00166
05567
03218
05406
03378
01271
00296
04372
01589
01822
02655
04517
01712
05049
00317
01956
01557
00292
00820
04225
04161
05287
02836
02195
05722
01281
01595
03073
01604
04979
01223
04508
05468
05803
01100
03468
03576
01211
02961
04789
03622
00758
05877
00693
02336
04023
00447
03133
00785
01614
05043
05802
04178
05976
01216
01568
05949
01994
05478
05650
03843
05113
01573
03088
05817
04569
05312
01293
03932
03823
02481
03883
02773
00725
00166
02326
00456
01883
02217
02058
00246
01012
01277
04177
01299
03796
00340
04269
01698
02803
04973
05150
03516
03806
01275
04785
02687
02011
00033
01686
03123
05847
05050
00604
05320
00319
04965
03579
00619
00503
03309
03485
03255
05801
04870
01898
00952
05613
03827
00526
04876
00641
00885
05801
05314
02854
04766
05156
02404
04328
05732
03131
00496
05895
03025
02027
05953
04390
02550
01080
04558
04672
04064
04491
00424
00738
04707
03576
05095
02392
02594
00888
00254
04584
03729
05527
04890
03061
01698
05211
01274
04737
04091
02319
01720
00499
03897
05900
04630
05520
04494
04323
00324
04025
00805
05609
05534
00017
01542
00159
03041
01914
00597
00125
05310
01467
02741
05147
02023
01599
00650
02268
05175
04380
03324
05911
05070
03263
04840
04355
03914
02113
03024
00814
03073
00888
01394
02410
00283
00589
04342
02053
05500
01749
04944
00867
04751
02334
01638
03114
05518
02200
00796
05434
05405
05917
04747
05831
04199
05758
04080
04740
03217
04588
03344
02158
04698
01968
03161
01138
00228
00375
04196
01628
00220
03598
00679
05725
03460
04709
01303
03863
02099
03043
04394
04297
04162
00471
05978
02978
00119
01766
03382
00323
04238
00549
00498
01830
00867
00196
04719
05253
05965
01461
04726
05416
03076
03529
03597
03151
03539
05702
02636
05000
04569
02070
04649
05677
05817
05982
02463
03645
04609
01609
05693
02229
04487
05105
01899
01883
01039
04074
00264
01671
03834
05115
00767
00622
00777
04521
01719
02973
00223
04002
02921
04094
05028
05395
00989
03802
04165
00423
03373
02939
00265
01836
03563
04669
00575
01699
00398
05345
05411
04916
01752
00156
05407
05548
02243
00498
01710
01380
02681
02123
01436
02239
00003
02320
03817
01263
02057
05493
02188
04901
01016
04802
01012
04291
01186
01871
04666
04800
04672
04843
00834
02199
05458
03577
03793
00924
05622
04984
03816
04541
05079
00398
01982
05984
02685
05456
05292
04527
04242
05712
04481
02332
03333
03604
05382
03938
04279
01823
01868
02155
01795
04686
05201
01400
05819
03089
04722
03104
04557
01379
02138
05191
04084
02888
01497
02298
01643
05859
02496
02773
02396
00481
04792
01409
01895
03413
00850
05965
00878
01377
04777
01256
02541
00701
05156
02153
01303
04056
05511
03227
01755
04168
04457
04696
05718
04319
00673
05168
05154
00620
05257
04390
01851
00267
04821
05671
04754
02715
03165
02808
04203
02633
03797
00908
04753
02350
05437
04095
01322
02786
01861
05905
02501
02523
02601
05090
03039
01350
01370
01062
05684
03040
04588
04870
04035
00274
01996
03987
03035
03383
04506
01639
04561
04796
01188
02762
05908
04483
03331
02318
02599
00707
04654
02679
05181
02015
05132
05306
02292
01617
04408
01969
01063
04883
03101
00345
02567
03450
00752
04488
01669
01360
01805
00126
02374
05548
04074
03367
03288
02432
00264
01209
02212
05359
04471
03489
01689
05065
04537
03636
00728
04612
04191
01733
02991
04649
04319
05122
03069
00376
03383
03803
04692
05448
04492
02064
05660
01551
05179
04662
03107
03339
02048
01670
00915
01419
03637
04225
02012
03724
00850
00276
05569
03300
05363
01396
01999
03573
05879
01399
03686
03294
01796
00447
01516
03940
01336
03875
05575
04104
00523
01451
04537
03861
02976
04952
00089
02057
04442
02429
01995
05774
00011
04350
01457
00643
03464
01028
01290
03403
03864
00267
02505
01026
02843
05272
05170
03128
05896
05433
03597
02043
02606
04619
04684
02949
01612
00818
04489
00111
02092
05177
05273
05040
01961
00070
05645
05207
05282
03017
05975
01553
04567
01009
03801
05783
00208
03259
02920
01639
03181
05544
05104
04397
04792
05673
03538
04653
05383
05850
03097
02048
00525
00760
03930
01625
02640
00320
00024
02147
05781
04790
01399
02857
03959
00638
04233
01809
03511
05179
03701
02070
01390
00210
00725
05568
02237
01738
03038
05874
01221
05602
00587
03744
00483
04798
00258
04459
01955
01488
04184
03867
05429
02303
04768
04344
00365
01255
05054
00388
02676
05436
01082
03624
03213
03308
00560
00986
03906
01409
03285
05912
02892
04447
01492
00355
04816
02368
05590
00123
03783
05609
02719
02995
04231
02713
05989
04737
00957
00222
00380
03396
02220
03299
01997
01346
02798
01242
04277
04685
02649
02114
04169
03778
03645
03605
01576
03646
04506
03041
00472
04236
00751
04817
00866
00799
02973
02647
05434
03913
01802
05704
03831
05446
01041
00900
04545
01992
03942
02704
01144
01247
00263
05506
01680
04965
00990
03928
01418
04467
02740
03942
04271
00756
04352
02042
04277
05332
05180
02830
00228
01316
03384
03961
05346
01629
05784
02162
03418
05918
05688
04066
05468
01667
05792
05780
04446
01844
04083
03932
00751
01992
03473
01122
03404
03364
02669
01786
00044
02661
00872
01360
03222
05861
04268
01765
03074
04924
04517
03313
02653
04199
01401
05044
02678
00046
00201
05085
03301
00948
04511
05637
02651
02096
03463
04953
04533
00195
00123
00435
01642
00885
05030
05012
02724
01041
01290
02224
01803
01433
02220
03029
01293
00695
01005
00009
04218
01394
05604
04672
05931
02345
01367
01543
00594
00255
03833
00784
01101
00163
03197
04186
05124
03482
01272
02572
00450
03388
05653
02429
02801
03864
03890
03107
05790
03124
00343
01207
05675
05317
02631
01617
02995
02599
00638
03638
02552
01017
05707
04314
02696
02873
03480
04147
00398
02487
01652
05628
04693
01321
01681
05346
00792
05787
00153
01599
01908
00240
01244
05152
00783
02217
02100
00101
04273
02417
01481
05557
04768
02563
02785
02236
00363
03432
03375
02706
05292
04417
05324
04808
03952
00413
02643
03746
03411
01671
03206
04700
02772
01920
05167
02234
04536
00916
04720
02496
02410
00828
02348
03002
01872
00543
04926
04889
00377
02005
02791
00603
05762
01210
02726
00869
02024
02331
00879
05920
05191
04049
00910
01806
01713
04647
04260
04311
02299
03145
03216
01956
03505
02507
02810
02007
04202
04675
03976
04645
02438
03108
05907
05969
00771
05320
00052
00311
02479
00905
01240
03441
03800
00092
02499
02393
00207
05066
03184
03292
05787
00620
01303
00695
05066
05283
00887
02897
04643
02594
02706
05381
00806
02344
01976
01610
04484
05118
01708
03585
02379
03273
03891
00810
00458
04156
02106
03586
02723
02125
04807
05581
03998
05122
01320
02941
04810
04328
03368
01373
05614
01760
02944
04604
02206
00646
03258
01305
02073
05615
05296
04791
01727
03935
00179
00221
02016
01381
00008
02253
02304
05635
01964
01742
05110
00557
04489
02169
04820
04045
01985
02701
00864
03105
01766
03263
04545
02786
00172
04353
04022
02225
02934
04781
00624
00112
03645
01615
00511
02075
05919
01677
02602
05537
03684
00739
05816
00035
00636
01247
03852
01127
04229
02214
05070
01897
01928
02449
01235
04207
03938
04552
05326
01352
02512
02216
04752
04832
02324
05860
04139
02338
03669
02054
03813
05467
03587
03632
01160
02327
05847
05684
02998
02122
05320
02556
04698
04701
01418
05190
05273
04130
04305
02944
02263
04022
04468
04044
05509
03555
04781
03568
01592
02879
02732
00733
05302
05028
00043
02313
04730
03229
04173
01083
01959
05465
05631
01123
03976
04735
01840
05843
00789
03807
03837
03358
00163
04945
03077
00508
05523
00300
04619
01623
01114
05012
04570
05221
01424
05073
04755
05938
04897
01961
01489
04632
03746
04265
02446
04366
05198
05797
00862
01515
05790
05273
05401
01830
02518
03659
04327
02988
02572
01664
02355
01116
05732
00967
05698
04418
03207
03334
04957
03454
02706
05631
01081
03760
03627
04014
03528
04883
01166
02818
05608
01331
05525
04085
04570
00460
04166
05706
04429
05089
02326
03858
01545
00997
01803
05611
05207
05545
01712
02822
00525
01827
03105
00867
04888
04455
00982
05291
04434
05476
02221
00394
00115
03358
04112
00903
01571
05284
01429
01649
02557
03022
05348
03416
01568
04292
03379
03077
04207
04237
00301
02118
00360
04243
02754
05738
04946
01343
05992
02453
04575
04247
04479
01009
03617
05041
02210
03522
04393
05154
03176
01412
01386
01703
05626
02083
05596
04879
02944
04679
00173
04467
02709
04778
02594
00835
02841
00263
02971
00623
02868
01664
04676
00894
04983
02652
01367
02111
00111
03995
04143
05225
04483
04472
00584
04625
00445
03978
01938
01528
04454
01270
02868
05854
00841
04629
05390
00679
04345
05678
01078
04968
05342
04799
03092
04271
02555
01053
00873
04412
05947
04438
03674
05455
04970
00655
03515
03199
05056
00575
05030
02020
05432
02183
03530
04450
04143
05356
00848
02547
04663
00995
05817
00480
03051
02455
00004
00092
04253
05210
01612
00333
00139
03094
02941
01591
00689
03855
02759
03174
03879
01607
03803
05847
01739
00717
05858
00100
02698
00099
03741
03755
01751
05258
03335
03019
00526
04828
03287
04970
00242
02822
02978
02725
02722
04032
03389
05988
03739
01994
04976
02169
02151
02613
05701
05909
01395
00812
05680
03144
00478
02637
01241
05299
01725
03095
04692
02811
03195
03697
01314
03997
03918
01829
02304
04264
01973
04040
05421
01627
03325
05206
05290
01804
05619
02286
05369
04802
00355
00968
02424
01472
02799
01871
00999
01439
01884
04911
04772
00567
04582
00523
03448
00073
04676
