04506
05702
00665
01970
00383
01830
02128
06659
02765
03263
05034
06695
02707
01292
05629
04575
01698
02367
04846
03757
05392
00349
00291
05903
05560
03286
01382
04182
06574
01823
03430
00643
04640
01790
03288
02717
04024
05169
06523
02737
06735
05532
00504
05462
02796
03869
04952
02059
01129
01069
05503
00688
00358
00358
05415
05070
01415
05787
02152
04324
03688
01817
01714
04751
05538
06328
03469
04805
04005
02989
03592
05005
04437
01408
03182
01743
06705
06644
03222
03812
04878
00248
04169
00153
01586
01434
03087
00470
02236
02883
05234
03349
05041
05378
05732
00689
00498
00425
05581
06109
06777
03806
03164
05805
00034
06127
05886
06501
00871
00502
06701
03949
03299
06388
06032
01581
04744
02925
00944
01243
03307
03679
04442
01022
02349
02464
02768
02749
05813
02084
00283
00729
03993
03080
06267
01140
05356
04654
05694
01485
03553
00021
04495
05050
01901
01635
05158
02848
02779
05714
01486
00833
06089
04325
05075
05138
05823
03702
00042
03576
00368
05181
01323
05663
05289
02974
01545
01415
02278
01952
00978
03739
04724
04966
02689
06191
04129
05964
04817
06693
02879
06751
06044
00252
00008
01065
00146
00614
01244
04263
00213
05221
03381
04073
01713
00081
06459
04630
03561
02792
01748
03034
05740
02466
03667
01725
04103
03408
02145
04496
01908
02673
01593
01638
04304
00849
02173
02509
05850
03166
00951
02089
03350
04263
02986
01803
03730
02228
05286
05523
05968
04125
02569
04063
04274
03080
06227
02814
02004
01457
02499
04597
03011
04360
06653
04045
04268
00546
01885
02040
05839
00349
00244
05454
02433
06117
06321
01944
01009
06731
01916
03976
05794
06008
00331
02275
03607
01950
05271
03932
00590
05287
03817
04447
00595
03549
04926
05814
05413
05445
02586
03003
06293
04856
06025
05387
01834
02576
06256
02403
00642
05771
04529
00682
01763
03679
02045
00331
00640
02091
01300
00125
04023
05253
01481
00128
00599
01221
01601
05910
00894
01885
06745
03116
01072
04819
03271
04324
02309
02269
02905
06049
03529
04456
04218
03421
00791
02373
04275
06410
01855
02545
02318
00451
02196
00687
04245
01151
04483
01076
00265
03954
03437
02686
06287
06671
03205
06610
06261
05021
06581
02208
06114
03893
03691
06022
03211
03974
00081
05022
05281
04389
03578
01508
04392
00228
02232
00009
04323
05085
04875
05309
04875
03132
05076
05788
00862
06694
00407
05160
03796
02586
03935
04974
04509
01363
02619
00888
00631
01239
00822
05966
06107
03391
03301
01002
01750
05890
04985
04615
00678
02320
04612
03189
01386
06473
03592
06668
02092
03464
06635
04873
06443
03487
06551
04666
05664
06032
05742
01618
05330
03813
05850
05066
02213
04476
04914
04869
03197
03011
06409
01565
06465
06652
04625
05983
03003
04941
05341
04112
06476
05926
06691
02059
06251
05776
04752
04424
05806
03103
04342
02810
02945
06355
01313
00165
00083
03985
01255
04553
03905
03033
01181
02528
05946
03235
03542
06688
04241
02715
00214
02062
00769
04966
06517
03248
05131
01232
02480
02716
00762
00692
02073
05074
03320
05511
00590
01698
05257
04161
00999
02028
03509
06137
02009
00099
00852
03980
04376
04940
05585
02329
05817
05273
05953
01996
04661
01084
01101
03237
05497
04218
05210
01316
04138
06494
05770
02580
05319
02871
03084
02721
05031
05792
00798
01847
04112
01705
04194
04024
00201
00663
04031
02170
05016
04885
05454
06715
00037
02373
04597
05489
03168
05335
05921
02723
05854
01396
02988
04301
01934
04871
00862
00916
06761
00905
02271
04215
04920
04136
04266
05789
04416
06116
05518
02545
04904
02102
01646
06215
05611
05965
03016
02026
01657
02565
01139
00195
04440
05110
03969
06616
00103
05095
04996
03038
02659
06125
00493
04733
00723
01828
02607
01359
02558
03896
05634
06564
03837
01664
04836
04613
01594
06712
00058
02130
02455
00330
06676
01578
05596
03176
05614
02455
00728
00073
05602
01060
01736
06558
02699
02188
01238
01103
03973
06161
06601
02726
00576
06325
03978
05192
04243
06536
00519
03483
03486
01694
02288
03225
03127
01580
01294
01984
03286
01455
06291
06451
00044
00522
02061
01088
01822
06394
00549
05870
04368
04951
05348
05667
01484
06473
02132
03088
02881
04532
02484
06218
00680
03410
05238
00934
03362
00876
03554
03840
06478
04597
03326
00359
05559
02610
02149
02328
00153
06745
01235
06246
01924
06342
05907
00851
04409
05220
06783
04270
05649
02862
06775
06249
03613
00674
00750
03829
05624
02686
03405
00140
04105
04827
03674
06715
02645
03778
04196
05226
06577
01775
04997
05706
04565
06785
01322
03482
06027
05930
06399
01045
02695
00458
03795
02731
04897
02418
03659
05434
02861
05447
05763
01258
01628
00038
04110
01138
04187
04206
01102
05146
00889
03822
00959
01182
05831
00332
00974
03483
03288
06751
04568
05177
06247
05034
00589
05013
06743
02998
01747
03658
02277
00154
04838
00540
04490
02906
02829
05904
01406
01545
03112
05467
05302
06651
05557
02326
05374
03628
02946
03643
00385
05751
04189
06142
05237
02596
05816
04283
02436
05330
05016
02648
05444
00012
00188
05718
01432
00314
00266
06426
01072
00775
00005
05554
00812
05835
01883
04182
01742
03812
01963
00253
00140
03110
00147
00569
00421
03772
02456
02752
00491
03497
02495
04776
04798
00592
04376
05533
03386
00892
05706
01202
04071
00333
05913
05443
02766
01840
06692
02514
03739
05001
05723
03158
05085
02831
04846
01580
03787
03813
03297
05961
04353
03089
01468
04925
04743
01706
06366
03765
05875
06499
01473
00862
06117
04638
06328
01185
03440
06719
03973
03343
03785
02094
05032
01146
01671
06280
03010
00413
01291
05187
04824
05721
05193
02748
05378
04782
00788
04543
01155
03186
02871
00050
02131
02065
04976
01967
05287
05281
04071
03916
03330
03648
00076
06200
04517
06444
03535
02100
02115
04239
03849
03003
01744
06037
02840
02239
05063
06348
02583
02690
02969
04903
00875
02767
00707
05695
03274
01155
03049
06214
01191
04026
04623
04409
00328
00234
03831
01553
05465
03286
04820
03014
06153
04896
03485
01713
04065
04447
01645
01580
05813
03112
05799
02201
02035
03852
06150
05324
00729
05806
03747
05909
04707
02303
02336
02542
00337
06696
05905
03597
00839
01427
01594
00678
02591
06311
01603
05169
02041
06574
03529
01811
05314
00388
02110
04652
05218
05630
05760
01308
05215
00837
04439
00706
01568
04094
01688
05699
05148
06407
05735
03811
03232
04767
06633
05892
02239
03555
05879
00776
01619
06785
04142
05108
02258
05258
00628
05171
05069
03241
01765
06659
00994
00203
05131
03409
00689
02010
01420
02076
06379
02138
02269
01480
06406
02158
00117
03954
00061
05432
00172
00235
00324
00044
04626
04995
04970
02079
04252
04371
05991
03425
03560
00438
00933
00836
04786
06645
05274
00168
01744
04174
03907
00741
03320
04080
03341
02756
06577
05430
02685
05003
04454
01757
05056
05843
01927
03364
01836
04695
04410
00175
01397
01114
02207
03688
02587
05205
00577
00899
06769
02941
06344
02171
01257
00221
03131
05166
00266
04453
00386
03538
05971
05887
02666
03619
03226
04633
03650
00875
03581
02164
01522
06252
01242
05224
01020
04381
05034
00530
04458
05806
01575
03995
01303
02473
06751
01718
05626
01063
02593
00741
04604
00172
04372
02072
05691
06145
01398
00244
05639
06716
02306
04652
03305
06302
02859
03599
06740
02057
03893
05982
05091
06523
00467
06567
01138
06731
06170
04466
02761
06799
05973
01688
06019
03160
02530
06571
06253
02731
05401
04599
03577
06556
02557
04627
02050
03417
05947
03251
01530
04576
03920
01277
05440
03614
01127
06069
03293
05013
05215
05736
00301
00297
05114
00706
04731
02008
03810
02252
03140
02484
01511
02773
05278
03326
03812
02012
02338
04832
00911
02311
04116
06358
03630
03107
01299
02650
00055
02361
06252
03548
04880
05417
05497
06410
03301
00470
00119
05505
04840
02894
04645
00000
03891
04660
02184
03525
01225
05675
01163
05271
02634
05665
06436
02544
03653
05877
01330
01732
06024
01847
00802
00354
00787
04027
02097
04358
02826
03466
00172
02936
00057
03525
02179
02037
00466
01702
03404
00455
06721
01637
04259
05476
03025
05011
05599
05040
03096
00711
01792
00784
06701
05939
06085
05565
03178
05538
03322
06160
06700
01120
00094
00576
02375
03493
01858
04981
01895
06112
05710
04504
00129
04029
04942
02297
01432
03250
03705
04988
03659
02668
00402
01505
06107
02128
03527
04111
06251
04608
04583
02125
02096
02189
02465
00173
06328
01060
05863
06437
04327
06086
01537
05674
05500
03031
06766
01131
03634
06787
03350
00055
00658
00936
05690
04749
02742
06116
02861
01518
03432
01084
05452
02529
03129
05509
03192
06675
03246
02371
03525
06664
01317
05708
01418
02466
04949
00792
06793
00269
05715
00776
03721
03717
05681
03887
00574
00117
01521
03441
00795
05261
06567
01911
00013
05807
03884
06764
03208
03398
03887
00216
06464
01123
04902
04566
05838
00949
00466
05347
06210
02004
01088
00630
06615
05051
02220
02054
05634
00768
02944
02733
05044
04320
02074
02087
04207
02380
02348
04662
02405
04682
04941
06214
03132
01466
00061
04984
02270
01430
00533
05005
03885
02916
00525
04865
05492
05067
04887
06209
05352
02256
03752
01594
00189
03212
05287
04112
00469
00187
00030
01431
02227
00084
06638
03618
02798
05552
03535
05286
02433
01817
01636
01625
04607
01440
04029
05548
00900
02923
06390
05571
05862
02569
02653
05581
01674
06611
01777
02692
05555
04722
03557
02723
06486
05463
02532
04463
04169
00506
01807
06611
00969
02642
00530
05996
04091
01533
02804
01917
03354
04446
05309
04432
03711
06305
00626
06490
04495
03595
02668
02442
00158
02114
00214
06782
01889
03862
05685
01233
02833
01628
06402
01173
00908
03957
05523
04521
05125
02463
01528
03767
03771
05351
01024
02797
01224
04298
01532
06757
00272
02087
01819
03667
02569
01106
02821
03131
01305
06423
01636
05965
00523
02873
01771
00158
00252
04999
03546
01860
03042
02249
02074
01165
00459
04685
03187
05629
01523
06680
03054
05554
06352
06315
02708
00581
00824
00884
01829
01968
02226
04190
02452
06470
02746
00678
06719
06228
02973
04730
06733
01810
04708
03680
04881
00309
04414
01025
00267
06628
05686
00944
03581
04261
06084
06523
04426
05668
00591
05309
00186
01119
05760
05949
06539
00353
04002
04790
04066
02409
00613
04052
05615
04390
02609
05672
01806
05473
06616
03400
05114
02823
05716
03590
01804
00370
03472
06251
02337
05155
03315
01600
05401
00622
06790
04281
01164
00081
04551
00511
04711
00082
01526
00984
01652
01557
06797
05108
06216
01783
06156
00791
01717
00313
02722
05630
02608
02972
00680
05264
04173
00918
01767
00755
03478
00255
05610
02823
01690
00075
00526
06739
06035
00259
05925
00010
03168
01618
03626
05529
06272
02057
01183
00736
02512
01951
04467
00459
00332
06633
00415
06444
05570
02146
04831
06679
01700
02791
01006
01146
03691
01681
01642
03366
00249
06512
00086
01262
00823
06593
03518
01195
01773
04332
00341
03113
01648
01980
00699
03458
00117
03931
05963
01589
06036
03002
02688
02771
06791
03514
06391
04646
02450
04762
05807
04750
04077
06701
03581
02760
02333
00375
03644
03741
06737
03812
04290
05237
00855
00277
02590
06103
01278
02712
03086
03774
02087
04322
02668
01641
05029
02540
05480
02159
04563
03688
05281
05548
06340
02574
00141
00685
03542
03399
06745
05620
02384
06741
03946
02697
02298
01693
01777
04685
02956
01682
01884
03115
03087
01375
05338
00638
03615
00561
04247
05433
06210
00575
06517
06215
00274
02294
04891
05552
01830
03221
01831
03684
01983
04610
01920
02215
02366
02920
03159
02425
00563
04078
01531
00257
02752
05364
04923
00981
03163
00300
04694
04312
03683
01251
06574
03201
03498
04235
03355
06436
03121
01414
06252
02096
05521
04225
05465
01476
01317
06363
01476
05230
01830
00432
05949
04690
00558
03974
04773
03075
00749
00579
00106
00049
06154
06489
06001
06799
00625
02688
04049
03295
03691
04366
03852
06285
01739
03861
00537
01205
05973
02697
00668
05730
05817
04748
04920
05316
02061
00872
03227
03596
03464
02249
03943
02567
06715
04628
05488
00917
02250
02392
03185
04421
04808
04048
03945
06335
02609
02497
00003
03501
02224
03862
01364
06630
05473
00326
02638
02777
01761
03903
03697
02755
04545
05633
00240
04494
06570
00729
01505
00870
00954
01048
05710
02312
06588
04224
02089
04713
01670
01819
00557
04656
04572
00919
06623
00737
03602
01122
06003
04391
05902
04478
05275
02125
05740
02289
00890
00570
04123
06491
03191
01383
02884
03429
00365
02621
04171
03555
01103
01184
02943
05541
06793
06306
04635
00816
06738
01685
03039
06019
03293
01457
00040
05273
03950
03918
01611
02379
00073
01551
04034
00271
01735
04587
04125
06321
00722
05417
03274
01068
02352
04503
01823
05172
00844
02407
03955
02723
06639
05063
03612
03311
06126
05643
02868
01813
03933
01001
03285
03252
03137
06193
05235
06008
04659
00071
02777
04145
05601
00927
04699
03279
02878
05715
03834
06748
04810
03380
01447
05047
01676
05018
06495
05832
03067
01962
02500
02709
01468
01267
02620
00896
00406
03301
02578
03402
03297
06559
05163
06377
04141
04435
02531
00849
04879
06072
06118
02738
06502
05851
04410
00237
01692
00068
00521
00308
06568
06032
02445
05997
01536
05712
03668
04899
03403
04621
03363
02394
06277
03511
03879
00205
06028
05225
02198
00357
04759
06090
01892
01367
01702
00850
05586
01387
00164
03302
03041
03253
06489
01731
01235
00066
00700
02851
04034
03473
00550
02143
00075
02651
01777
04210
02450
00896
00128
02917
05897
03936
00856
05404
03339
00306
04108
03500
06370
01125
05702
05767
04904
00576
01617
06550
02699
05592
03028
01937
06202
04398
05321
02910
05132
05714
00971
02788
03456
03288
02685
02603
01438
04325
05752
06307
04748
02774
04653
02077
01021
06397
01064
05257
03525
06058
01173
05773
01799
02114
03085
00734
02655
02318
00632
04046
04363
01826
00118
00611
04676
05000
01785
06128
05579
05608
05754
01058
00766
03927
02716
00057
05929
03994
05966
05841
00169
00853
00745
05820
06637
05060
02633
02381
01541
05508
00041
02756
06028
03551
04551
00513
01250
05107
01190
01863
02610
05902
03715
00654
06275
04328
04719
03620
00985
04157
02714
03586
04187
00246
02369
02615
03295
03522
00750
05411
03058
03062
02958
00930
01764
00958
02465
01011
05503
00846
04746
03283
02760
02410
00021
02619
03743
05727
05928
04563
01281
05756
01394
04673
03853
00960
04449
00306
06019
00881
02768
01876
06087
06422
05948
04574
06453
02642
03448
05036
06351
03886
01287
00490
04690
02081
01414
00893
03863
04334
04620
00553
01509
02411
00121
00306
04707
00681
00252
03362
03915
06325
06113
04947
03514
03498
03879
02490
00084
03376
00720
03009
06645
06101
04321
05920
00786
00230
06393
01639
02030
06107
00559
05097
01049
01708
05636
02952
01618
04084
01111
05898
03101
00656
03239
01749
01167
05780
04147
00348
01654
04875
03341
04438
03878
00952
05854
01607
01694
04926
04387
02861
03833
03320
01012
01401
00273
00470
02085
04104
06013
00356
00838
01342
03323
03529
02245
04766
01369
02521
04484
01927
03149
04919
00964
05902
06453
00395
06016
03252
03849
01676
00215
02549
04092
01450
05393
04845
04945
01578
05138
01910
02073
02959
03261
05778
02667
06337
04032
00353
04605
03789
05053
05232
03791
05129
01576
01870
06279
01442
00028
02764
04550
04036
05817
00849
02186
04965
02488
05943
00269
06446
00879
00949
00810
02055
01903
04682
06303
01950
00458
01811
02526
01972
03251
02569
05886
02436
05742
05130
02271
00273
06150
01970
00843
00875
04621
04038
03831
04893
01822
03276
01497
04470
00542
02314
04915
01329
03953
04586
01197
03604
03833
05895
01217
00658
06346
06424
06096
04269
01000
03925
05634
03772
01330
05306
04779
00484
02728
06071
02824
03414
04087
05761
02873
03733
05029
03321
01113
03042
01319
01975
05528
02662
05697
05827
01050
02763
03109
04783
04279
00231
03948
02404
03699
02886
00307
00568
02329
04531
02285
01337
02705
03843
00470
00281
05809
03839
00167
02229
03407
02204
04165
06020
03572
02024
00292
01656
04875
00242
01994
00788
00025
04454
01822
03003
05335
06357
04462
00000
01099
01389
00480
02368
00197
02074
03408
02520
01077
01448
05833
00739
01897
04900
06655
04644
03076
00430
05336
00877
06523
03549
03307
06186
03737
04175
03888
05069
00626
02907
00023
01623
01924
00950
01973
04767
02873
05246
03769
06434
04777
00710
06685
01383
05037
02430
00648
06573
04014
02605
04672
02788
01180
01358
05677
04613
05530
00950
01064
06799
06711
03566
02818
06127
03128
04832
01441
05803
00688
01250
04213
00299
03393
01706
05865
05828
03260
05341
04133
06771
00325
04009
03361
06002
02930
01771
05507
02474
05010
03485
00697
05221
00058
05648
04066
02894
06314
00066
06119
02008
00047
01963
06648
02695
01970
01530
02384
03199
01245
04343
00042
00200
00733
02533
04477
06506
04322
01750
03987
05355
06292
02570
05144
05650
04176
04614
05549
05879
05008
03117
00155
02489
06681
02382
04549
05995
05262
04521
04007
05164
02049
00287
03659
02785
03802
05845
02682
00674
04000
06708
02031
03294
05444
01361
05127
00427
06333
04596
01845
04222
06445
06743
01154
03059
00211
04765
02433
02554
01114
02764
01953
04142
03743
02760
02459
03987
01072
02734
03243
00971
06703
04426
02780
04613
03557
03413
01164
00596
03796
06590
00399
06375
03493
02643
04591
01066
06480
02333
05728
03320
06474
03062
05442
03274
00745
00984
01296
05329
03539
02691
01045
05068
01188
05098
00926
00966
01661
01034
04026
00832
04330
06072
00510
06214
06748
01030
06358
03297
02501
02050
02518
00009
05267
05516
05630
02228
00963
02001
03420
04143
04039
00904
03883
05943
05426
02649
02201
01813
00863
00773
04454
03300
01842
06230
06200
00944
04790
06451
03788
06589
03446
03472
02982
04433
05511
00736
05258
01647
05106
02408
01828
04913
05808
05794
04817
00145
00509
03450
03136
05332
01247
03833
01763
02595
00096
04875
01951
06712
06759
02383
05059
04401
01542
01339
01142
05476
00156
03753
01865
03136
05913
03201
04315
05243
05778
05092
01195
04797
06171
00659
01448
05240
00945
04506
00597
05443
06346
03309
05976
03153
00419
02621
01921
05795
06697
04326
05512
03223
05892
02808
03359
04458
03789
05121
00855
01057
00401
00627
04174
04752
00253
02359
05285
03782
00761
01709
00784
06069
01537
04671
00807
04849
06318
00897
06762
06037
04004
03383
03921
03100
03940
03204
00640
01202
02194
03465
05018
05944
05665
04898
01741
05902
01770
01833
05739
00064
02171
04822
00089
06160
05228
01348
04815
05564
04892
02640
03184
02507
00011
00336
03572
05753
02929
03118
06401
05164
02523
03744
05929
03075
06182
01510
03660
02826
06627
05135
00237
00844
05179
02823
06051
05830
02572
04065
01302
01796
06162
06509
03481
04314
05169
05383
04167
04993
05021
03100
06405
02300
00077
04361
03911
03158
04020
05138
05279
03257
01215
06475
02449
03341
00189
01255
03938
05004
05720
03882
04558
04254
00738
04029
02520
02582
00202
02494
00236
03624
03358
06065
05073
06149
05787
02984
03626
05381
02303
04858
01003
05471
01504
06035
04553
03992
00997
06199
06378
03653
00994
03716
02620
06703
00305
00947
00577
05939
04059
05466
00984
03810
01831
02258
05223
03868
02601
02384
02036
00980
03468
04163
03923
03552
04602
04713
04138
02303
04439
00653
00112
02327
05022
00785
01428
05034
03059
05780
05929
04884
04664
04416
00767
05844
06075
05106
04013
06740
05916
01831
00762
04407
00173
01584
04396
03935
02034
02530
02759
04087
05399
00428
02903
02643
00497
06326
02921
00451
00845
04802
06131
03742
05780
02738
00260
05168
06112
02646
04278
04050
04728
01087
06288
06003
02375
05701
02488
00720
01307
02450
01126
06197
06762
00617
02051
00000
06798
02166
02304
04638
00929
00708
06179
02356
05956
06357
06749
02860
02329
01569
06215
06730
02416
04670
02538
02538
05502
06567
05933
01961
04826
01405
03897
06732
04578
03159
03241
01872
00378
04135
03693
06431
02180
00219
04846
04571
04075
06029
04604
04251
04281
05031
01154
00064
01657
05814
06043
02562
05543
06506
06574
00476
05171
05399
00245
00704
02644
03611
02892
00376
03369
02876
00532
03882
05179
00221
05639
04935
04814
01901
04038
02065
06582
04973
05309
00871
03878
06444
04264
03198
05044
01633
03632
05293
06185
02403
06510
00533
03220
00024
01568
02683
03118
03592
03337
03524
03288
02238
06098
03580
04384
00267
04542
00994
00547
04326
01516
02708
05212
00404
03877
02770
00411
04560
05750
03553
06032
05655
04935
01839
00311
04674
02905
04942
03918
03761
06111
03424
04816
03745
03059
06477
00534
02122
05914
01795
03092
02359
01905
02474
03327
03442
01910
01506
03118
05499
03028
05004
01006
00053
06166
01267
02671
00894
04076
00165
04220
02409
01195
05745
06264
02202
03919
03247
03235
00765
03244
01366
01837
06419
02306
01054
03777
05658
04367
04995
05378
05063
06702
05106
05700
02899
01021
03251
03873
04111
04204
01747
01660
04614
03633
02989
00434
06254
01385
04501
06044
05673
06713
01057
01441
06350
02994
00916
00857
02496
01235
06248
02972
05224
02024
02422
05544
03379
06625
03381
05986
02842
02573
05118
02964
06474
03317
04952
00324
02576
03861
02052
05925
01251
02341
00439
05734
06285
01206
06687
00505
01959
03687
04516
01583
03504
05351
02621
04910
06458
00533
01500
02164
05634
06244
06279
06789
00298
01450
04260
04416
00740
02760
00800
01761
03341
02051
02620
06687
05043
02864
01828
04757
02677
02559
03645
03934
02582
00718
02427
01593
04509
01583
02332
03213
03068
00900
06261
03317
01066
06406
06518
02572
05887
06372
03708
03380
04588
00873
00436
00896
02293
05606
05111
01234
03868
01983
02134
02399
04923
04514
04003
01662
00222
01713
05977
03759
03914
03057
00970
04952
00110
00683
04083
04459
05365
00207
06157
04099
00004
00025
00451
05469
05798
04332
05323
03380
05282
03882
00515
05700
02437
06326
02314
04960
04866
03712
05864
05536
05187
02911
03914
05074
02554
03262
05262
03728
06216
05213
01559
04866
02281
05784
02670
02906
06250
03796
00773
05422
01721
05141
06137
01987
05560
01502
00708
04420
01629
05312
02667
02882
02808
02787
04059
03477
01441
02162
04475
06001
05038
03472
03326
05588
05903
06473
04631
02091
06310
02180
00649
02325
03750
06372
00858
04703
01095
06478
02964
01886
06242
04581
04008
00363
05279
01728
02399
02872
05577
05005
06094
03521
03451
04974
00453
00926
06618
03346
01380
01716
01422
04303
06746
00540
02541
03947
01996
02571
06742
01514
00495
04208
05863
01010
01234
01149
06540
04842
05002
01389
04869
01217
06155
06179
03714
00971
04720
00515
03245
00293
02376
02746
03620
04714
02909
05639
01874
05310
03938
04237
01545
00567
04824
00289
05519
01628
02653
03806
00706
04886
04978
06424
00424
03187
04679
03229
05671
05113
04949
04311
02654
02231
04295
00031
06654
01063
00566
06620
01369
06224
03360
00616
01909
02248
04196
03939
00413
06647
04157
04305
02037
00455
01225
04334
04583
05687
02884
00834
00287
00654
00374
01264
05327
02828
06517
04776
05664
02172
05032
02236
02294
02054
00954
06096
02142
04978
01207
03354
04711
06647
01766
00745
01930
04609
06579
04755
05447
04656
02248
03270
00717
02445
00071
02495
01078
01304
00231
04713
04029
01228
03096
04078
05405
04452
04516
01465
03319
06327
04149
04891
02399
02767
00845
02844
01348
06760
05157
06138
00954
00339
04262
02429
01510
04138
01710
04187
00677
02414
06559
01622
01545
01564
01210
04659
00673
04958
02387
04567
04724
05357
00049
01466
01418
00485
06676
00477
05911
05489
00275
03655
02693
00325
06338
01755
03645
04906
04349
04438
06321
05171
00835
01908
02201
01871
02897
04498
03448
05208
02761
03454
04858
00536
01616
04106
04348
04427
05553
06560
05000
06479
03201
04511
04236
03159
00800
04836
02166
01392
03416
00564
05054
05435
03878
01813
03280
06153
03698
02924
03284
00213
04300
00353
01868
06458
01077
01616
04249
02405
01383
00808
04298
05830
02578
06694
04467
06512
01636
00940
02982
04320
02180
02602
01744
00202
02172
04910
06274
04510
03152
00920
00474
02794
03199
02582
00062
00361
05365
02047
05045
00009
05962
03803
06146
06026
04347
00015
06014
01779
06339
04887
05568
06382
01445
05099
03707
02451
01049
00228
04532
03011
04737
01224
02847
05739
01766
03440
01781
04952
00804
06699
02084
02969
02063
03228
04099
03504
06480
00799
00672
03347
05440
00233
02345
03439
06207
02316
02979
06604
03073
02873
01434
02891
02327
04944
06053
02203
02373
03684
04709
05019
00709
06010
04794
05803
04728
04255
05794
06667
00564
01801
02527
00901
01294
01478
00100
06054
02165
06465
05900
03127
06681
06419
00534
01642
00470
06725
01489
01552
05937
04788
05584
01639
04013
06013
02426
02561
06346
02776
01554
05280
02940
03842
01805
00781
00867
02498
05429
03271
01852
01661
06585
03209
05459
05044
05374
01140
01251
05707
05191
06028
00188
06581
03660
00415
01056
06315
06538
06703
06330
04203
03671
04593
01499
00157
06592
03806
01955
03841
05489
03095
02728
00708
06608
02677
00709
03058
00902
00350
00786
05861
00971
02628
06236
00379
01373
03527
04722
04677
05404
05147
02859
04636
02022
02484
05094
05151
02426
02765
03856
01047
01803
04169
05420
03595
04019
06433
04066
05599
04017
04715
02119
00503
03681
01996
04084
02234
00982
00036
01926
02002
02438
05415
04545
01791
01746
04764
04833
06107
00400
06799
04047
05336
05384
03825
06701
02678
05799
01135
01214
05265
05123
01936
01365
04998
01612
06503
00072
02934
03483
01081
02400
05444
05130
03832
01312
01192
03183
01518
00960
05510
00759
01637
00645
00968
01563
06611
01054
02328
03665
04388
05278
03210
06465
00287
00545
03430
03218
00650
01116
05715
05057
02202
06726
05823
02333
02066
02333
02779
03954
06604
05206
02595
00417
06486
04117
06284
04232
05604
03013
00358
06019
01908
01732
02288
01454
06302
03950
05306
06437
05257
04053
03334
02123
05723
05866
02056
06387
00393
00282
03181
03855
03148
04984
02103
04211
06021
05443
06438
03252
03431
05315
03667
01474
01058
06246
03046
02543
06464
00225
04199
01675
04376
04357
05537
03582
03617
04800
06034
01984
00544
00269
03856
04697
03922
06153
00214
03056
02453
01763
06091
03650
03696
03407
01715
00194
01779
03750
04015
05031
06714
02318
06256
01590
03179
03058
01305
01212
05902
05710
06130
03064
05852
04665
01081
05060
06784
02062
06691
02334
01995
03289
02032
03207
01316
03819
01420
05527
01644
03290
00273
01626
01806
04041
01450
06491
06341
06463
02643
05612
06105
03862
01756
02207
03137
05362
05980
04692
03820
06747
05794
00096
00267
00937
00311
06326
01142
04156
04063
06388
03390
00197
06223
06637
06434
05717
04696
03342
05644
00192
03377
01696
01427
00476
00035
01961
05939
03884
04493
06670
02409
01620
02568
03177
03464
05192
00453
06339
03706
02533
01555
06351
06608
05340
02317
03459
04810
02470
02223
02371
00642
06633
01321
06124
05490
05334
05884
06202
03590
06667
03073
04854
04156
05772
05225
06095
06568
03321
05983
00147
01700
03899
01530
03739
03813
00353
01198
00849
02808
02370
00242
03086
04843
02382
03437
04596
00649
02774
01402
03749
03245
04372
05594
04207
00168
02343
01480
02612
06205
06479
03127
00698
05881
02690
01592
04651
02400
04057
00008
06154
06658
00587
03222
05155
00045
05763
04866
02285
04348
05952
03585
02800
02925
03721
01373
03165
00273
04027
05418
06766
02812
02032
06179
04794
01852
00782
06290
00421
04502
01625
05438
02018
04219
03638
03679
05478
04090
04397
02509
01915
02928
00153
03830
02109
03402
02400
05055
01604
02683
02298
02002
02815
01705
04944
01749
06345
01425
05266
01483
02347
02779
03412
04404
01038
02184
01734
05952
03739
05831
04783
03969
05297
06264
00629
00925
03169
01720
03980
04962
06425
01370
03129
01637
01420
05831
04737
04611
03995
01612
04915
05272
04834
02402
01182
05438
01249
06411
06096
02509
01589
04968
03533
02593
03251
02296
06120
00921
02960
01418
02641
00812
03280
04915
00187
03766
05625
01739
04728
04352
04387
00242
00452
06573
04990
04753
03083
02912
05328
01226
00200
05739
00666
03073
02971
04947
04789
03908
01285
01695
05550
00902
03331
02543
02460
05129
00053
02058
00826
03945
06634
03855
03829
04758
01834
01469
06771
02426
00943
06750
04206
06457
00273
02398
01036
00165
06093
06361
03132
05985
00929
00354
01775
04382
03814
01809
00481
04753
00731
05684
05891
03189
00794
03638
06566
05293
02329
04156
02373
05234
01791
00844
00047
02490
06480
01321
05280
06058
06727
04217
01388
01922
02080
01959
02871
03350
06463
01988
00484
03006
05088
00009
04823
04707
00924
00183
02617
04969
04340
00544
03784
00972
00701
03166
04856
02003
01049
02688
06554
01106
03806
05622
01160
03771
02213
03954
03130
06260
01585
06798
02728
02547
03113
00092
03164
03286
01780
02264
05474
05936
04656
04074
03520
03150
04735
04600
04284
05223
04703
00632
05535
01233
06709
03251
05428
04673
04725
02310
03308
03626
03744
00993
05841
04519
02522
05010
00501
03587
03494
01164
05254
01077
04241
03584
03536
00298
03432
06798
04768
06027
01671
01317
01697
02797
01487
01094
00804
03735
02611
01687
05600
05693
02368
04803
02980
06331
03830
05294
06757
06654
03399
02999
06521
00845
04010
03734
05118
01077
06204
02164
00471
03329
06341
06362
02724
00856
04930
03762
02302
01505
01588
02090
05788
03489
02661
04855
05188
06021
00066
01093
00689
05483
03145
02621
03709
01083
03648
04143
00684
06595
03039
01775
04262
01647
01628
03372
06046
04344
04066
01947
03139
00819
04972
00754
02338
02618
02019
00097
03062
01624
05858
03243
00622
05134
04818
00785
02169
02419
01111
04032
00736
05928
02390
06705
04831
03352
01153
03870
01170
00318
02977
04149
04153
05266
04639
05172
02216
05900
02639
01396
04317
00425
01257
00307
01022
03194
05253
05449
03998
03081
05458
02348
03260
05447
01843
00559
01449
04161
01144
00405
06628
05265
02484
03348
05955
03265
02208
00612
00928
03418
05659
01590
04605
06778
01884
04193
01382
04900
06086
03272
04226
05618
02134
05208
06181
04805
03260
01645
01525
05949
01108
04772
06423
04916
02224
04651
03686
04804
03412
02005
05951
05225
03549
06266
05755
04641
02366
01819
02938
03200
02073
05858
01305
00704
06375
04471
03071
03878
02596
03664
05850
04320
02170
03488
00945
00234
04696
04976
01765
00207
03166
00236
00857
00141
03832
01636
02539
06257
04197
04466
03134
06610
06178
01051
03061
05018
06760
00478
02142
02862
04255
04986
02025
06638
06173
00077
03876
02200
03120
04118
02292
00503
01539
02268
02162
01497
00144
04648
00415
03375
00226
00988
02678
05101
04230
05063
02220
01217
05902
06673
01766
03280
06353
02992
06600
02204
01459
06398
01125
03378
02588
06449
06648
02671
05367
05082
01838
00323
05609
06537
04013
05662
06092
04285
00053
03894
05160
00362
02418
06507
01261
00979
05723
03890
00687
01559
05034
03517
02701
06295
03144
04875
00496
03093
00389
00748
06189
03641
02080
00413
06056
02573
00377
02338
04165
06504
02113
04289
06747
02696
00650
00587
01256
01688
04161
02550
05451
04641
06612
04117
03730
03181
05329
05385
03760
00055
03533
04048
00794
03053
05950
05420
06527
01431
05766
03279
03538
01602
05676
04626
02549
02661
06152
01013
05220
02517
06603
00896
05611
01972
05737
00072
05444
06404
04500
03070
03569
03753
02614
04305
06562
01996
00475
00708
05540
06267
05400
05082
02247
06126
04860
00653
05050
05077
01473
04110
03476
04798
05567
05974
00817
04898
01390
06331
02568
04783
03317
02079
03366
03808
05364
04323
01609
04504
03498
00616
02714
06573
04820
03526
01655
04561
03875
02997
02012
03645
04025
01336
04206
00086
01407
04619
03347
01281
02998
02929
00114
06386
05624
02960
03267
02560
02794
00600
00322
01925
01281
00174
05461
02929
02493
00279
01191
01694
06390
02671
00832
00751
04674
04650
02611
05793
05201
06754
06021
01331
00373
03519
05765
02530
03681
04500
05916
00109
00444
06614
00865
06024
04418
02680
06745
04587
02728
06193
03802
05706
04665
05055
02139
04288
01762
04341
03610
00148
02135
01984
03881
04718
04976
05687
01526
06563
06771
01968
00917
03947
00207
01120
03100
05108
00210
01371
02058
05552
00744
00073
03045
02857
02960
05753
04784
01332
06077
01839
03909
03171
01094
05960
04340
00261
00378
01759
01192
01528
06196
04217
06450
04223
00406
05978
02501
06414
03413
01386
01357
04338
04737
00450
05244
04414
03407
06160
03027
03855
01477
00267
04185
02577
03954
03136
00651
04235
05960
03434
01536
01206
01398
04464
00888
04283
04630
00777
04864
00585
00591
01515
00357
03334
05112
04896
00211
01837
00058
01242
01976
05510
01553
00397
04074
02915
04463
01434
00561
02070
00461
03405
02866
06432
05022
05868
01913
01508
05810
04288
04979
00202
05988
05312
04965
02496
06160
02008
05805
01179
02293
06089
03075
02715
03106
06553
05579
01404
00753
06379
04233
02809
00205
00618
02049
02203
06001
01232
06059
01919
04686
04579
01888
03429
06408
00718
02755
03972
00494
02445
06655
00204
06308
01393
00120
04931
02782
01348
06736
01921
05356
02471
02714
00455
02237
03959
00051
02506
06129
00703
06001
00878
05087
02198
05499
01197
02911
03977
05763
04087
03077
02515
06700
06771
03866
02616
04140
03107
01593
04417
01487
05493
06371
02978
04405
00950
05584
06584
02793
02786
01715
06350
00495
05654
01048
01166
05450
03895
04924
00740
04407
04795
06329
06510
02809
00404
06029
03952
02722
00077
02086
03973
00778
01165
04892
03231
01135
03161
05770
05567
00794
05126
02971
05600
03609
04604
06077
06446
04367
00118
00517
02564
05412
05237
04015
01987
01834
05044
02783
03455
05165
01351
05561
01298
05654
05613
04217
04724
01293
06452
01664
04066
03496
01979
02429
04731
02020
00994
06723
06714
03278
02926
04332
00414
06303
00730
05946
01237
01746
05655
04373
04950
03715
04259
00359
03502
06630
03688
04480
04371
05393
05451
01670
06772
04599
06517
02140
04033
05058
01998
00190
01559
02077
00325
02295
01940
02811
03292
02383
06120
04998
00368
04468
06556
02600
01431
04131
06173
01311
04434
05667
03664
02225
01458
05871
00554
05581
04854
00014
06231
05977
04786
05137
03688
06525
06380
01816
03722
02604
05568
03697
05729
02122
00868
03518
02660
01102
00181
05121
00833
04933
03088
05943
04961
04368
05469
01295
06678
00252
04069
01574
05169
03068
04692
05008
01761
03365
00585
00276
00790
04566
01387
02532
06211
01793
04470
00280
06673
01258
04675
05846
06768
06556
02581
02672
05688
03394
03440
00491
03262
04377
04292
02711
04259
04591
06167
04671
04822
02983
06448
00015
00842
01309
01903
05069
00434
06608
02843
02262
02168
01553
02612
03094
06061
01991
05542
02802
02299
06348
03951
01334
04678
00007
03367
05766
03344
01206
03150
05987
03068
02760
02821
06285
01419
04485
01794
02799
05090
01499
01478
03868
04285
02566
04827
03427
03548
02602
00647
02129
01787
02192
03646
03924
01712
02987
02420
02184
05214
01430
04607
03696
01206
02636
06714
01970
03101
05571
02870
01551
01720
05669
02284
01949
01460
04317
03870
02211
06610
01115
05019
04433
05007
00996
04737
01834
06498
06585
02716
06511
01103
04081
04013
06185
02616
01910
04198
02210
00819
05769
02913
04160
04807
06227
02448
00095
05040
04346
00192
02730
02418
05644
03575
02054
04810
06394
00092
03243
00735
01972
04549
02576
06072
05453
00347
03522
02231
00203
06747
00704
02195
04173
06358
02614
04387
03577
04663
00052
05958
01553
01716
01675
06192
03713
01022
04420
00911
02616
00563
03356
06700
03393
02003
01743
02988
02925
04943
01168
05478
03358
02349
05570
04687
06338
00200
06086
03297
03018
02181
03218
04650
04727
03728
04906
00961
03328
02597
02382
05699
04913
01306
04080
01627
06740
04089
04800
01537
00405
04460
06006
02649
02356
02481
05002
02620
05180
00925
02067
01524
02043
04813
01003
05280
06670
05719
03596
03367
05947
04175
06138
03818
04538
03765
04923
01842
01696
00044
05543
00313
02313
02246
05640
03972
00353
06442
05870
02365
02688
03880
03026
06096
00208
01171
04853
01611
00972
00477
04356
00584
04790
01441
02970
00279
00373
02569
05410
03220
00458
06207
05863
02569
03229
02865
04683
05756
02905
01646
04960
06664
03488
03036
04198
03881
04876
02012
01554
01521
03428
00774
02663
04728
05191
03198
03283
02416
04968
00136
04809
06022
03957
05975
04358
01476
05606
02881
02754
00148
06047
04126
01541
06639
04946
03343
04292
03572
03860
04652
00855
05028
03354
04934
00152
06681
02912
03643
00473
00855
02325
05143
00418
03579
01575
01207
06727
01952
03734
03561
01346
00416
05272
05808
03138
00663
00553
05412
05151
03268
01932
02102
04600
06265
05746
02033
04267
06625
01429
03067
00080
05633
04242
02090
01651
00951
00242
02276
05741
05199
04963
06767
03774
03429
00615
02328
04617
04004
03561
06047
03659
02717
05111
04062
00633
05747
02048
00138
03317
01395
05372
03331
02012
00834
00050
04054
02048
04878
04794
00833
06717
01046
06240
04918
01450
00374
01313
01129
04143
04826
05158
05572
01661
01891
06346
02202
03293
03400
03641
02759
03097
04084
05783
01958
05089
00861
06009
01565
01724
06213
01620
01875
04540
00473
00001
06162
03867
01863
04250
03064
05399
05532
02868
01127
03528
01211
02312
01227
02794
02522
02656
00428
03180
00711
00074
05113
00227
00247
00204
03221
04491
01183
05380
05166
03804
00028
02922
05095
02069
05148
03766
02392
01351
00351
04119
02572
03440
01528
01959
05000
06403
02414
04056
00635
02689
04464
06474
05840
00182
02485
02301
01360
02178
06240
06206
06261
00802
03522
01728
03849
01930
05946
00248
03118
01810
01415
03268
04775
01754
03087
02760
06594
06523
05256
06551
02057
01068
03187
05643
02686
03533
04696
06738
05124
00980
03404
05605
01292
01186
05024
01717
03085
00576
05028
00388
03917
03019
02184
01790
04828
00794
02498
03474
03792
02808
05019
00369
00330
03986
02228
02497
05735
05982
05831
03342
00147
00374
03976
02190
01704
05808
04778
01535
02085
03659
03742
06576
03530
05640
05814
05705
00927
02530
05607
02615
00787
02076
03597
06392
04370
00054
00232
03807
05840
04235
02948
02725
04115
04586
05895
06476
00093
00447
02228
03761
00374
01118
00636
03646
02872
05723
04468
03577
00612
01032
05649
06412
06098
04268
00880
03249
00437
04173
04146
01690
04493
02458
03125
03003
05302
01159
00830
03941
04350
06533
05057
05503
02916
00253
02643
06082
06748
05961
02071
05378
03871
00048
04965
02549
02271
05260
04969
04737
05495
01658
03911
04278
05153
04509
01308
06500
01394
06239
06495
05962
01872
04517
01095
06157
02307
05885
05398
02962
00777
06551
06659
02472
04612
02109
05957
05685
05422
02800
04763
04795
01421
04209
06585
06486
06225
04793
06221
02773
03529
01526
06368
04914
06310
02514
04120
04816
04248
01217
01257
01296
03188
05111
03228
01600
03847
01091
00392
02048
04228
00012
03020
00227
05001
00967
04238
05759
02624
05698
00894
01616
01313
05952
04132
01791
03877
03698
01801
04090
01877
00398
04689
01585
04065
06270
03413
05900
01548
01511
03199
03580
04548
00628
02142
05117
02976
06239
06330
06612
01955
05804
03425
05195
03421
05010
06096
05990
01776
01143
05373
05793
05535
04375
06033
00456
00963
05024
03075
03218
04343
06636
01919
06379
05699
03068
03942
01293
03399
02782
04111
06746
04525
04571
00075
01209
01216
02320
04310
05162
01356
06150
05402
05128
00059
06304
01165
04266
01374
04289
02474
06117
03165
00263
03309
02562
06277
00776
02472
02887
01552
04999
05859
04213
04771
06739
00096
06366
05760
02076
05468
00496
04748
02195
05394
02835
00043
05102
00442
00682
01367
06692
02990
02409
03120
05819
05868
01268
02541
04187
00296
05392
00992
05198
04585
00217
01272
02231
02580
05470
06720
04765
00582
06556
03941
04306
05322
03350
05268
06244
04746
00046
01282
04351
05235
03891
01813
01852
02641
05030
03040
05547
02665
04058
01628
00248
05830
06233
00513
02557
05658
06141
00548
02388
03046
06178
01770
01351
01622
04821
01435
05718
04467
05944
05682
00132
00156
00821
02160
03247
03391
06044
01329
02666
06192
01003
02294
05321
06124
06249
03601
01160
02056
05600
04784
05159
05346
01621
02848
04566
02889
02980
01186
00921
01721
01164
05323
01273
02798
03573
05622
06263
00394
03594
02420
01741
05585
06390
04372
01459
01489
01151
01437
06715
06064
02058
03240
05866
03037
01193
02874
05555
05448
06632
01071
00049
00462
05488
06787
03856
05533
03445
04649
06313
04518
06739
02094
01641
05808
05536
00952
03388
03208
00141
03465
01947
02998
02798
05407
04000
00316
04724
01821
05889
00888
04692
04884
00545
02296
00070
05707
04510
05565
05947
01407
01960
04695
05499
04131
01360
01216
03435
06744
05464
06630
01496
04487
02124
00288
04274
04491
06797
03473
00696
04749
06166
06586
02732
06135
00685
01962
02242
00234
05816
01249
01434
03738
04760
02098
06056
05110
04759
01383
04700
03142
05498
06302
00851
00878
05715
06096
02890
03631
02101
01634
06697
03309
03076
00581
02356
03819
04569
05433
04697
04689
04176
02126
00135
00912
02606
03914
03292
00220
03250
03671
05592
02968
05878
05572
01603
02736
00898
04267
04360
04975
05549
00531
05933
00561
00977
01180
01552
03587
05210
06423
00575
01639
02555
04744
01396
03731
03533
05812
03755
04697
05572
01109
01490
00321
01313
04988
02748
00242
04365
05125
00993
00511
04953
03862
00566
06190
04271
03490
04132
01141
01364
06378
04808
05629
04573
01667
05462
06249
03626
05955
00667
03919
04723
01524
05822
00868
02222
06203
06209
05815
02890
06114
02410
00547
03820
01377
04777
05288
04995
01708
00805
00820
06058
00310
05607
01930
01673
04339
03938
06148
04872
01370
05038
05333
03826
06714
01728
01943
05057
03220
03815
02867
04828
02022
04774
06240
00026
05719
02377
01922
03873
03678
05189
00611
02032
03261
04097
06592
00645
05035
03595
04906
00588
00704
01640
06525
05892
01769
02124
00413
05711
02571
04338
01051
00727
03732
03817
03784
00216
06669
06059
03377
03501
03115
05498
05096
05755
02293
02105
06563
03412
05504
04981
05134
02425
01126
01247
02187
02431
02310
00423
02378
03500
04916
01589
03619
02542
03457
02983
01344
01609
02453
01346
04840
02571
02169
03415
05734
04654
02561
00453
04216
02185
04918
00484
01123
02051
04242
01445
05924
01205
01508
05475
02929
03307
03716
01701
06014
01607
02257
00852
03836
04481
01573
05780
01596
06335
06634
05312
02225
03389
00486
03926
01843
03434
03601
06236
04527
03822
06439
04494
05452
00827
01113
02742
02376
01680
02398
00182
00673
04276
01127
04836
06384
05653
03360
01411
02128
04925
00195
04074
05453
00125
05622
00835
03447
04905
05300
05314
04421
00672
03882
06064
06342
04502
06135
02531
02466
05087
03382
03275
01023
04810
01545
03116
04737
05560
00891
00259
00265
04584
02503
05895
