00181
04875
01602
05547
05234
00329
02232
04875
03823
03735
02365
03253
03376
06795
06013
00243
03443
04997
04082
06110
02826
04404
01038
05924
04973
02273
01029
02092
03285
03827
03372
03652
03506
03324
00978
04573
02654
03689
04457
05624
00023
04071
00029
00034
06642
06382
03946
03286
01139
03948
00907
05611
06123
00007
04456
01497
00219
00397
06396
01885
06195
02461
03940
00976
06878
00366
03049
02637
05669
00640
06820
01019
05736
04755
02577
02251
06872
03452
03470
03712
05176
01884
05126
02556
00411
05199
04438
01458
02705
03842
06850
04450
01466
03573
06813
03613
06770
00364
00768
05680
02289
01610
03870
03956
04030
05271
05926
04990
03021
01123
03801
05781
06724
01016
02791
00101
06788
06369
01752
01792
01896
05313
04168
00592
00122
01055
03440
06140
04833
06140
00619
01671
01956
06491
03146
03875
04081
00426
03365
04568
05094
06701
04052
00238
02536
00516
02853
02053
02106
05603
05679
00570
05139
01953
00088
00487
00687
02831
00920
02507
06540
05482
01910
00381
04177
06432
04245
00417
00588
03968
02528
00237
02485
04440
06482
06429
02519
00881
00818
00433
04447
01566
04658
05729
01128
05695
00563
06167
05426
04585
01425
03388
02303
02263
03653
00693
03231
04339
06117
04265
04904
03299
02652
00752
03208
04387
06707
00829
02067
04071
05112
03993
04276
06282
00305
06135
06375
06231
03005
02707
05789
03957
02532
00475
06865
03370
05208
05830
04585
01357
04845
06071
05432
06044
01405
01587
06885
05981
03492
00923
00125
03025
04440
00148
01782
05080
05149
06206
05314
06584
05866
00944
04790
04447
06340
00062
04492
05116
04347
02009
00088
01074
01902
03444
00330
01366
00631
01304
03094
02468
02985
01793
03704
03828
00031
02624
00488
04486
06546
03309
06319
03818
05354
02098
01680
04588
00813
03199
04077
05045
02490
04126
02997
04931
05274
02131
04619
06026
02841
01596
04406
03747
04489
00842
05177
00375
00151
00967
03366
02781
05107
01901
05370
02318
06600
06241
06655
00678
04716
03465
04587
01788
04596
00008
01753
04462
04973
02328
01470
01143
06817
02318
01082
00286
00792
04922
04388
01999
04013
03070
06420
02182
01568
03772
01161
01980
05402
06341
01108
06134
05909
04257
04176
04150
03963
06849
06894
01617
05874
02151
02141
04959
01638
04632
01724
04220
05762
06746
00381
02952
01969
01045
02062
00839
03557
05060
03010
06155
01955
00725
06369
04953
01287
04813
02049
00442
01289
05107
06882
03422
00461
02405
02577
05738
00243
01456
06230
03131
06212
05985
03699
02080
01358
01131
04209
01442
04659
03277
03881
04312
01334
05118
01992
04193
02238
02007
00033
04872
01163
05099
06212
02151
02435
00521
06877
06437
06366
00279
03186
01846
06482
04383
05090
05570
04786
04954
06287
02393
00334
04201
06327
01066
02004
04432
04759
04407
03743
00295
02809
04046
04574
05445
00820
05930
02879
00575
05770
05195
00093
06269
02086
05305
04583
05940
01852
02992
01032
04136
06894
00066
04712
00750
04868
00602
05766
03103
02764
05812
05533
01163
01489
03389
03280
01008
00695
06749
05425
01636
05400
01457
01901
06393
03837
05084
05863
05693
04823
03694
02227
00402
03057
03799
06084
00787
04736
02375
00754
05910
02894
01598
03208
01529
00600
00903
04322
03349
00223
06198
03306
02186
00078
03755
00166
03545
00559
04755
05886
04461
00503
01161
05753
05907
04828
03226
04071
05429
04542
00114
01557
03702
02582
00875
01049
03364
03391
03656
02168
04208
06394
05427
01489
03975
02842
04176
01504
02979
01420
00018
00582
04900
02850
00669
00416
06761
04859
04326
05811
04947
00335
06490
03439
06511
05178
03461
01683
03105
03470
01572
03873
02565
00539
00983
05539
03555
02229
02208
03339
04400
06133
05157
03652
02767
02422
06845
00658
02590
00455
06574
02892
05788
03251
04992
03148
02909
01188
04902
02475
04110
03568
04665
02863
03116
03074
04789
02731
04336
00922
00384
00579
01560
00941
06080
01362
00492
05408
00998
06757
02987
04322
01112
05261
01475
04829
00211
04596
01060
01006
00848
04640
04573
02986
03662
05133
01640
05547
03191
03338
06676
02475
02784
06200
01106
02219
04435
04675
02370
06871
00175
00946
00244
01342
02859
03070
02797
04814
01252
03010
05871
04350
05097
01482
05518
00536
03917
04466
04475
03702
02620
02403
00342
05796
06235
03025
00647
04877
06638
03876
04838
00048
01904
00233
05033
01278
00151
03227
05192
00809
01034
00084
02727
05019
01348
05586
00755
02233
00070
06528
00178
03331
04080
04254
03815
00551
02646
00096
06763
06554
02458
03392
02490
04646
03963
03974
04353
05378
04559
00981
01223
01391
02666
00552
01128
04701
01276
01103
00930
06050
03502
01573
06512
00179
02350
02204
06802
04410
00456
01315
05726
01879
03241
03851
02585
04819
06029
04665
01949
01290
06217
01572
02395
05604
02684
01528
01914
02777
06163
00646
01862
01079
03225
00230
00804
01437
03316
04420
04143
01477
05178
06728
04336
00870
00896
02830
00867
05697
00417
03881
02085
01986
03880
04319
03358
05520
01835
05446
03892
02845
01500
05594
06895
06639
04610
04296
01917
00593
03717
00403
04890
01814
02491
06893
03548
00053
03079
00796
06704
02756
04020
02328
00869
02799
01028
03454
00006
03286
06447
04675
03052
05507
00447
06340
04974
01403
00377
02353
03680
04711
03413
04584
05812
04895
00772
01031
04563
01766
06483
04850
06261
01334
05425
01148
05324
03751
01001
05414
01611
02939
02534
02951
03772
03478
06515
02855
01546
05823
02463
03714
01557
00283
04516
03659
01584
05900
06392
01954
04689
00379
02166
00983
04573
03580
06057
01987
03027
04224
03651
00970
06755
03490
06629
02554
01921
01397
00854
06643
05783
04098
00228
00779
02664
00093
00262
00373
04550
02343
03644
03450
00222
02507
01201
05368
03285
01213
00747
04511
06810
04949
06754
06258
01896
03848
03022
03672
06570
00319
00363
04661
05766
00533
02615
00863
00692
03818
00031
03413
04766
01337
01888
05827
01978
00530
06013
02344
05831
04111
02853
02489
05473
03038
06174
02663
05533
02701
02665
00457
04017
02357
05958
00240
02306
06111
03497
00444
02786
05528
06647
06516
01125
06713
00975
01537
02248
03973
02420
06187
05017
06691
06819
04930
00404
04399
00395
01188
00950
03528
06017
06813
01232
05252
04907
03356
03331
04701
00017
04229
04566
01085
00854
02989
04694
04389
00041
03984
00925
00910
00683
02482
06898
06497
04770
03924
02622
04937
04449
05490
00916
06698
03991
02780
03740
06449
00726
00910
01597
06415
03316
03993
04088
04384
03448
00676
01561
02710
00475
06047
01985
03471
00651
05980
01383
05316
06174
02840
01784
03526
06308
06540
03910
04515
04262
03897
02532
00239
03703
06861
02857
03305
01517
05990
03784
01589
05801
05910
03019
04616
03757
06236
01119
03643
05906
05945
03247
04749
01542
00489
03834
03888
04240
03503
00296
03967
05787
06022
00498
01969
01858
00110
01481
03942
02229
00574
03625
03333
06229
01394
02423
05382
02886
01621
02085
06274
03618
06502
03582
04411
00766
04889
04744
00130
01409
00650
03691
03733
05389
02057
00176
02825
05303
03744
00820
01875
06019
04850
03948
01574
00905
00125
06181
00669
04554
01084
00341
02940
06793
02963
00148
04843
06611
03583
02146
03036
01991
03085
05113
03617
01833
04455
00467
04107
05586
00576
05255
05619
04008
02586
05225
06102
00575
03150
06113
02788
06074
01007
01720
02501
03881
01702
01434
02997
06073
01019
06131
05078
04955
03093
03988
01761
02407
02025
02575
02389
05867
00297
00820
02724
04211
04858
00344
03040
06552
03001
00908
05377
06402
05923
01878
06269
01729
06186
02374
02485
04727
05588
00420
00168
03687
02165
06876
00419
04309
05305
00264
01945
03146
01279
01934
05675
04533
05790
02276
00679
00688
00779
01329
04781
06613
01356
01166
04777
03488
03156
05743
03194
06594
04271
03237
03647
03988
02953
06647
06031
03390
05748
04577
06621
03471
04435
02329
01127
02390
05998
02155
03438
02648
02867
04484
00807
03468
02174
00010
02544
01020
03306
02570
01333
01705
04637
06006
00046
06511
03578
04511
00595
06480
02178
03984
00347
03195
04520
03726
05210
02829
00522
03547
04330
06518
05466
04282
01933
02986
01881
06236
05698
04368
06800
03769
00577
00121
05696
02286
04840
00074
01888
02619
03725
00295
06702
02951
00538
00052
02155
04088
01273
00006
03902
05076
02172
04635
05291
00917
03776
02472
00573
05761
05859
04504
02572
04167
02695
04257
01225
03362
05091
02622
06406
02064
05485
03384
05134
04806
06686
04203
06695
03511
00663
03870
04849
06808
00037
02128
05578
06132
02387
01213
06773
03388
00403
03507
02889
03856
04943
03218
01836
00346
04407
06204
02032
05369
04297
04463
02537
06207
01347
03393
02248
05367
03673
04133
03013
00257
02811
04135
03896
06096
02084
05270
03007
06655
01110
05419
04428
04141
05516
06175
03753
05594
05150
04090
04250
00122
04915
01931
06130
01144
01854
04360
00359
00189
01123
03894
02348
05829
00740
01042
01880
02087
05676
06719
06881
03888
04077
02175
02567
05597
01191
00565
03156
02982
01529
01174
00069
05851
01035
02325
04211
04050
01785
03537
03987
00596
02284
05530
01411
00433
00171
02087
04659
02672
03762
05282
06797
05180
02818
03603
00406
00452
04056
01180
02765
01349
00609
06354
01913
05833
03927
01864
06822
00033
01214
00085
00389
02784
01513
05524
04926
00368
01648
04892
00408
06551
00240
00678
05005
06791
03843
06519
01987
05518
02131
03767
04655
00352
01373
01304
04024
00694
04228
00073
05760
03125
02804
03662
05468
06350
01194
02077
01714
05793
05296
02911
01752
00188
06723
03489
06058
06840
03203
04727
01445
00724
00003
05082
02804
04479
01712
05366
04897
04917
03833
00043
03229
03809
03435
01349
03556
06013
05323
04168
01745
01299
01005
01942
01842
00708
01018
05719
02012
03377
02582
03963
06613
00073
01372
02958
03066
04282
02497
06042
01013
03859
01436
05487
05366
04451
00179
05651
03922
06393
06519
00570
01120
00443
03265
04379
06670
02398
05126
05749
01991
02332
01341
04411
00805
03957
02220
04859
01291
02812
00729
03347
00886
04898
00066
01472
01613
02161
01269
03879
02565
02570
05974
01470
00250
01073
02183
06860
05917
00998
04091
05395
00739
00954
06414
06883
00761
02469
04153
06004
06605
05138
04429
02164
00744
01181
06135
04887
04586
00623
01135
04596
02778
00261
03366
00233
04185
02949
00159
00352
05446
00261
04868
03212
05332
02218
01215
05703
01104
00435
02095
03189
01549
05744
04478
00783
04954
05244
02362
01007
00871
01291
00863
02988
02700
05717
04725
01262
00828
01022
02409
02954
06217
05810
04854
04853
04034
00778
04935
02883
01374
03562
01624
02423
06327
00326
04050
01147
04356
01364
05472
02033
06859
02247
02768
06609
00044
02806
04803
06638
04098
06117
03829
00120
06799
06193
04221
02065
00213
03240
04697
01711
05520
03219
06702
03706
04003
02372
01471
03667
05446
00679
00376
05920
00629
04045
06618
02157
02448
00945
00414
03012
05205
04398
02847
06693
00008
02747
03028
03637
05748
03225
01972
00735
04405
03968
03741
04461
00965
04885
01488
00093
01493
02648
01119
00301
04607
02703
03445
01535
02963
00620
06448
06837
04027
01809
03344
01673
00634
01422
01332
05816
06645
00809
04377
05599
05893
02016
01627
05949
03337
03074
02429
06332
04169
01692
02501
02524
01875
03089
01753
04102
01966
04934
05881
06745
02833
04341
06099
05500
04812
06892
01809
06383
01494
01188
00849
02836
00041
03643
05570
02045
00911
02015
00943
03436
03313
00333
02870
05408
00507
06449
00059
03332
05255
01752
02410
05659
00463
00868
02892
02658
01555
05433
00202
01969
01892
05293
02657
03552
06756
03053
06510
01954
05614
06616
06528
04693
04757
01474
03157
04854
06861
00373
02665
00520
02922
01548
04503
05007
01870
05412
00747
00094
05057
01343
00360
04587
05755
04269
02515
00776
06327
05503
03908
06315
03664
00300
05242
03083
02790
00659
02359
02165
02782
02174
04649
06530
00098
04449
03860
02319
02700
05386
03684
06274
05293
01336
02511
04336
01783
04340
06065
03597
00717
05328
05640
01073
00103
02397
05152
01070
03471
05200
06523
05229
03678
05532
00358
06233
00895
02271
03372
06424
00273
03765
01347
01733
01088
04159
05874
05737
01828
06258
06086
05265
03071
06289
03322
05280
05609
03453
00993
05342
02896
02210
06778
04023
03393
00263
02128
04427
03202
03406
04992
00988
03655
02515
01097
05923
03145
03641
02058
03929
04066
01734
04631
04437
05399
03908
01029
04187
01340
00544
05212
01759
03102
01804
05368
04111
03119
02410
06616
06059
04638
02011
01760
05287
04469
06618
04288
04656
02433
03869
03099
06505
02009
00550
01946
05130
02620
02055
00530
02706
03973
00016
02726
05453
02832
04375
00084
03908
03196
06638
06236
06365
02607
01981
06619
06628
05167
00311
02750
00652
05331
02451
05476
02305
06337
02292
05912
00810
05416
06689
00277
05558
02712
02323
06780
00064
05639
05377
03300
00775
03835
00011
06578
00881
05706
05928
01026
03628
05472
03454
05010
01959
06139
04239
05926
03248
06305
04889
01566
02463
02011
01415
05521
06799
00029
00435
02647
02780
06786
04420
02437
01187
05214
04337
02180
05559
00591
06313
01164
05690
04093
02914
00312
01594
05650
05702
00940
05922
05879
00152
06195
06035
01625
00740
06459
00264
06400
03910
04425
02557
03602
01803
05718
00205
06823
01479
00472
00747
06492
01107
02358
03187
03167
01749
00489
01315
05519
02858
01192
04920
02397
05723
01527
04448
00219
04908
00018
04921
05297
04576
02072
01267
02178
00927
02525
02872
06780
01183
00721
04945
06336
04322
05220
05418
05288
06277
06015
00591
06715
05149
04808
05770
02705
00832
04710
00496
03084
02075
02943
05071
02295
02779
01019
03534
05726
04659
05890
05445
02959
01527
06167
04209
05724
02211
04558
04520
04613
06363
04780
04470
04857
02887
05880
03463
05473
02164
01016
05177
04225
03354
01866
02250
02844
02233
00715
05607
04203
02987
05075
03576
05125
05744
06147
00687
00462
06848
00683
02821
06222
06754
05630
06892
03238
00171
00853
04548
00678
06663
04890
00425
02081
00019
04487
01897
00010
03551
06810
06444
05728
04107
01438
02508
03154
01253
01843
06700
06690
00779
04040
01428
04855
01544
01331
03946
02032
00409
01759
05740
04076
03672
05182
06754
06541
06417
04669
01721
06427
04421
06125
02670
04606
03968
01924
05929
05586
01568
04013
06150
05274
04076
04072
04161
01576
01471
03758
06418
05586
06629
02778
01320
01783
03256
02470
05099
06200
04129
02717
01565
02965
05355
03645
06722
05919
00229
03176
02700
03517
05075
03552
02246
05196
02897
04156
02241
04841
01584
05348
06001
05101
01407
04905
05991
02403
06692
03693
05748
06554
02017
02254
06898
05725
04744
00805
00558
05078
06190
01483
02216
00487
03675
02756
06128
02860
05192
02836
03096
00101
02135
05883
00128
04243
03296
01629
03418
06160
05761
05375
01452
00644
01852
04125
06679
00279
05993
01313
04839
02037
02087
04976
01415
02992
05092
06017
04168
06373
06588
03272
01681
00414
03352
03781
01017
06344
00347
01817
05844
05677
04654
06520
06305
03533
00174
06282
03009
00736
04882
04189
05198
04384
00501
04837
00214
03659
00361
02407
03591
03271
06546
04471
05584
00130
06322
03628
06758
02335
04301
02578
02518
00560
04622
03384
06202
02678
06540
02260
00963
01089
04787
02657
00873
05179
04183
04540
01431
05282
04332
06475
03131
00111
03896
05757
00270
05851
00378
02414
05485
03872
02568
00116
05007
01632
04144
06828
01579
06042
04153
02796
06438
06449
05820
04366
02518
06619
02489
05345
06106
03207
04075
00031
06145
05896
01832
06824
02019
05155
02520
03046
02912
05028
03674
05366
05176
05008
03649
06847
03528
02357
02985
06750
00158
01103
01320
06786
02327
00324
04152
02922
04530
03668
03187
02545
00550
00635
05494
01494
06058
02539
03108
02032
00153
05150
04347
01225
06196
06697
01881
01476
05081
02764
04720
06401
06821
06515
00116
00843
02174
03505
06135
01309
03896
04995
02187
05260
05652
03863
04560
00396
05044
00031
05385
04845
06530
02670
01765
01157
04072
04771
02547
04025
05629
00906
01047
00214
01830
04400
00348
00700
00461
00890
01986
02342
02559
04913
06397
03556
05977
02921
05212
06337
03664
05983
06165
02035
04449
01977
00010
04054
04348
00863
03149
03690
03222
00804
01269
01925
03631
01188
02860
06745
00502
04235
01585
01186
02296
00690
03039
02457
01063
05835
00381
01634
02463
00167
03714
00048
01700
03663
06269
02959
03127
02051
01377
05037
02731
04581
06526
03074
03056
05661
05127
04594
03256
03009
01865
00685
04438
05506
01498
06824
06732
06592
00408
01699
05780
06103
06729
06275
01913
03090
04682
00052
03082
02944
03612
06879
02344
01930
00907
06192
01991
03676
01450
03948
02066
06240
05797
06203
05562
06029
01402
05783
00606
00889
06123
06435
06596
05351
04077
03160
03102
04684
01766
06303
04416
01081
02493
04813
01654
03209
01154
04927
03953
03586
00141
03457
06514
02939
03193
05371
01695
04423
01982
03360
01659
01812
03116
04487
03978
01023
05020
00747
03674
00961
01564
03018
06177
03960
05870
02342
03239
01149
03794
04853
03028
00657
04596
01955
05379
06006
06478
03834
03114
06680
02540
02530
04509
05645
06647
00083
02747
01922
05308
02180
06549
01584
00924
01034
00462
06692
03085
04074
04308
00231
00904
00284
00020
01558
04659
05085
04844
05045
00363
01343
04635
00567
02586
03933
06542
01955
02758
01462
03951
04890
03454
06247
06114
02525
00654
01074
00823
06232
03343
03505
05493
06029
03714
02428
04328
05101
04613
05551
04835
05818
04852
00388
01189
01338
06697
06509
02353
03610
05495
05869
03785
01077
01821
02913
00295
02681
01911
02271
04231
03986
01552
05115
00038
06519
03547
00082
00365
02433
05483
03717
02487
06790
06809
01510
05020
00899
01053
02090
00229
03175
00453
03699
05789
00540
01903
05305
03983
01011
04862
01753
02615
06340
01856
06552
04195
02648
02687
05370
02798
01708
04241
05567
02752
05951
05835
02368
06841
05055
00529
02869
02220
01085
04436
04050
02852
05255
05118
05299
06762
00128
03228
01775
02086
00171
03146
00545
05129
03288
00338
04628
04768
04177
01739
01878
01330
04448
00861
02608
04452
05947
02810
01504
04665
05348
04157
03324
06794
00842
05427
00647
05524
01443
05147
06746
03021
01984
01647
06489
02854
00636
06513
01427
00150
04371
04280
04196
02333
05990
04315
06175
02920
00177
04976
00197
02128
06033
04139
02253
06358
03173
03834
04645
05625
02040
01037
04525
02024
06313
06739
01308
03991
03243
01155
06144
03273
03028
01594
03679
03553
01252
00358
05972
06521
05418
06559
05311
00757
00923
05906
01851
00581
02840
04255
02557
02509
01240
03309
03070
05217
00671
03874
00446
05073
04353
03209
03327
03897
00126
01523
03886
00878
02050
04408
05196
06488
00678
06467
04222
03896
06215
02931
01451
02162
02947
00521
00588
05400
05338
02128
02267
02695
04346
05043
03043
01386
01167
06649
04391
02836
04614
03268
03837
01320
00205
03275
03071
01329
04025
04115
00182
03772
04432
03269
03880
05617
02866
03694
05632
03806
03795
02496
05140
04768
03809
04156
05227
01743
04413
04977
05373
03553
05332
05664
06532
05715
04161
03867
05237
06839
04582
03505
06140
03403
01779
06052
02200
00748
02376
04916
03547
02515
02542
05767
04863
05660
03054
04987
05535
00177
05989
03716
04780
01386
04744
00137
02960
04955
04040
04687
05245
01303
01031
05134
02542
01584
05167
02316
04932
00360
00659
05983
06196
00383
04099
06833
03449
06044
00312
04301
04721
02054
02373
00527
01206
04655
03618
04217
00895
04052
03816
05346
05683
05676
01231
04413
03330
06139
05572
02038
00280
02128
02065
06549
03963
02722
04195
00992
05069
02848
03998
04969
01839
02792
06849
05173
00776
02149
02586
01661
05727
03946
06357
05687
02529
02947
00601
01369
02915
00592
01719
02508
01007
05901
05708
00484
01041
01336
03801
06898
00829
04779
03818
01413
02640
05009
00592
02854
01213
03092
00776
01992
01319
01677
06642
05059
06557
04907
05014
03641
06121
05135
01903
00661
01314
03798
01826
04585
04676
06289
06134
02182
01706
00929
03574
02919
02564
04651
03486
05694
04443
03387
06796
02312
03355
03109
06859
00492
06108
04029
03863
06278
03172
04084
04828
01538
06088
04845
01448
05952
03166
06490
05605
02517
00852
03200
03419
00508
02951
05296
04540
06390
03667
03447
02625
04843
02519
05327
02013
06305
01997
00205
02222
05624
05372
05876
03335
01717
00934
01054
05614
02221
05637
06645
03334
03077
00606
03949
05369
03412
05778
04790
04937
02272
00352
03947
02465
03982
04011
02813
04563
04194
01717
05054
06544
00851
01586
04049
01248
03177
00692
05518
05520
00304
04539
03091
06538
06476
04565
00570
02756
05494
02979
03944
03686
01767
06324
05456
05742
02465
02436
03920
04490
03292
02200
04776
00249
05726
04773
05320
04618
06454
04626
06288
05222
01128
03859
01884
03804
03582
04372
01131
00044
03155
06596
00573
06398
00132
01664
01965
00326
03936
00393
02512
00516
03878
00673
06836
03553
05646
03368
06549
06369
05861
03091
00377
01340
05770
00218
06325
06849
03345
04116
03495
06329
06059
05288
05415
03677
04033
03875
03719
01247
05858
04233
04650
04024
05812
04725
00438
03524
01979
04289
01336
03301
01837
06407
06621
04629
00490
03266
05344
02512
04091
01793
06775
03415
06490
02287
06697
03788
04105
05515
05057
01826
01740
01618
03352
03524
05594
05596
04185
05441
04241
00500
04318
02555
02158
02580
00355
06539
03775
01081
01503
01989
00599
01867
00786
05658
01868
06733
06479
04958
03444
01813
02844
01707
03422
05739
02092
02364
01469
04701
03873
02882
02732
06543
04745
06607
01836
02868
05768
05372
00023
06653
03388
00501
02041
04421
01245
00549
05844
00771
04061
06596
01779
02472
00135
01906
02892
05641
06280
06744
03916
00621
01715
03458
03343
05231
00454
03700
03920
04780
06367
06018
04028
01272
00640
03832
05678
05688
03436
01966
00788
04731
04838
02325
06001
00777
02271
01851
04034
06866
05522
03377
05888
05267
05975
04624
04779
05481
02126
06202
01637
01711
00108
04971
04627
06517
05900
01784
05653
02571
03494
05639
02654
06895
01260
02073
05242
06540
03127
00697
06723
06000
02720
01995
06731
05933
06248
01289
06212
03404
03787
01737
01439
04038
06700
05496
05823
06216
00519
02983
06438
04999
03419
03877
03363
01786
06830
00305
02870
05784
02644
03990
02304
04274
03196
02049
05915
05797
05475
00866
02886
04484
00490
03502
03843
06317
05471
04477
01090
02546
02396
02397
01594
00424
03864
04421
06450
04424
02680
01688
05150
00838
02674
04233
01057
06719
05708
06519
03119
03023
03095
06041
01904
04209
05752
06065
01312
00043
05400
00938
00598
01929
02297
05873
02320
05597
01741
00321
03500
03377
03818
06707
02349
05546
05720
04265
05202
04013
04946
01313
01452
03368
01025
00663
04483
00011
02411
00125
05702
05265
03728
02071
02660
04571
03352
06315
00764
05043
00049
02706
05806
06677
06208
06409
02915
02999
05406
00556
00486
06884
00252
03064
00272
02132
04744
03492
06015
01690
01089
01982
00677
02855
04767
05396
06868
05607
06339
01700
06586
00858
04196
01300
02026
06425
02266
05510
04705
00134
02105
06140
06475
04070
04588
06280
05333
03759
03237
04804
02820
05127
00324
01005
05702
00168
02403
02285
03178
00477
05873
06523
01127
00857
04115
00843
00244
05499
00604
06727
05085
06603
01237
06466
01303
00057
01177
02832
06847
00136
05359
05167
00146
01740
01878
04997
06256
06245
03679
06702
05457
01917
05513
05136
06818
00949
01618
05966
01750
03381
04770
06899
00922
00109
00445
01618
01146
04739
04083
00752
00488
03696
00643
05088
06744
00127
05182
02782
06663
03378
03645
00826
02818
02031
01605
02212
04415
06002
01084
06267
00658
03070
06096
01467
05753
03105
03806
00360
00750
05286
01217
04573
02362
04518
03345
01805
01723
03407
04319
04381
03560
01110
02865
03279
03909
05515
06332
04451
03718
06103
02598
03276
05745
02146
04347
01326
05204
06775
03623
03176
03017
04469
01081
02462
04184
06876
00816
01804
02511
06237
01619
02145
03505
02826
03408
02379
05302
00278
02638
05775
04100
06881
05735
02739
00795
00401
01465
02837
06270
00458
03841
02386
05676
02944
02942
00663
05422
00227
02272
01855
01792
06279
04249
05351
05009
06470
05294
04715
01189
02759
03227
01747
00688
06552
01804
00486
04035
01864
01835
04711
03155
06475
00595
06541
05635
03840
05100
03221
02417
05130
01746
00940
02202
03410
01944
06786
04973
05377
00154
00595
03913
06734
00026
06480
01206
03171
01964
02619
06755
06577
03969
05652
03075
02942
00638
01863
01222
05063
03415
03527
06744
02923
00818
03576
02012
00563
00682
01702
03667
04716
01828
00251
01919
02487
00973
01596
02907
05187
03736
05176
04301
03870
04824
06889
02915
01022
00253
03799
01473
00315
06043
04934
05583
02431
03495
02971
03459
02161
06334
04216
06122
03931
02605
00727
01083
00202
04775
03191
00466
02020
01855
04174
06802
02110
01854
03729
01994
02880
05789
00872
06291
06846
03544
01341
04551
06809
02265
04061
02619
03944
05716
06064
05882
05241
04445
02427
06813
06423
01484
00911
01879
06353
02970
06729
03290
02769
02172
01336
03149
06824
04429
05807
03517
04346
05066
06568
01695
01086
01945
04906
05671
04632
00532
04960
05015
05299
06015
01295
03184
03951
04492
01259
03558
02627
00512
03741
06280
00723
04803
06319
04974
03941
03790
05645
02907
03679
01125
00128
05123
04862
02963
01202
02857
05037
01642
03311
04242
02648
03200
00095
04729
03084
00307
06460
00440
05094
06434
01826
05201
03192
03053
04489
04063
04580
01448
05724
00476
04067
03105
03797
03475
00801
06070
01197
02339
05747
03482
03186
04098
02142
01207
05182
00388
06408
06437
05520
00632
00001
05268
00047
06198
04329
02171
04331
04771
01120
05746
06769
03418
06411
02258
02429
04276
01026
06855
04387
01650
01923
01019
03587
01051
03814
00729
04134
05985
06090
05850
03147
02330
05417
01921
01650
05616
01516
02114
00992
01127
05538
00140
00136
00551
04944
02268
02086
00293
06462
01821
01259
02282
00716
01447
04421
04514
02715
04169
02393
01184
02554
06303
01123
06227
01186
03029
01149
01378
01623
05260
02045
04514
05522
04751
03013
02228
04652
05815
01988
00426
04124
01421
02859
02670
05634
05469
01141
04054
01575
01844
05297
05724
00861
03646
03763
04378
00967
02149
00310
04066
01141
06787
02349
05252
02868
04179
01775
02505
02461
05703
03826
06343
01669
05766
04461
06531
05201
04222
01270
02843
04875
02105
03916
03266
06189
01592
03792
00819
00329
05161
02635
02318
00050
03282
06100
00849
05123
00519
03708
03473
04822
05692
02732
01797
00529
02073
03318
06434
05245
01380
03989
03678
03658
01605
00507
04122
01952
01105
01988
05290
05215
01352
05009
00480
06723
00972
04883
03098
05284
02624
03975
06809
05908
00751
06331
04399
02951
06802
05911
03812
02794
04972
00041
00505
02862
04619
01906
02720
06064
00321
01323
03116
06838
02119
06684
00904
01826
04347
03493
01049
05222
04737
02795
02225
05173
01790
00946
02918
01596
05720
06662
03636
03797
03958
05462
04150
04696
04388
01661
06523
02015
03517
06276
02672
03446
04253
02009
02724
02689
01229
01179
06729
00154
05266
05894
01801
06418
01690
04250
05724
03820
00567
00524
00564
00580
00666
04449
01977
04379
05636
02072
04240
01116
01575
04739
06378
04779
03891
05890
00654
00314
00012
00540
01523
01724
01525
03778
03005
01412
03547
06122
01187
04014
05492
05269
02838
02017
06316
01945
06360
06385
06734
01111
04507
02624
06452
01816
00531
04148
04636
06015
03439
04543
05183
02012
05929
02996
03511
02508
04100
06186
00070
06594
02594
00299
01835
00544
04888
03315
04661
06267
05953
05339
05306
05841
01040
03221
02529
06244
00542
00638
02817
03206
01259
05831
00650
02744
06398
05525
06515
05892
06796
01056
01593
00951
01866
01455
04735
03603
05558
05358
04107
03754
06539
01620
04289
06192
04323
03345
06764
06803
04227
00748
05553
01006
00294
01207
04636
04911
04950
01748
03651
04614
05631
04742
05778
06516
06229
05069
01544
04025
06002
04823
00583
05594
01499
01325
01011
00062
00547
04906
00990
00516
00110
00767
05257
05134
06643
05257
02255
00434
01006
00120
01579
02746
06789
00168
00359
05057
05953
01406
02651
06729
04294
05848
05029
03092
04460
06782
03739
03229
06865
02898
03960
04727
05408
03591
00352
03916
05248
01094
01106
00416
04301
04006
04004
02892
05072
05987
05750
06719
00402
05866
01568
00025
05012
05251
04702
02595
01698
01670
04238
06495
02829
01328
01532
06429
02700
02668
00223
05494
04483
00747
02601
01957
06643
06306
05837
01312
01326
05897
01853
02166
06406
04196
02874
04343
00689
01054
00336
03368
00441
02599
00863
00441
03287
00356
03212
03101
03470
03349
04226
01022
01032
00579
06616
04414
05452
04067
02075
03778
01504
06540
04150
01361
01743
02197
04178
04220
03136
04339
00589
02686
01057
01586
02503
03403
03723
00667
01967
04267
04219
05446
02584
00002
03145
05130
04023
03450
03881
00062
01614
02325
01762
01287
01903
02156
01548
04740
04335
06108
05228
05605
00067
06761
05811
02802
00845
04269
01208
05463
00472
04500
05577
01517
06353
06603
00784
00400
02942
03978
03773
00883
03929
05259
03288
04250
02474
06879
01818
06819
04126
00132
02808
03005
00008
06594
03742
05209
05310
01951
02139
06770
00957
03292
04426
05740
02866
04045
02634
06393
01081
00245
06352
02197
03964
03018
02137
04185
03597
04603
03804
00059
01454
06666
05625
06181
06034
00464
06503
03763
04909
05209
01888
06423
01348
02293
04654
06064
02735
00412
02063
00050
05988
02215
02203
01085
06008
00315
02879
05373
00398
00628
01506
04679
00292
04790
04871
05379
06659
06580
03156
02366
00455
03775
06046
00470
04107
02105
03287
03732
01691
06444
02647
03001
01391
02673
06828
02435
05657
06598
02912
02388
04952
00413
06288
03541
00347
02138
06049
05465
04373
04085
06335
02784
04899
04308
03671
02595
04153
04620
02563
05637
02250
02400
00646
02256
02262
06594
06254
04510
02838
05651
04928
04000
05551
01286
02658
01214
03436
03961
04257
04721
00078
05967
01796
03549
02642
06114
02229
06114
05454
02701
04461
03515
03042
05858
06143
04362
04905
01243
00442
05787
03232
03586
06165
04560
03186
02484
00117
02678
04127
05118
00541
03650
05656
02363
03325
04799
02543
00483
01337
05695
00341
04196
03382
04741
02616
01417
04575
05691
01520
03315
04274
05154
04822
01751
05737
04716
01339
03050
06308
03472
01223
06075
06014
04680
03773
00085
02368
01992
04171
02853
02775
02599
05284
06218
03081
03632
05426
01312
04438
02563
02760
04818
01833
06030
05757
03082
02962
00516
04965
04268
05168
02213
06340
00554
03851
02272
00680
05483
06652
04296
06102
05086
05610
01229
03794
01402
03362
06324
04432
03812
04683
04035
05675
06253
02759
06168
02868
04883
06073
03700
06504
05875
06391
01280
05303
00221
06094
02940
02193
00627
06053
06176
00591
05519
02712
02025
00599
02045
01365
06800
03530
05638
03936
01921
06138
03728
04592
03192
04796
05134
01765
03765
05336
01862
06063
04646
02000
04006
06037
00994
06583
03577
03804
04540
02418
00140
02787
03407
04631
02382
00267
00329
06750
02256
01355
01255
01601
01665
01001
05341
01664
04890
03141
02613
03809
02798
03628
01895
05002
00718
05117
01140
04028
01124
04908
03788
06141
00661
03532
03607
01450
06653
05171
01287
02139
03763
02057
06192
05397
03306
06597
06500
04561
03512
03876
00254
02803
06086
01568
03210
00437
05605
01034
00552
06771
00916
04449
04319
04329
05846
03126
00909
00364
02799
05517
00005
05451
05119
03342
05644
04076
02551
00477
01320
03326
01217
00939
05567
04426
04758
03881
05749
01687
00471
01284
03609
05416
03366
05852
03190
01240
00319
00887
01462
01593
05291
03233
06612
05478
02136
02237
05435
00995
05639
06411
05247
01044
00571
05334
02056
03798
04347
01586
01705
06469
02388
05418
03980
01863
03829
05316
01693
03298
06384
05705
03228
06589
05158
00196
01375
04089
03418
05531
04982
01567
01934
06005
05215
04695
01319
04300
06889
02159
02977
02567
05313
02177
03224
02461
04907
06420
04661
01089
02011
01458
04820
02301
06233
04384
00179
03441
05148
05603
05644
05528
02559
02150
06729
02106
04168
00045
04989
01827
05279
01969
01410
02133
02839
04367
05834
02505
00720
00179
01171
01043
03117
00957
01941
00771
05648
03858
00686
03876
03485
00541
05620
06200
00688
01042
04459
01531
06895
06513
06321
03521
00024
02436
01960
02823
06884
03730
03228
03622
00485
03900
06027
03631
03090
03518
03081
06682
02901
04967
02176
03306
03882
00423
03853
05595
05408
00889
01205
06691
06628
04881
00203
03111
04418
05028
04223
01361
05687
06151
00172
03992
01068
01171
02219
03371
04619
02446
05194
05076
05529
04659
02132
01546
04044
02880
02910
00256
02010
03625
06182
01846
05819
05502
04203
04181
05608
01869
03670
04744
00365
05490
01240
00802
00352
06516
04074
02438
02088
03704
02530
06363
04646
04046
04559
04056
04959
01705
04600
00709
03329
06684
01670
04048
03375
01783
02577
01350
06362
05267
06005
03414
05570
02933
00090
06569
04226
01383
01469
04389
06737
00545
01566
06768
04442
02553
03272
00308
04791
00149
01928
05264
06066
05740
03398
02250
02665
02252
02668
03788
02008
01575
05133
00589
03625
02635
00251
00969
03752
01084
04622
00010
05109
04881
00130
06138
05627
06138
04159
06835
03667
06472
04372
03633
02142
01680
03097
00934
02348
03895
03514
04561
05410
04731
03313
02217
00283
04242
00267
06549
06811
03807
04600
05080
00325
01839
06526
03183
05039
02974
06481
06092
01712
01400
02353
04906
01386
00691
01319
01195
05017
01485
06073
02181
03573
06344
04986
00984
06356
06606
06010
03551
00116
04344
02464
06859
03988
01875
03730
06481
02417
00125
04417
00871
02445
06102
06811
03057
02777
04795
01481
04314
01960
01280
05646
06626
06444
01402
05855
00804
02687
01488
00460
03105
00782
01467
05597
04104
00323
02662
03666
05769
04614
01256
01072
02969
01940
00657
00370
03895
04443
02379
01311
03273
03137
01312
05414
03907
00334
01006
05920
03805
05461
06036
06689
01336
00817
03197
00004
04486
06042
03780
05153
00203
00108
00393
00149
02948
03650
01578
05017
00184
06764
04382
04272
03463
01879
03049
04671
05267
04381
02058
04362
03297
06430
02461
01265
04512
04125
05800
03744
00617
06037
06300
06045
00303
03697
05245
03380
04283
02442
00672
05778
00908
06516
00450
03948
05292
04914
01677
01878
06631
06392
03512
05552
01550
02833
06191
03267
05272
01178
01245
02889
04605
04719
04054
02832
02096
00919
02045
03366
02303
04342
00268
01740
02598
03843
06854
05947
00829
05388
02443
06119
05075
02324
03426
02194
02191
03759
06719
00121
01918
01705
04117
03120
02075
05620
00803
04024
05531
05236
04555
02083
02106
05239
00265
02578
03963
01446
06002
01478
01725
02875
02589
05410
05194
01295
01573
04485
03756
04368
02033
04481
02684
06024
02306
02084
02962
06886
04699
03979
02520
01535
06561
05277
01967
01564
05061
03989
03979
02403
01966
00125
02124
01092
03491
05714
05813
06879
06714
05393
05722
02203
00168
02749
04863
05429
03657
04262
04482
03491
01721
04034
06683
01016
04913
03310
06242
04670
06152
01866
05038
06528
05250
03259
06566
04298
04178
01581
01817
01386
03880
02209
01096
02069
05533
00331
03662
04403
06779
02325
05732
02200
01638
01377
02463
00736
05509
04174
06739
02021
02759
02923
00344
05940
03066
01956
00952
01842
02161
01117
03583
06382
00446
05285
06722
01677
04871
06832
06471
03474
01374
04549
05223
05788
01229
04904
02966
06225
03028
05440
03239
00348
04614
04485
04020
06379
03750
05836
05065
03444
02473
03288
02354
05822
06398
03481
03656
06085
03059
03848
04900
03514
00576
06259
02751
02516
03471
01087
02914
05897
05505
03412
04109
01825
03392
01868
05935
03578
00254
02964
01921
03283
03846
01556
02085
02599
04462
03734
01407
06335
02948
04879
03494
05172
05215
05930
02724
04708
05047
01434
01499
03191
05462
04287
06538
00489
02597
00400
01953
05675
05406
02716
01897
05864
02171
05499
00387
00791
06632
01912
02582
04043
01719
04993
03453
01758
01273
06335
01711
05643
01970
04069
00587
03467
06310
02928
05552
05139
05838
04977
05886
06560
02110
05571
03399
00795
03037
06355
01461
00476
06327
01170
04269
03542
05219
00730
01229
02554
02232
03577
03871
03494
04535
03403
03412
02265
01432
01308
00005
05785
01259
05375
03205
02879
00206
04809
05718
06635
00087
04713
02359
00648
00182
05564
03913
02056
02417
04238
03649
00679
03962
01373
00496
05673
02563
05002
02832
05777
06370
06185
05468
01467
04315
01197
04344
06534
04526
00891
01211
01561
06033
03225
00792
04453
06415
06747
03676
05009
01025
03644
00538
06077
02242
01402
04643
06387
01094
02580
00429
00447
04255
03178
00602
06727
04047
03861
03489
00104
03458
03576
06076
05505
06309
03099
00130
01770
03185
04862
05701
02884
03122
03030
04732
02760
01675
05104
05706
00201
03211
00031
04919
02692
04079
06469
03261
04107
01214
03881
00293
06234
03354
04348
04804
01398
01848
03083
02415
05955
01536
03609
05845
06738
04296
05478
01291
01136
01099
06327
02752
03695
00830
04245
03844
06095
01765
03678
00240
04439
06305
04115
03367
05722
03998
06364
01627
00601
02509
02420
04496
05057
01856
06773
05534
00510
01000
00417
05898
05522
01717
04889
02730
05492
06452
00275
02882
02412
04795
02405
01412
04273
04423
01541
02465
04466
02571
04199
00829
02634
03741
05908
06228
05622
00545
05677
02171
04033
01898
00304
01311
03208
05141
00731
04010
04425
06529
06517
01194
06511
06148
06627
01934
05935
00897
03460
05441
01148
01163
05754
02775
02492
05583
02949
05617
05568
04991
01626
03772
04539
04461
02733
06652
04148
03206
06235
04131
06429
03116
03791
03236
02928
06432
02696
02807
04525
00050
06032
06640
00086
04547
02564
02332
06216
01493
06285
01697
02869
05897
00139
01665
02020
01177
04857
01489
05201
06386
03840
02729
06470
02957
05369
01100
04387
03267
05506
05330
05417
01223
00917
02321
03879
03756
01990
06169
01185
03391
02618
05057
03295
05437
04888
05847
02339
05816
01780
02872
04411
04640
04619
04244
05289
03390
04251
03777
03357
01253
03088
02808
06112
04444
02027
06314
03111
06288
00323
00400
06629
01262
05297
01489
02057
00382
03346
06669
00780
01271
03934
00103
06670
01952
01099
06329
06861
02948
00073
05409
04812
03386
04519
03324
01717
06727
04954
02505
01647
06400
01795
06307
06505
00157
00959
01941
04924
02929
02001
03124
02265
02093
06110
02452
06275
00458
06845
04603
00184
01310
05586
04590
04278
01378
05797
02054
02474
03307
03382
01647
03101
01825
01579
03993
00456
06549
04730
01240
03922
06248
00847
05562
01048
00343
00114
05717
01484
05822
00540
00654
00447
06585
03436
00320
01342
06565
03830
06330
05916
03734
00078
06420
06683
03397
05022
06019
03164
05146
06831
05771
01581
01924
06218
01317
00834
00720
00777
06082
01343
00728
01384
01747
05146
01196
04941
04317
00436
00859
05060
04537
02567
01848
04284
01948
01668
03986
03780
01152
06438
01963
03094
04226
03755
04217
01606
05548
04818
06417
02626
05965
04971
03896
05026
03857
06604
00856
04370
02755
05889
03405
04954
03713
04862
01631
00822
03022
02000
02230
04946
02144
02870
03836
06578
03957
06774
05167
04338
02444
03961
00025
04530
04260
03480
04946
02113
00524
05998
04320
01896
06339
00103
06017
05269
00153
05538
04012
03189
02383
00471
03911
04056
00107
00203
00915
05305
00347
04429
05134
00998
06148
01819
05873
02454
06776
01270
01938
01497
02241
00195
03318
00113
01893
02752
03628
04375
06882
04966
00881
06014
06659
00877
01052
03996
05174
01270
00321
04190
00750
05260
02954
06355
01004
02319
03888
06416
03913
05946
06832
06135
06734
05580
05674
00638
02725
05654
03326
01300
06046
05420
05750
03947
04706
01099
05140
01261
05576
01646
00112
03236
06080
02648
05352
05168
02900
06694
06516
00925
02243
00934
03588
00343
02861
05413
00929
05415
03278
00295
01435
00811
04904
01733
06834
03373
02908
01719
06629
01924
05325
00784
04152
04732
02814
02711
06414
03314
05653
01348
00957
05121
06773
00284
00562
05871
01490
03370
00250
04104
02390
03462
01292
04832
03320
01588
03334
06712
02736
00855
01566
04187
00621
00696
01724
00867
00579
04235
00713
06344
03934
05748
00452
00688
01912
06715
04591
02462
04763
01402
06430
00876
06535
04004
05371
00947
06318
03551
02761
04320
04655
04074
03842
00194
00949
03725
05021
04735
02073
00115
00402
01098
01975
05383
04441
05014
00024
00587
00649
02777
03946
03545
05341
06593
00554
04699
00206
02694
06875
05131
01908
04044
01801
05744
06687
04139
02896
05360
03458
00061
04966
04771
03151
05517
00844
02509
06075
04630
02729
03644
00081
02266
02386
03385
02206
01386
03434
01421
05351
00982
06878
06639
03782
02338
00202
03801
02908
05040
04526
02305
02880
01937
00807
04699
02510
04596
00666
04201
05594
05910
01803
05506
02331
03957
02392
06736
06198
03778
04637
06540
01391
02205
04188
06625
02012
04453
05309
03293
05641
02165
03820
06824
06035
03343
03148
03203
00557
02843
00936
04000
01468
01829
04005
06141
04544
01172
03035
04859
04844
00207
05589
01942
04403
04286
05239
00406
00041
02560
03335
00321
00102
02585
03557
01032
05389
04107
06428
01872
00681
04279
05530
00614
05330
04334
01672
00338
06486
03842
05639
03001
04452
04931
04999
03106
06045
01058
02769
04681
02322
06505
05304
04620
06830
04401
06385
02353
00805
05093
05825
04664
03047
05240
02737
06666
02758
06190
05088
05216
02419
02416
00616
02039
01011
01047
05558
02928
01171
00876
00370
02428
02055
02310
00148
06865
06155
05163
06472
05237
04121
02420
03053
02517
03841
04425
00652
02041
00332
05270
00705
03119
02001
06140
06346
02713
03697
05775
03100
03541
02299
03972
01772
03000
02239
06504
01667
02362
06080
05442
06235
06042
06893
02114
00001
02042
04705
05050
03099
01079
05515
02484
05054
06603
04233
01582
06018
06338
06401
05027
03455
03571
06179
01143
02017
06536
03302
05211
04336
01047
01561
00319
04813
03749
01478
03241
03152
06555
04846
03879
03454
01679
05500
01437
02717
03324
03200
00097
06491
04203
04184
02979
01264
03816
03394
00565
06232
02741
06301
01683
01440
03586
05442
06652
04722
04781
05488
01287
01648
03936
06883
05686
01794
00938
03262
01045
01856
03694
05788
04185
04590
04840
06829
06571
04227
03831
05311
06552
01605
02715
03004
03800
05691
05980
04887
06301
04251
03651
02378
02786
04239
03026
05382
01516
01702
06051
04478
00520
03979
02350
06099
05402
00105
05228
03881
06731
01368
05900
06052
01811
04289
01253
00070
03494
05013
00230
03272
04761
05071
02219
02316
03819
06110
04303
06262
02559
02998
04899
06648
01850
01176
04143
01212
04077
05734
02836
05448
06102
04538
03023
05156
00099
02315
02960
04496
05561
02829
04679
05313
01636
05202
01224
05188
00270
06713
01757
05042
00354
01335
04054
04726
05922
02893
05737
06806
05382
03577
00284
05101
04666
02982
02076
05494
01654
04003
00116
05693
01076
03769
06843
00915
04550
02860
03227
05603
04127
01827
05775
06024
00146
01452
02808
04691
03578
06220
04072
02371
02708
05616
02739
06528
01105
01980
03587
05844
01483
05845
00164
02221
06569
01659
01758
02260
06357
01026
01032
01983
01850
03958
03977
03651
00498
06545
06828
06681
04664
05958
00656
04794
06791
02213
03998
00470
04309
00780
06041
04181
01347
04762
05349
03870
00082
06187
04912
04901
06174
04959
05314
00324
00599
05216
