03432
03188
02713
02691
03134
01797
06507
01244
03704
02540
02024
06027
04553
02263
02973
03000
02252
01676
04589
02793
05073
00617
05670
04188
01263
06441
04420
04101
05061
03949
03925
01875
02870
01677
02370
05187
03544
04359
04080
03909
02226
03354
06483
03287
04234
03068
01412
04350
05975
04586
01537
05352
01898
06586
03668
00340
05980
03132
02681
06603
01884
03338
04592
01124
04951
04469
06871
04752
01770
04176
01576
06104
00647
01152
01259
02977
03329
00527
01976
01702
01682
01054
03052
01973
06014
02050
05519
05255
00534
01906
02345
04118
06351
05127
00765
02776
02582
04774
01176
06762
00241
04994
02526
05280
01203
05911
03069
01945
05153
00371
05079
05776
02977
06752
01201
02521
04397
01719
06590
00261
01353
05591
06428
01601
06277
05771
05456
00673
05614
05166
04901
01418
04368
03513
04791
02606
03155
05106
05951
02204
00650
06740
06170
03497
03040
00063
01628
03612
04981
00991
01666
06300
06469
06198
03595
00039
03926
00222
00204
06179
06793
03622
05535
01922
02648
02747
00399
05466
02157
04879
02699
06296
02137
04918
01708
01604
00019
02065
06553
03779
00241
05882
05378
00485
01066
05016
01773
06282
03623
01260
03502
04677
05785
00897
04160
03731
04315
00806
03281
06155
01126
05424
01808
02374
05601
03886
02266
04682
04846
03632
02884
00276
05902
01766
01215
03879
02164
03062
04510
04821
04256
05738
00697
00504
05255
06077
00886
05937
01196
04077
03866
02313
05473
01402
04170
06306
04279
00990
02576
00455
05964
00572
05613
05496
04794
06109
04337
01287
02175
06337
03510
06763
06836
04031
05762
00191
00351
00976
05648
04197
04845
02033
03610
01433
01648
00157
05261
01420
01746
01909
04626
03894
02047
00871
02629
04016
06841
03618
01708
00540
04031
02240
04981
04778
06643
02051
06221
06875
05489
02471
00146
05373
03946
00357
00240
00867
02650
05616
05369
00145
03150
01752
03427
01352
03049
03543
03895
01990
00774
04025
06623
00280
06639
01638
01987
05813
01797
03079
04461
06236
01417
04430
00469
02887
03511
02281
01289
03758
04498
02853
00958
03283
01824
00765
05131
04960
01676
03414
05063
05760
00905
06347
02787
06747
05425
00834
05645
03700
01803
00174
04699
00668
00395
04160
01847
01769
02661
04081
02333
00419
02582
01962
01421
05483
03371
03847
02292
04486
03666
01022
01037
04472
03551
05535
04939
01854
02727
05269
01230
05679
05201
02936
03471
03842
05839
05062
03794
04425
01968
06410
00223
05937
02932
02372
05481
02234
00776
04974
03756
00880
03852
00011
03081
02176
00075
03973
03524
00272
01943
01487
00785
02550
01242
05845
00697
01664
00968
06021
06480
00561
03991
02718
05724
01325
05073
06610
00222
00866
02962
02571
05928
03307
00142
03927
05535
01298
02693
05050
02838
02814
00487
00895
00924
06153
06322
02378
01844
06714
02244
03458
01739
01215
02762
04220
01048
03250
05613
00038
06116
01941
04905
06284
04275
01425
05708
03056
05552
02272
03678
02105
05708
05304
02176
03215
01451
03072
00042
05370
05184
01013
01649
05972
00366
01437
00569
00341
00686
06749
04164
02914
02343
03553
00750
06892
04362
00114
05462
02475
02410
02452
05286
04458
00387
06457
00046
05685
05664
03071
02677
02953
04595
06361
06089
00506
00022
03445
03633
00275
01943
00733
04974
06023
05943
01468
03928
02468
02149
05978
04180
01896
02143
00540
03587
06769
06139
05605
03033
00374
02432
00598
04567
03344
04851
04573
03874
03455
05017
06478
03486
03709
03870
04339
04911
00313
00113
02900
06784
01490
06803
00215
01174
06463
01150
01079
02607
02967
06111
03173
01749
06013
05256
02833
05573
02382
04756
06774
03097
00432
01089
06251
06047
04155
05801
01786
00231
06019
05492
05371
01813
06301
03005
05004
05547
03739
06467
05932
05630
05214
04944
01249
02365
02764
04099
06088
03438
00503
02236
03143
01230
00125
03736
01738
01848
00518
02322
03755
01182
03195
04339
05576
06075
04853
00319
04951
04817
01813
01310
06821
02115
00401
04222
00204
00379
01849
02401
04055
01543
01799
05893
02776
02557
06201
05564
01090
01301
00052
02013
03725
06055
00111
04549
01514
00755
00974
01356
02872
05850
02837
01296
06429
05314
01561
06453
02311
00214
06105
00966
02566
04395
01391
06631
06831
04294
03946
06852
04527
03824
02163
01227
06221
00816
02284
00903
04135
05580
01845
01613
00624
04924
00027
00931
01740
05656
05872
06284
00369
00129
03272
01774
00749
01362
04774
06220
05345
03529
03330
04856
06677
01246
04347
02916
01671
04523
02662
03626
03598
02743
01817
01150
03659
05261
06110
01121
06590
04800
02629
01975
01715
05817
05741
05989
00180
00049
01764
00582
03756
06762
06726
00693
02891
04589
06515
00560
02722
05098
06884
06166
04194
03167
06831
00230
05052
06266
02716
02057
06083
05275
01352
05928
06092
01031
00830
05468
00348
02768
00998
05253
04872
01908
05453
02213
05939
05364
05927
03398
02926
03763
03611
06468
00089
02501
06677
02866
01135
01015
03223
02203
01090
00356
00066
06268
04909
06625
03881
02766
04763
05641
04246
05006
02797
05453
00529
03850
00436
04992
01147
02906
00232
01091
00875
04547
01778
04732
01661
01165
03165
01424
05016
06439
05513
05287
00714
02026
06513
00624
04547
03358
03918
06650
02654
03601
05061
02867
05320
06418
03470
05760
00995
05022
01984
02222
04344
02883
01389
03940
01158
01497
01342
06421
04918
02446
06463
00417
06544
04532
04189
04384
01512
05606
05566
03591
03862
02234
00667
02424
02227
01071
02433
02072
00144
02824
01285
05084
03450
02836
04482
02526
00673
04836
05293
03714
06551
06170
00820
04785
04332
02403
00733
00001
06487
01174
05361
02739
01600
01232
01473
05542
05274
06420
04965
04417
04657
05109
03284
00693
01556
04662
01080
05117
00185
03898
03607
01107
04521
01421
05748
02096
01123
04739
03544
06527
02790
00400
00500
03042
02602
03192
02487
05750
02001
04358
04154
05855
04259
02460
03492
04949
06671
03358
03989
03809
03758
06808
01983
06239
02329
01370
02859
01669
04604
04519
00398
04385
00151
06029
01488
04425
00508
01902
03882
03152
00483
04947
04000
05472
04404
01834
01050
02559
00747
01510
04464
05519
02672
03022
03898
03356
03755
00633
02610
03428
05563
06224
01748
05385
05866
02226
06447
06399
03144
06421
04538
06304
03757
02917
05671
04334
04886
06523
05817
01713
03388
04768
02853
00799
01132
02716
00103
06832
03066
06882
04295
00878
01365
04406
02778
05429
03461
00974
02755
04972
03456
06786
05662
01102
04003
05062
04940
03981
00584
02138
00962
00289
01374
06127
04696
03539
01445
01277
01767
04684
00560
02453
05907
05414
00413
02432
00951
02399
02251
05185
03762
05877
04391
01684
02698
04266
06457
04452
05805
02060
01103
05276
02876
01897
05524
01723
05445
00993
01023
04050
06353
03281
06667
02050
00466
05713
01987
02687
05471
04953
01175
01003
00070
00614
06765
03236
01111
04388
01514
03862
04291
06879
03750
04645
04824
04763
02351
05304
02941
05437
00702
00234
02810
06393
05944
01810
01904
02870
05955
06578
06027
06356
06770
04032
03266
03370
00611
03010
00345
04335
04612
04536
01642
00987
05709
05489
02746
02404
05059
00958
05210
05702
00831
03742
06881
02401
06423
01388
01049
01317
03778
05526
05799
06405
03259
05229
01841
06789
01908
01294
04815
06617
01917
01995
05234
03119
04056
05699
02764
02488
02488
02354
00377
06748
03953
01418
05411
00177
06267
00208
03402
00963
00367
00479
03694
00334
03800
04040
02285
01379
06256
05287
02490
03500
02630
02365
04080
03276
04800
05047
02825
01687
00897
04895
05086
00644
03476
03498
00968
06885
05765
03262
00753
01895
03046
00981
05957
04600
06523
06859
05813
03861
02319
00066
05589
00185
03798
05344
03810
00105
01436
01503
04919
00405
00763
01812
05837
03709
05949
04589
02115
03200
05625
06186
06663
01234
02732
04075
00999
04298
06701
06261
02452
04059
04926
02610
03869
04489
06543
05915
01753
06838
03928
04297
02030
03466
02726
05731
06242
05348
00683
05296
02624
01604
04287
06256
06257
05311
06580
06374
04613
00342
03606
05006
03484
06883
00276
02256
00725
04238
03151
02314
01770
05560
00528
05693
00611
05674
05338
05243
02086
00196
02014
06658
06288
05884
03611
06461
06745
03242
02734
01097
03542
05483
01978
05850
01728
06664
00309
01560
05654
01665
05527
04621
02503
00146
03149
00265
06130
05712
04755
02269
06515
00173
03822
02744
03603
01471
06680
04680
05625
00776
01378
05317
00191
05836
04052
02738
04884
02343
01890
06077
00307
04558
03111
01492
01734
00776
05266
01894
01966
06898
04360
00187
03626
06828
03336
05590
02932
02143
02107
05913
01831
01537
04145
03566
03404
01963
03490
06216
03227
05166
04282
06332
02061
00684
03550
00264
05489
04011
03067
03419
00800
02498
01498
05343
00480
04200
05999
05407
04664
00978
00572
03444
00273
03987
01918
00312
00903
01842
00618
03998
03851
02649
03009
03713
04580
04101
06002
00359
04370
06567
01289
01014
01215
03106
01289
00412
00215
01678
03219
04344
05010
00561
01487
00205
06689
00208
01141
03578
00635
00551
02424
01867
02415
00990
04155
06483
01895
01736
02373
02611
03323
02619
06199
05188
05956
06000
04397
01121
04405
01165
03729
03841
04507
06580
01839
01448
06617
01624
04798
02700
06246
04100
06014
05651
04487
02096
05385
03879
06390
02416
04248
03927
04834
06535
00505
02181
03166
04585
04533
01253
02936
00245
00168
02457
02190
04459
01986
00494
06835
00894
02766
04976
06468
06654
01702
04878
01155
05400
00166
05137
06774
03719
04114
06387
00613
04523
04187
00136
06518
04877
04666
00401
06345
05615
05452
02889
04528
02106
06322
01041
01193
01766
06340
04736
01358
04225
06898
00016
05263
05036
00954
03385
04931
02707
01105
05375
02662
00904
04874
00062
03907
05184
05504
00842
03189
00298
04449
05209
05640
01277
02164
04567
04618
05401
01065
04417
04972
06693
02711
04974
03283
05296
02194
01506
03208
00198
05791
02391
00620
06314
04701
04047
04870
01754
01451
06733
05791
00187
00080
05744
00015
06672
02115
00175
02449
00378
00307
02162
02101
00350
05640
06442
02703
00871
04069
00916
05917
03966
04425
00056
03042
00664
00992
06226
01094
04935
04823
06208
02898
01873
00952
06823
01404
06026
05505
05489
06596
01837
06688
00468
05842
01428
03340
01610
02539
02797
03671
00269
04987
01820
00795
01485
01422
03242
02780
04836
01208
01462
04791
04905
04460
06789
01293
00618
00380
00561
06352
03541
00390
03231
01119
02259
02986
05538
04182
06713
05752
00987
05716
02407
00134
02224
03332
05266
00979
00269
04216
03132
02519
04729
02496
03547
03363
05441
01588
04860
00618
04051
02813
02660
05654
03416
02337
04146
04382
03458
00187
06739
01300
04004
03637
06218
01401
03386
06058
02043
04953
03448
03488
06755
06668
01507
06310
00138
02285
02480
04552
04834
01135
05518
02876
02800
05934
00575
01657
00194
03425
03614
05883
02544
02296
01824
00921
01015
02553
05650
05259
03572
04744
04611
03856
04629
06339
03999
04905
01087
02253
06575
03709
01852
05207
00096
01776
05627
00813
05892
03899
04743
05215
03424
05817
02865
03536
05448
00064
00422
05637
01043
02912
02013
01039
05767
01249
00134
01495
02682
05148
01928
03687
05545
01919
05465
02841
05402
01594
06740
03135
00787
04851
02544
01894
01242
03815
00576
03204
02595
00231
05655
01210
02779
01281
06054
01212
03399
02278
01957
05004
03185
03053
04779
01478
05847
02591
01258
04181
03748
03551
01287
02108
06365
05314
03326
00900
00133
00407
06427
06841
01094
03532
05937
00927
02432
04173
03136
02362
01244
00823
03707
01300
01610
04574
02035
05368
06455
06008
04707
01517
04302
02472
05440
06720
03766
00711
04929
00001
05933
03010
02937
00665
04720
03005
01361
02529
06692
03653
03818
05633
03349
06129
05219
04824
03090
05084
06856
02904
01620
02982
00331
06662
00736
03636
04712
03779
04384
03538
00356
01054
06878
03108
06442
04745
01810
00494
00195
00684
04157
06733
00036
06121
05246
02062
02318
02910
06185
04306
04950
00134
01399
04377
03983
06110
00322
03926
06049
02381
01950
06683
04192
05422
00356
02548
01202
02666
06779
00917
00586
01987
04808
00005
02346
03606
00496
02052
04472
00814
02715
06742
01833
00158
05371
02702
01350
02197
02932
01285
01013
01078
02113
00087
03261
02398
00243
00731
05901
04866
03035
03516
06443
03806
03410
02161
06424
02872
01515
01471
03748
04595
05931
06686
01445
01644
03781
06836
02502
06534
00813
03774
05915
02642
03291
01213
04922
02754
01858
02329
05900
00695
06015
00627
02285
00158
04349
06152
05643
06663
00657
04405
06167
01286
03639
04079
04539
00460
01459
02516
03205
02358
03583
04817
00023
06729
06524
00665
06064
02213
00251
00482
06645
04711
05734
03012
04458
04451
01954
03123
05645
02363
00396
03276
06473
01690
06281
03577
00130
04762
06876
03888
03735
06804
01388
05765
01849
05975
06750
00672
05510
00111
00209
04578
01138
02348
05608
05101
05859
02660
01348
04814
00024
06373
04256
05436
03014
04376
05787
00287
05106
00762
02370
05010
03657
06089
04745
01891
05257
00608
00484
00449
05145
04353
04091
01716
00786
01052
02890
04377
06507
04605
05233
04209
05567
02647
05272
01967
02969
05147
04151
00970
02867
04892
04301
02497
02439
04808
02435
04856
06335
06632
06043
04648
00037
01071
04994
04746
00229
00509
00116
04056
00496
00019
00000
06812
06562
03798
06780
00819
05390
00452
03235
06870
06413
04744
00101
05250
03249
01970
05732
04549
00684
06236
02217
06677
01246
03828
05839
05598
02400
06437
02528
02683
00691
01090
03981
06674
04405
00046
06621
05291
00211
00987
00041
01451
06860
02382
06387
03756
02278
03071
00645
02309
00703
06306
04862
02397
03663
01685
06132
01984
01601
04674
05313
00921
01487
04185
01083
05452
03668
06679
06574
02831
05594
01971
02938
03265
01457
03590
01603
02367
01947
03654
00874
00263
00812
00731
02981
05111
06845
01389
00858
02138
06126
04255
05044
04734
01178
06709
06147
01050
06480
01934
06108
04668
04935
04824
02102
06227
03038
05012
06343
05039
01951
04387
03855
03298
00523
02367
01794
02607
04731
02341
02045
05134
01737
01163
00559
02186
03005
05433
05242
01551
05659
02213
04010
06245
01068
02611
01125
05727
02021
05696
03322
01749
01763
05895
00991
02199
01868
00471
00989
01058
04895
03584
00105
05581
02992
04772
04437
04846
00119
01466
02842
01449
06867
06833
01484
06766
00867
05847
06591
02231
03473
03907
05793
01031
00499
06722
00000
02726
00207
04557
03671
03674
05442
02319
06601
00315
04026
03077
05463
01101
02098
00495
03288
04446
01207
00659
06623
03175
01332
05458
03699
03987
04314
01383
00518
04452
05082
04907
01881
02146
04789
06827
06420
01306
02627
04133
02095
06052
06535
02858
04976
01679
05763
06653
02328
05207
01539
01917
01902
05981
00713
06261
06571
00717
03392
02141
00157
00769
02061
04066
04389
01461
06369
00063
05463
04051
06780
00115
03462
03539
02816
06262
06377
03197
02225
03187
02442
06840
05196
06249
06497
01915
01436
04902
01154
01455
01772
04922
04892
04360
01800
00424
03713
05301
00203
03799
04660
05763
06350
03592
01985
02478
01495
03567
06757
03686
06689
03830
00794
04616
01880
00181
04829
00341
04565
00849
04799
02382
04357
05348
05278
03132
02747
00361
03126
00735
00655
00661
01748
06129
06304
03277
06538
05731
04386
02312
03784
04758
00687
01273
00376
01489
06533
04311
04426
06192
04749
02505
04251
05198
03826
03968
04116
02933
03437
03936
05450
05175
03345
05971
00838
04669
00639
02657
06419
04214
02368
06573
00579
02865
00758
03297
04423
04033
01749
04725
05551
06867
02312
04883
00443
06099
04761
00739
03668
05116
00222
05326
05802
03488
05933
01983
02982
03623
05063
03197
04981
02961
05389
02050
06318
02872
04087
00114
03073
05829
04726
06009
02376
04138
04410
00826
00113
01781
03065
05835
04798
01731
01392
01222
05802
03299
02476
05579
01901
02668
00319
02217
03080
00782
00817
02083
02699
02590
03010
06347
05388
01744
06887
03441
03553
00094
02518
04215
03838
06659
03794
01430
00020
06797
02961
05109
00654
06504
03092
00989
06859
00543
00553
03384
05600
05442
02088
05452
03528
00019
03834
02492
04294
04632
06693
02447
05471
01465
04633
03809
00022
01358
05733
03574
04921
01687
02537
04050
02086
06315
02567
05187
04466
00936
04906
06407
05209
02429
01263
05245
03473
06248
00388
06607
05401
05795
00890
00226
00690
05009
01815
05169
03793
05774
05044
06049
04214
03735
04046
04546
05382
03432
01860
05996
03228
04972
05753
03417
03379
00243
04976
06110
00020
01412
00180
01113
04914
00754
03495
04969
02533
01662
00479
02234
04086
01194
03525
06381
06553
03616
03146
00200
00153
02794
02995
01323
02821
05386
03376
06402
04894
01684
01509
02483
00824
02971
05677
05620
04221
06885
03497
00698
04516
06302
05598
04049
04915
04400
00843
03728
01962
00906
01757
06777
00321
03038
00876
00622
05300
00434
01971
04647
04477
03551
04741
04032
03698
01537
00096
06032
04514
00672
03919
03900
00488
02795
01235
03378
02423
00482
06158
00065
04548
06205
02301
03289
04864
03404
05052
00896
02501
00217
05792
02108
02502
05341
02212
00593
04980
05863
00885
05616
03793
02966
04137
00731
05056
04924
02251
01051
00337
04769
04954
00643
01395
06782
00088
05139
04992
06504
01833
03209
04781
03649
05093
02144
06111
01014
06298
01727
06178
03092
01787
00585
01694
04608
01651
00070
03628
00281
00626
00595
00043
03384
04783
00216
00532
05048
04514
05251
03899
01670
05505
00193
05723
06488
02234
05952
03442
00849
03180
06492
01855
04316
02911
02318
05525
04966
04737
01639
03673
04915
06220
05556
03623
05173
01330
02827
05778
03796
06361
02698
02106
06261
01979
05231
04556
00114
05905
00143
03489
05032
02552
05269
03859
01848
01337
01252
01137
01040
00672
00521
01006
06065
02852
01503
06306
04582
06234
00555
00381
05516
04255
06556
04461
06538
01847
06521
02779
05305
03004
03366
03733
00617
00912
02282
04403
05090
04864
04422
02692
04313
06403
06896
05312
03035
03347
03219
05820
03280
05682
02982
06766
03430
02276
05824
06324
03009
06581
04990
03300
06687
06875
04884
02710
03673
04183
00776
04262
01340
02361
05401
05744
00094
05205
05972
06114
01410
04724
02980
02933
04635
01268
03923
02681
03553
04037
04862
02007
03838
04878
01146
00740
01611
05732
00050
02636
06719
03141
05541
03292
02870
02592
03052
02859
04583
02052
04693
00940
04865
02132
05123
02537
02651
02311
06374
00000
04170
06090
00448
03542
00116
06152
06449
05978
01950
02597
04084
01779
02881
00694
05642
00670
05138
04612
04332
04279
01740
04795
05435
01595
06056
02095
03288
06896
00555
00692
06407
00633
06540
04179
03447
05216
01360
04621
04591
02535
00899
02958
01281
04091
05037
01426
01504
03180
06062
06674
00401
01845
04893
03411
04574
06219
01919
01644
05710
04518
04712
00453
05910
00740
03319
03151
02706
00231
04178
00840
02556
02842
01110
04436
06393
05180
04080
02326
05685
00844
06390
04661
05638
03029
03457
00434
00058
04458
01539
01857
03386
03039
02650
05472
02607
03740
02155
01667
04302
05418
06382
01737
03400
02435
02523
02963
05845
02833
00638
04329
05223
06397
02132
01434
05107
01119
05229
03978
00583
04414
03423
06795
06395
03706
02761
03931
02022
02581
01965
03638
02378
02844
00592
03380
03556
02499
05186
05115
01849
06760
03699
03562
00960
03144
02466
02941
05933
05271
01445
02741
01981
05563
02415
05993
06730
05097
02916
06680
02783
03728
05364
02486
01475
04018
02247
06261
06082
05837
01748
04323
01024
05055
06886
01035
01938
02015
05579
00010
00084
00201
01577
00793
06417
03900
05239
04437
05930
03630
03213
00182
04458
01668
04480
01788
04952
03181
01324
03456
05027
02534
05244
05228
06554
02240
00048
01491
03131
03061
06495
03340
04643
03204
03325
00041
05637
02009
01956
01007
01960
03206
00458
01649
05099
01062
04901
05011
03447
00955
01091
04850
06827
01589
05635
01265
05913
02985
06601
03503
04597
00099
04835
01880
02259
05870
04548
00485
03290
00091
05777
04561
05000
03901
00972
00582
05342
02425
00912
01005
00988
00869
01072
06438
03486
06706
02252
03944
00362
01959
04581
02977
04107
05324
05914
04961
03439
00101
03223
00010
05432
04341
06807
05557
01833
03332
06054
03075
00843
03305
04644
03955
03896
06451
01206
02988
05281
00598
06395
01499
06567
06690
01592
01507
02804
05097
01276
04860
00536
05351
04054
05054
00624
03472
00648
01507
02587
04873
01966
00390
03146
05003
03053
06496
02762
01249
02263
03352
04934
00992
06088
02954
05164
03270
06281
00335
02290
01545
05645
05965
00217
04506
06797
03367
06188
04571
05054
06745
00179
03656
00846
05394
03352
02242
03116
05801
05951
03150
03197
04354
02298
03917
05071
05446
04552
03575
06441
06459
04080
06624
06094
05320
00259
01443
03807
05796
06285
03994
00836
05609
04621
00711
00779
03407
05419
05790
00908
02978
05055
04244
01272
00850
03886
03412
02273
02003
02764
04961
01356
00294
04041
00955
06462
04688
03817
05366
01289
05213
01684
02602
06895
02727
06400
04737
03697
01677
06800
01712
02229
04063
04885
05090
03910
06213
01280
04194
04313
05248
05411
02699
03314
01041
06163
00069
01733
01986
04640
04732
05211
04870
02995
03150
04197
06857
01904
06630
04275
00548
05935
04276
00239
04579
06710
00963
04461
06270
03457
03893
03716
04907
04594
05963
00706
01346
00345
02831
01736
01413
03447
02802
02733
01739
00572
03726
03148
02197
06470
01369
01191
00573
06553
02721
01875
06643
00629
00608
04019
01549
05802
03928
06128
00173
06597
05615
03065
02235
05059
06260
02734
01386
01955
01587
05099
04589
03045
04883
01896
04479
01334
05336
04399
00314
03100
01683
04768
03070
00306
06234
05421
01502
00405
02172
02747
03349
06547
03909
06679
00918
04053
01696
01443
04913
01055
02262
03436
03690
06404
05325
01091
00249
06599
04865
06420
03477
01225
05150
00875
05869
05610
06099
03430
06689
05080
05191
02784
01037
05356
04259
04880
02385
03515
00496
01495
02045
03456
06411
02781
03060
01935
04783
00271
03236
05310
06889
03865
01945
02825
02612
00978
06040
02297
04248
06629
01494
06494
00789
03652
01142
01029
02610
01124
04963
00629
05783
00423
04747
03522
01625
00746
03742
03820
02545
02191
03791
06750
06036
04260
02450
00714
02626
06259
00830
04530
00341
03645
03410
00878
01961
04038
02147
01745
05702
00898
06112
03787
06834
06746
02383
05624
00358
02423
05656
01053
06131
04508
04056
06776
03730
00303
06276
00754
04706
03501
03952
06698
03866
01915
02591
04258
03459
06742
03441
02670
01843
03267
02501
04809
06452
00316
00180
05642
01228
04375
01302
02744
04670
01176
05148
03791
01715
05327
04012
02139
02663
01396
06542
05273
04175
01687
06479
05292
05816
01912
04552
05233
00377
06331
00840
03603
04741
04978
00191
01565
06544
01067
05180
00252
04466
04325
00831
04808
01651
03956
02196
04363
06106
03749
02899
03101
00127
03149
05053
01198
03239
02337
01871
00340
06700
04638
04679
02181
05422
03943
02148
03913
06835
04935
03107
05352
01470
00535
02636
01586
01402
06142
04290
03685
05270
02879
06196
06865
02712
04584
00145
03883
05645
03740
04047
04691
02500
00315
05836
01639
00223
00003
02014
03693
05615
06879
02110
01894
05498
00332
05052
05074
00356
05760
05797
02668
00143
03566
03981
01043
03437
06837
00335
04567
06428
00877
02680
01493
05053
03784
06801
01013
02630
04022
04318
05830
06445
00679
04748
04037
04899
00614
03834
05764
04200
04143
01477
06074
01702
05095
03405
00611
02437
00728
04004
06589
01919
01380
05653
04079
05974
06003
06369
01667
00581
01293
00444
02187
06113
04598
00039
05109
03860
02624
05844
05755
01860
00663
04146
04389
04582
06545
06585
01390
05905
02373
02774
01335
05064
00978
06835
06560
03221
02401
05601
06853
04632
00127
05455
03753
05894
01425
00043
04661
06873
02195
05851
00787
03006
00540
06564
03839
03040
04880
06881
05180
00238
06787
04459
02484
02771
06134
06202
05149
05988
02137
01267
02556
04030
02524
02524
05715
06870
03056
03746
04611
06643
03417
06330
03421
00020
02325
06564
05395
00223
05640
03636
01688
02354
05764
00690
03464
02692
00521
02397
03705
01564
03289
00401
02898
04275
00309
05227
03622
04380
02367
02477
05894
02341
05164
00663
01797
01168
06748
02472
06017
01788
02966
01555
04350
04134
00126
01959
05659
01196
06425
00237
03013
01737
01471
00653
04092
03728
02348
05175
05709
03015
02309
06057
00826
00216
04336
06827
04686
00859
05427
00126
04488
06177
06529
06857
04307
06630
00358
06898
02337
02735
01076
01098
03060
03639
01648
05557
02754
00640
03855
04389
06809
00585
03864
03821
03831
03735
02515
02001
01816
01589
00810
01409
04842
06457
06061
00976
00539
04182
01303
05448
04362
03563
03801
02327
05023
01958
01867
06184
05953
03707
02942
01220
01805
02276
05370
01193
06501
02646
01951
04250
06352
03522
02827
06557
00718
03194
03882
02298
02181
01934
03595
04591
01906
01239
03717
01829
02397
01346
05018
04802
05083
04830
05379
06210
06598
00833
03291
04733
00212
00070
01395
03678
05550
04366
04516
05674
01868
04844
02765
02755
06462
01581
01664
02417
05601
06120
00090
06536
03963
05667
04687
00600
01010
03496
03872
04789
05060
01320
03577
04265
00736
04791
05907
05369
01645
04929
00811
01165
03548
00355
06205
01908
02233
03369
05859
06229
05951
00576
00730
04063
06281
06265
02591
00056
06048
03234
00341
00589
06214
03037
06850
06002
01821
01263
01432
02034
05278
04074
06798
04988
05542
03248
01435
04593
06695
05896
02760
03923
02912
06851
00969
06863
05898
06015
01478
01400
03770
05467
02912
00267
00004
03932
00848
04782
02727
03888
05633
03245
00476
06651
00461
02557
04438
01286
06493
00942
06867
06592
04798
01879
04404
01503
04645
04751
06234
01391
00628
02143
04325
02256
00671
02051
02783
02977
05937
03175
06522
05218
00702
00296
02332
03274
04866
04031
00840
02462
04421
05958
03450
06503
03971
05081
05683
04947
01048
03341
01294
06815
05072
01205
01003
04684
05577
04665
04739
06516
04269
04976
03027
05076
00980
05969
06005
04289
04135
00350
05648
00371
02630
02822
00831
00974
00661
05397
00137
00596
03965
02975
02550
02533
06851
04790
05370
00935
04122
04196
00535
03781
00682
06877
04532
02810
02937
01752
06544
04574
02033
00942
03722
03970
06801
05869
00119
03222
05949
04552
05051
00736
06469
00097
04801
00863
06805
05366
01769
01866
02975
03461
00164
06715
05078
02190
01110
01261
00779
01559
05241
06078
05020
02004
00786
02090
00285
06404
06341
05493
01338
01093
04647
04687
03730
05416
02892
01274
02482
05601
06815
06208
01511
05959
03337
00612
05798
00871
00041
05400
04666
02184
06375
05109
05184
06482
04252
01215
02850
06255
00622
03688
03266
01604
01742
06692
04510
02484
01034
01938
05546
05152
04106
04578
04114
04979
02194
01238
05626
01677
04354
04108
04292
01780
03454
06791
06320
06174
02329
05506
00676
01574
03210
04510
02423
02421
03828
03159
00277
01737
01420
03603
04208
05198
04413
06811
02940
05789
05713
01491
03638
06042
01151
02996
00743
02058
05123
00732
03961
00155
03011
01474
00248
00572
05076
03225
03726
03080
00858
04869
01857
00058
06337
04105
04833
00079
01991
00859
04978
05517
06471
00289
05189
04208
04981
01536
01046
05567
05422
01708
02043
00553
02163
04776
05344
06282
06344
02692
04179
03285
00286
00625
03164
02480
06474
06092
00041
06203
00590
04603
04931
05138
03819
03601
06324
02478
01377
00733
04122
00443
00222
03063
00870
02304
03797
05391
04571
02887
00171
02026
01598
01637
00185
00599
05941
03430
05994
01783
05928
06878
01805
00334
02203
03792
00346
05583
04951
03200
04377
03790
05810
06077
03411
06160
01018
05504
04726
05871
05594
05660
04705
00313
03722
04303
05424
01344
04712
06457
00282
01504
05673
06768
01036
03753
05303
04509
02523
05731
04374
01243
05955
02376
01798
05526
02990
00013
02586
01353
06772
02533
00475
04657
05605
03655
05892
01735
01241
05855
02978
00737
00513
01985
02881
04842
00207
02031
01486
05999
02124
02993
02193
01797
06293
00045
05494
01325
05243
06316
06199
04384
00256
04908
05893
03949
02628
05490
00064
03629
06746
02765
06762
02089
03800
01404
05948
01630
04621
05688
02736
01923
03417
06368
06059
06576
04773
04308
06619
02996
02845
06251
03433
03528
06579
01101
03316
01545
06797
06108
01278
03293
04985
01565
00128
03851
03459
05447
04666
01078
05436
03449
01981
03880
06115
04142
03849
01222
01633
02019
01919
03109
03057
01296
06060
03437
05531
06743
01781
00177
01857
03874
01377
00847
04200
01927
06077
01916
06557
05783
02447
05105
05015
03897
06038
04047
00166
01254
01307
03385
03507
01214
01697
05892
06470
00956
02815
06323
04314
01106
04354
03332
03387
02384
02283
04524
01074
02296
04620
06131
06414
03192
01754
05719
03262
00813
06390
02156
02857
05835
01677
02192
00405
02445
05538
00038
06401
06695
00128
04406
01530
01623
01202
04107
03340
03510
04506
06822
02422
01128
05433
00862
05567
03491
05128
05129
06529
00864
05213
02874
03084
00303
06878
06688
02169
02054
04340
03963
06269
00857
03973
01994
00621
01705
06898
04446
02183
01020
02475
01651
03494
02705
05484
02713
02348
00153
03133
05409
01048
02970
03876
02022
04896
06708
05423
02431
05166
00254
04366
00267
02815
02366
02890
04400
00093
05769
00540
02756
01385
03245
00553
00766
04201
05746
00698
02366
02504
01693
05497
01925
00199
04740
02518
02132
00881
05939
03752
00102
03867
03703
04848
05137
01102
03014
02137
04359
05788
06810
03743
02054
05429
00343
01958
00711
03054
02692
03442
05923
04883
00394
01015
02092
05239
02957
05879
02651
00274
05792
01733
06266
03050
04884
00783
06254
06199
03460
04972
01522
03376
05592
04863
06204
04088
04765
00628
04454
04787
00633
04240
02573
02887
00384
01265
05318
04774
03402
02551
05692
04848
00939
01526
06886
01342
01314
01561
00353
04658
00782
05664
05655
00215
03536
01976
06517
05429
00234
04156
04364
05283
03824
04172
00803
03753
04414
03413
06111
05393
00278
02915
03323
00490
06652
06146
06670
02995
01428
05997
00224
05274
05947
03157
03118
00420
03502
05047
01594
05113
06727
05645
02531
00446
01270
02339
03946
01519
00250
05495
02723
03852
00258
04374
04651
04985
04143
05270
02698
01788
05030
03236
06712
05175
01606
01815
01477
01190
03992
01703
02603
05640
03089
06545
05257
01155
05218
01576
00254
03093
03342
03285
00774
04999
01548
02652
06797
02364
01255
03762
03430
02431
01377
02816
00840
00018
00580
05034
05281
00827
05000
06793
04171
06385
04482
02406
04601
01984
04621
01167
01330
00510
05671
00593
02693
05310
00819
02546
05265
06204
05166
02158
02503
04819
00568
00316
02638
00135
05630
03809
01547
01178
04310
05567
02623
06520
06163
02465
02115
04104
01638
04065
03023
03211
05317
06089
01995
00482
03248
01794
06362
00024
06739
06073
01060
04700
06480
00536
01059
03461
03878
01553
00018
04823
04461
06267
03095
04950
03620
04466
05843
03383
00173
03421
04533
02892
03513
01167
01427
04561
01886
02402
04297
06241
04441
02349
02416
04518
05656
03484
04634
02604
05053
00934
01126
01965
04449
05856
02818
00703
00273
01521
04833
01329
05299
02151
05375
01924
03761
04735
01063
06592
01334
01978
00937
03838
05417
00400
00649
01417
05377
06289
06368
00542
00431
04891
00983
04694
01107
03255
03509
03354
00666
01197
05442
04490
05467
00579
05166
05303
02489
02595
03943
04448
00494
02072
00892
06132
04412
00083
06182
03969
04297
03010
06889
01508
02663
04318
06677
02341
03406
05955
04060
02312
05998
05076
00985
02734
00894
03510
05313
03030
05823
01133
01917
02987
02873
00286
00755
05582
01360
04457
06748
02794
05171
06100
05857
03424
03547
04945
03429
01278
00654
06664
04986
05664
05011
00532
03378
01437
03303
02671
00710
06892
03190
00818
02706
04039
05476
05684
01589
04189
00382
02444
03393
04796
05476
05425
01155
00602
05578
05025
06185
00005
06696
02810
03628
05759
05059
05061
03988
04755
03374
02050
02714
04938
05294
03914
03047
05850
06186
00316
06680
02401
06630
00710
03543
03551
05691
06319
04443
05137
06339
02358
05899
00178
05372
00266
04065
05076
00580
04141
03770
04504
05956
05392
05016
03872
04618
04681
03443
03438
03136
00548
02921
03821
03948
05340
01188
03059
02953
01641
04963
05254
04244
04547
06750
05169
06284
06515
04378
02744
01856
01766
00397
02729
04792
01244
04834
00565
06412
06898
02530
02541
04689
01211
00412
05638
06483
03257
04618
04857
04744
02952
02721
05609
05795
01782
05958
05874
06751
02317
02367
02710
00980
03361
06250
06160
01551
00454
01305
06798
03686
02586
06032
03917
01829
02997
01260
02871
04569
00871
00212
04719
04495
01955
06498
03956
05906
02569
03031
02353
00190
03356
05040
05023
05408
04514
03290
04890
05768
01826
04065
06270
05153
02297
05469
00844
02425
06071
01382
00628
02489
00372
00450
03202
01851
00910
00497
01482
00883
00653
02665
02466
02079
02217
06672
03399
02201
01193
00536
03559
06151
06481
05801
02693
03629
03531
04782
04936
02864
06292
01533
06858
01774
06049
04721
05858
04387
05249
05327
01533
01679
04493
06465
04298
04849
01519
03568
04533
02676
03222
04784
01472
05601
02754
06210
04097
00922
02452
03493
03144
02434
03196
03042
01961
00098
05714
05899
02788
05568
05125
05520
03577
04106
02063
04625
04659
05549
03478
01639
01853
01388
06156
01070
00391
00969
02173
06231
01411
00984
02671
00976
05559
05356
03883
04893
05804
02515
02843
06722
02926
06849
05509
00351
06463
04848
01025
04739
00850
00694
03103
06662
05124
00924
05056
00346
01273
01112
01419
02821
03729
03759
02469
04378
06087
04046
03770
04425
01340
01986
06679
06029
03309
01042
04217
00453
04135
03825
05408
06146
01935
04601
04637
02825
01222
00112
00962
05420
02667
04069
06395
02108
02783
02775
06486
05803
06699
06015
01492
04915
06492
04179
00503
01112
05782
00612
04097
01454
03276
02464
04776
06878
01538
05133
06356
04043
00930
02911
00965
01337
02435
05833
05945
04700
03757
02956
01070
02575
06803
06131
03689
03111
04017
04006
06647
01923
03571
06530
01134
02165
03046
01147
03392
01296
01752
00698
05653
03478
03696
03723
00343
06352
04894
02350
00193
03652
03649
05109
03376
02730
03954
02906
03606
00997
04463
03287
04103
02834
04861
04521
00011
04935
03646
06161
00373
00846
06443
02457
03422
03499
06617
02046
03818
02252
03281
05967
06716
02105
00298
03540
02165
01045
01278
02525
02614
04412
05737
00650
05763
06873
04945
05560
01652
06131
04572
01917
05696
02746
05752
01065
04101
02021
00577
02242
04051
03939
02326
03641
04625
01982
01186
05143
05085
00019
01786
00272
03573
00560
03563
01271
05990
01593
06601
02775
04422
03487
03707
01484
04035
00110
05888
04503
05342
00330
00167
01633
06549
05977
02171
05311
03952
03284
04753
00115
06624
03768
06250
01350
01775
05763
03634
00026
00693
03781
06015
04927
02136
06197
00104
00279
02958
01912
06533
03370
03643
02178
02212
05896
04710
05520
02270
02290
01098
03827
01412
01857
04194
02260
01522
06479
02925
05943
00653
01046
01928
01389
02474
02263
01654
01545
05282
00780
01155
03707
01485
03327
00074
00075
05671
01055
04632
06109
03317
03588
04965
03654
02847
04575
02314
01007
03862
04756
04398
04233
02261
00045
04743
05313
01205
02840
00412
02360
04802
06644
06120
00512
00230
02740
04598
04283
01745
04022
04396
01041
06867
04940
00815
03194
03889
06342
00653
02269
03014
00288
06302
04280
03286
03825
00597
04701
05890
00629
03255
06242
06019
04451
04010
05649
00014
05940
06383
03434
00521
02313
04394
03447
00963
01843
01956
01755
05002
01306
04667
05290
03082
05479
00990
06445
01719
05075
00987
06081
04504
04230
06302
05259
03986
01785
05377
06876
02307
05724
00878
03330
00616
05435
04054
06871
02611
04504
00906
00996
04607
06598
02356
05955
05162
02050
04797
05152
05441
04599
03754
01854
05762
04272
03749
06582
05738
03669
05412
02003
02231
02266
03370
06817
06589
02410
02215
04177
04226
06700
01895
01254
03516
03788
04823
04243
03778
03156
02979
03460
05943
00061
02111
06627
04818
00826
05477
00876
01700
01369
03905
06692
06621
00934
02995
06603
01389
05516
00658
04777
03359
04850
00930
02841
03456
00003
01693
02030
01954
03994
03308
04154
00569
04037
00645
01627
01927
04601
01885
00177
01004
06004
03390
05918
05324
05103
02594
05890
02444
04527
04775
03536
02640
02538
06196
00785
04300
04774
04578
04748
04414
02551
05433
03662
02457
00783
05414
05512
05961
05096
05969
05196
00517
04829
06484
02789
02490
05633
02170
02456
00037
04989
05910
04172
06636
06309
05240
04853
02083
04923
01658
02549
05759
02091
02801
01519
06720
02291
00715
01990
01583
04999
03401
02286
03987
04518
04623
00394
03650
06341
06883
05097
02992
01440
00067
06379
06087
02966
00674
01169
02686
00452
03665
04413
02107
03947
04828
05178
02505
01269
02476
00347
03791
01239
01138
02794
03083
06177
03442
01547
05027
04538
02305
03267
05278
02538
00909
04056
00657
01285
03310
04567
05548
04770
01174
03265
03639
06878
04695
05606
05945
05865
03077
01488
01196
05263
05319
01681
04021
02507
06242
03870
06859
01256
02313
05736
03935
06304
03369
02067
01762
03579
02933
01072
03046
04010
06402
00344
05935
03053
05432
03237
02367
05422
05038
02842
03630
05252
00116
06519
03464
03492
01963
02118
01729
00648
06278
06040
01002
05010
00491
01932
05310
03036
04730
02031
01751
03086
06113
06122
06376
05039
05245
04901
02053
05749
06250
06356
02153
06585
04518
05863
05484
04584
04493
03582
00913
01217
04060
06500
00983
03252
05495
00511
06421
00807
01569
01570
03564
06219
02971
03483
03980
00417
03858
02310
04859
04103
00942
06618
06369
03599
02703
05247
05339
04319
04612
02253
04395
00476
04639
06088
05720
00617
03268
01593
01407
01160
00898
01342
06160
04157
01916
04943
06457
06206
02005
03933
02894
06670
03950
02176
04594
01408
00853
01952
01482
01689
05807
06460
05538
05036
05304
03492
05578
00159
03483
05777
04132
05091
05818
03867
00380
00731
05731
03526
02557
06358
01060
04054
05789
00551
05941
00782
03900
00955
01124
00401
03983
06074
05051
06352
04688
05630
05178
03859
05711
05905
02636
03598
04488
02701
05240
04148
01516
06895
00977
02705
04917
06218
06835
00897
04285
03934
06365
00516
00695
03161
03671
03776
06506
05642
02444
00970
03008
06453
04646
03474
03487
01814
02567
05306
03939
02470
04176
02134
01247
02128
04570
06622
02026
04349
01976
04565
00570
04119
01008
05255
03775
02545
00761
01118
02794
06664
02746
05565
00722
05637
06538
03144
05122
06124
03748
01133
02845
06861
02191
05765
01385
01521
00186
06387
05510
01687
02385
00995
04923
03514
06667
02218
01124
01112
02485
04186
04580
00938
02789
06340
00626
01467
04788
04659
02954
06201
03202
00205
06694
04518
00748
03408
03747
00144
04900
01959
02811
01785
01793
01146
02908
05327
06122
02441
06590
01264
03284
06653
00688
03530
03512
01309
05356
02354
04619
06177
06314
03682
01890
06267
01462
05977
03475
03568
05345
06319
05345
03738
01623
05803
01736
02436
05779
00574
04748
04300
06146
01636
02968
06475
03712
05421
05508
05916
02384
04398
03388
04546
02268
02807
01944
06784
02493
01155
04120
01404
04514
00095
02225
03708
00624
05687
04807
01102
01837
01830
05654
06355
01174
02701
01652
06771
06751
06135
04941
00463
05655
05444
06118
03259
06640
01792
04488
02743
00352
03516
05864
05821
06051
00936
01032
05338
03469
03252
03401
01795
05992
02009
05772
06130
02603
01706
02464
03006
00103
06605
06887
00424
00971
05440
01097
03280
05083
02321
00269
05916
01285
04979
06838
01247
02783
03226
00721
02922
01061
03383
05078
03169
02780
00185
03526
02286
01805
04468
02573
00916
01720
05929
01981
03097
04401
02089
02493
06608
00780
02746
04648
01899
05473
03316
00242
03698
00903
06021
00942
02338
06174
05750
04138
01601
04336
05867
04188
04405
05701
01862
03206
00624
06279
06863
01104
02344
06301
05739
03751
02717
00312
05467
03969
01260
00833
02780
02769
06193
04190
03861
00125
04449
06055
04553
04002
04630
03017
01504
04877
00445
00917
05156
03075
03235
06156
04113
05772
03280
04891
06574
01945
04984
03435
04080
04644
04031
05199
04614
00629
05637
00989
03810
05427
06459
04456
00958
00193
04161
03290
05258
05243
04737
02659
04447
04480
05097
00222
05990
06593
01545
04508
04227
04686
05144
06332
02836
06637
01245
05788
01554
00185
02045
06087
02380
05931
03968
05896
06632
06247
04734
00712
01738
00940
01749
00893
02694
00054
01329
02389
03986
05759
01563
02866
04474
02099
05519
01883
01289
04739
00213
03805
03613
03074
05122
06573
03266
05807
06445
03785
00412
05921
00321
02126
04336
00028
04314
02872
04598
02744
00096
03278
00156
02541
05295
05886
06390
06538
03186
00698
01385
03555
00110
03644
05750
02758
04304
05974
01086
00417
06276
02454
04424
04502
03429
06357
03260
04233
04650
06493
01626
03807
04938
04181
02726
00060
04891
03733
03323
06306
00276
04210
03605
01333
05302
03159
04178
02552
01743
00367
03354
01546
02443
03023
03328
04854
05578
02661
02601
02669
01615
00986
00994
03009
05082
00013
03994
05028
06161
05169
06453
04451
00898
01313
01694
05245
06317
02828
03048
06772
03446
02096
04668
02618
01037
05832
02130
01333
06650
01433
02825
00221
03935
06285
06439
04304
05973
01239
05913
04797
02912
02375
02721
01554
03248
00831
03890
01323
02305
00037
03733
05382
02377
04340
04654
03084
05734
06869
01457
00760
06751
00465
02703
06145
01840
00737
05088
00519
04894
00646
06483
05598
03196
00588
01187
03045
05741
00979
05046
04730
04367
00472
05383
01143
02514
00979
03941
00410
02658
04258
03346
06258
05837
03766
05418
01925
02393
01833
02726
06711
04635
02951
00296
00180
03277
06190
02330
03851
01242
00790
05942
01415
01108
00243
02081
06210
02927
02114
01909
02978
02825
06231
00159
05079
06274
06684
03111
00652
04054
00595
02272
06830
02413
00233
01608
00575
05816
03927
04718
04849
06403
05091
06557
06166
02243
01485
05257
01395
06261
05517
06370
04873
00708
04016
01108
03880
05796
03622
06403
06604
01232
00861
04034
00118
06403
05477
05071
02831
00359
02182
00852
03505
03199
01275
03361
00618
02256
03997
03175
06231
04387
01003
00868
00715
04373
03781
04040
00156
04647
05832
00900
00495
04545
02137
00829
06151
04439
01971
01121
03664
05008
05866
05651
05086
04691
02758
04129
04821
05543
01401
04827
05821
01862
06637
06706
01199
01662
00814
00911
04287
05885
02940
00535
03941
03363
03562
04144
04403
00746
05813
04338
03685
04738
02373
05903
02128
06163
05283
02224
05481
02164
04972
04518
01513
03350
03990
05802
06286
04838
05663
04998
04445
05800
06891
03440
04784
00229
04264
04640
03796
01108
02102
01617
04979
02941
05449
04065
05247
04894
02822
03304
06539
04692
00430
01695
00572
00798
04598
02623
05320
04657
04632
04944
06359
01760
01791
03643
06366
04911
00590
00760
03177
05128
01904
03800
04330
03537
06072
04112
00600
05265
03256
04187
02855
02929
01014
01003
03096
06599
05223
03328
05169
01931
00621
01277
05884
00815
03564
05060
05897
03545
06538
02492
01358
04903
04255
02329
05634
03390
01157
05201
06794
02988
06460
00298
02692
02017
02170
05677
03843
04681
02342
01722
05457
03905
05475
06222
01540
06879
01445
04958
04298
04111
02647
01505
02572
00640
05224
06298
00950
01841
02207
06379
00290
06126
06423
03630
05056
06007
05309
