05042
02191
06238
03888
05785
02061
04474
00967
01186
02988
00493
00943
00762
02130
00617
05186
03621
00964
00102
02633
04399
00480
03658
03313
06484
04898
05020
04097
04185
03030
02373
02840
04037
01852
00668
04931
01223
02490
02669
01796
04053
00115
01413
04118
03046
01349
03404
05596
01277
05640
05887
05170
04370
01323
01153
01252
00383
01752
03485
05874
03444
04168
02299
01757
03735
00209
00764
00947
03459
00483
04540
05126
00940
01250
03804
04971
04285
04142
04992
02325
00966
06174
05163
00562
03053
05091
02093
03582
05943
00657
06503
00539
02339
01752
05451
00498
02236
04033
01170
01395
06497
06163
03795
03553
02355
01750
05877
01857
05314
06103
04058
03560
02692
04785
04176
02716
05620
01677
01796
02251
00898
01200
00477
04984
03628
06035
00778
04372
01201
04440
06362
03192
03798
00912
00303
03729
03791
01233
04141
03284
03427
05093
05412
03673
04404
00054
01327
02173
04858
05285
02945
01519
01972
00657
06116
00860
01770
00021
03029
00349
05977
00131
00495
04278
04764
02404
01714
02250
06419
01313
05896
02282
00259
00771
04180
04316
03410
02783
02079
01872
03764
01494
04776
02910
04207
05641
05639
03307
00520
04585
05895
05907
05465
01580
05670
05400
00543
00468
04674
02688
02419
03649
02609
02733
00549
01527
06597
06597
02848
04202
04650
01594
05255
05078
00349
05420
05154
04075
01612
03050
04156
04261
06204
06152
03516
02193
03866
02730
02829
04884
05338
04239
06068
00254
01013
00161
05759
06147
06075
05848
05125
04714
01029
04926
04157
01999
00461
01525
06358
02987
01324
01829
05200
02115
02320
04674
02534
00278
01689
04658
01017
03831
05414
01019
04850
04179
03928
02651
01059
04492
01122
01625
03338
06596
05683
01529
02307
06038
03515
06422
02769
01141
04902
03359
00865
03800
01687
00227
05612
03453
01796
02769
06022
06058
02450
04641
02759
00308
03061
02798
04774
00702
02438
00517
00869
03291
00578
01742
06581
03238
03186
00225
03615
04046
00204
04085
00075
01656
01446
01129
02953
03548
01986
05701
05858
04850
04090
03011
00698
01621
01873
04591
03548
01013
05628
01406
03017
02747
04163
06434
01327
04381
06224
04907
06363
01337
00371
04098
06402
00406
04815
06455
04601
02886
01093
01234
05359
04776
06323
00678
00324
06219
00576
05650
02761
04988
05654
02225
01747
04112
05237
00745
01141
03941
06112
02728
00569
02242
06231
00099
06154
00128
01224
01728
06249
04688
06378
04691
04531
02339
01159
00406
03947
00417
03461
00026
00225
04833
01498
02586
05542
05967
02794
01414
00435
00643
01463
01925
02869
00422
02475
04891
03607
01920
06556
01074
00893
03885
01756
03957
05736
05494
03612
05072
06466
01203
05429
06459
05032
00862
04091
06509
01599
02050
02015
01013
06308
06435
00767
03972
06245
01440
01596
05455
04493
02027
05919
01672
00720
00993
03768
00579
00699
04564
04317
00166
00422
02069
05172
05906
01074
00703
05549
02599
05689
01704
03815
03315
00302
03944
04741
04315
02074
03964
04381
01490
00432
02516
06149
04702
00614
02288
04202
00290
01376
04802
06094
03502
06322
01444
04157
00107
03506
05754
04485
05530
05216
00930
04695
00396
03252
00688
00062
05732
05682
03086
04075
05521
01531
03129
02899
01848
04459
02758
02045
00390
02155
04867
04588
05626
02739
03003
04957
03097
02310
01161
00125
04667
04737
02982
00851
01051
02345
05589
06253
03948
01960
03587
01090
00351
00516
01260
00787
05761
01484
02240
01295
04601
03000
02821
00041
05208
00484
00038
06528
05600
04936
02481
04507
06079
00175
03679
00990
01173
03354
02340
06518
06136
04177
02062
03805
02369
00269
04522
02531
06255
05405
02737
04097
04530
03067
04474
03907
04314
00849
06354
01337
05502
03373
00942
05266
03072
02247
06217
03358
01117
01739
02561
01821
05730
01232
04483
05097
01635
05228
01143
01070
00725
00593
00238
06394
05427
01551
04407
05580
02846
03935
04306
02445
03916
01386
02932
00669
06451
04284
05497
04444
06448
05416
00671
03759
03112
03529
05342
04354
03039
00627
03934
00296
03103
04756
02546
04140
06496
01330
00296
05890
01798
05273
04690
04384
04985
04857
02918
05730
06021
06322
03073
05143
00345
02798
00139
05478
01717
04153
03820
02492
01148
06431
04765
03277
00273
03138
06561
01803
05486
04126
00161
02744
06360
04308
05110
06533
05614
04943
03706
06525
06376
04982
04376
03065
00437
00702
04714
06552
01764
01564
02928
03082
06492
04644
01230
06097
04679
01736
04991
06405
04697
04601
02613
06435
04382
05267
05347
02841
02602
05808
03354
01432
02138
02060
03303
01646
05591
05039
03421
02239
00595
00636
00391
03096
02820
04342
05294
02888
04101
02330
06448
03804
01676
06237
02570
05053
05454
05082
02908
05367
06542
04200
04170
01737
05165
03718
03940
00644
00732
03308
05443
03489
02005
06496
05739
05468
03135
03529
00320
00119
02615
02083
01225
02236
04091
06111
05698
01667
00723
03518
03021
02988
04617
04507
01112
02394
05071
02890
04842
05685
05463
01161
06166
03810
06469
05105
05450
04192
00729
01320
01378
05433
06513
00759
04861
01427
05396
05323
01186
00698
00849
05122
01531
05588
00037
01812
02726
04561
04019
03028
05645
00781
02973
00249
05164
01452
02857
04933
05503
05816
04447
06409
02486
05946
01727
05651
05289
01411
00592
03333
02421
05517
06539
01059
02713
00427
05598
00433
03282
00553
01204
04351
01057
01346
04690
05778
03143
02380
01116
03015
05823
01626
04893
05503
04377
03934
05254
00426
01423
05896
03765
03169
03888
01888
04871
05804
04307
02412
01697
06596
03598
02142
04744
02775
03995
01662
04777
05838
05075
05951
06362
00028
05485
06248
00294
03373
04759
03745
03616
05456
06325
06160
00567
01219
03016
05887
00376
05674
01309
05628
05258
04259
00814
03749
03482
03905
03078
02861
03014
02754
01846
05512
03902
05535
05125
03262
04519
05816
01044
06032
05162
02378
01159
00445
06241
06103
03103
05262
01594
06367
03636
01454
03668
05656
05016
02168
02845
04416
03663
05908
04686
02554
05186
04034
04238
03029
01651
02978
05275
01845
03371
04869
03520
01115
05519
00955
00576
02984
01089
06010
01881
02586
00403
05591
02131
02152
06126
03997
02647
05576
02320
03839
00093
05698
00820
06203
03861
04145
04052
01974
00279
01446
04337
05854
05047
00720
00019
01927
01392
02948
01468
05166
01249
01828
01118
06475
04076
02568
02029
01287
02059
06214
02527
04098
05278
00998
01096
02095
00343
03271
05323
04742
02951
00888
05906
03614
05897
02324
01878
01069
01299
06181
05018
05541
05174
03947
01642
02710
03931
02298
04953
00898
04797
02109
04079
03248
04317
02442
01946
05600
05384
04492
02572
00808
03181
03815
06434
01465
02363
05124
04380
04609
00896
04025
04344
05381
03436
03251
03161
00579
02851
03274
00974
00690
02321
03522
01629
04070
06535
03634
01549
03652
01540
05363
01011
03942
04824
05167
01636
01635
05458
04403
03338
03326
05137
05202
05442
00377
01031
00295
06233
03167
05865
01814
04535
05299
01395
00880
00644
02328
03232
03818
02303
02293
02967
06369
00125
02708
03914
03124
00750
01216
00000
04909
05307
05249
01442
01693
02356
02934
01355
06187
00486
00981
03280
02497
05097
02409
00078
05276
02432
01129
03379
06365
03482
04489
01581
00881
03549
03599
02647
04825
05194
01245
02858
04407
01283
01094
03624
06582
00625
01646
00260
05372
03354
01066
01101
01303
01744
03417
01248
05713
03405
05654
04333
01225
06114
02395
04490
05135
04759
01203
04604
05268
01293
06260
01741
06236
01575
05720
03807
04233
02014
00847
02710
03325
01851
03682
02251
04107
02064
03622
03228
02755
04144
03826
04417
00856
01493
04007
04410
05896
06256
02276
01573
03671
04714
03995
05427
00000
04521
01604
02458
00666
00479
05139
04109
01098
02541
05408
02215
00099
05892
05675
01094
01031
06300
00410
04916
04368
00341
03721
02434
03671
01355
00509
05573
00992
03351
05181
04826
03808
02495
02021
02173
04693
00640
01616
03557
04248
01842
02617
01940
06057
04994
04662
02867
01896
02461
00634
04098
03987
00335
01382
02468
04793
03132
04299
03976
04177
04262
00446
01317
04544
03677
04416
00373
05701
02652
03817
00218
01627
06280
03393
00791
04786
03788
01611
03805
04794
03695
01494
02493
04398
04063
04385
01821
00489
02519
02234
03524
03831
04324
06234
03039
03842
04629
02713
06286
01912
05265
01650
05225
02909
00370
04995
01075
06531
04351
00716
01081
00130
05663
04505
02940
03389
05153
02253
05569
01107
00409
02517
02898
03687
05085
06190
05406
00789
02093
05428
04955
05024
03721
05832
03012
03885
06556
01620
06277
01126
04958
04727
05699
03380
00600
05408
05265
04484
04128
05752
02477
01796
05549
02153
04584
05955
00484
06148
00092
02938
00184
01660
00841
02939
04481
03517
05344
01372
04027
03224
01049
05600
01359
06102
02391
02426
03430
05774
02104
01583
06090
04301
01571
03791
04263
05937
06490
01152
04910
05074
04895
00687
03099
04350
05939
04467
05204
01855
04017
06456
05578
02026
02970
03645
04548
04327
00073
00987
06086
04984
02366
01730
03969
00673
03640
06081
02700
03658
02355
02561
02232
01995
04634
05928
02089
02493
02574
02973
04752
06401
02596
02204
00869
03335
02756
03296
05746
05341
00917
00744
06267
04090
02799
04640
00962
04958
05849
03061
01302
02112
03120
00508
02531
04459
02361
04663
00286
01094
05245
05389
01887
03471
04179
00749
01056
01547
03548
04239
00205
02748
00584
05839
01961
06208
02222
00559
04880
03401
04088
02864
00620
00991
05629
04964
03886
05166
05967
04179
01982
04669
04973
05423
00102
04581
01964
02294
00344
05673
05086
00701
06464
00312
02428
00660
06237
06037
05287
00889
02736
04167
02274
01836
03287
06058
04596
04780
04724
04729
03338
03501
05397
04277
02457
04847
06153
00375
03665
01596
06592
00486
06173
05493
00153
00758
02102
04833
05721
04813
04951
05220
02151
05851
02084
04048
00693
04861
00164
04106
01560
03062
00125
00155
04960
00963
04982
04009
00803
01217
05256
01970
04549
03846
00277
03133
04138
01944
05251
01389
05123
04150
05906
05906
03831
05609
03960
04677
05201
04998
00007
00000
06367
03451
05100
00545
05042
00179
01528
02193
02737
02752
05843
00756
05889
02748
03756
03303
04008
04180
01485
02649
03607
04138
04651
00736
05828
02397
01076
06145
04247
06231
06337
01964
04029
00947
00523
00401
02928
02561
04498
01795
05680
05351
01680
01887
05482
04445
00291
04512
05110
01701
01498
02043
05775
05606
06199
03098
02820
01596
05730
02680
03003
05581
02015
05864
03621
04378
02558
05050
02349
00280
06384
02090
00033
01546
01513
04686
00563
04293
01481
05973
05274
00303
04284
04023
02969
00933
03337
01740
04417
04048
03160
01261
05530
01131
02341
03401
05429
02412
02697
06533
00581
01612
00999
06380
05875
04605
01948
04982
01025
00623
04743
01136
00982
01846
03833
04528
02600
04068
02766
00418
01848
03767
01281
04404
04159
00582
03318
00139
00335
00325
02872
03064
01100
03731
02259
00971
01569
03212
01219
02266
02478
00536
04340
02158
02087
03079
01707
06546
01400
03103
00593
03952
03965
00779
01920
03834
02038
00530
06294
06034
01704
04010
05087
01735
03438
06455
05319
04892
02334
03723
00972
01182
04824
05123
05994
03003
06465
03660
02432
04657
05342
04849
05615
02466
04324
00562
02219
01538
06132
03946
02570
06306
06539
05501
05978
04605
04720
00172
05119
04731
03487
04215
00250
06095
02243
05870
01541
05338
06423
00971
00202
02851
05533
04935
03988
00580
04848
03584
04453
01201
01716
05883
03886
04719
03926
01092
04157
03086
01837
05192
01888
04813
03536
00347
03889
02473
01393
06450
04762
00369
05351
02767
00287
02457
02833
00285
05594
00633
02654
03735
02314
02442
05434
06225
03973
03964
00139
02314
04972
00766
03938
02189
00326
00964
04148
04042
00820
01446
00800
06102
03316
03899
00339
06364
05129
03337
05743
06318
02904
05831
05922
00316
03381
01161
01307
01815
00100
04287
05015
00307
04595
02883
00041
00343
03492
05892
05313
06362
03889
01092
03219
02468
03040
00451
00544
05230
04870
03630
04410
06159
00368
01992
02912
01156
01196
00203
05137
03586
01662
01570
05174
00211
04302
04870
00688
02036
06287
04075
01041
04399
05411
04287
01710
01305
04050
01158
04690
00793
01985
04789
00070
06292
05470
06337
00540
04233
00818
03819
05730
01654
00680
03211
05692
03479
04306
05829
04219
01901
06394
06500
02353
03771
04262
01530
00742
01288
02525
04105
03156
02514
01878
04937
00135
03968
06111
05438
02897
04353
05139
04701
01506
00478
05581
00212
04236
02177
02289
03995
05452
03529
05034
05107
05500
00483
03558
02153
05078
02063
05317
02438
04987
05180
02544
04566
02946
01440
01127
05035
05620
01759
02339
01470
01315
03127
06394
00762
06115
04967
01992
03245
01825
03146
01506
05011
06136
03700
06351
03184
00234
03551
04015
03498
03907
05898
00261
02153
05290
00671
01673
02476
04169
01888
06038
04178
01179
02565
02090
05921
00917
05196
02148
01606
01645
01645
00759
03306
01503
05105
00125
06597
04039
03703
03479
00809
03168
01730
02760
02110
04595
01179
05178
02973
05891
01590
03736
06315
04645
00331
01210
06053
04414
05932
05023
04683
00444
05678
03141
05586
06030
01702
06219
00385
02112
04793
00272
01919
03302
00159
04949
06055
05913
05661
01149
00586
01152
06319
05061
01736
04734
02662
05213
03122
06529
04867
02814
00606
06563
00640
00119
02032
00553
02295
06080
04642
04521
03826
03959
02736
02960
01102
01024
02090
03089
01452
04174
02111
00146
04197
04905
04034
03361
03946
05392
00020
00500
05661
02534
03598
02509
01720
04305
01240
00084
00696
01845
04539
01830
04693
01927
00184
03852
01313
06461
06115
05686
05058
00659
03863
02382
01550
01304
04335
02586
03602
03479
05518
01849
05543
03257
01244
00614
02865
00784
02214
04002
02485
02471
00649
05004
01455
04853
02562
02819
04926
02152
02605
03461
00364
04453
01352
00896
05757
04222
03459
02389
05979
03253
05342
06316
01156
05725
03847
01467
05865
02383
01126
06304
05979
03090
05119
02222
03412
03828
00396
01220
01079
06085
00252
04584
01150
01195
02140
04931
00382
01215
04560
03726
05649
05134
02575
01099
04575
01380
04536
02030
03562
06228
00412
00018
04205
03690
06346
02512
04439
00625
01208
00986
05946
00712
03445
05493
03395
02894
00825
00405
01221
03215
00277
03322
01919
05463
04844
02889
01102
06284
05045
00309
05856
04160
00748
04580
05951
01235
01484
04718
00485
03327
01348
02736
02890
03789
06211
02175
00456
03533
02033
01888
05623
02130
06595
02612
05122
01716
01866
06073
05980
02999
03457
05772
01864
00505
04010
01121
00437
02673
02924
06397
01178
01563
02394
00139
06419
03784
01459
03859
04096
00978
03033
04825
00422
01964
02696
04561
05885
02640
03790
06440
02358
04963
02321
01485
06510
05411
03665
03375
05699
03872
00396
05416
01513
05880
05807
03855
04930
05757
01984
05980
04352
01153
01381
06508
02664
02266
04464
03460
05597
02680
03442
03545
00702
02426
06280
04870
02310
00705
03903
05536
06429
04237
04240
04844
05007
00035
01863
00280
06529
03024
03262
02878
02396
02511
00865
05348
06224
06390
02998
00833
03710
05239
05523
02570
06314
06074
02059
04146
04963
01960
00926
01337
04656
05458
02660
05075
01240
04536
00326
04737
00070
02629
00114
05061
04304
00071
05393
02910
05826
03485
02886
01812
00716
01362
04053
03261
05652
05670
02389
00454
00465
06355
05507
00245
05174
04756
04685
05395
02143
01666
03520
04407
05604
04136
05463
00838
04071
01630
02073
00622
03202
05788
05589
00745
00978
01348
00820
06343
03002
04986
02874
00773
01934
05799
02899
01306
05941
06392
01671
03247
04465
05445
04521
02302
02039
00822
00298
00123
06509
04136
00740
04712
05757
02061
02686
04173
00741
05626
00531
03828
05855
03393
00751
02267
05716
01007
05888
00066
01960
06272
03812
01572
01642
04678
02397
06282
03619
06561
01798
03275
02064
04536
04192
01472
00317
02533
04133
03891
05120
04663
02360
06592
01232
01849
03735
01164
01440
00272
02431
03898
02555
05530
02482
05660
06053
01777
02743
05327
06324
03382
00303
02935
02218
05387
04135
04697
05192
01569
05375
01040
01144
04392
04150
03734
01111
01741
05407
02620
03565
01213
05076
06438
01371
06296
04389
05773
06215
05241
04997
03728
05031
04386
00338
01717
05432
06228
03663
01992
02865
01795
01071
02126
03473
03064
02560
01084
00970
01273
05762
00728
00776
04555
03155
05697
01858
01399
01120
04123
04220
02755
01441
02258
04622
04783
05354
05088
02501
01327
00354
01017
05388
00577
06186
05307
02455
00220
03828
02860
01963
00873
04212
06387
02205
06333
06527
01321
04598
00196
00039
02128
04727
04234
00545
06305
05599
05746
02748
01644
03254
01658
04773
03048
01781
06077
06483
00483
05117
00104
02012
00795
00608
02721
01570
02994
05367
02328
03926
00464
06409
05538
02175
00178
02957
01994
01455
05561
04117
00112
02523
05302
04583
01558
02076
04104
05808
06565
02183
06528
03303
03263
04957
05412
02284
04965
06343
01424
03579
02792
01475
02595
04081
04572
04819
06364
02978
05425
00560
00709
03164
06315
00211
06352
00291
03546
06587
03735
03970
06180
03328
01496
03795
00565
03843
00556
00867
05304
00400
03489
04069
03184
03801
06341
03745
00576
00504
01283
00401
05976
01552
02346
04944
04785
02089
01057
03743
06471
00998
03583
06374
04381
06117
02150
01955
02511
03194
04032
03577
05864
02936
05745
03184
04804
00901
01404
01189
05816
03649
04890
03567
05054
06123
02708
03926
06084
04920
04290
01719
04260
03585
04965
02375
02942
02183
01878
03028
04729
01534
04153
03979
04217
02779
03716
00289
01906
04340
04594
05138
05354
03034
06341
01383
04541
02701
05431
01608
00354
02261
00081
00726
01706
06392
00100
02483
02593
04357
03093
03121
05838
06099
05142
03380
03221
00150
05519
02212
00715
03168
00372
04386
04769
05896
04080
03567
02641
04778
01263
01700
00717
02875
02649
06569
04896
05702
03090
01189
04916
01360
04726
00767
01098
04797
02138
02231
05649
05285
02205
01972
04717
06278
01750
05443
01032
05343
00855
02729
01295
01022
02263
05165
02811
04246
05494
05564
04784
06345
05585
05130
05474
06134
04109
03674
03619
04311
04520
05338
05321
00634
03267
01318
02940
02658
01811
02192
05445
06393
01791
03857
04338
02772
03748
03431
04367
02099
04572
03730
05950
03355
04070
00148
02887
01018
04014
01421
03794
00423
05917
03664
01489
02171
04275
00942
02787
03296
00993
01493
03827
04244
02435
01364
04935
00594
06090
01966
01908
05765
04880
04360
00271
06434
00541
04401
00063
06137
02446
02533
03878
00815
04341
02494
00629
05524
01027
01047
04887
05996
04178
01062
06326
00900
00120
02814
02218
05690
06589
00366
04040
06265
02125
00322
01007
05344
02873
00963
04069
01406
04432
04494
04656
05589
00875
04342
03473
00264
04551
05558
01091
03609
00699
00303
06258
05436
04624
03859
03782
02881
03864
04860
00446
05538
04704
03739
03145
04050
02919
02224
05191
01782
05873
02195
01263
06579
00013
05678
04258
05123
04297
05271
03476
01205
04504
00285
00803
04128
06385
00526
03455
02556
04865
00738
04610
04077
00723
00512
06441
01260
00260
05843
03104
02748
00299
01929
05060
04918
02197
02328
03658
04314
01847
01741
02501
05419
01444
02306
05844
04108
06135
00051
05914
00765
04794
00670
04455
06469
05156
01157
06588
02154
03457
04433
04268
03484
02068
01212
01150
01658
06440
01418
00486
06280
00756
04885
04875
02942
06116
06532
02491
01142
06180
03064
02675
03705
01064
02875
03091
04230
06526
04877
05838
04968
03917
01052
00439
04963
03479
01687
06599
03675
00818
03527
00491
01505
05924
05995
00121
00179
05564
06030
04731
01127
03494
00015
01533
06540
01558
04469
02521
04317
02598
03973
05866
05106
00523
02641
05565
06300
03177
02431
02843
04005
03550
06171
00499
02242
04828
04578
00252
04703
05256
00676
05512
02365
04064
00413
00325
01106
05018
05008
05773
05565
04103
00480
05069
05972
06214
05157
01882
06076
03524
02895
02271
04996
01609
06187
04915
01551
04695
06063
04048
03924
04252
01003
05270
06059
04462
04157
05486
02366
03046
05577
03643
02602
05029
02836
01314
04313
01563
00339
03794
04638
02566
04909
05814
00644
06368
05449
05728
01514
03753
03909
05536
06415
06419
02525
01722
03286
04237
00668
06541
00198
02031
04898
02839
00049
01740
05866
01174
02543
06158
01951
05921
05006
00707
01107
05285
02200
06316
03667
01012
04465
04087
05874
04232
05796
03170
06456
01110
02033
06000
04566
04037
03661
05241
05561
05517
04349
03009
00881
00020
05128
02082
04437
01363
03153
03565
01565
06216
04758
05420
01564
06077
04880
03851
04391
02685
02719
00893
05206
03463
02257
06515
05350
03195
04910
06183
04065
00401
06315
03079
03219
06377
03498
04332
00193
01797
01914
04738
05440
00082
04160
04058
00464
01829
03682
06291
02723
02819
01763
00336
01757
00657
02136
00059
04385
02970
05558
05182
02814
01791
02070
02994
05893
00952
04871
06321
06184
03521
00398
01141
01480
04600
03140
00740
05443
00730
02283
00379
00240
05285
03846
03839
05880
05384
04917
06234
02067
06135
00906
03539
05252
06163
04707
01558
00763
00238
05452
05627
04196
06548
01560
05331
01393
04701
01780
04452
03257
00351
04464
04453
02747
06480
03123
02061
01187
01440
00506
03326
01520
05197
02724
01783
03583
05761
01485
00648
03176
02214
03453
02702
00595
06498
03244
00510
04678
01861
03605
00190
02102
03543
00036
03423
05599
05391
04213
06535
03507
05254
00915
06043
04803
04361
03073
00329
06532
00573
05296
01323
00312
00437
02678
01536
05632
05167
03519
05396
04964
03486
03491
04328
02455
06096
04828
03132
02769
02879
04778
06409
05650
03444
01300
04643
04256
01623
02157
04211
06206
01299
00921
03139
06089
01535
04731
01243
05487
03920
06092
00297
04278
02977
00762
00100
04479
02749
03019
03321
03301
04187
03188
03790
00766
02759
02810
03172
04365
01442
01564
01779
00928
04760
03755
06093
01301
04119
04984
06236
01116
00503
04520
02871
02593
03877
04806
04583
01818
04169
03149
01273
03159
02280
02280
01956
03370
05204
03361
02369
02340
02574
01010
04827
01328
03534
01723
05980
01497
06369
00840
05015
05236
02825
05638
03516
01225
05323
01011
01453
04220
06058
02855
00536
06570
02417
00194
05021
03762
03597
01971
03623
02641
03504
00747
02367
05458
02410
02604
01492
03488
03482
06489
05543
03473
04507
05843
01043
01762
05186
00940
02274
01481
06083
06052
05042
06403
04339
04830
05526
06378
06559
01759
03577
02506
04204
01330
02701
00864
01696
05514
04058
01327
03094
06437
02834
01785
00607
06593
03808
03367
05939
06175
05657
01509
03440
01649
03051
04709
03617
05808
03283
05622
01543
06454
03403
05720
01141
01317
05279
02831
04637
00194
06392
06322
01208
04530
03570
01399
05411
05071
00504
04949
06573
05638
05984
05845
03684
03129
05680
06181
05688
00540
03031
06490
03727
02838
03497
03994
01144
04150
01018
01684
05123
06287
01132
04292
06597
02410
03652
03127
03649
04934
06094
02287
04074
00383
05361
00123
00501
03232
06524
03527
05115
03750
02168
06115
05869
01562
01232
02730
05760
05682
00490
06114
01328
02742
06426
02435
03176
03370
06164
05205
04831
06565
06406
00266
02334
01324
05504
02389
00294
06123
01100
02670
04391
05961
05072
03260
01723
01983
00530
01653
01722
00446
01123
05357
03286
04394
05508
03184
06142
02774
03869
03189
03695
03293
01085
03226
05374
01178
00131
00726
04595
04469
01347
03455
00696
05787
06116
01281
00543
05368
05158
05727
00425
03148
05041
03953
02226
01135
05896
05106
06466
05226
06228
06596
00991
04452
01182
01530
00006
05149
03476
04722
06168
02371
00021
01742
00817
01422
04959
06038
00220
01730
01069
04579
02042
02665
01399
03802
06217
03298
05505
06107
06425
05786
00445
01837
02066
04333
04717
02935
00649
02817
00360
06510
03921
03688
05030
02990
01070
02008
02591
06575
05213
05488
00541
05662
02040
00673
03002
01908
03877
03334
02371
04095
01294
03394
03692
02451
02043
01861
06078
05325
02339
04922
02931
01924
04658
03200
04994
00340
05620
05931
00294
05144
00392
03079
01393
02692
03136
05760
05086
00964
05108
03656
02339
05652
00638
06102
05893
01940
02296
00767
02734
00368
04993
00412
04825
01810
02903
04160
04294
04692
04567
04004
03713
02918
04936
00377
04349
00096
02741
00434
02022
02165
04873
02419
06164
03692
00548
01153
00955
03875
05764
04040
01648
00011
05719
01827
01726
05579
03548
02947
05957
02409
05226
04887
01852
01812
02040
05053
03302
04151
03820
01074
05392
06090
03063
00636
05738
03659
02077
05857
05060
01045
04426
05259
04344
00818
02072
06394
02197
02922
03230
00798
05772
06448
05426
02768
03059
03421
03990
01084
04350
02988
01472
00654
02766
00137
06364
02501
05250
02551
03149
02736
06585
03196
01152
04020
04418
01643
02961
02223
02499
05830
02239
04940
02741
00741
00194
06211
04297
04271
01221
02956
04092
05916
00206
01216
00477
03630
01531
03373
05943
05314
00934
06460
04601
03118
01169
03456
01027
00328
03613
06045
00836
04744
00196
02866
03470
02355
05567
03796
03067
02510
06017
01425
02145
05387
05802
00590
02088
03443
00343
05549
01477
02728
03895
05031
02887
01789
04001
00658
03198
03013
03465
00855
03579
02597
04961
03386
03291
00527
05636
04583
02693
01828
01590
02158
00923
06469
00295
04674
06445
00333
02718
00315
02432
03279
06490
01350
01486
03047
04628
03126
01871
04504
00176
00922
01286
02114
06418
01899
00006
00949
04110
01711
03819
04070
00128
02151
04589
01949
04665
02841
00142
04497
04179
05779
04957
03744
02916
06189
03419
05871
00118
00569
01723
04451
03127
03714
04279
06353
04236
05374
05549
04736
00936
00586
05432
04073
06458
01209
02755
03112
00157
03047
00752
00730
04106
02008
02671
06274
02880
03408
04586
00554
02979
03919
02509
05298
05969
05019
06379
05072
05505
00450
01491
00709
03111
05242
05521
00048
00554
06503
00481
00897
05119
06161
03439
05060
04174
01398
05754
03991
03338
00859
01791
03226
02175
04651
05145
05530
01875
03625
00006
04818
01254
06048
06260
06144
03110
04437
01930
00279
04763
05061
01148
01165
04106
02448
04271
06547
00293
00858
02698
06484
00503
01642
05573
01868
06422
05417
02811
04951
01537
04328
01811
05244
01144
06518
02237
03628
03114
02629
03999
00074
00329
02160
02631
02864
05195
06283
01571
04195
01370
03679
05940
00373
04011
04153
04257
04629
04652
00341
05440
05949
05557
02084
01103
06408
00377
02527
01177
01270
01847
04943
00932
04189
01696
00563
05071
00685
04405
03309
01824
02768
06073
05842
02603
00053
06017
05323
02671
04176
00789
06372
00067
03351
04406
05905
03230
04403
00703
02328
03428
04025
03312
02415
03764
00388
00581
05611
03718
01633
05733
01370
04754
04951
04830
06029
04372
05529
00246
00566
01843
02713
02109
03106
02832
05314
04446
03618
06228
01354
05732
02652
05579
04146
04985
05209
00820
01236
01602
06203
02482
00536
04054
05053
03429
04283
05365
06255
03385
02172
05125
05796
01481
04916
00664
05594
00644
00698
05746
05517
03469
02144
01390
04192
02488
03597
04719
04433
06336
00384
01420
03936
05270
05654
00421
02052
01773
05848
00178
04330
04960
03212
04419
01970
05556
06445
05466
02840
05426
02538
05053
06108
04460
04129
03535
03287
05209
02334
01438
01723
05052
03916
04127
01973
04359
04342
00485
04681
00901
02450
05809
04938
04108
00554
01643
00245
00153
06137
01967
04248
05542
01135
05395
04733
06319
03617
00821
04541
02082
01712
00209
04523
03172
02364
01311
01790
03912
04756
05035
05809
02186
03573
02398
04579
02474
06133
03586
01655
02236
04434
03035
05919
00900
01204
01009
06410
05919
00340
05914
00087
04677
05848
03140
05380
05555
03668
03848
06536
04797
02822
02770
00417
01672
02989
03973
04898
06389
02495
01316
02317
02849
03886
04011
05273
03737
05743
03939
06448
03691
06175
00364
01184
05512
01921
03517
06140
03470
02256
03095
04270
02018
00886
01167
05539
05770
05751
01498
01475
05945
05309
05916
00339
01947
06576
02633
04025
01320
06345
05908
03307
03934
03380
02166
05973
05358
05112
02853
04757
06465
00877
02694
06524
03076
01024
02686
06564
04174
02021
06378
06464
00962
04162
05246
03421
05936
03148
03842
04867
04045
06497
01665
06599
00859
01081
06035
01809
06036
02145
04795
02204
04232
01093
01178
03927
05230
01106
04042
04096
03190
05757
05639
01416
05237
02531
05015
03798
06002
06334
02739
00372
04701
05569
03357
04160
03039
00297
04737
01384
00429
05664
03480
02950
02862
04886
06496
05827
03932
02142
06599
01282
04231
00170
06422
06540
05060
02044
04755
00532
04957
01883
02030
06351
06507
04182
03269
03002
02150
01232
05555
01007
06501
06304
00643
02525
05432
04259
01330
01298
05682
02696
04306
02952
02901
06072
01475
00058
03670
03753
05997
00746
02575
06117
04680
01864
01699
02819
05196
02480
04932
02866
06516
01113
04088
06013
05797
04174
03938
00616
03389
04611
00589
05950
03463
01869
01963
02388
06435
02469
01300
02861
01777
03803
05074
06306
03494
03356
01817
03374
01679
02656
01252
04747
04178
01962
04674
05965
01893
04381
02952
02585
00246
01591
03304
00386
02281
01604
05767
00720
06048
00658
00180
02964
00388
01533
01756
06525
00066
06294
04202
00528
04625
01308
01075
03136
06448
03991
05512
03794
04205
03381
04790
02859
05087
03436
03367
04120
03869
04907
05107
02586
02679
03925
02481
03036
03834
06450
02198
05258
01098
05859
03137
05432
04039
04754
01389
00956
04826
00644
00709
03017
04353
04812
01135
04033
04774
02558
05319
01829
05622
00908
01580
02828
02661
04936
04759
05967
03006
04311
06239
04757
01744
02118
02746
05952
02445
02508
02238
00034
01980
06356
02518
01045
03014
00285
01280
04118
00357
05151
03483
01077
00873
03172
06445
01324
03876
00241
04699
03730
03125
02488
01514
00842
00266
01180
02850
00413
03358
00359
03010
03968
02834
06467
03750
05539
01032
06139
04237
02152
03402
06542
01911
06052
01553
03968
00004
03517
00394
04908
03887
02072
02402
01305
02794
00590
04266
05840
01819
03194
03310
05223
01628
03274
05464
00094
01825
01367
05490
03196
01546
03074
03920
05236
03135
01229
05523
03506
03403
00572
06081
00643
00370
04990
03018
05894
05780
04532
03598
06302
04939
02276
05970
00137
03817
02338
05570
01568
00363
02340
06248
00370
03610
04696
06306
00271
02256
03565
03346
06383
01263
02075
01959
02309
06357
06192
03312
00843
02484
01495
00169
05003
03566
02215
01806
04846
04997
06589
05084
05797
03448
00303
04759
02883
02282
02607
06398
02915
06277
02856
01651
01498
00852
01024
01990
05787
05422
02465
01353
03820
01878
00781
05558
03498
05990
04270
01709
00461
02052
02304
00898
06186
02685
04460
04475
06241
03630
01057
00567
04802
03018
02033
05825
05673
04214
00461
02332
01907
02216
03574
03616
02564
03117
06201
00859
05703
04513
04142
02708
05697
05953
06326
03672
00826
04493
00358
03919
02921
02186
06284
00344
02083
01932
06165
05641
00391
00776
06536
04635
05769
05295
03971
04074
04313
01798
05152
00875
04367
05370
01283
01038
01022
03690
00779
04218
05962
04221
01386
05744
02759
04898
01003
04439
06263
03102
02607
00782
05752
00815
04924
05881
00320
04383
05659
01627
00221
01133
00140
05218
03461
06246
00096
02391
05767
02297
01643
02508
02645
06415
02404
02281
02087
04753
01706
01767
03188
00140
03652
06085
04079
02007
02213
02865
03900
04549
00827
00910
03078
02902
03003
01187
02190
05464
04282
00101
00858
00347
05722
00419
05599
00105
05175
05294
03909
05700
02685
01292
05686
03666
03176
03146
02561
00020
05368
05542
04922
05660
03351
02519
02062
01732
03071
04668
02397
00412
00565
03977
02233
04899
05476
04977
04053
04591
04880
00797
03884
02703
02624
04122
01088
02189
00335
04776
06083
02065
00375
06318
01173
05297
03658
03011
00810
06493
06590
03736
06495
06038
02700
01586
01281
06407
01046
02179
03387
04243
01091
04960
00274
03534
03952
04460
03574
02512
03716
04379
05735
03468
04848
01652
04801
01110
01137
02294
01654
00835
05019
01507
03287
04771
06124
00897
02710
00217
00027
00477
04747
03659
06467
00939
03145
06156
06455
01776
06397
01399
05132
01992
01786
02015
01461
06028
00579
05033
06103
00771
01478
04587
05939
02433
02577
04134
02201
02645
00437
02446
05567
02052
03779
04138
04813
05699
04271
06239
00739
05409
00008
03767
02370
01723
03408
06502
02468
04450
06398
02766
06434
01375
03846
05336
05360
00886
01914
05075
04382
05128
01752
02297
05638
00058
05383
05156
00164
06139
00454
05321
06471
01467
03179
04674
04331
03015
00733
03183
05977
03577
02839
04543
01388
04989
03146
04976
05111
04910
03253
01974
00832
00622
03163
02744
03884
05844
02506
03406
06590
02240
03491
04046
03047
03650
02539
02599
04331
02913
00149
05844
01142
06599
05025
00218
00097
01657
01165
00845
00989
00125
06143
05340
04763
04924
06324
00613
01805
04511
00104
04539
03844
06445
02515
00604
06552
03546
04323
01311
06341
02844
01884
06443
05776
02311
01049
00610
02358
05257
02965
05820
04149
04335
04395
00368
04378
05214
06566
01325
06358
05069
03814
01983
05573
04407
02864
03589
05908
05087
02512
02528
00735
00005
04189
01630
05620
01509
04690
02747
03031
05430
02853
05505
00035
06072
02749
06254
00290
05687
04229
00348
04593
05068
05087
02599
04147
01242
02095
03423
05040
03310
00237
00820
02978
06023
02838
01305
05228
05885
04288
06098
02184
03503
03136
05575
06323
06132
02658
01499
05126
03571
00204
01350
03316
04750
02504
00061
01651
05929
00867
03932
02745
02665
05151
02754
05421
03111
05841
06106
00326
02619
05432
04354
03116
04341
04091
00068
01945
04727
02373
03674
02484
03511
00161
04254
06418
03729
01339
00095
03761
00177
03770
01792
03922
01261
06377
01171
04546
00096
02972
01275
00325
03443
06437
03175
01560
04807
00763
01826
04058
01958
05755
03351
00749
05575
05942
05873
01703
03951
01063
03673
06456
06333
04271
00193
05615
01678
01439
00109
03901
00455
01257
05049
05310
00161
02780
04149
02359
00055
04458
04134
01528
05347
02823
03558
05080
01134
04496
05715
02823
01782
04326
00413
06397
05257
05350
03353
00756
00232
02950
00779
00100
02856
00029
00968
03827
04241
01703
00833
01838
05313
01893
01323
03593
00859
06141
03524
02999
06321
06563
02976
02159
05265
04556
01201
05267
03994
05826
04757
05878
01904
03785
03353
00249
05877
03500
05036
05257
00816
02053
00862
05841
01978
00480
05199
03520
06082
05690
05788
00151
04811
06427
04172
04753
03403
02781
02712
05239
06204
00744
00393
02975
00512
01220
05780
04704
03365
05434
03840
00589
04504
02032
04384
00260
05917
06255
00500
03281
02229
01874
02194
02764
06016
01892
02834
04603
06146
00094
00943
04549
02898
01621
03673
01381
05725
02540
05199
00543
05122
02699
02481
01466
02790
01548
06060
01386
01607
01013
01327
03296
03606
06399
00323
05889
05326
06330
01711
00352
05657
05467
03105
04448
05673
00651
05248
01499
04588
04493
02990
00464
06592
00715
00587
02636
05318
06541
05045
01400
00068
02520
06092
00842
04770
04319
01033
05731
03990
01929
06575
05228
04195
00998
05682
01478
02612
05759
05739
01397
02199
05873
04229
00471
00268
04086
00986
01735
01909
06272
02583
00737
06327
05579
00863
06105
04382
06382
05299
00909
01159
03125
00630
02851
04710
03766
02486
04536
04480
03221
00190
03807
05107
02383
03705
00962
01402
03679
04498
01415
05325
04713
02575
00682
04861
05953
02107
04771
01644
02687
06058
03020
00267
05705
05687
01514
00213
05444
03937
06101
04025
00233
04029
04533
00557
01864
00709
01211
06429
04876
03702
00761
05267
02595
04079
04551
05673
05055
05133
01523
04362
02558
02764
01764
02366
00355
04687
03155
00972
03302
00088
02591
00993
03703
04124
01523
03391
02242
04942
06062
04162
00375
04019
01591
05524
04658
05669
05499
04575
02810
03337
05069
01610
04168
06180
04232
02205
06597
05834
01396
06095
04552
02918
06203
02391
05475
05742
00142
05279
04865
06326
03057
04124
00334
03709
02007
00338
01906
02173
01355
00013
02692
00995
02597
03786
00536
05790
06461
03563
00492
04036
03504
03826
01221
04384
05076
05149
01184
04376
02465
05471
05335
04899
05925
06368
01139
01640
05732
01394
01368
05329
04499
01004
05170
04006
01831
01980
05178
00062
04095
05933
04293
05897
02451
06129
05097
04633
04367
03199
03260
02718
02560
03741
02459
02560
06169
00041
05371
02439
03674
01057
01504
05175
03206
04931
03536
02592
06080
03150
00563
05249
00858
00439
02482
05268
03625
00240
05624
05813
05640
02906
01977
00524
04255
06124
03102
01186
01239
05620
05666
00936
02013
00337
00325
01538
03385
02843
05690
04539
02947
05098
02486
03010
05841
02876
02936
05514
00494
02555
06535
02768
00482
03042
01685
05957
05290
05807
05350
05619
05228
02740
05196
04949
01338
05208
02419
03118
06528
00139
03012
02140
00507
03782
03560
01533
00152
01768
01163
01663
00375
05134
02730
04414
05082
01786
01666
02526
03045
04140
00559
05257
05300
04566
04557
02322
04099
00704
02015
00640
05470
05356
06378
02198
05918
03925
01436
00199
00029
02265
02270
04495
00742
04741
04940
00340
01380
04455
04837
03955
05117
01094
06499
03528
03266
05693
03881
03405
01798
03071
04324
06355
02848
02933
01727
06111
01191
02331
03783
03563
03506
01888
02455
05853
06321
04156
00089
04973
00883
01812
01122
01152
01157
02632
04025
03658
02227
04670
01852
05920
03910
04576
01758
01851
03210
00592
02817
01129
05235
03179
02380
02381
02147
04779
05913
03191
03083
05215
01542
00086
01404
04413
04605
02801
03968
02544
03586
04333
00290
04748
00841
03881
00799
02742
00490
02053
01199
02425
06226
04337
02428
04427
06351
05090
05606
05342
03095
01751
05800
03026
05006
02433
00459
02016
05282
05601
05668
05073
04812
00340
02869
00716
04398
01049
05925
06007
00515
02716
05524
02221
01904
01515
03208
05950
02189
05148
04013
00140
04415
02473
02652
02865
01549
01284
00587
05646
04173
03741
02645
00167
02867
00619
01085
01314
04469
01535
04044
02710
00574
05428
01645
06032
04765
05170
01225
06088
03865
03618
03061
00834
00699
05091
01380
02744
01192
00371
00105
03358
05138
02209
02037
04334
00522
05783
01081
02001
03763
04254
03737
00734
05278
03937
01909
06485
04366
01995
06533
05821
04015
04013
00785
03675
06408
05591
05946
02756
01410
05288
01488
04561
06300
06297
04161
04041
01013
01443
01219
00589
01445
04105
01390
06589
01792
04064
05049
05680
00951
01058
02879
02256
02468
04586
03350
06244
01379
00683
06444
03303
00808
05169
01326
02598
05985
00832
00366
03646
02057
04779
05624
02828
06229
03621
05817
00710
05854
02660
04437
01894
05316
05555
04244
04999
05716
04990
04159
02136
03350
05969
01469
02342
01853
01305
06093
03127
03251
00508
00311
00216
06153
00828
02011
01663
02800
05382
05501
01277
04079
05617
00828
02563
03289
03594
05670
00181
04498
01716
02426
01956
03518
01925
06425
06318
01886
00228
05369
01704
03840
00039
03448
02115
03145
00289
03609
05404
05482
05799
02854
00902
05188
04924
01283
00162
03738
05210
00794
00870
02898
03609
06001
04492
02143
01237
00308
00961
01638
00263
00471
02830
02282
04070
06069
04299
04574
04806
03030
00639
04239
03126
03848
06165
03004
05463
06189
03728
02490
02601
01773
02582
05752
04520
04704
03755
02772
00235
01114
04973
03161
01021
02355
02292
01510
01060
00802
01908
05675
04095
03662
03427
06122
01821
03192
05781
00808
04720
03168
02776
02927
04577
00050
05145
02265
05621
00748
04013
05699
03908
02576
01180
01604
04322
02321
03927
05216
02807
03483
03586
00541
02305
01924
05197
03641
01105
00896
04068
02534
06523
02566
06207
04148
00158
04629
02252
00337
06468
03737
01271
03727
05788
02424
04971
05306
03011
05756
02859
06292
02913
00101
05490
04351
02031
01756
06000
02391
00806
03238
03293
06385
00434
05187
02456
02796
02078
03434
03449
03843
04074
00147
06197
00387
05679
04640
01559
04455
03298
01585
00427
05598
06583
06011
06214
00182
03909
05236
03241
06103
05047
00941
02164
03286
06595
02732
01232
05020
04171
04221
05845
02395
02377
02317
05506
03157
00016
04667
00258
00384
03141
04995
05395
02914
06220
04481
01531
03493
05511
05150
06539
05198
02954
00033
02605
03256
04961
04693
03554
05889
03434
04043
03940
06237
04464
04556
05530
04527
05740
03005
00618
02993
00960
00368
05624
05931
06046
03427
02973
05672
02618
05823
05795
00361
01353
01702
01037
05620
02593
05106
05131
04885
06063
02982
06066
03727
01752
00092
06506
03166
06279
01547
01594
06428
01581
04593
04998
03007
03215
00381
04136
03172
02993
03338
01573
03674
03777
00233
05918
06245
01726
06254
04278
04565
03710
06076
06116
03546
04423
03912
04878
03150
01141
04615
02229
03904
01778
03741
05552
06528
01572
00787
03833
00148
03393
06300
05523
00814
06413
00492
00653
02551
03708
00438
05624
01141
02227
02592
03068
06108
06000
01037
05753
02075
02194
01159
00097
01702
02386
01006
00011
05876
00337
00746
03362
06340
05020
02569
06412
02321
02027
02749
04678
03463
04527
04141
01277
02832
04465
04726
00615
02792
02143
06278
02832
00481
01329
02397
01265
00180
00698
04921
04882
03061
04730
01916
00776
04817
05872
00668
02898
04719
05157
00439
02981
02080
02076
00648
03304
04188
00733
00850
05425
05419
02088
06192
04222
01980
03615
02815
03904
02405
05117
02537
06098
02792
01746
02935
01367
03487
06264
06018
05337
04300
01080
00110
05670
02223
01381
04931
05885
03420
05931
06177
05503
06152
01896
05007
02968
06472
05200
03664
02756
05038
03911
02363
00518
00785
00199
05238
01252
