01975
04425
02723
02164
04395
01180
03143
05343
03092
04993
05878
05551
00126
02862
05956
02307
05532
04295
04079
06470
02273
03862
02465
02076
02362
00683
01433
01963
05016
05631
00215
01036
00739
05376
02376
04887
00826
06415
06438
04544
01636
03339
04990
06356
03496
01341
04879
00592
00405
00060
02106
01096
06364
02602
02935
05973
01302
05473
03244
03593
03803
02906
05511
05952
05749
02488
06202
02653
01455
00477
03846
04393
00965
03862
03907
03064
04473
03748
05899
01307
01544
03464
05012
04759
01939
02247
01273
06469
04230
00726
04485
06317
04362
05343
05773
00932
02379
04240
04268
05069
03741
02414
00110
05485
04625
04594
01934
00741
05168
03615
02726
05381
01491
03601
02380
06446
00701
05373
04669
03916
04714
03463
02618
02595
06046
00565
00452
04364
01391
04589
01675
04393
04501
01470
04919
01581
02970
05952
05186
06425
03734
00886
02290
00716
04688
02730
05826
00258
03851
03820
02816
00642
00130
04471
03235
04950
05279
03101
01679
05984
00356
06166
01333
02850
05594
05877
06265
02070
01522
01931
00856
01085
04702
04497
03491
01930
06185
01157
04954
00655
00289
02696
04266
04203
01118
03779
05058
02311
05112
01020
04349
02060
02789
03996
02388
01595
03749
01851
06460
03073
01495
04732
02126
01976
01529
02460
00607
00466
04173
02638
06049
03225
01126
01533
01023
05424
01794
04985
02493
01706
03009
05404
04467
02221
04352
00941
03564
03586
02569
02504
04152
03732
04319
05594
05494
00567
03814
01771
01377
06120
03784
05489
03090
02463
01627
00551
03454
01164
00786
05776
00799
04842
01368
01514
00449
05010
00344
02524
02023
00176
04123
04368
02568
04293
06052
06137
06368
03202
01634
00729
02832
04148
02705
02499
02913
03165
06123
06313
02161
04207
01270
03825
00705
05692
05354
00822
03042
05530
00565
06410
06251
02201
05179
05242
00169
02583
00828
01506
02478
03236
00549
00548
01265
02487
03186
02315
04766
01073
00507
02697
00790
03637
04606
01502
00201
05516
00597
05140
04152
04967
02434
02481
05443
06012
00964
01136
06231
03466
06046
02812
04890
03914
03461
00702
02863
02999
06486
01134
00234
01997
05234
00545
04422
03982
03122
03851
00221
04665
00729
02068
02389
05397
05273
03309
05567
04018
00074
00992
05042
01351
01053
00996
01687
04567
00121
02388
06080
03690
01217
00547
01648
01737
05721
00639
01548
04439
02907
04979
03460
02756
01981
01885
04418
04530
00377
03321
03732
06218
00110
01660
00269
04276
00007
02465
04037
06353
05507
01554
01574
00351
02391
04951
05072
00575
04195
01553
00418
03586
02191
06082
01471
04212
05694
01117
01786
05639
05514
00881
04537
00933
04996
05998
03386
01151
05735
03580
02677
02106
05120
06296
01722
05506
03095
01429
02571
00013
04181
04684
05678
01997
01707
01057
01049
00955
00524
02483
02847
00117
01772
04942
05270
05195
02399
04467
03487
06327
06133
06340
02862
01346
00507
02886
00608
05051
04195
01065
03788
06155
05310
03052
03885
01115
03116
04803
02502
04703
04745
03134
03755
02271
01271
01927
04236
03627
02315
03115
03352
01804
00397
03473
01592
02994
05876
01404
03896
05007
02786
02956
00887
02314
01599
01733
05662
00028
04312
04932
06158
01792
05892
04815
02875
00201
05523
02724
05890
00379
04569
00102
05699
04238
04750
06044
06268
03882
03912
02058
02813
05536
03436
03389
01932
04306
05643
05163
03115
01492
05568
02297
00642
03107
02055
00771
04299
05059
01712
03114
02940
00504
00809
04696
00023
01633
03510
00144
00153
04386
00231
05348
03721
04636
04441
02485
01776
01795
05467
04218
06002
06107
04089
05478
04113
04192
04226
03408
04327
05353
05622
02860
00126
01053
04234
06140
04951
05077
05736
00049
05827
01093
03872
04029
03754
05166
04253
02687
05814
01804
05103
03630
04224
00802
03305
04257
01459
04719
01882
04527
04766
00764
02077
05831
01297
00636
03321
05772
05224
05903
06276
01888
00538
05204
00488
05923
01236
04066
01777
01475
03562
02482
02378
03010
01901
06319
05386
03632
02044
05727
00711
02952
00081
02114
06141
02098
01108
04426
01109
04211
05273
06318
01046
04493
04951
05707
04326
02112
00929
05732
05779
06486
04881
05349
04308
03268
00521
02644
06130
06271
03837
01889
01512
00467
00472
02969
04274
05786
00503
02118
03859
03708
04748
06145
02906
04226
06257
05081
02151
04990
03339
01336
05692
05183
05850
03276
00474
02390
03627
03800
01691
02857
01369
00932
05741
03415
04099
03160
05840
03418
00130
05025
01010
05221
00931
04519
03864
04349
03940
05651
00014
04395
04463
01526
04156
02459
01701
05656
01316
01658
05040
04735
02863
02534
04077
06238
03171
01050
05237
05903
00591
04830
00002
00247
01751
05672
06051
03217
00932
01598
05000
04740
04204
04656
04961
05851
06415
05617
03514
03560
00597
06426
00560
04117
05964
03643
00991
04500
03082
04803
05524
03142
00484
04543
05054
02951
05058
02962
05040
06088
00810
02264
03366
03533
04953
03113
04389
02154
02549
05805
05078
05886
05402
00303
00739
03883
03776
01923
02089
04309
00145
05785
00686
03389
04377
03476
03783
01050
00342
03759
06182
03209
05667
01175
05597
00702
02228
02098
02274
04083
04707
04960
01016
04431
00706
00321
06045
05380
00529
04051
00658
01807
04617
06234
00272
05533
06123
05477
04779
04484
05551
04571
02304
03142
00505
05140
00501
04922
02413
02047
00510
03534
05691
01513
03800
04114
02258
02316
03261
05023
06498
03882
01267
04399
03333
02976
02049
01492
02223
05267
04104
05084
02638
04882
01472
03125
00925
00438
04931
05511
05093
05976
01511
03447
01622
03409
04123
03577
06349
04712
03556
00198
06083
05600
04490
01040
04514
03232
02663
02844
03239
02566
04705
02067
03443
02640
04608
05405
02359
03110
02138
06150
01020
03124
05770
01946
02917
03771
06228
03233
00600
06345
01694
01816
01067
04410
05261
02295
01667
01550
05200
03996
06412
05044
01767
00493
05129
03625
03880
00766
02071
00015
05718
01798
04369
00373
05174
04832
04042
01456
05935
00737
05522
02746
01619
05121
02000
05667
05808
02904
05709
02074
04537
00536
04551
06092
01921
05149
03240
02112
00166
00132
05818
05837
02467
03065
03904
03585
04941
00452
01391
03087
03328
05450
00300
05229
04126
05506
02461
06092
05825
03079
03959
04540
00778
01317
02894
01455
02515
00424
00253
02715
06160
05432
03270
00433
05862
02484
03022
03150
04297
02594
05666
01068
02988
01352
02201
05112
06316
05717
04782
03052
03982
05607
06246
02456
06062
00821
00131
03459
00209
03582
02860
04424
02295
04484
01564
02310
01450
05158
03387
05670
05111
04406
06205
00692
04682
01719
02910
03013
00169
00488
01379
02295
00062
00184
05494
05474
00843
03770
02088
04396
03831
00026
01748
05685
03079
00686
00945
04229
06147
05832
00114
00946
03974
05520
03254
05686
06306
00254
03879
02126
03069
03886
03628
04366
01294
01556
05290
03722
03119
05450
04095
05728
01802
04637
03798
00260
00852
04329
05143
05933
04462
01754
05048
03698
02492
05464
05835
03430
02489
01650
00914
04164
00340
03403
04241
05728
02000
03381
00938
04439
05235
02195
02794
05586
05317
03778
03237
06482
01761
04773
05708
05874
04474
02659
00324
03302
04243
01391
00058
03521
05829
05138
00826
00491
04877
02267
00853
01962
00606
04764
04083
05391
03486
05028
02631
00063
05157
02583
05862
05387
01564
05642
00398
03585
00671
06348
02583
05786
03992
03423
01325
02578
04656
01823
02245
02967
06053
06026
02502
05667
03612
05804
05873
05448
03198
06106
04325
00649
02309
02962
00012
01307
04883
03169
05051
04617
04521
06473
00264
02710
03847
01026
02239
04954
01938
06265
02048
04324
03216
01173
06312
00143
00604
01718
05787
02675
00257
02939
06219
03092
04845
01079
00112
06274
03794
01580
02657
03631
05289
01677
06108
06306
05404
05491
03103
01576
06281
02379
03598
04270
05794
04130
00625
02687
05560
03814
05673
00324
05712
02040
05179
01606
01133
05923
05781
01936
01835
03469
02246
01882
04458
02505
02886
01093
04178
05762
05711
02081
01407
02886
00571
05421
02310
05431
02054
00586
04179
04463
01168
05535
05235
06278
00596
04586
05245
04522
06176
03396
04460
02111
02497
06119
05752
01937
00431
05313
04186
00359
00694
04912
05504
01650
04864
00849
01970
02459
00007
00661
02602
02706
04660
04096
00645
01780
05761
03369
01350
04816
04589
03048
02951
02710
01453
02080
01392
05472
00211
04628
03628
03731
02647
03841
03758
05750
05189
00365
00260
04734
04040
04151
02955
06350
03208
00055
02544
05254
03832
02941
02559
00468
02459
03346
06005
03354
05860
01056
01705
00119
04885
01500
03980
05892
00820
01325
04571
05927
02941
00979
04812
00356
03893
05425
03600
01133
04565
02152
03614
01024
03472
01782
04185
05539
05590
05616
05637
00987
03409
03836
05735
06338
04317
03771
06410
02012
04388
05003
03386
00149
00201
05825
01524
00954
03738
03146
00296
05537
06466
02935
01184
00850
02033
02479
02082
03300
00835
01352
03754
02594
04147
05231
02854
05204
05272
01538
02381
00634
02627
03071
01315
04271
00632
05476
04966
02270
04224
01486
01660
00398
03948
02864
02401
04541
05507
04624
00292
01948
06334
04055
00335
01602
03856
05678
01147
05046
03102
02177
00970
01774
04729
05354
02883
05970
00239
00576
02932
05074
04785
02962
02655
05262
01862
04338
05871
00144
00886
05710
05099
05127
04482
06210
00709
06294
06195
04275
06225
05432
05582
02948
00313
04320
00366
04100
02245
01342
04670
01797
04748
03705
03122
00425
01613
00259
02341
04566
06200
04670
06070
04476
05813
02885
04971
01495
04568
06148
06448
03437
02112
02461
01333
06167
02934
02825
05102
03068
01845
02050
05151
04179
04542
06331
04576
00995
03254
04521
05277
02561
03621
01401
04591
01202
05664
01589
03598
01035
03675
02527
04151
00845
02800
06466
03146
02490
01832
06451
03793
04046
01343
06199
03757
01846
00168
00752
03313
02981
04771
05281
05192
01713
02706
04184
00145
05657
03667
02795
02215
03749
03576
00692
03963
05358
03818
02218
01433
04581
00712
04408
04187
02510
01424
03457
02482
04382
04424
03264
05898
05386
06263
04523
05041
05055
01211
05964
05328
06228
06434
01557
03765
01019
03289
03777
04482
05121
04489
04083
04288
04687
02378
04887
04772
02473
00635
02403
02006
01955
02111
02368
01988
05519
01646
00823
03630
01563
03127
04227
04588
05860
04634
02589
04113
02416
00303
01884
05183
00581
02353
01694
03920
04694
02658
02284
02620
04695
03848
03722
00030
01008
00749
05035
00145
01891
02356
05536
01271
06217
03639
03019
05417
03600
01478
03880
03786
03451
03610
02783
03918
05958
02351
06418
05660
04544
03848
06243
06459
00455
01012
04729
01862
00219
01794
03172
05603
04699
02526
01323
03785
00773
03511
00850
00723
01969
03270
02045
01589
06226
06389
01848
03431
01221
06002
05885
00861
05919
04443
06108
00077
05653
00410
03690
05917
01298
02485
03649
03324
02206
01659
00667
03092
06291
00563
02622
01906
03494
02167
00257
04869
03555
02478
02022
05834
01361
02330
01776
00454
04209
01224
06311
05174
00985
02326
05558
06007
03599
05263
05161
00014
05560
04520
03845
00383
00467
03431
01870
05814
03199
00959
05380
04747
01704
06039
02941
05715
04678
03136
04402
04581
05487
00147
01725
04863
04116
05104
02184
01670
05620
02576
00309
01892
04014
01187
00333
02623
02480
05526
06482
02556
04665
03425
06253
06351
04631
01929
06282
01723
01161
01362
04609
02322
05105
04476
02485
01706
01130
03633
05914
01263
01374
04368
06423
03301
06371
02306
02903
00535
00684
03373
02283
00374
02819
02470
00333
05828
01753
02595
02607
03560
03542
05018
01918
03090
00419
00666
03983
00112
06070
03296
00477
04500
03781
03903
05901
00143
01932
06408
05566
05048
02973
05032
01007
06213
00041
06035
01460
02198
01070
05135
04354
00903
05167
03284
05444
05116
05421
00158
03091
06266
03168
01017
04417
01781
06385
03804
01081
03729
00536
03598
02819
03505
05388
05566
05352
03866
02000
06161
01113
06038
04694
04827
05702
03116
05423
00374
00689
02137
01346
03512
01793
05058
02197
05181
05633
05625
00714
03192
05929
06018
03787
02270
04861
04223
01490
05897
03821
05455
03264
00124
03721
04356
02469
04384
04195
02555
00963
05002
00282
03873
06212
03544
04401
05265
05120
05715
00053
05301
00200
02795
02132
06392
04674
03826
05581
02089
05537
00639
01590
05597
01363
03478
00512
02891
01562
02974
05137
06061
02889
01775
02082
00443
04898
01806
02828
01260
01369
00627
03447
01013
04018
06249
01631
05374
04832
04974
00459
04604
00722
01533
00579
02397
05860
00785
01825
05127
02023
02400
00644
06276
04789
00398
05218
05580
05327
03641
06145
06245
01161
00649
05513
02875
00678
02965
01416
02060
04946
06484
02734
01035
02613
04507
01224
01081
04356
01332
03413
05005
01786
04116
02325
04937
02069
02478
05018
03479
01345
05750
04903
01342
00603
04518
06320
05434
04471
04392
02521
02701
03051
04730
00312
01107
00854
01440
02865
04511
05405
00687
03404
00197
06169
00648
05706
01321
02460
01911
06201
01096
05778
01349
04429
03677
04972
03085
00871
04356
00984
00102
06424
02439
04307
03319
05146
06415
04372
04434
01151
00621
04567
05011
02641
02862
05050
03341
01145
00138
00055
02985
00024
02937
05811
02542
05240
00900
05891
02158
00519
05537
00278
01715
05447
00281
06195
00324
04391
01340
05141
05611
04185
03057
04616
04083
05005
03337
00690
01474
04889
03485
04220
00560
06479
06135
04784
02917
05633
04069
02385
03949
03804
03590
06249
02095
05801
03491
04918
06055
01429
00166
03851
03372
02783
05533
03095
04499
04348
04097
01294
05789
02066
04663
03443
05913
00502
05777
04505
00281
04040
02062
05073
05995
05434
05407
01342
01585
03702
05429
05825
03266
06092
03844
00292
06400
03069
00427
00205
06379
02613
01491
02796
01296
04068
01138
02246
04767
00088
05560
04434
05751
05362
05741
02999
02199
03452
04883
01523
04778
00622
03483
01111
02229
05586
02578
02082
02105
04675
04058
00724
05800
01573
01318
04013
03996
03584
06164
00208
04527
03305
01667
01843
04443
05614
04720
02640
05258
04250
04034
04405
00450
02806
05417
00908
06406
04849
05053
01371
04849
05561
03197
00480
02477
01691
02327
01549
00861
05004
03460
00470
05899
00771
00543
04292
01960
03956
03458
04859
02966
06250
00865
05663
04345
01425
03663
05029
05415
03405
05573
04981
02969
05088
01218
03267
03286
02568
01873
00527
02206
05778
03253
05866
03925
01484
03411
04060
04932
02128
02470
04636
06093
02886
00240
05455
03238
01998
03009
02741
02055
03968
01901
00021
05729
04447
00408
02172
02424
05288
05237
04417
05257
05065
05001
00352
01157
00848
05189
05233
00249
03322
02322
00244
04154
01970
03838
04504
05367
00011
03900
04829
04243
02376
04310
05443
02708
02105
00094
02376
01605
00127
04455
05754
03152
03613
04906
01879
01461
03685
05621
01661
02912
04963
00169
00491
00382
01952
01672
05757
05154
01883
04686
00372
06161
00829
04975
03175
06244
03500
05678
02529
03668
01644
05658
04029
00704
06234
03714
02435
01703
03701
04308
06286
01817
04569
00643
05023
00764
00138
01205
01828
03619
03195
04324
01030
01907
05717
06193
03945
04335
06260
04063
03303
05890
04784
01226
05000
00189
01872
06004
02281
03046
01068
04654
01446
02739
06030
05640
00238
02960
02692
02754
03759
05456
02505
05170
02900
02020
01938
01127
04360
03106
01599
02665
05709
01185
02026
01504
04249
05590
02808
02871
04796
03227
00515
04982
04234
01136
05161
06095
01712
06254
06132
02102
04855
02247
00391
01296
03394
02545
00212
02342
02018
01197
00678
02300
04739
03044
00175
01568
00265
01436
04248
02001
02820
02596
03946
04420
03450
04674
04914
05962
05624
06438
01388
02454
03413
00618
03519
01331
00022
03125
00440
04661
00641
03651
02350
02464
02690
02315
01367
05613
00904
05327
06318
02769
00366
03487
06357
02453
01838
05730
00133
03968
05558
03249
05280
01601
05343
03354
04183
01077
04558
01684
04658
02293
05639
05421
04090
01585
02845
02330
05806
00711
04714
03407
02581
03795
03062
05811
05111
00241
04038
06227
04958
06301
05407
01219
04058
05964
06406
03630
04538
01715
04654
04346
00618
05321
03230
05943
01118
01723
02696
06010
06015
05704
06243
05028
05609
06231
04318
03109
02125
02755
02558
04775
01018
05501
00778
04874
01696
02958
03094
01085
00688
02466
00633
00236
06039
03182
06007
06309
01386
04334
01968
05282
04783
05125
00243
03117
02030
01385
02640
03444
04447
03184
05666
04960
02380
03276
00084
00188
05598
05088
01306
00450
04330
01796
00151
00257
03522
06156
02123
01771
01478
04630
06288
02403
04453
05088
03338
06275
04437
04137
04248
03952
02152
01947
04801
04795
05532
06046
02408
05132
04633
03606
05588
00206
02794
06243
02213
03069
05039
00714
06020
01692
05006
01079
03405
05667
04318
02121
05071
01278
00252
04395
04193
03217
01193
03445
04705
00800
00233
01355
03370
05742
06105
03655
03563
04721
06042
03569
00814
06192
01233
00420
03683
04517
04531
04109
04606
01764
04470
00515
01400
02922
05925
03991
04143
03728
06245
05805
02824
01846
01230
03844
03919
05475
00710
06019
00466
05607
03461
02688
02647
02139
04541
04835
04632
05410
05328
05380
00832
00665
05380
02451
05008
03051
05727
04765
04103
04048
00677
01512
02827
01107
04352
04755
00302
04273
03335
00171
02731
04135
06319
02826
00727
05397
04434
00675
00138
05039
02273
03464
04786
05159
02257
01109
03530
05648
02378
06033
04152
06401
05201
02237
01451
03889
00520
04653
01044
03191
05585
00775
02276
02202
01320
06049
03674
05275
01521
00975
02839
00348
05074
02425
05796
01569
03721
03111
05751
05298
00370
01355
01587
05547
00405
06313
01654
06429
04487
04266
03636
06310
00908
06414
03446
03148
06052
01931
03381
04207
00586
01716
01658
06360
00379
05716
03527
00579
05607
05220
05799
01673
01672
05483
05207
06071
05320
01443
03001
05886
01088
03798
02122
05316
05299
06353
01245
04553
03707
04682
00275
00779
03817
05689
02034
05380
04472
03767
03826
01077
05352
03594
00222
02221
03038
03905
01468
04032
02963
06260
00164
04186
03719
01962
04475
02976
00443
03111
05477
04756
03730
03917
03360
02278
05233
00882
00964
05872
04106
03715
05037
00864
04632
02157
01064
04993
04390
03421
04727
02902
03705
05416
02835
03411
04988
01532
02195
02382
05039
05073
00594
05263
05144
02991
02725
01505
05451
02869
01197
04032
00251
01449
06245
02527
00602
03478
01061
05434
01258
04667
00199
02330
01787
04130
02669
01546
05127
04217
01052
01918
06180
04354
04724
01536
03253
00230
04566
03890
00998
00983
01831
05651
06305
04899
00778
03774
06339
00713
03745
00824
06484
05468
01568
02943
03345
04218
03900
06419
06044
03606
00820
04117
05246
00759
05279
02808
00429
01801
01622
04575
06319
02327
01427
03302
05563
05510
01402
01805
04619
00805
03724
05723
02060
02190
05199
02225
02839
05317
02255
02545
03172
04481
02975
00982
02497
01255
02187
03242
05012
02212
04185
02796
03514
02315
06129
04741
02889
04191
02024
02269
02417
01306
05202
00051
00144
04374
05052
00560
01088
06255
02213
02474
04066
06404
06404
03110
00000
02463
02443
02908
00502
06174
00019
04579
01490
02975
04777
06204
03156
01052
03569
01961
03786
02989
04342
01907
00433
01216
00406
06145
06152
03655
03368
04880
02541
03917
01183
04959
02403
05886
00105
04140
02328
02517
02149
02310
05944
04612
03647
03294
05226
03875
06287
06017
00246
04042
02726
00900
04072
03733
06437
02643
01101
03690
04322
01404
02971
05633
00393
04979
05468
06397
04431
03791
03624
04148
02171
03024
02528
02973
06087
02005
02677
06210
00586
00646
04368
06020
00220
05806
04488
04963
02989
00170
03785
05731
04936
02702
02060
02313
04373
02846
02629
00464
02138
03757
01464
02363
02968
05670
00385
02655
05612
03623
01983
00471
02908
05203
02709
03936
05317
01477
04237
02208
03220
02915
03821
06279
00110
00793
00630
02600
04963
06034
05951
05334
00951
00482
03095
06078
03100
03650
05005
04846
00604
02793
03262
04840
01788
06344
05897
04401
00201
04488
01623
00378
05175
05453
03280
05993
03784
00642
02154
02141
02776
04417
01905
03055
02036
03149
02777
03829
02763
05910
02677
05433
04277
04923
01737
05579
02855
02745
05067
02536
01240
05296
04622
03251
00840
05812
00235
06466
02698
03018
04217
01514
05303
04894
00208
02712
03726
06147
01667
06160
04310
02710
03648
06452
02145
00896
01128
06114
02235
00787
04640
01228
05990
03261
03526
02093
05282
04344
00606
00985
02128
05878
00146
01085
04261
00253
04464
02793
06249
05184
00259
04927
04433
01252
01960
05420
00934
00741
04252
01895
04324
00545
03055
04122
05715
00347
00800
00306
05450
01770
05360
06391
00106
03821
02821
06332
03325
06491
03736
02217
02892
00804
05939
05194
00427
02806
02437
00577
00981
05122
01871
03549
02352
06211
01758
02845
04659
03838
03563
02268
04479
03197
00686
03775
03519
04125
04538
04890
04936
04491
04853
05756
03405
02666
05918
03933
05008
02839
02069
00682
02210
05231
03763
01416
05326
00822
04378
02318
05410
05913
03062
00517
06445
00517
00848
00866
04589
03804
03921
00207
02013
04757
00511
02708
00251
04987
03391
06224
01097
01556
04726
05224
05085
05004
00439
06311
03683
00653
03206
00005
00327
04761
01295
03164
03037
04315
02365
03923
05702
00140
00075
03950
05424
04134
04757
02362
01565
04315
06089
03871
05933
02355
00676
04122
02910
03496
02175
01128
06021
05684
05280
00653
01252
04494
05114
05700
01410
02150
02582
00151
04628
03841
01134
03737
02922
05152
00848
00473
04357
05394
03921
01239
02992
02490
06100
02437
06137
00860
06107
00518
00912
06323
03513
01198
04403
01340
03109
00455
01317
05374
05614
03678
05993
02481
04616
05339
01942
00813
05932
00570
03221
01752
04344
01578
02067
04144
04990
04796
05394
06112
04223
04505
01463
03199
04324
05345
01358
01954
02321
06468
03677
04747
06223
05459
03530
04546
00608
02100
05797
05733
02564
04632
00395
04172
04823
02873
06185
00802
00442
04012
00944
00220
02628
01033
04590
05879
05507
02438
03235
05250
04795
03130
00903
02254
03971
00379
00959
06485
02018
05832
00954
03982
03313
01392
01265
01651
04128
03564
04619
06151
04091
04156
04685
04355
03700
02202
05714
01083
04623
03304
04999
05286
00402
04487
03889
04366
00514
05405
01004
03306
00794
02327
05745
03094
03011
00713
00184
05329
02117
02196
01436
01719
01054
02345
04571
03355
06029
03976
00982
01880
03119
01411
00026
04495
04850
05446
03946
06339
03770
01513
05125
01465
01276
02793
04719
05404
06221
03833
03072
04110
06489
05647
00585
02454
01195
00426
06232
05546
06238
02987
00714
01392
03257
03977
04320
05060
06031
03023
03240
06237
01560
05132
01530
05773
02261
00406
00975
04321
02820
02140
01341
03258
05265
00734
01837
02017
02193
02672
02546
03932
06235
03107
06319
00326
02734
03995
01017
04779
02997
00626
04887
05413
05203
05502
03530
03391
00288
03934
00273
00615
01236
06071
00146
02624
04743
00690
00060
01591
06461
05023
06134
01599
02209
01116
04928
05943
02269
03375
01128
02926
03352
02871
05911
01030
06013
00350
02755
04375
03400
05737
00054
00752
01356
03725
05757
01965
01996
04325
03127
02888
01838
00890
05904
02821
04394
03750
02266
00237
04371
06233
06371
05402
02105
01902
06381
00137
04343
00837
00648
01977
03723
04079
01858
01444
02337
00319
02269
01129
02029
02761
01837
06024
00046
03865
00136
05344
01536
03677
02384
02383
04264
06104
03733
04143
04083
02335
01936
00428
02913
02870
00304
00537
03417
00112
04620
03665
05987
06185
01825
02627
01969
03484
05254
03460
03174
00525
00462
01270
00321
05057
00907
03533
04507
03117
03829
04548
03126
00650
02881
01025
05706
01134
02524
04738
05300
04340
03812
00589
03049
04886
03575
03249
01744
05144
02059
03475
01269
05306
00566
03803
02363
02846
01886
00471
03577
01412
03761
04438
04174
05171
05463
00067
02607
05876
05737
04957
02245
03439
04607
02751
01212
01807
05353
06237
00622
05263
02924
06194
05205
01271
00259
02033
03505
05164
00681
03622
02286
02743
02179
00209
04743
00734
02739
02195
02507
00393
04933
04546
01441
00910
00588
00728
05459
05411
02732
01068
00735
02875
06291
02623
01455
03728
03411
01986
02155
01612
04749
02237
01049
01133
04524
04981
00445
04647
03492
04383
04063
03937
04885
01657
05831
01843
06135
00826
04407
00586
02464
04738
01044
05503
04239
05540
04558
01335
01692
01583
00726
01964
02289
02752
02663
05528
01824
01650
03193
04282
02370
02721
00607
05783
06373
05165
06371
03263
06265
00211
06484
01550
05734
03054
02799
01134
02737
04612
02868
02449
01048
04436
02428
01945
05169
04136
01372
06328
05959
00207
00889
04163
01614
06133
04615
00187
01489
03840
02313
00730
05621
01247
00834
06480
05135
04794
00266
05418
02703
00144
04610
02557
00225
04561
01179
01195
05266
02888
04091
03074
01285
00098
00679
02151
01535
01505
01034
04926
00452
02128
02397
04425
02092
04292
06416
01831
05450
05600
06348
03642
04541
01374
05819
05584
04212
03457
02618
03555
01840
02624
04777
00698
06018
00913
00662
00340
06222
01155
02056
00688
01856
00057
04683
03902
01077
05236
01647
00308
00918
04953
04953
00417
01413
03288
05281
02677
03366
05249
02477
03247
06010
02589
00690
01271
05794
02644
04870
04227
00566
00102
01511
01604
00920
00797
04736
04699
03120
02054
01362
01774
02307
05028
02637
05133
01886
00774
02449
06181
03721
01285
03212
03437
03844
03141
01469
03337
06080
06165
05064
00700
02979
05275
04697
05670
05527
05194
03243
01294
03602
03515
03286
00831
02300
00239
06316
05477
00973
04070
00130
00775
06090
06261
03595
05719
03118
06394
03403
05186
03562
03262
04490
04868
01026
06377
03343
01567
02514
02126
03655
03052
02830
02017
05767
00515
03011
05200
00815
02193
00712
04438
01841
03765
02524
05137
00570
02747
03597
02620
01988
05943
05522
02664
02614
05789
05650
03092
03892
05515
04554
05659
05986
03022
01565
01266
05517
05735
05866
06436
01333
03317
00603
04169
00274
00271
04789
06188
03698
06139
00301
00585
02199
04782
03962
01415
00342
01172
01968
02544
02877
01121
06325
02189
02996
01026
03682
01577
04879
05250
06439
00603
05009
05533
05048
00080
02036
05142
03088
02907
01438
00177
01272
00735
00113
03779
04860
00683
03300
03790
02395
06149
02622
01582
05692
01598
05035
03394
01658
02943
05581
04925
05572
02616
06333
05861
00694
05345
03860
02985
00336
04314
01762
00315
03597
03853
04458
03697
01765
01364
02023
01005
02211
05704
03918
00557
06315
02304
05524
04849
01064
05399
05537
00092
04006
03133
03313
01113
05346
00762
01174
00661
04675
05341
01198
05003
06005
04184
06145
02761
03881
01249
00276
01707
01681
01404
02646
03159
02710
05712
04992
02926
01864
02445
03569
01798
05525
04488
00547
02089
05538
05591
03401
05962
03891
00275
02870
06171
01198
01774
03975
01370
05240
05099
00769
06482
00832
01766
05606
05411
01357
00462
05634
06259
02483
01029
03930
05427
00321
03398
03044
03041
05342
06342
05570
05011
02753
06461
02598
01545
00848
01221
03651
00045
03818
00558
02596
05364
02293
06476
00257
03118
01496
03238
05958
03235
04876
02712
00151
03444
04346
05303
06309
01617
00857
00597
03037
01057
05198
05615
03867
05868
04554
04305
06047
05906
03327
02213
03547
02835
00415
04336
00856
01871
02878
06307
04928
01209
05319
00357
00945
00305
01527
05638
03801
00721
04863
04707
04797
04539
04812
02009
06036
06076
02152
00060
06460
00547
03210
05594
01776
06057
04474
00886
06259
06391
03097
06342
02952
04671
00497
02968
02920
03253
01122
02084
03688
01077
03644
01677
02135
03937
05364
00215
05828
03128
01214
01392
05241
01583
05761
04123
06230
00057
03955
02640
02269
06470
04979
06247
03927
00900
04658
03865
02103
04229
01190
03001
01858
03633
06218
05041
00879
02933
06030
00900
00009
03658
04049
03732
02732
05652
01698
03753
04857
00526
06262
03720
01099
00099
01858
01434
06307
04152
05384
03045
01691
05252
01538
05101
05167
00725
02342
00517
00528
03940
03685
04613
00039
04017
06005
06481
06250
06226
02759
03055
00714
00642
00901
03177
03189
00202
06052
03458
04998
00766
03862
00155
04640
06347
02755
01732
00579
06342
02530
03648
01899
00717
06067
03042
06324
02141
01105
04605
03182
00146
04654
02843
02599
00692
00006
05216
02618
03144
03226
03233
00471
03504
02217
02007
01833
00513
04006
05269
03095
05590
04393
02371
05844
03153
02159
04931
00933
05054
03805
04002
03302
03300
00280
00099
03654
05172
04029
03963
01991
03897
01312
02821
04386
06137
00619
02022
06207
02739
04469
02621
04758
03710
00692
00633
00170
04847
00672
00711
04571
05060
02674
01831
00423
00423
03262
06236
00257
02597
04125
02488
00060
05484
03362
03699
00463
00473
01227
00187
02486
01580
02877
04764
00488
03402
05998
04134
02010
05597
06256
05348
05105
00963
01691
03613
00020
04156
06038
02866
02818
03117
05250
03366
02468
00974
00856
05098
00650
02192
04362
04710
04633
04577
02658
04078
05993
00439
06136
03102
04516
04643
01385
00896
01063
04863
03880
02687
01271
02070
06121
02489
05605
04915
00797
03586
03292
03730
02086
01724
06468
04558
03731
02040
04861
02310
04788
01638
01709
06387
03588
01858
06319
00722
02484
00164
04421
01704
04542
04249
04125
02545
02674
01864
04352
04747
04369
01967
00087
04672
03663
06495
02632
03351
01171
02167
05001
01626
02971
01458
03356
03196
00609
04469
05116
01857
04729
05551
03027
03582
00948
03287
01353
03711
03391
03872
06084
01621
01854
02453
02495
01206
06197
04404
06001
03619
03537
04857
01195
05453
04898
01904
05247
01552
01608
04267
06402
01677
05637
03843
04501
03509
01859
05798
04060
02101
03655
00985
05450
03665
03565
01976
01553
01285
03627
02919
02473
00798
02721
01510
02181
01300
04487
00845
02096
03828
01364
06180
00910
01226
02481
03066
00124
03789
05410
00661
05390
00422
01333
05115
05916
06027
01082
03453
03408
06172
03748
03091
04884
00208
05412
03244
04167
05583
04228
01232
05773
06449
00926
00277
05268
03779
02856
02601
06311
06238
03490
00128
01722
04319
04675
04609
03596
03835
02679
02275
04890
06024
00933
04806
02096
00510
00477
01917
05134
06121
02835
03763
02773
01081
04164
01253
01176
00565
01889
01487
03966
04888
03206
01083
04737
00079
05627
02757
01613
01521
02095
01862
02288
01000
03446
01638
06342
04498
05353
00912
02382
01406
00498
03864
02836
00958
00417
00801
02805
03599
01880
00386
00921
01627
05974
06471
01763
03864
04763
04861
02712
00649
03111
01394
03085
01374
04512
02060
02803
00341
01943
03569
02219
05651
01922
01132
01602
05575
02502
00215
01252
05053
05728
04072
03956
05452
00419
05179
00584
02174
00977
02326
00555
02331
01521
04160
04591
03130
03401
06440
03290
02675
01580
03777
01816
02404
02548
00075
01300
05463
00018
01385
02788
03260
00779
01974
00815
00081
05208
04296
01735
02226
06126
02183
01915
01127
01484
04583
00887
03669
00850
05201
00227
02381
00790
02459
03374
02388
03082
02508
04600
03992
03726
00666
05238
02692
00975
03836
06487
01131
00905
02932
01316
06023
02366
02258
03349
03942
02889
06255
04788
02070
05494
02984
03918
04161
05036
01523
04360
00524
03965
02317
06064
03201
01337
06139
04470
00612
02062
04034
00534
05594
00795
03457
01885
02058
05021
02033
04612
01402
00371
05021
03180
02442
02263
00889
04167
00768
04343
03558
05743
00763
06069
04364
01603
00145
03079
03806
05956
06225
04854
02315
05398
05523
04242
05906
02508
03555
03135
00749
05824
05180
04687
01100
00840
01177
03956
05388
00242
05771
04561
02635
02151
01198
03661
03510
05273
04482
01917
03713
00151
03586
04204
05192
02450
05168
00593
05340
00161
03601
04923
00018
00409
02704
00984
04856
06103
01974
00428
03785
04600
01520
01418
02306
04988
00208
00495
02742
02198
01579
00154
05116
04704
05512
01184
00553
00054
02903
03844
01638
02789
03452
01207
03407
05099
05107
04834
05329
00334
00478
04613
01415
06376
06108
01753
05227
03253
03158
03234
01154
01119
01200
00731
05829
03498
00547
04370
01982
02438
01258
02643
05092
00388
04542
03833
01026
03139
04767
01870
03892
05253
03200
03937
03951
02249
03524
01186
04603
02191
01391
01597
02828
05514
01161
02515
05354
00658
02629
04290
03243
04479
02562
05387
05678
01070
00860
05343
01817
01923
03981
02715
03520
00819
05628
01434
01021
00745
02554
05070
04461
00937
03128
04473
02093
03113
04725
02526
06046
03240
05529
03268
06379
01684
03456
04584
05736
00446
00028
04511
01429
00601
01338
03634
00801
05978
04644
05154
03449
05476
00484
01340
03417
01180
00901
05583
02017
05919
00418
05417
01566
04455
02269
03487
00923
02052
00983
03140
02663
03641
05758
01246
01681
01216
01772
05270
02448
01491
05209
01310
05774
04988
05332
04576
02696
04248
02613
06385
03415
05272
00111
01531
04316
04160
02265
04953
03719
00469
06026
00218
01234
00771
06241
00809
01387
00056
05757
02752
06192
04605
06113
01186
06302
02002
05148
05835
03656
04076
04304
00392
03717
06040
01196
01609
02310
03207
01662
02612
04355
04378
02675
01967
00626
06107
00638
06234
04305
04969
05947
04646
05557
01386
03412
02866
03111
04399
06231
00817
00319
01773
05763
06280
00781
03119
00533
03682
01172
03875
04044
01194
01118
03807
05908
04837
03918
05210
00932
01878
01692
02348
01944
03115
01235
01006
01494
02678
02118
00354
00224
06380
04953
05675
02306
02609
03336
01994
01370
01670
00788
06261
06010
04481
06245
01749
04143
03744
02294
02780
03000
01221
04504
04671
00418
06080
04507
04891
05457
05973
01078
06355
04029
05878
00396
04218
02456
00379
02145
05639
00539
02854
05064
06189
04557
05414
00008
01906
00727
05975
06430
04496
03230
01938
03377
04164
01503
05635
00468
05503
02264
03105
05141
05794
02581
03743
00858
01025
00390
02898
01110
03228
05032
01898
03395
04042
02468
04593
05539
01540
02699
03018
00578
04671
00612
02623
00374
05086
03045
05872
03374
04670
05753
03237
02769
04623
02155
01742
04355
00700
04815
04061
02617
01900
00262
04064
00858
00805
02343
05530
03938
06030
01265
00749
03635
01480
04093
02199
06196
00449
02182
05150
05538
01714
01376
06076
01787
03587
05393
03879
02249
02893
01799
06498
02731
01167
00327
04318
06431
05690
05160
01269
05876
05000
06100
03009
02848
01768
02627
04409
06471
04649
06313
03329
03355
01149
03542
05423
00443
01720
01290
02131
02662
06210
03316
02755
02412
03237
06432
05876
02364
03656
00704
00810
05078
05882
01856
00242
01678
02727
04850
04355
04007
06466
05005
05050
00089
04471
04247
00175
04316
03520
06262
02509
01105
02203
00451
04318
01276
01083
01161
01789
02868
05372
01546
00085
01204
06320
04629
01207
01387
00205
01163
05471
04755
00721
03304
02476
03900
03961
03742
05978
03579
04750
00585
02074
05950
01318
04951
02421
04126
02407
05586
05073
03604
05734
03227
02497
04702
03847
06179
06072
04473
03777
00626
06186
03721
03352
04909
04123
03925
02199
05955
02177
00657
05286
04943
01717
03330
02089
03238
00773
00267
06027
00664
02241
02939
00101
00998
02220
06416
00953
04466
04374
02548
04356
01954
04668
02299
01509
06056
04172
00747
01061
04947
01592
00827
06472
05556
04986
01552
02068
00692
01538
06311
04390
03737
03448
01757
03354
02968
01440
05865
06492
03177
03392
04242
00561
00348
05121
02821
04059
03640
02398
03218
05410
03062
01663
03844
00420
01232
00054
04560
04000
01170
06000
04394
01564
03478
04362
06134
02516
05548
05978
05578
05803
00094
00822
04033
02333
05751
06413
03349
04350
05559
02294
00374
04695
00615
02522
04639
01635
04275
05056
01854
00665
02683
01639
00443
06013
03160
06296
02063
01905
03008
01539
03651
05190
02276
02789
02768
06196
01407
00676
06033
04415
05276
00659
01756
03704
01687
00668
00227
04972
04077
01021
01863
03735
03064
02259
05172
02433
06193
00058
00007
06379
00936
03905
01099
02217
02144
03061
05523
06261
00294
03686
03011
02752
04735
01530
04063
01984
01837
00187
04429
04106
04178
03596
00514
04481
02937
00416
04451
04989
01447
05474
05986
01582
05305
05901
00292
06297
06380
05660
04867
00313
04789
02230
04457
05206
01500
02726
05420
00940
06242
00213
02469
01319
03786
04789
04315
04516
06341
01489
03857
05755
01348
06358
00104
04231
03739
00239
06488
02004
00377
04776
03191
04944
00543
04758
06447
05294
04111
06087
04473
06427
01789
04480
02446
06327
00137
00213
01635
02420
06292
05168
04765
00657
05006
01626
06050
02130
04285
06411
02884
00392
02559
02881
03563
01438
02405
00588
01671
05807
01888
04886
00956
06358
05743
05186
01337
03648
02907
05303
04081
04252
05051
04223
00025
05518
03059
03857
02947
00663
00091
05097
06136
00508
03542
02366
03888
05762
00674
00274
00775
05313
01323
00110
01228
01009
02739
02576
04959
05227
01852
05580
02953
02305
02438
03495
06435
02050
03753
04471
01624
00585
05254
05968
01775
05784
01674
02263
03789
02344
05548
04042
04252
03840
00012
06295
00578
03780
01218
05343
00181
02701
05020
04439
00311
03738
03244
02873
03104
02662
02590
02089
03527
02997
02234
04806
05606
01984
03355
05537
03098
05218
00987
04593
00590
03365
03119
01062
04968
05622
00319
05661
01242
02305
05488
00428
04544
05365
04398
03719
06036
03608
01824
02042
03170
03486
02722
03825
00457
01685
05998
03495
02679
02446
05252
04403
00089
04074
04049
00699
04172
05456
05991
05867
03449
02339
06294
06168
04347
00091
03167
05318
03094
00390
01450
06255
05812
01081
03819
01263
05392
02909
04265
04570
00745
04512
00522
06308
03296
03233
06332
00821
05166
03605
02414
01580
06445
03863
01887
05198
03388
04295
00079
04598
01163
05918
02999
04851
04822
04818
02400
03854
03391
01278
00397
05124
05802
01346
02370
01688
01868
04117
05169
00152
03260
05982
03211
03490
02727
00357
06044
01155
02848
00479
01420
06019
05812
02874
03693
03610
04830
06397
00370
03387
03433
00143
00111
01392
00265
00562
03496
02115
00493
06126
02408
04436
03092
06235
03346
02544
01899
02557
02499
01006
06290
00976
04087
00316
00726
01517
02091
04413
00658
03081
05028
00854
02664
04720
02841
06472
01927
02936
04667
02325
00387
01040
05213
06250
04641
00088
01716
02433
03940
00016
04465
01539
03614
04173
04111
02131
01988
02448
04493
03975
05294
01630
06027
05063
02994
01189
02917
04460
01350
01894
05740
04190
05798
01155
03561
05350
03368
02996
03093
03283
03012
02021
01099
05467
01376
02895
04390
02547
02261
01785
05134
02129
01788
00350
05962
01498
06435
03642
02609
00640
04925
02778
05862
03865
04453
02732
00350
02995
01528
03163
00392
01904
03325
00295
00519
03098
03597
02958
04500
00683
04136
05277
03560
02394
05302
02203
02830
00307
05097
02795
01022
03621
01288
05696
00165
00940
04793
06005
02121
00421
02401
05595
03906
05038
05756
05876
02003
05694
04492
03506
01454
05441
05138
05533
04862
06482
02267
00842
04027
02518
03830
03365
05917
00811
00920
01629
04494
01313
02962
01716
02591
03748
00755
04378
00802
03251
03893
02544
06245
06073
03841
01210
04331
04479
00379
05884
03152
00466
06200
06166
01972
03143
03747
06095
05757
03653
00384
02333
03825
00465
03324
03792
05458
00577
05610
01801
05793
03304
05475
03041
03559
03239
06316
05619
04648
00222
03818
05430
03810
01153
05595
01184
04017
02213
00852
03689
00453
00407
05460
02896
05405
01420
00590
03069
02312
06056
03351
05087
02422
01045
05379
02352
00768
02347
03818
02980
02837
01394
04641
02751
03612
05092
04398
02108
05775
04594
01429
05267
00779
05965
03620
00829
03903
05282
06382
04851
05415
00024
03841
04337
03466
04974
04809
01266
05239
00061
01546
00122
00201
00967
02030
04355
06374
02986
02017
01657
03786
06280
05101
05169
00029
04936
03841
05037
00570
05931
02286
05062
01797
00593
00869
00215
01952
02263
01533
06290
05378
03090
00453
01845
00856
03253
04950
04351
04292
00071
06114
03228
00365
01328
05946
04967
02745
06060
06258
04448
02655
00847
04314
02127
05756
02804
03262
03100
00349
00815
01623
01060
05103
00909
05873
01424
06424
06204
01788
03297
05186
04424
01191
01993
02272
05178
00922
01290
01646
00928
00159
06485
05998
04110
01840
05313
02138
04308
01127
01397
02520
01432
04850
05896
02124
02222
04224
04072
02518
01004
00950
03487
00736
05616
02607
06159
02468
02383
02061
06057
00567
02204
01025
04001
00114
04716
01446
05988
01669
04685
04711
00730
06498
05697
02455
02258
02660
01554
04897
04381
04292
02924
01014
02440
05994
03212
04615
05143
04449
03045
02033
03267
05762
04332
04755
02287
05851
03104
06353
03192
04603
00788
04723
00482
05522
04693
03870
00591
04015
01133
00165
01238
03422
05214
02585
00552
01516
04795
00853
03273
06262
00276
05848
03202
04050
04914
04333
01864
03610
02744
04553
02529
06239
03160
01405
00242
05489
02777
06219
04917
02525
04497
03283
01860
04699
05860
04967
00439
03975
03654
04819
01700
04344
00586
01004
03934
05539
06399
04939
04292
