01634
02054
04216
05871
01249
00122
03966
03737
00976
06386
01302
05643
03395
00184
04807
02185
05933
04313
02778
01432
02863
04746
01922
00632
00401
04150
02837
02881
00334
03621
06008
00152
03913
01226
03226
01807
05790
02985
03863
01303
04372
04323
01020
01954
04782
03167
01194
00345
04448
03479
04051
02679
02783
01788
06306
03392
01169
05127
03063
03874
02724
06366
04304
02662
02107
01183
05827
01427
01730
00843
04775
05216
03938
01618
04435
00339
00144
05815
06270
01786
01472
02783
03526
01733
01592
01788
05836
02430
00767
05904
06268
03431
00756
03745
00362
05615
04090
01272
03416
01040
00593
00021
02260
03912
02816
00562
00766
00305
01134
01522
02663
01471
00017
03878
03861
02070
03645
02364
03492
05126
05662
01605
02183
01572
02497
05025
02923
02950
05708
05706
01980
04378
00846
03513
04416
04771
02865
06008
00482
01618
00716
00069
05770
02557
04373
00736
02087
05630
05364
00626
03278
03243
00818
04762
01020
05997
00400
01557
02295
03199
03828
04104
02387
05189
05823
05869
05521
01094
04410
05144
05858
06344
02094
00741
02569
01799
05010
01152
00094
00785
03935
06225
05358
01089
03968
02306
00448
06230
03813
04654
05683
01327
06327
02727
04995
00805
04518
00612
00618
05125
00349
00774
04579
04776
05143
01285
01033
00817
01355
05755
02078
01251
02435
05517
02217
05788
02891
01138
05558
00242
00836
00801
03393
06377
00600
05787
05805
00334
00776
00978
04719
06066
04321
05685
01736
06150
00013
04057
03503
00208
03589
00837
05580
05128
04708
00218
03233
05009
05591
03293
06340
04951
01073
01827
00071
01537
02715
02904
04152
01619
05096
02795
03395
00036
02823
00153
01398
03830
05522
00149
04893
04151
03459
04177
01228
01043
03333
02284
01915
02292
02664
00312
02763
00919
04143
04198
01383
04812
00068
04689
05254
00458
04684
05475
01676
00556
05652
02600
00720
06284
00298
03437
04217
03259
04489
02068
03457
00666
05996
03192
01499
01432
01859
04471
03505
04040
06083
00288
04550
00157
01048
03834
00763
01093
03126
02543
04845
06304
03149
03284
01723
00988
04699
01942
00741
02735
01499
01538
04432
05423
05275
00560
05478
03921
03755
00909
00858
04092
01905
05764
06025
00713
01498
03017
04604
03930
00939
05442
03594
02388
04597
04498
05914
03322
02215
01090
01415
05479
04926
05774
00924
02152
01175
04554
01214
02035
03812
04975
05289
01352
00701
02502
00210
04771
00078
04656
03820
06299
00175
06160
01927
05914
04689
00597
02770
03577
01427
00935
03713
00824
04980
04141
03274
05079
01891
03833
00393
00083
03891
02321
02691
02240
02858
05659
05831
04224
04153
03492
03120
04509
04421
05645
04360
00457
01700
04626
03271
03823
01187
00248
01273
01397
03908
05715
04925
06161
02821
03441
03177
05957
01243
04198
03019
02424
06206
00181
02187
01203
00349
05272
00556
05620
00371
04589
03377
00562
00817
01981
03292
04078
02139
01897
05393
05747
02415
03187
03162
03242
00127
02790
03588
05532
04128
03171
01382
00900
00379
05578
00577
00144
04993
05249
00323
06196
03643
05988
01446
02091
01087
02889
02805
01292
00830
02862
04847
05509
03771
02050
01924
02358
01238
04365
03580
01580
01606
03068
02359
00248
05222
01165
05135
00108
03686
03795
05593
05873
04258
04390
00267
05768
02063
05291
03319
03931
00466
00124
03254
03071
05611
03955
05664
00329
05646
02200
00503
01482
06290
05412
04131
02792
05250
01330
03096
04506
06098
03073
05204
03775
00171
03816
03844
05148
03815
00215
04294
03568
03481
03205
04489
01334
01219
03900
03473
03447
06187
04157
04503
04937
02631
05584
00525
03687
05205
05869
04223
01390
00391
01920
02837
01330
00860
02141
05941
04795
06154
00192
03397
05343
02583
01919
06286
00125
00519
05070
00572
00083
01840
00687
06274
05245
00169
00756
05338
04491
00865
00498
02666
00061
00076
04548
03714
02782
02231
03641
01346
05946
03261
03163
01369
04412
01746
01437
05864
00809
02684
03488
01412
01907
00546
01186
05979
04667
05117
06275
02414
05222
00299
00885
05884
01114
05346
01344
02815
03414
03009
05424
06351
04716
02626
01692
03045
06171
06220
03347
06331
02189
03301
02852
00974
01129
01029
05578
01221
01622
02694
03954
05292
00526
05431
03243
06233
04634
02831
00105
03567
03120
01406
03574
05249
04389
01247
05750
03278
01424
02314
05141
02090
02813
05383
03279
05502
05835
02013
02523
04966
01699
01160
06069
04984
01429
03592
05063
05284
04048
01942
01203
01975
04862
02034
05951
05370
04666
01495
04062
03319
01711
03472
03543
05211
01486
05797
05652
03575
04907
00685
03210
04321
03061
05447
03903
01207
02832
02340
04349
00515
01745
01083
00145
00442
01109
06176
01728
05599
04734
02671
06088
05957
05003
03682
00910
01393
02899
01410
06249
04509
00542
05243
04745
03545
02080
05128
00517
00077
05267
03853
00385
04249
06000
04803
02168
00605
01737
04365
04396
06100
04294
00746
04647
06299
03642
01028
05484
00656
05601
02661
05695
04054
03897
05449
00142
00756
05881
03854
06395
00541
00818
05703
04231
05002
00769
05361
04316
02307
04078
03773
00567
00638
02021
02188
02288
02526
01742
01529
06055
04316
03275
00271
01293
00259
02574
05915
04172
02517
00340
04509
04884
02059
01025
05208
02115
02554
05081
00137
02864
00017
05464
04148
03477
03711
02224
00921
03350
01777
00349
03014
02930
05753
00102
06214
00325
05258
00562
02295
05495
01824
03843
02041
03397
04861
01044
00195
02026
01293
00843
01103
01513
01259
01179
02165
04090
02172
01530
05974
05519
01977
02809
02031
02817
02443
03077
06093
01372
01999
01336
03807
01987
04217
00989
04967
05762
00468
00383
06155
01454
04327
04524
01544
00891
01780
03915
01926
05914
04122
01687
03846
00076
01818
02743
00503
01416
01590
01276
00105
03525
05941
04022
04313
05093
05252
01203
02090
04286
00630
03413
05557
05573
04012
03663
02679
01625
01168
02812
03177
01706
05627
05980
00237
05188
02295
04267
04708
00060
05534
00672
05340
02549
05921
03135
04583
02703
02789
04955
01159
03822
04039
05036
01861
05218
01664
06024
06240
00760
03876
02625
05923
02396
03269
01564
04431
01897
04916
03049
01720
06223
00743
04932
06380
02144
01270
02662
03853
00119
01088
04520
03520
05893
01450
01430
00574
01465
03975
00940
00904
02508
00788
01712
05047
04838
03610
01963
01393
00432
06326
02437
03704
04343
05685
05692
04188
03705
03353
04033
02641
05712
03129
02415
06171
00760
02820
05672
05158
02559
03814
02574
04530
05192
01475
01755
00299
02555
02208
03038
03222
06157
06241
03219
06184
05991
02989
01501
01777
04533
04845
00226
02229
05582
01140
06019
02267
05819
06073
02167
01151
02918
06079
01539
03490
02017
05525
00600
02177
00079
05881
03721
00515
01907
04120
01831
06219
01747
00881
00634
03182
02952
06359
00862
04926
05029
01685
00953
03909
02626
00171
03989
02766
05668
00055
02782
01564
01034
02799
01977
01470
02710
04811
03710
04090
02519
03520
06228
05990
04207
02214
05480
05015
00357
01339
00202
02288
05002
05184
02276
06044
03456
05569
03735
02710
03691
01394
01267
04837
01592
03637
04243
01510
01413
04537
04243
03777
00812
00572
04400
00510
00623
02672
04858
05424
06081
01404
05304
00207
02351
06169
04312
05156
03434
06109
03985
02397
05489
05013
03735
00192
02527
05578
01658
05628
03022
03942
03228
06299
02151
05744
02765
01172
02568
05108
02949
00766
05648
05374
00445
03038
03402
01988
02410
02849
03315
06115
06039
06053
03433
01474
01565
04209
04979
06163
03330
00518
04903
01912
03436
05581
03964
01090
03392
01199
05741
03668
04956
04803
01989
03878
00621
05410
00141
04837
05229
01239
04624
02232
00188
01779
06024
05918
03290
01981
00103
01395
01983
01542
03907
05522
00727
02713
06238
00147
04766
04561
04817
05045
05331
04166
00341
00855
04188
03999
06318
02593
02998
02187
00437
05440
02326
03019
03328
03534
00033
04455
03376
02895
01861
05633
01238
00343
02482
02374
03330
01866
03321
03200
00362
00828
05183
00072
00308
06135
02077
03673
04961
00026
04120
01920
03797
03934
03256
01968
01031
02036
05959
04403
00321
04106
02855
04346
02964
01645
05840
01301
00348
04169
02918
02622
05739
06155
00499
03215
00213
00359
02630
05204
01112
03957
05735
01019
06245
03574
00949
01832
04815
06325
00159
00741
00783
05897
04347
03575
03890
05239
05382
05195
01888
02420
02297
00399
00009
00584
05700
02782
06061
05389
01385
02451
04168
02007
00632
00831
04953
05358
04899
02997
02958
02358
00381
00834
03342
04016
02644
01018
05218
05401
02599
00813
04865
05808
00965
04089
03190
04373
05253
03065
03632
00845
04636
01563
05606
04066
03870
02448
02469
02087
05652
03036
03959
03993
01846
04621
05042
01889
03269
04360
03034
05111
04103
03582
03379
02784
04320
04606
04328
02456
00778
04005
06353
00138
04849
04848
02789
03643
00302
05426
05948
04487
00413
03873
01214
00004
00285
05898
05742
01923
05859
04901
01869
02229
04731
02563
02284
00233
02397
03875
03986
04339
00808
01189
03077
01577
00893
03606
01529
02951
05499
05994
04626
05106
00210
01799
06296
00921
01926
01533
06326
01400
01602
04692
01391
06135
04438
00383
04894
04783
03151
01516
00167
03148
03122
01981
04416
06029
00341
04496
03030
01128
05337
04218
05405
06219
01991
00787
00823
02686
05318
03755
00512
04772
00631
06043
01268
04961
01389
06325
01726
00789
05580
03037
01630
01733
04733
00945
03061
01051
02827
02660
05168
06020
04125
06312
04431
02167
06032
02249
05329
02774
01072
05335
06334
00620
06164
04604
01168
06295
01427
06380
00703
06143
03814
02681
02024
00388
04444
06214
05017
04406
02868
00916
04027
03965
05402
05944
06300
06233
00065
01453
05273
02244
01305
02374
01893
01076
05805
03452
03832
05949
00157
01893
00790
02130
03507
03654
04474
00428
01827
00831
05023
05187
02148
03620
04396
00761
04773
05485
06394
05078
02030
03139
00451
00110
04820
04794
06248
05983
03544
03870
02270
03575
02141
01894
03767
04338
03141
04294
00841
04704
04903
00608
00381
03749
03374
03866
05942
05274
03217
05515
00347
06098
05546
02830
05251
01527
02998
01529
05948
02130
00040
03560
04344
03689
02218
04914
02453
03522
06321
01917
03463
00966
02235
00110
00932
00449
04136
01912
00140
03590
02226
00470
00947
03888
02699
02452
04109
02946
04114
01734
04693
01392
05937
04828
03321
03383
04181
00526
03237
02983
02059
06385
01386
01537
00820
05676
01675
04603
02533
04932
06372
03552
04573
05778
00760
05844
03747
04439
00405
04149
05948
01766
04134
05918
00646
00255
04757
00261
01332
03644
04059
02436
05479
05796
05925
03637
02533
04190
03748
00950
05112
06271
04338
05579
01766
04612
02588
02211
02056
01755
03408
04403
01161
03356
03876
01471
05309
03157
01152
01399
04891
05378
04394
03902
04057
04892
05868
02181
00546
06344
00100
02134
03575
02096
03432
03949
02207
00623
01811
03712
04044
06310
02417
02464
00588
04908
01987
05560
03688
01762
05999
03889
04829
05539
03719
01976
05748
03035
00244
04119
00832
01839
04159
01088
03444
02138
01787
01385
00478
04376
04563
04688
04100
00570
00300
05536
03033
06362
04726
05228
00028
02985
03092
01496
04174
01380
00229
05591
00846
03173
05743
01294
05778
03158
06056
05336
03844
04608
05984
02915
01143
04929
03918
02807
01220
04124
02229
05975
00133
05355
02226
00832
04206
05807
01317
06158
06211
03720
03642
03198
03961
05952
03219
04494
05485
05121
03603
05249
01595
03111
04170
06142
05437
01072
05240
02136
05920
02256
03904
06121
00164
02593
01003
01175
06128
03832
02133
05752
06031
02387
03448
03474
01803
02798
05011
02491
05668
00245
00758
05023
04269
03027
01645
05088
05636
02344
00326
00600
04908
03546
01793
01146
02185
02371
04756
05590
01847
01672
00856
04539
02566
00777
00659
03318
02070
03316
04514
00953
04364
02804
00195
02455
05614
00519
02173
02732
00161
04718
04524
04570
03836
05053
06189
06190
05768
05138
05154
02912
06358
00354
01250
05241
01661
01519
00384
01679
03503
01494
01783
02988
04472
06340
01775
06093
01938
04809
04142
05126
02791
05957
00926
01219
04260
03070
04086
00041
00501
02388
02056
02714
00611
03980
00167
02135
04552
04936
01075
03905
04331
03863
00451
04536
00700
00809
05869
03236
02349
03355
04148
03986
04778
00497
05647
06390
03383
00545
00146
00655
02853
01484
05820
06376
04465
06152
06236
01786
05817
02392
02976
05871
03036
01853
02363
05377
00813
01253
05170
01153
00082
03586
03396
03316
01983
00950
00500
06232
02507
03242
00564
02692
01388
05438
05552
04013
02452
05083
01972
01540
04135
03172
01466
03453
05783
02506
00916
00427
01822
04542
05170
00711
02711
01410
03857
05584
01530
05081
00064
03020
00114
03869
04112
01068
02845
02159
04440
01101
03679
01288
04450
01563
02275
02990
03446
04560
01327
04163
06144
00730
06371
00632
05216
04059
00142
00926
01103
03274
02605
06045
06377
02103
01857
01533
05211
02731
06284
04130
03625
02093
06248
05013
00540
03041
04291
01148
04807
02764
03514
05164
02741
01459
00977
05077
01841
04384
02765
06236
00690
00390
03630
00070
04064
04476
04429
02511
06215
05413
05389
05915
00151
02993
04161
04484
05525
03324
03482
05906
02467
04948
05963
01288
03558
01368
00315
00923
05913
01019
04070
04286
04334
01192
00209
02840
03100
05504
03240
02071
04874
01982
01526
02846
00022
00828
02687
05850
04738
04367
02877
05810
04859
00588
05366
00605
06088
06126
03702
02957
05772
00208
00622
00713
01207
00468
01257
04952
00143
01830
03687
00089
04310
01947
00664
06128
01817
02611
06070
01947
03989
00189
02687
01442
00966
05274
01742
04269
00141
05273
02773
02671
05373
02050
03065
00384
02754
05806
04170
01865
04398
02643
00414
05656
04577
05854
06217
00596
00277
00761
05754
04298
03716
04268
02357
04901
04598
04383
05608
03453
01642
04222
04013
04102
02016
04085
05659
04329
03521
01242
06345
02095
04332
03051
00865
02266
03422
06316
05724
00014
04989
01267
03935
01900
02305
02943
04914
00384
03200
01474
06233
04176
01172
06335
04433
02581
04011
06158
00616
04102
05994
05117
02617
03407
00191
06353
04291
01313
02690
05418
05414
00995
04550
05252
04089
06278
00194
04825
05194
01782
04183
01124
05683
01452
05182
02433
01045
06240
03024
04273
00372
04572
00112
00441
01391
00748
00664
04841
01498
02673
02687
04474
00762
04757
01124
05137
00988
04633
06010
04192
06226
05323
03952
03564
00139
03347
04508
03049
00334
05803
00963
02881
03795
00367
02183
04787
02622
04938
02926
01048
04281
01616
03211
01729
05420
02794
05579
06397
02460
01324
04574
05815
03101
03907
06079
03643
01653
03850
05346
05145
04175
06331
01274
05410
02329
02242
03940
03984
02170
01453
02611
03650
04211
05184
00472
03364
01041
03750
02670
04781
03020
03010
05536
04994
01920
01698
00824
04664
05637
05909
03140
05430
04205
02131
01254
01977
03033
00475
05561
04082
06136
02906
06364
00586
06173
06343
00412
05573
06140
06028
04290
01156
03586
03806
05237
01893
05710
01837
01230
00965
01871
04279
01271
00357
01787
03383
03326
03434
01705
05564
05180
00638
03723
03220
05724
03349
03532
04967
02058
00970
04930
01887
01594
04583
04048
00389
04114
05635
00859
04903
05749
02758
02919
04981
00813
06088
04173
02092
00180
00152
04891
04714
00927
03545
00776
01951
05288
02694
02962
06052
00598
05205
02358
03814
03915
01850
01739
03259
04650
01282
01404
03541
01059
05920
00096
05076
04892
03717
03768
00245
01149
03496
04292
01768
05016
01701
01602
03520
01460
03457
00900
03588
06069
01420
00813
03298
02409
05343
01672
03459
05233
03589
00900
03450
05578
02998
03152
00341
04855
03007
06031
04182
04557
03325
04152
05692
04826
05767
02829
00314
04467
03308
03766
04873
05977
06290
02170
04633
01543
01597
06297
05858
00923
00432
03400
03418
01374
04206
05193
00383
00754
00665
00295
01043
02583
04092
03083
05736
05402
03620
04670
03921
05082
03496
04156
01336
04728
05770
05489
03150
03226
02742
06035
02781
03164
02471
02203
00441
02261
04137
04193
01237
02369
00057
00211
06129
00720
00520
03281
03953
05130
00030
05800
04425
05341
03484
02858
05909
03141
04250
05223
06213
04758
01455
06154
05494
01897
06030
03409
04827
04641
03021
00426
01242
02329
04290
05607
01715
03436
01414
00286
02907
05216
00795
06176
01127
00623
05290
01172
02596
01524
04324
04271
03011
01391
05259
00401
01457
00884
02313
00319
00773
03894
01854
01081
00531
05036
00599
02488
03101
05214
04569
01926
05673
05838
00702
06265
00494
02949
00950
03469
02792
05817
01934
03229
03467
04504
04526
01470
03220
05427
02236
02105
05498
02058
00607
01826
05124
00560
02846
01177
00756
04635
00102
05789
00993
02058
00682
02184
01570
03603
03493
01067
01254
01480
02491
03206
01633
06277
03965
04388
00289
00345
01100
05393
04735
00143
04117
04473
04144
05336
04666
04575
02299
01558
01425
00758
02949
00199
05509
06176
02120
01548
00090
01152
05026
05717
00655
02238
04106
03756
05468
02646
01885
06042
05723
05789
04182
01209
05955
01618
00541
06360
01486
05341
03830
00196
05309
05159
05914
02489
03570
04117
05283
02917
05818
04514
01952
04757
04142
01687
00328
04991
01710
06378
02124
05803
05518
01969
02117
06014
05581
03009
04173
01124
01792
03047
02985
00153
04430
03010
00420
01173
04756
01595
03959
04626
05289
01699
02403
05819
05051
00615
03809
00370
00984
05490
04081
06206
06281
00800
03472
00720
00921
04058
01861
04016
05107
05458
05849
01545
05545
03165
00038
00781
05905
00872
00264
03334
05642
01432
01649
04091
05724
01666
06041
04091
05693
01155
00594
04872
05616
01214
05753
03235
06025
02224
02952
06129
05323
00625
05449
02439
02866
01674
00933
02775
04620
00877
04507
00822
03521
01173
04428
04489
03636
01595
02610
03468
03394
00434
01137
00446
01384
02656
01094
05869
01409
04185
05788
01369
03500
05017
02749
03464
03660
02014
00037
03493
04393
06176
04979
00406
05299
06062
02169
05017
00359
02278
01138
05017
00331
01169
04179
04883
05779
03801
03898
00927
05478
04839
06147
00798
01466
03357
01018
05759
02395
01773
01194
05677
01547
01620
03540
02329
01732
05623
01659
01631
01561
02776
02588
00151
01466
05813
05884
02747
04374
05373
04249
02480
05915
01136
05698
05747
00025
03154
02755
04833
05060
03403
00312
02851
00600
00478
06146
02740
02519
02692
05080
01040
03182
01892
01013
05882
06134
00178
00623
04202
00662
02209
05288
01042
03973
06150
05853
01676
04077
01931
05596
05154
04331
04236
06098
04921
06323
03985
02626
04442
04049
00872
06162
01502
04490
06111
03776
03638
04705
05659
00689
02005
02997
04248
02730
03514
06279
01470
04952
04765
00090
01052
04873
03509
05171
04163
03709
00292
01984
03138
06359
01536
04245
05049
01966
03327
02449
06044
05697
04286
01375
00390
05575
04014
00793
00183
05859
04508
04614
00940
06198
02779
04740
00346
03343
01551
04609
01286
04413
06041
04643
05060
01542
03226
01288
03466
04912
02470
04007
03823
01084
05383
00853
01414
00946
02987
04964
05841
01432
04523
01254
05860
00508
02936
00399
05528
04529
03748
01720
02152
04630
01866
03968
02539
06161
02332
03597
05102
02587
00263
03312
01069
05237
03973
02983
00942
02681
04479
00828
05307
02571
04060
05642
01146
05678
05034
00927
05930
02995
02280
03773
04348
03084
00749
05755
03212
06206
03449
02441
05882
04085
03159
02193
01961
00433
03243
01720
06036
01566
02013
01859
00840
00898
01826
04439
00642
01104
01444
01496
02405
03801
00590
05235
03416
06178
00565
04536
01402
01232
02470
04959
04035
04416
00456
01708
03768
02739
05614
01516
00202
05543
04732
04383
00332
01601
03442
04272
03343
00229
06042
00095
04252
03816
04682
01087
02062
04189
03543
02011
01673
04620
05014
03700
02651
04737
03984
00870
01453
01600
03521
03241
04837
03862
01805
00882
02716
03466
01984
03321
03127
03443
06080
02902
03876
00163
01618
00901
05555
05825
00645
04744
05518
05685
04158
00172
04823
00828
06369
05091
01756
01563
04762
05456
00377
05743
05957
05858
05387
03491
01024
03095
03340
04988
00586
04322
05456
01998
02008
02984
02011
01618
03060
01379
05469
05775
03474
04329
03403
00756
01265
03399
03482
04872
01258
04935
00282
03256
04825
00530
04462
05071
04901
04078
01188
00901
01645
05927
05749
00302
01616
02572
04122
03603
00473
03345
04296
05982
01670
03602
05323
05166
01011
01463
02107
04043
00040
02546
02396
03827
02428
01445
05528
06227
01316
00097
05137
05393
03420
03146
00998
02182
00304
01302
04612
04361
03815
00820
05030
02278
01293
04361
03946
01134
03100
05205
04369
01320
05062
05556
01235
00037
03298
05953
03677
04722
01776
04949
05480
03750
03402
03181
02039
03994
01514
05418
04397
01336
01234
04209
03016
04716
04380
05042
02878
04408
05534
02374
02418
03812
02873
05362
01043
02898
04799
00393
05010
01904
04222
04269
02494
00710
06253
03510
00509
03631
03826
02219
03369
04004
01870
03180
03588
03124
04774
00243
00602
00528
05039
05295
01714
04290
00756
01552
04784
05502
00199
02081
00778
01937
05826
05966
05413
01526
00760
02119
00587
03079
02750
04349
03723
00849
03599
03530
04398
00640
05280
04525
03537
03449
01153
02226
02596
04743
02413
02672
01853
02476
06062
04012
05530
02073
02735
05404
01713
01722
03360
02373
02102
02280
00960
05253
04585
01346
02250
06189
02328
02198
00254
00454
03256
03064
02890
06005
03356
04085
05141
05497
03920
02530
01577
05840
01301
04941
00570
06393
03448
01429
05655
00213
04625
01174
03948
03495
06101
04988
04913
00826
01689
05817
05555
04386
02084
03089
04669
05402
06383
04050
03683
06285
04731
01826
02282
03632
01871
03696
00599
01740
00141
02573
05651
00793
05168
03539
00055
03782
03045
00515
00250
03478
04994
01325
05556
00932
03111
00328
03470
04551
02800
04577
01225
01040
01876
01648
02471
01904
00797
05575
05370
00887
05636
05028
05447
05687
02024
05221
03221
01607
05547
06107
00728
06371
01705
01591
03061
00049
05078
05152
04210
03742
02675
05351
01980
01383
00877
05330
02067
03636
03410
02709
02582
00478
03312
00479
04838
03154
00652
06159
01018
00653
05308
04615
01407
02247
06370
00793
02409
04268
04421
04383
02331
02245
01741
05287
03503
02550
00347
02634
04322
00800
05315
03614
01439
01510
06247
00065
06182
00653
02929
01430
05849
04349
04268
00396
00163
05860
03584
03353
05126
05626
03208
00455
06079
00351
03921
03045
05399
05152
05810
05598
00969
05080
03139
06054
05771
06003
02683
01104
03899
02574
04074
05564
02727
02042
03599
00622
02297
06368
02519
02939
03773
02046
04019
01949
06033
01423
01620
00357
02664
02633
05894
01167
05754
00512
06054
04209
02764
02664
00577
05006
03671
05623
02635
02887
02776
02537
05497
03505
05683
03421
02107
02690
05765
03229
04313
03876
05573
05243
03113
05356
05909
03030
04843
04964
01451
04156
05057
00964
03670
02218
00462
00640
01712
00366
04329
06395
03551
06189
02942
00345
02823
01025
05377
02930
04432
04026
00016
00738
04751
00838
03621
06205
06291
01067
03828
01632
03854
05680
01383
04834
04383
02332
04916
06314
04472
05782
01303
05530
02097
00555
02481
03945
01064
04462
03837
05775
03346
05178
04459
03417
03107
00531
02715
04380
00598
06315
03767
01414
04697
04992
04461
02576
06169
04002
02696
00911
02533
00915
04138
01258
02625
02119
00168
00998
00586
04682
05378
00285
02496
04609
02813
01550
02229
02056
05855
06221
06353
04539
03015
04059
05696
03280
04518
01936
03384
04386
02014
03509
01834
00904
01397
05550
04996
01764
04853
05332
00801
06200
03556
03681
00078
00498
04827
05253
06010
03144
02374
02453
04729
04798
05047
05219
02165
06341
03559
05032
03954
03709
00585
01182
02427
02203
06220
01451
04462
00614
01070
03895
04961
06363
06264
05534
04528
05873
00282
03649
01701
01783
04131
00951
05826
01049
03612
01313
04781
01281
00514
00668
05560
04250
04575
01743
00269
05615
03332
01955
06003
01586
03045
04626
05055
03033
01169
01817
02265
03555
01228
00199
04714
03641
01227
02424
05407
03631
05003
04635
00157
00041
06094
02478
04865
00602
03507
01227
03602
00680
03569
04188
02054
05804
03503
03691
02029
03285
03587
05652
05054
00940
03334
03227
05117
01330
00913
03226
04101
05477
02710
02387
02039
03809
03868
01572
05183
05284
02264
03864
03264
00234
05989
05274
03996
02359
05921
00836
02977
03699
05283
04053
00851
01327
04060
01601
05778
02054
05833
03299
01512
00542
02002
04302
03953
04046
05570
01089
03687
04441
01636
05176
02377
02009
05046
04895
05288
04663
04045
01954
03982
01111
01605
00159
01675
00080
03938
06205
04701
00216
03016
03350
03643
03263
03539
01680
03006
06290
01940
04169
00877
05728
04713
02224
04579
02201
01592
02993
06047
00530
04679
00136
01640
03620
04283
04279
03163
05109
03244
02322
00915
03022
04065
02040
03187
02731
03885
03228
01426
06354
02917
02177
06212
02971
04604
01796
01985
00846
01342
01811
02037
01833
01829
01276
00484
01920
00987
05216
05559
04095
04813
02118
00102
02316
03688
06219
00516
05447
00884
03063
00930
01075
00521
01580
02273
03054
00049
06072
02584
05404
02332
04873
04893
02530
00762
02304
00180
03086
02425
06110
05778
03412
04059
00859
00524
06068
03506
03029
04449
02807
00827
02213
04768
03159
06229
02958
00824
01598
00796
06223
05914
02087
01831
01112
02956
03489
04186
01177
04493
04978
00104
01653
05857
05848
03816
03797
01208
01771
01043
02138
03071
02078
04376
00682
05442
01252
04636
02540
04412
01391
01233
06222
03581
05523
02482
05571
01206
05065
00472
02507
00804
01872
01148
02922
05783
05998
04106
06202
06302
02005
04318
06300
03409
00800
05533
06154
03899
06268
00307
06280
02274
00100
05476
00313
04595
00900
02065
00782
01039
01727
01034
03737
04908
04428
00906
02048
01193
03579
01619
05132
00499
05526
06247
02401
06093
00866
01120
06344
02623
03269
03437
00680
03613
06145
03817
01940
02866
04638
01945
01278
03594
05095
01410
04360
05209
03850
01637
04731
00779
00099
00216
03025
05097
04178
00515
00620
00996
05448
02291
05098
00770
04961
03230
05520
03042
01323
00372
05347
01005
03206
00414
01365
00539
05027
04565
04124
00607
06190
00226
01567
00945
05512
06062
02314
03766
05165
05637
02690
04365
01333
01771
06002
00312
02806
03483
00642
05157
04550
01048
04777
03929
03550
01138
02265
04792
02650
00920
05849
03315
03933
04564
00049
05262
06225
02791
04926
02444
03660
05057
00101
03002
02958
02525
02660
01686
02087
04407
05572
03802
02229
05611
02411
05288
00587
04459
05966
03155
06254
02909
06211
03271
03129
01039
01780
02199
03232
00408
04592
05793
00465
04236
00731
00096
00182
03931
03014
03790
00919
05702
02713
04084
00221
04607
04781
01039
02801
04573
01398
05984
05699
00697
04701
04753
02407
02920
00940
04543
00857
03028
03491
04648
06113
00953
06056
05491
02322
03322
02970
03990
03564
01693
00582
01383
03105
01642
03826
04035
04341
04379
06167
05973
01086
00320
02605
02052
01931
05298
02974
01275
01377
06321
00476
03414
02465
01437
01422
06246
04869
03149
03045
04513
04297
01296
04622
02345
00870
00830
02752
01015
02937
06009
03060
05028
06083
03717
04789
03028
03401
01986
01805
00063
06044
03394
01055
04445
02355
03723
04179
06318
01524
02026
06059
00163
05329
03698
04661
05676
01935
06288
00153
02271
00418
01868
00210
01985
04661
02846
01017
05813
00838
02410
00829
03198
00493
02458
03823
03699
02236
06103
00954
04542
01858
02148
03824
02128
00426
03991
02303
05477
04993
02932
05890
05295
04245
03559
03188
02850
02552
04510
05631
04187
04900
00385
02162
05294
02104
00975
05842
04554
02401
02518
04487
03851
05204
02383
03767
01884
03575
02387
00688
01223
02847
04094
02943
00667
03188
00927
05790
06201
00113
01432
02505
02427
00904
05849
01777
00192
04195
04851
02122
02200
00580
04571
01919
04873
05005
01598
05638
04220
03420
03195
05261
00583
03406
05698
05267
04824
05733
03271
02068
02938
03588
04514
00860
00199
04631
02886
02301
01963
03407
01820
03804
06160
02955
03131
05221
05675
01106
02502
02527
00099
04477
06115
06105
05337
00498
01619
05572
02456
01418
04531
02203
01883
05652
00846
03260
00245
06259
06301
05594
01633
00994
03932
01292
02662
06232
04425
04605
04582
06151
06268
02886
05316
05118
02142
00473
04976
03054
02631
04244
03601
00009
03256
02805
03917
02054
05681
03309
03000
05953
04529
06093
05590
06144
03272
01885
00207
04817
05722
06156
05294
00015
04082
04929
04949
04995
02496
01488
00769
04646
01585
05512
03958
00004
01833
02025
02247
04925
02528
06386
03012
06182
03414
00281
05120
04492
05748
05204
02685
04120
01729
02132
04087
02766
03773
02002
02250
04528
04317
02306
00640
00127
03620
00035
02043
02721
00347
05688
04923
00542
05101
03793
04045
01476
01889
00770
03281
05483
00884
00885
01190
03667
06354
05532
01844
02473
03953
03838
05589
01833
05771
01971
06112
04573
04406
03051
05076
01027
04257
05032
05918
04364
02541
00908
03463
02241
02213
03532
01598
02176
03804
01348
04221
01701
02274
00677
05337
01028
04002
02761
05931
02706
05275
00807
00791
04643
03961
03938
04406
02125
01103
01532
00740
02412
05236
03880
02983
03519
04599
01212
05946
04528
01471
05445
01334
03633
06212
03893
05980
03650
06116
01591
03969
05263
03043
01443
00534
02869
02818
04877
03155
02213
06330
02552
04352
03233
04629
00424
00224
02148
01066
05397
05306
00991
04403
05627
04101
00541
00332
02062
05679
02247
01739
05451
02954
05828
03894
04458
04819
04088
03557
02416
03169
03886
03637
05473
05351
05648
00614
01298
02790
03155
04626
02843
01714
02032
01355
04843
05150
00652
04687
04343
00966
05881
01514
04363
03834
04565
03177
02497
03906
02384
03126
04878
03987
06156
01045
05113
02572
04893
02810
03688
02413
05423
04740
04371
04373
00711
03866
00409
01461
05282
01185
02481
01175
00057
04567
01145
00389
01382
03663
06122
04183
04128
05897
04717
00541
01122
01197
00134
06116
05931
03940
04271
00553
03486
01619
03648
02520
00841
05045
05001
06399
06018
04244
02050
00788
01006
00804
05018
02783
03867
05308
02347
04869
04685
03954
01551
00307
03158
03921
02508
03811
05022
01594
04842
05326
02115
02132
02022
02542
02137
02097
03135
04655
04946
03199
05805
05041
01913
02663
03185
02748
01433
01669
05320
03905
01466
05253
00633
00265
01547
05974
02446
02685
04315
00270
03359
00785
04033
05466
01097
03661
02780
04000
03902
04473
04917
04019
04982
03556
03393
02098
01540
03537
01666
01661
00259
05631
02636
01877
05423
02772
02981
05648
06288
03621
02118
06261
05968
02724
00446
03898
06318
05351
02742
00023
05899
02833
06223
06278
01570
05151
02471
02330
05205
02769
04475
05753
03618
04658
04582
03320
04276
06342
02120
02257
01430
00592
00578
01539
01922
03645
04573
02759
02136
00944
01226
05290
05674
05419
04548
01355
05748
06102
03602
03251
02153
03184
04392
05196
03688
04303
03181
00896
04493
00277
01304
01007
03940
01649
05427
05708
00953
03983
00962
02261
01931
00413
03837
03693
00543
06395
05048
05719
05424
00639
03556
05265
04419
04450
05422
00971
04377
05834
03525
01538
02878
05620
00825
05310
03007
04861
00127
01764
01529
03662
05649
03129
01931
04770
04658
02932
05741
03766
00079
06397
00538
01164
01921
00840
02281
03163
04399
01993
04986
00534
06097
01683
00075
04759
04303
02449
04202
02664
04231
03935
01605
02350
03694
03526
01181
04531
05198
03282
01945
04494
06317
01682
02039
00881
05454
04460
05725
04111
01745
00282
00206
03496
06261
02117
01592
01842
03838
03004
04650
05926
06065
01105
01186
04836
00637
02896
01540
03011
04660
02973
01319
01209
04598
05481
05002
01443
01966
01424
01444
01587
01718
05267
01113
04467
02198
06189
05512
06394
04586
02196
05825
06058
02657
02637
05652
03874
03041
05548
00261
02759
05064
02279
01691
00362
01102
00726
05271
06038
02822
05706
05826
03449
02179
01031
01888
01133
05400
05471
00704
03105
00183
00620
05109
03688
01530
06377
03999
01438
01088
04013
04578
03763
01008
02502
05497
04821
01497
00558
02019
03774
04538
04397
05051
04247
03805
05194
03621
02439
02270
03823
04196
00221
00393
03480
03209
02006
02017
02999
04678
01547
01853
05928
02273
02938
01678
03404
01604
01583
05819
00452
02353
04238
00557
02764
00146
02880
05991
02353
01262
06328
00972
01777
01016
01889
00388
00365
01602
01382
00378
04941
06159
02589
06269
04848
06213
05905
04230
01166
05761
03754
03097
03821
02885
03451
00452
03516
01100
03624
01476
00144
06143
04082
00199
04216
04352
04065
04813
03135
02787
03980
01319
04669
02300
04744
01186
01754
05715
03179
03005
00673
06324
01148
04629
00764
04835
00505
05858
02194
06381
02563
04506
06201
01178
00298
06323
05530
04095
03985
04742
03936
02608
05310
03151
03100
02066
01280
03665
01209
05966
01917
04630
02199
00097
04823
03796
05190
00720
00379
05611
05088
01913
03206
02443
00771
03589
06227
00627
01641
00890
03237
06100
00294
04589
05742
05972
04734
01876
03898
02862
03425
00890
00571
00118
00644
00267
05361
02682
02589
01999
04470
02885
03643
04596
05219
03901
05055
00899
03427
01516
01531
03061
00850
00987
01765
00735
02065
06042
00759
03016
04073
05853
03239
05915
05528
01217
05758
03639
02301
05932
02520
02980
05469
05969
05175
00609
05968
00851
05187
03929
02891
00257
04194
01268
05578
03520
01520
02505
02586
01158
03611
04464
01216
04098
05470
02677
02698
02778
04504
05482
00560
01548
04808
04372
02469
03958
00616
02245
03840
00112
05731
03274
05634
00151
03763
05370
02115
04261
00411
05487
02302
02428
05246
00593
06005
05442
05723
03533
00002
03749
04838
00549
00956
01599
05955
02786
03266
04629
04193
01060
04135
04154
03825
01306
03962
01681
03586
00908
00496
00943
05179
00661
04145
04831
05044
03695
03772
03903
03441
04711
03319
05383
05499
06383
01239
06122
04509
04562
00040
03221
06328
04738
01913
02900
03524
03725
00936
03796
00355
01838
00517
02051
01827
00256
04390
06163
04945
02765
05959
00158
04212
03717
04699
05604
01133
02890
04531
04143
03625
01960
04426
03415
04608
00994
00427
05730
00173
03431
02943
00067
03562
05988
01719
00963
00680
00627
05714
01661
02280
02161
04299
02563
06201
00877
03107
05151
05326
02235
01414
01588
05435
04905
00924
01218
04044
05449
04719
05128
00130
04845
04084
06083
05035
02225
04920
03861
04637
06066
04648
00385
03342
05469
04093
03859
00147
06242
03906
05789
03764
01478
01411
00795
01064
00280
02452
02872
05298
05563
02683
03561
04631
04194
03579
00312
00954
03483
01214
06171
03286
03202
00286
03202
00088
00918
03216
02672
05207
04520
03757
04929
02353
05359
02014
02058
02115
00825
04260
04893
04676
01852
00386
01707
04926
02059
00903
01156
05163
06052
00123
04347
05160
01190
00678
00741
02136
01823
03384
04800
01112
06276
03416
01775
01626
04538
02764
02339
02272
00592
00065
01494
02327
03792
04152
04849
02254
03371
01421
02190
00785
02385
04517
05335
03430
05346
06196
04109
04003
03838
03241
01445
00618
04408
06198
02189
01091
05034
05759
04492
04692
02850
03550
06343
06079
03450
04945
00351
02200
05638
04609
06200
01666
03110
04975
02261
02021
03066
02877
02911
02765
03637
03991
01221
05730
05899
00828
04604
05888
04420
02093
01127
02035
05490
05360
02899
03536
03903
02689
00409
05746
01504
04822
03943
04240
02214
04878
03864
02296
01203
05429
05438
01130
04553
00182
03266
03347
04670
01374
00035
02725
01292
03593
00474
00271
01797
06123
02270
02526
02083
04221
05187
03120
04093
00513
02558
00592
00086
02740
00451
01011
06096
01936
06159
00782
00958
05563
05186
04946
05143
05007
04580
04165
04485
03655
05128
01790
02205
05186
06093
04989
04650
00759
00257
05029
03746
04982
03809
03798
05818
02711
00252
04907
05397
02497
05686
03661
04120
04440
02535
00498
05337
01988
01059
05366
01589
00027
05909
00276
05120
03946
00132
01089
00599
00165
03448
05541
02322
05672
06133
01078
03670
02537
00486
02803
04679
01341
00533
03003
03290
02627
02647
02248
02504
05105
04805
04043
04254
04281
00804
05028
02801
06103
02662
00189
06064
02362
02634
01797
05266
00268
06174
06276
01710
02016
00677
03488
04137
06263
01811
04843
01289
01071
01588
03238
02344
04105
00429
06359
02117
02645
01115
02818
04917
03836
04568
06279
00823
02410
00796
05784
04964
02070
05695
00468
03141
05039
04188
00901
00383
00485
00146
02675
02729
03536
03364
00611
05182
02049
05056
01071
01454
05668
03037
04483
00399
01870
00317
02097
01009
06121
05010
03122
04302
05433
00829
01594
05280
05258
04913
05878
00781
04344
02806
02533
00446
04059
00714
00976
01613
02765
04322
03560
05212
02137
06350
02938
02499
04417
04858
03409
03297
05740
05200
02728
00276
03178
04091
04554
01347
03238
02119
02376
00920
00551
05796
03286
03403
00514
05834
03267
03482
04192
06134
00020
06101
06184
02642
04156
02197
02376
03698
04729
04364
04773
06394
03533
03960
00413
02398
05784
04274
00053
00450
00463
02275
04324
03840
03291
05461
00251
04551
03088
00871
04015
04320
05320
03483
05061
04236
02844
01226
03800
01290
01854
05495
03914
05685
02422
04160
05829
02633
04279
04976
02157
04294
00989
06322
03748
00365
01158
04577
02937
03687
05258
03578
04014
03717
05144
05171
05476
01954
01390
01317
04965
00805
01844
02596
05134
02467
03446
00687
02519
00929
05181
03075
00384
01399
00968
03530
02010
03152
05996
05104
05168
04941
03077
04246
01104
06345
04632
03104
04409
00695
01671
01898
04706
06184
04591
00023
06309
03817
05538
02825
02247
02890
04156
01005
05796
00249
03556
05101
02811
03084
00289
03977
02004
02845
01878
00384
02954
02191
04315
03304
05753
06127
03258
00093
02628
02935
00515
05462
03267
01196
02508
06035
05256
04134
00713
01202
04108
02160
05764
05345
04987
00773
03129
01710
01305
02683
00592
01787
04431
03516
05495
01805
00854
00110
00604
01219
02943
05493
03332
01507
01820
00654
04555
01936
05135
00284
06136
01496
00237
02816
06140
00106
03278
05537
01863
00613
00691
01547
03015
03403
03988
03123
02815
01556
00518
02136
01216
00351
01414
03718
02950
03011
05221
04405
02673
02372
05199
04110
06365
06369
05497
05325
05281
03914
06247
05441
03809
00176
03415
04465
01936
01460
05965
05849
02182
05249
01724
05586
02362
01269
03278
05647
00540
03578
00336
00835
04754
06132
01597
00224
02700
03923
04582
01275
04550
01095
00698
03404
03226
01427
00952
01873
01407
01659
05486
00913
02082
00471
00428
00510
05919
00330
06347
01140
01884
03724
05523
03422
04098
06114
05581
03703
00793
06064
02918
06062
04543
05157
01853
00803
04101
01556
04746
03663
05223
03555
04074
03904
02533
06044
05131
05377
00194
06177
03056
04376
01496
00380
01505
02856
05270
03924
02547
01975
02712
00892
00303
02058
01249
04774
04194
00557
05560
02101
00385
01295
05660
01584
05814
04553
00740
03666
06155
02303
03448
02366
03250
04703
03622
05071
02542
05959
03106
03214
01442
05507
03357
02621
01396
01844
03712
00912
00414
04556
02373
03323
00081
00821
04210
04006
03269
01809
04147
03198
02274
02332
03732
03429
04996
04782
02520
03977
03183
02653
03704
05586
03791
00704
06331
05237
04713
05710
06382
03494
02148
02660
03393
02922
06318
01381
05182
03466
02061
04347
06118
02467
00962
05756
01642
00603
05595
03177
01155
04782
03862
03344
02414
00614
05741
05201
01672
05289
02883
03453
00385
05548
05417
05210
05184
04998
01869
01091
00084
03871
03199
05228
05393
01351
02785
05444
03919
06115
05675
04595
01979
05442
01433
05891
02008
05261
04977
00283
06038
03677
00564
00485
05261
00615
01121
03089
05846
03410
03808
04723
02182
06313
02322
03144
02248
02028
05490
06294
00918
02753
05864
02481
02836
02888
06058
02777
02953
03468
03791
03073
00506
04373
00626
03243
01125
00922
01919
01518
02967
03027
04381
01433
06058
01133
04280
03954
02591
01559
00170
00663
01940
01210
03461
02054
04386
01733
04095
02360
03669
03238
05499
05864
01225
06228
03120
01777
05213
00777
03832
03925
06167
00269
02487
03162
00916
02734
04198
01230
01066
00844
03515
02156
02716
03472
03447
04951
06265
03261
03403
01731
00785
05407
03688
04531
06165
04767
05026
04316
05578
04216
00064
02217
00234
01796
00866
01880
02839
05040
00015
02113
03836
05903
02267
01335
00514
