01552
00706
06072
03013
03262
01178
02943
05144
04763
03268
01407
06363
02640
02800
00315
01759
04150
06089
00961
02240
05899
01353
01803
06043
01586
01761
06308
04077
04929
06213
04588
04869
00508
00779
00180
00951
05046
06366
00509
06454
02616
00323
02154
05645
02050
00295
03406
01779
03951
04563
03784
00937
04261
01933
01851
00920
03329
05300
01266
00524
06353
06008
04616
02895
04995
00363
00366
01339
01972
03832
00694
06576
04042
01391
02876
01166
02346
03785
03597
01776
06254
02758
04319
06381
05774
00753
05408
01412
05783
03197
00242
05499
04098
00063
04771
01124
01867
00519
02411
00901
04873
05972
04423
00690
05725
02818
04147
02401
03948
03875
01525
03642
05055
04359
05188
00585
03362
05201
04838
03866
04537
04313
03425
05231
06525
00527
05721
04073
01222
05114
04824
01401
01123
00669
02612
04593
05302
03186
02107
05876
05963
05543
06217
04454
06110
04010
04114
01681
00587
01233
04803
02478
04649
05354
05018
05612
04608
03556
00726
05280
01850
04337
02529
03426
03606
04168
02409
06263
03183
03235
03006
06048
00659
04770
03511
06318
01767
04546
04701
03185
01016
04269
02329
06140
05028
03775
04977
01606
01471
02834
03157
01287
04154
04399
00648
00060
04613
02946
00722
01250
01373
03192
02810
03724
00105
04504
01049
02312
06542
04235
02762
05372
02003
03017
01845
00336
01703
04481
01107
00448
05885
00853
05683
05201
03545
00216
02307
04005
05237
02493
05738
04797
02805
05813
03874
06178
04513
04548
01596
06207
04032
04657
03380
00055
02136
01161
03843
02358
03276
05006
06002
04079
00071
02129
02100
02834
00829
00201
02645
04031
04073
03110
04823
00316
01521
00207
04875
01366
05254
04172
00812
02983
01223
03161
00327
01725
02868
00224
00966
04907
06336
00890
01796
03718
01624
02129
03188
05606
05793
03133
03730
01543
04070
00905
02707
02515
03878
00753
05968
03509
05364
03667
05060
03901
01880
00951
03287
02739
01491
02692
06220
01402
01712
02064
00317
03770
00525
00699
01190
05058
00441
03473
04735
04920
06000
00690
02874
05438
03497
01040
02901
03795
06448
05884
05178
04371
01984
02350
05353
03317
03792
05919
01207
04367
02126
02316
02583
03023
05066
00041
01151
02048
02401
01328
03678
02007
05961
03109
00066
06474
00428
01327
05462
05204
04646
01477
06456
00423
05745
05346
04248
01086
05528
04694
02748
06246
02384
02083
02272
05177
01546
01937
01099
04478
00805
03990
00382
01448
03864
06390
05645
01753
00021
05418
01864
03875
04209
01448
00707
01955
01776
05159
05472
01507
05862
05525
02415
06115
01464
01392
06180
02371
01497
03629
04494
06383
05544
02088
02104
05966
00687
00080
04432
04721
03654
00030
03221
04069
05094
04482
00230
06269
03530
03658
05662
06272
01911
01561
02139
02954
06308
01527
06477
02833
03588
04554
05876
05423
03368
01257
00130
02374
02170
06185
06527
00365
05117
01654
03476
00838
05656
04072
05671
04120
04601
05623
04981
02328
06382
04748
01261
04744
02150
04381
02289
00577
00495
01268
02176
04474
01176
06126
05935
02100
03094
06451
01246
02497
06165
02623
01654
02889
02124
02564
00272
00665
01491
06521
01777
05808
03304
00851
06137
00479
01044
05054
01963
05829
04685
05735
01583
06324
01876
05426
05723
00579
05975
03316
00352
00497
03809
00372
00569
06547
03853
06523
02966
06346
00642
00132
02614
03252
03088
03353
03475
05365
02537
04668
00239
05450
02650
06295
06405
03625
03032
02497
00723
00368
04648
03414
04115
05465
03391
04193
02312
04671
05080
02152
05621
05577
02132
06589
01825
01447
03595
04956
02207
00421
05680
03693
01434
01835
04291
00472
01910
00182
01129
00040
02945
01823
00678
04342
03177
03134
02242
05251
02487
05163
00448
04889
01664
02552
04275
00095
00789
06430
03196
04975
00168
04667
04207
02277
00223
00013
00492
03230
03597
05422
04969
03858
05187
00147
02860
05032
05438
00043
03909
02829
02634
04089
01186
04393
00829
02757
04461
01582
04926
00261
05408
06477
06572
05763
06177
05439
02066
01308
04696
05085
00296
05581
03485
03380
05725
04857
02422
05264
03392
01051
00246
02036
04094
00029
02202
06468
03950
01963
01325
04591
05569
04455
04291
01020
05445
03658
01290
00231
03512
02323
05636
05120
05305
01383
05953
03945
05426
00069
04154
02170
02881
03652
03856
01059
02310
01052
02627
05885
04400
03774
05214
03725
03952
02817
02384
00270
05583
04402
03877
05346
06219
03679
03603
05693
04956
00128
04297
02414
02205
05946
05457
03410
05519
05090
02887
02902
00583
01218
05049
05385
01239
00739
05846
04949
05977
05775
01667
05392
05760
05449
06464
02795
04521
03812
06578
04206
03615
01676
00065
02021
03877
02229
04481
03884
03819
04887
04191
00746
03548
00691
02417
02221
04174
01532
04688
06002
02648
01884
02937
00103
05474
03258
03086
01895
01014
03437
03844
04608
03644
05296
00830
03333
03515
00714
04654
05971
00092
03344
00651
05083
02112
05394
06447
05627
04498
03503
06359
05992
00479
05317
05518
04837
05154
05585
01699
00113
00004
01679
05518
00927
06489
05399
02970
02575
04173
04164
01404
03765
02541
05226
01841
03507
06170
00179
04302
03408
02239
06279
04433
02180
05724
03038
06509
04159
02060
00082
04843
06125
04873
04454
06307
04424
01744
01541
05330
01578
04518
00384
04205
01724
04841
02576
06372
01664
06403
03724
04570
06328
01793
04647
01809
04330
02579
05242
00370
00368
02036
02682
04882
00928
01480
00165
04488
04317
05789
02318
01747
03239
05370
03170
06224
03014
05517
02326
00024
02078
01401
05903
00816
02471
05052
04294
00459
02340
01502
02542
05130
00886
00565
00387
04172
01669
01926
01825
02464
01490
02846
00966
03767
04492
03110
06205
01111
03133
04189
06176
01849
03144
02335
00777
04628
03065
00323
01101
01619
06072
06419
03429
00393
03708
04028
06395
06333
00041
04262
06413
00640
00581
05453
05169
05827
02564
05573
00910
03158
02158
02572
00218
03827
06106
05994
04469
03297
01914
02460
06529
00613
01122
03781
01469
02122
06078
06149
06437
04001
01111
02316
06327
03828
06081
03039
02612
02924
00324
03187
00768
01954
01797
05112
05392
01282
00545
00916
03656
03836
04445
03201
00143
05325
00461
02512
00463
04850
02583
00548
02884
03460
05451
05460
05913
02759
04818
00328
04633
06500
00119
06293
04665
00047
04894
03195
02271
05155
06096
00139
06382
06176
02232
00950
05818
01055
02925
05465
05314
05580
02372
03109
06295
05922
00442
00386
03839
04549
05027
03004
00598
03817
06258
00830
06298
02864
05437
04066
02930
01880
05291
03266
05962
05810
02557
03353
02701
02063
02503
05811
02800
00493
05978
02115
04999
02247
05703
06579
00350
04811
02625
00134
00150
05885
05288
03442
06106
02881
05142
05769
04661
03230
00223
03358
00786
02766
03458
02108
05142
01705
04838
02794
04094
03033
03083
05371
03441
00328
00943
04610
02218
05757
04529
02411
04389
01110
03845
00581
03259
04807
00964
00171
01100
04161
05616
04162
03671
04062
05833
01836
03545
01065
01223
06459
00960
03386
05228
00297
06018
02639
03741
04556
05471
04398
02389
00223
04623
01358
04934
02275
05874
04502
04653
06006
04011
03765
03456
01602
00616
00417
03799
03429
06368
04907
01013
01200
00977
03519
01369
03041
05253
01665
03125
03852
03352
05123
04058
05310
01761
06259
00350
05161
06506
06185
04779
04356
01638
05239
02901
04282
05607
06065
02784
00259
04505
04635
03324
01391
03990
03378
05726
03270
00822
00594
00980
06069
01194
05775
00676
03604
06165
01440
05090
02811
04529
02253
03596
03617
03042
03849
05299
03911
02464
05242
06304
04657
06078
00037
05761
01420
05010
06215
03679
01398
02433
05687
02781
05374
01896
02879
02639
02348
04441
04256
01164
00683
00624
05949
01834
05771
03985
05808
03253
04083
02097
00929
02035
02820
04541
06214
04767
00961
04570
06035
01104
04067
03242
01354
05789
04360
04464
01318
02087
00691
03864
03505
05787
04183
01750
04998
03482
00165
05577
02377
05879
05589
04308
05298
05325
00520
03993
01200
04563
05916
05930
01890
04756
01921
00621
01376
01199
01217
02963
03561
04728
03125
05502
01694
03673
05874
00261
06323
00593
01762
02029
05590
05478
02278
05829
03840
05730
02705
02382
03976
02456
05120
03349
03863
03457
03958
03167
00670
06295
03668
02640
05387
00926
02598
06511
00003
05762
00648
01514
05601
03329
04247
03417
04172
01573
00596
05994
04575
05813
05843
04384
00314
02082
06474
00456
06502
00258
01580
05859
00686
00186
06094
02993
03249
01572
00553
05768
01828
02098
05974
05376
00787
04526
02856
03210
02696
04833
03930
04917
02908
05300
01305
04684
06523
01886
03556
02383
00597
05810
01305
02668
05238
05380
01625
02563
00854
02984
00059
03851
04980
04030
04718
01620
05126
06566
05344
02186
00948
04365
01732
04554
02659
01705
05608
04348
00373
01055
02340
04086
03829
06478
00367
01457
02328
03071
04531
04593
03031
02468
03320
02046
04281
01738
05031
01610
03086
04148
04356
04439
02158
03421
03799
06142
05087
05282
04284
06478
06309
06418
03654
06144
05748
01754
05034
00075
04714
05657
01063
02976
00848
03229
05260
02972
01926
04705
01626
06037
01134
02068
03017
01715
01936
00046
04214
01405
01749
05345
05449
02165
05968
05130
04092
05353
05350
03899
01608
05495
02734
01190
02994
03900
06372
00983
00139
00449
04575
02983
05429
06450
04826
06425
05560
03124
00160
02219
05021
01795
03392
01219
03818
00813
06160
03187
02068
02327
03486
04243
05627
03225
03866
04305
04583
05016
00399
06567
05864
05129
04776
04345
02843
03165
03799
01441
06120
00613
05633
02057
01192
05739
04637
02540
04124
03890
02267
04922
03417
00500
02089
04134
05736
02518
05936
04358
04906
04849
01054
01551
05520
04056
01453
03834
05904
00985
03465
04398
00124
00971
02238
03851
01884
02786
06543
02912
03451
06425
01459
00058
01648
01892
02594
03666
03731
03873
00166
02962
05991
00907
00069
04956
00583
01971
00634
00302
06121
03099
00203
02869
00447
00888
00957
01605
04340
05652
03411
02355
06347
05884
01414
02136
03491
02925
01174
03610
05024
06150
03687
03352
04395
00050
01271
01961
01609
00860
00395
04290
01896
03039
03033
05115
00398
00777
02849
05180
05220
00364
03116
03329
05000
03753
02910
01863
04288
03145
04329
01098
02650
00609
03767
04036
05697
01177
00720
04884
06577
05729
02244
05497
03835
03264
01512
00986
02901
02387
06021
04779
05545
03055
06447
01158
04933
03339
05233
03699
02987
00356
01461
00781
04774
03422
00017
00491
06037
03828
00094
03232
00684
04797
03761
01696
02342
06547
04004
02775
01287
01705
02087
02023
06406
00256
02904
05837
00975
05742
05642
03769
00430
04348
05153
03809
06352
05242
02915
01377
04763
05033
05410
04376
03647
05276
00839
02938
00492
05308
03744
00894
06266
05487
01354
01443
06031
01988
02650
06580
02842
04326
01900
00252
06535
05843
00167
05680
05884
05215
06496
04096
02328
04090
03026
02226
02355
03978
00080
02299
04649
05878
02081
00634
04696
05065
06082
04156
00136
05207
04593
05749
05986
01023
03885
02457
00033
04333
05219
01047
05925
05299
03164
01951
02439
05843
04946
03736
02055
01436
00289
01120
01609
02014
05930
00161
02318
02459
03603
02236
02974
06093
00162
02133
06371
05894
02728
03411
04296
02744
00010
03770
04753
00257
02491
03199
06060
05034
02670
02543
05653
03884
04374
02829
00224
05416
05488
01334
02159
01050
03088
06002
02708
05993
00601
01961
02616
04349
01617
03255
04209
04533
01432
00862
05010
06021
06553
04798
06028
02593
00600
02924
01402
06168
01932
02772
00387
05463
02398
05916
05449
06448
04335
00527
01894
00208
01873
03147
05654
05498
02307
03432
05751
05851
02080
01564
04181
02035
05417
00576
01506
01428
06239
06121
05938
06435
05917
00571
01909
00072
05657
00921
03734
06499
02003
05625
01849
02989
01078
00232
05257
02848
03908
03890
03310
02420
01503
00755
05685
03903
01089
06439
03498
02289
05941
02627
02121
03801
03782
01878
01074
04471
06061
00567
01019
05854
00160
02700
04751
06221
05326
05564
04388
00427
03119
02490
01403
02397
04896
04702
03152
00182
03124
05778
02625
03465
02150
03294
02331
05046
03436
04424
05239
01143
02365
02051
04580
04405
01290
01931
05838
02308
02674
04459
00869
02928
02192
00603
02840
05714
04383
02553
05568
00811
05366
01786
03281
01491
00015
03117
00419
01990
04593
02605
02559
01285
00981
01569
03005
02525
03557
03874
05154
02877
04280
03304
01358
05945
05603
05233
03739
01454
00802
05191
03746
05905
02860
01141
01176
05457
06315
04566
03830
04782
02594
05258
06206
06236
00706
00845
00537
02504
04621
06486
00965
01293
06508
06409
01772
06460
06236
03873
05728
02950
05106
00462
02930
04486
00120
02639
04946
04992
03719
04300
03760
05585
02500
05290
00457
01681
01280
04275
04509
05628
01423
03970
04789
01768
02849
01129
06387
01803
04887
04383
02905
00773
04502
02616
02859
06446
05191
02298
05697
04204
04263
03706
05229
00682
05113
04834
04739
00208
04714
05663
04893
01115
01069
04650
00758
02978
05708
01235
01998
04316
06080
05957
02844
06249
06280
04019
03923
04091
05957
00021
01331
00176
05102
02630
01568
04655
01239
05452
00632
05349
02220
03581
05261
04867
06524
00611
03058
05262
05793
05028
02178
03754
02139
05305
00493
05347
02228
03097
03780
03338
04838
00857
02243
05585
06193
04394
05406
01443
02497
04487
04140
05771
05795
02225
04216
02687
04072
03017
03783
00552
04866
00081
02204
05465
05492
06287
01366
04018
00511
01231
03915
01552
00694
03044
03046
03122
00795
03795
00851
06283
02082
00149
00003
01559
01907
02886
05932
00427
03869
00750
00416
05910
00222
03572
01805
06534
00271
06042
06293
00736
06108
04881
05747
02488
03170
04090
00534
03441
06280
00725
01107
00121
03952
01386
04898
05796
00135
02770
00955
04332
00568
01121
05897
04458
01999
04514
04140
01035
03136
00286
00613
05202
00680
03939
00746
04966
03572
03181
03617
00535
04958
05412
05665
03811
01973
05762
06557
04271
02780
00127
06162
01108
05691
02307
05647
03664
02225
05063
02924
06558
02660
03104
02106
01099
05495
00377
02442
03614
06417
05036
02778
01979
01662
01700
01027
00427
06111
05322
02646
06100
04101
05603
03748
03385
03267
02354
04813
03526
01969
05367
05640
06042
05885
01243
01633
01200
05180
03791
01440
06124
01805
02088
01374
05975
01383
00033
05515
01919
01737
04390
02507
04679
03839
00264
02863
02950
04981
02265
04727
03350
02043
04662
03269
00779
01680
05980
03469
03293
05971
03504
06024
02044
03693
02959
02592
02056
04650
01599
02406
05074
06271
01856
05295
03379
04621
03171
03005
02119
03315
06045
05633
05836
04482
01887
01575
04677
03273
06254
00226
02494
01217
05882
05078
05435
00323
04213
00668
03265
05806
00058
02951
03289
01140
03391
03342
01188
02028
03928
05651
00000
06010
01185
04168
00358
01018
04816
03921
01300
04397
06405
03092
01334
05602
06327
00445
03540
01277
06341
00590
03440
06300
02989
03636
02582
05678
05636
03117
01904
00423
02947
05477
03629
01743
02554
03687
01342
01232
03652
01256
03757
04142
03414
05288
06137
01633
00093
00290
04586
05101
01947
03827
03750
02195
02622
00495
05110
04032
01461
06310
06249
04371
05688
00446
04698
02788
06179
01362
01448
04000
02070
05113
02714
03233
05044
02209
03421
03554
04014
06113
03211
01657
03604
02742
00762
03309
01783
02589
05350
05366
03398
02608
01148
01227
05122
00620
05964
03207
01880
04742
04201
01565
05451
01973
02929
00507
00692
00771
05420
02571
00759
06510
06091
05875
05899
01115
03014
03126
00285
06498
01569
03276
00962
05196
05892
06028
02383
00065
01182
01042
03446
06190
02365
02012
01008
01867
06389
06326
03633
06243
04867
00589
01196
06236
02964
04249
03772
01479
01831
05843
00117
03193
02899
02494
05581
00552
04398
00370
04258
04842
06548
06363
02472
02718
04824
00608
00927
01270
04314
01128
01143
02148
01621
01975
06289
05577
01507
01693
03076
04444
03432
03256
03841
04200
05272
02160
00499
05375
01950
02320
02198
04290
06290
01572
03923
05106
03061
04142
04133
05185
04532
00571
00139
02330
02503
01194
05410
02951
00997
03213
00487
04433
05030
01968
01534
01585
02556
05870
00593
02293
00351
03010
02369
00439
01428
00675
06066
02519
00481
01401
03766
01545
02624
05509
02312
00049
03997
04941
00259
00627
06381
00356
03431
05815
01957
03623
04184
03225
06380
02860
00547
04111
04710
00350
06029
02563
01590
02547
03641
04712
04544
02574
06358
03658
03456
03712
03779
01302
06186
00762
01024
02496
01623
03533
00026
04508
02272
00410
00539
05316
03979
01910
01308
04335
02567
02285
02495
01123
01877
04472
05725
05825
03677
05904
04785
01967
06522
02986
05471
02052
03419
02725
06045
03572
02831
01750
01572
01810
02084
04837
00242
06245
03932
00424
05696
00947
01965
01557
02787
05851
06564
03677
04457
05967
04869
01860
06386
03430
03657
01101
00249
06447
00516
05587
01509
01817
05337
03474
02056
06456
01573
03291
05203
02321
01261
02590
04444
00439
04773
04442
00053
01766
01662
01328
00794
06045
02779
01510
06439
02505
05193
05103
00339
06244
01832
01879
01550
01700
01914
01957
06578
00855
04030
02361
05568
05060
02417
01164
01939
06566
00939
00711
05729
00978
05505
00892
01835
00535
04068
00225
03138
03581
05214
03819
01220
05765
00380
01270
04138
01617
06460
03034
02271
06165
01668
03034
01799
03914
04685
01734
03041
00292
04050
06017
00187
00577
01273
03045
04169
06537
04868
00865
02321
00501
04148
04988
00157
04432
02164
00188
01718
00347
05445
04007
00642
02533
02019
05075
03098
01087
04979
01505
02963
02765
00863
00435
01447
01272
01936
01094
02046
03376
05263
04611
04062
02975
04144
06256
03997
05249
00499
03556
00038
00127
04944
06319
02616
03011
03326
06415
04831
05670
02201
00775
00124
04085
03814
04746
01496
03802
00563
02757
03425
03391
04448
05515
05870
00285
04884
00282
02621
00435
04214
00666
06374
03265
00425
04126
04956
01772
03474
02683
01016
04964
05545
01709
04105
02641
02930
03489
02468
05101
05471
06253
02331
06418
05364
06412
06421
04204
00414
03158
00387
02361
02632
04539
06154
05597
02076
00976
04714
00427
00235
01090
00386
04589
02001
04984
01941
04004
02520
05757
05765
04779
02159
03890
04162
04214
02510
00546
05175
02576
00521
00647
05042
02018
06287
00131
00918
05567
05637
05561
04327
04692
01388
01001
06289
02765
03772
01002
02813
04083
03235
03057
03416
03169
04415
00280
02978
02614
02219
00043
00488
02573
03289
06035
00879
00999
04157
05189
04182
02178
00569
05741
00398
05619
04538
01380
04249
01976
04134
03600
02612
04432
04729
05970
02258
02179
03075
02739
03310
03742
03127
00960
03860
06014
03818
06437
00901
04710
01646
02630
04190
01972
02467
04936
01348
00813
04097
06093
04862
00777
00700
03215
02326
01585
04668
00860
04597
03165
05999
01511
03298
03450
03637
01344
03063
06312
06457
01833
00841
01698
01943
02633
02913
05087
05838
04246
02124
03173
05292
00115
05819
05461
01992
04185
06384
05121
05824
04954
02822
00562
01191
03200
00491
03655
03043
03188
02173
06239
02648
02659
02630
06159
00292
05619
00093
00575
05504
03923
03026
01319
03664
02776
01758
03888
05160
04740
02669
00173
03818
00512
06273
03031
03400
03498
06084
05768
02098
05275
03881
00191
03045
05415
06176
06010
04721
01855
01180
02026
04813
00643
04027
03584
02992
04752
06313
01957
01607
01482
04657
06264
04558
04459
01266
04160
05653
02882
05809
04457
04081
06542
05441
03452
00187
05577
04596
00982
01177
04178
05372
01170
03039
03218
01330
02051
04178
06233
00250
02450
02009
05297
03305
03430
00256
02767
02781
03441
00618
02114
04823
04606
00962
04204
00159
06353
04790
06053
04189
01591
02017
03095
01383
04365
01691
05645
03804
03548
03191
00940
04899
03265
03906
05283
04273
01787
00403
00047
03341
05254
00667
04303
03538
04468
02169
00351
05728
02515
02362
00807
05999
04338
03852
03475
05674
01388
03654
01126
01356
03447
05270
00351
01793
06079
00070
03966
03347
05004
02892
06496
04232
00298
03500
01773
03060
00646
05908
01019
04337
02750
00267
03643
04375
05153
06447
04785
00313
02782
06427
01906
02798
06161
05849
03310
02417
06392
04097
00076
05102
03203
02110
03493
01480
04922
02673
02032
02572
01832
02821
00085
00876
05837
06270
05278
02649
03650
02878
04430
02048
00398
05278
03125
06535
02101
00485
02652
06021
03095
00936
03923
01595
01103
06598
00403
04795
04378
03999
03965
01499
00423
03008
06592
02038
01166
05582
02874
05759
01921
02293
04718
03251
02631
01411
04148
04554
06583
05894
02318
02650
03090
00438
02382
05464
03433
06288
02893
06259
01309
03776
04014
06151
03182
05035
02977
04035
05851
01390
05212
01776
01872
06183
03324
02878
01974
06166
00769
06180
01484
00967
00007
04643
04907
01735
01305
06416
06239
03695
05088
04285
03905
01578
05392
05187
02945
00352
01116
02486
05361
00180
03352
04797
01669
05649
06052
02612
01999
05627
00073
05688
02567
02029
04908
01366
00599
05791
01623
00544
01676
05393
03847
03269
04344
03536
01976
03940
02317
02099
04916
05013
05772
06140
06370
00724
00267
01590
04883
05859
03517
05471
04577
04274
04980
02763
05944
04318
01465
00002
06214
05859
02340
02783
01831
05463
03879
03742
03232
00037
06396
00082
01093
02499
00679
04968
04359
05161
02647
01283
04717
02173
00102
00717
03547
01151
03447
00366
01040
03862
01711
03484
01649
04534
05812
04424
01739
02447
04770
05768
00838
04219
04004
03615
01237
02459
01952
06157
04689
01654
03099
03972
00157
01200
04700
04552
03021
00531
00325
04482
03079
05188
00531
02482
06212
05868
05815
03022
00032
06153
02420
02267
01356
04049
05561
01902
01901
05379
05617
02984
02597
05954
04941
01764
05088
03342
02316
02750
02457
02984
04145
01730
06514
04786
02186
04726
05411
05921
02537
03998
03233
00521
06051
01522
02888
02635
05277
01133
02595
02869
03159
02124
01360
04454
01897
00040
03841
04236
04562
01971
01221
05412
00775
06571
02813
02470
01448
05078
01546
00506
03350
06019
02067
02115
01761
01152
05004
06390
02510
05046
06203
04822
00549
00109
00020
03416
01825
03548
06365
06510
03193
00473
01307
05411
01323
05401
02075
01698
00288
02301
03573
05907
01299
06458
03450
02914
01027
01947
01118
05181
06599
03493
06288
03043
06217
05287
02943
02668
05971
03123
01767
06400
01622
01965
02121
00368
03714
05648
03576
00155
02888
01311
03119
02550
03843
03199
01657
04084
04732
02982
04136
04853
05053
01191
05087
02790
00581
03206
01011
00876
05298
06162
03572
04950
00485
04204
02649
03703
00279
03587
05025
04821
00234
00105
06414
03617
03866
04981
00972
02923
02794
00453
04480
00017
00106
03488
01539
04228
02198
02550
06518
03375
04491
06037
06551
02260
04066
05241
05017
00077
00303
06406
03306
04292
04051
06309
04798
04496
04581
06009
03000
00020
06527
01941
00081
05813
00892
04316
00905
06496
00544
00604
05530
02374
01816
01183
01813
06534
06265
04904
03364
02861
05268
04855
01390
05428
02950
02913
00009
00957
03766
04367
04041
02595
04632
04096
03342
02862
05239
02390
00109
05840
01791
05370
05373
05255
00983
01381
00417
03415
06069
03901
01637
03012
05660
03776
00818
06304
02281
02336
04244
03119
06188
05866
04010
04581
04497
03516
05613
02855
06261
02987
00585
02703
05174
03166
04818
01790
03892
04051
05096
03165
03027
01340
01010
00404
05114
05278
01257
06414
05542
03701
03955
01591
06496
05703
00160
01124
04853
01308
04417
02309
04748
00622
02548
01289
05418
05171
06132
05838
05337
04396
02566
02154
06063
00570
00958
00996
00579
04044
06343
00737
04394
01359
01058
01563
04184
03338
05774
04636
03458
04428
00030
06203
04687
01933
02400
01929
03583
01446
02417
01387
05708
05605
01118
06268
00901
01145
01829
06318
05074
05831
05874
03772
02633
04023
02181
05207
06087
02694
06097
06507
02122
05920
06344
05782
04571
05561
00929
03668
01185
05969
04972
04938
05376
00770
06420
00485
01385
04807
04459
02254
03699
00299
01147
04420
05519
02298
04984
03974
01313
00064
02276
02716
02162
04708
02394
00976
00066
00625
05092
05119
00915
01633
02712
02422
02745
05382
03453
06090
04558
04399
04675
02968
01858
00723
06209
03622
04607
01669
05800
00244
00874
04900
03012
00619
05166
05661
03098
03168
05450
02751
03933
03012
06115
02659
05315
00187
06084
01926
00229
03719
01417
03637
03059
04897
02180
00268
03933
03780
05998
04322
00023
02902
06271
00061
04764
04059
00761
04357
06243
01999
02655
01504
05231
00632
02035
05130
03616
03318
03268
06278
00271
04576
01806
01157
00942
02493
01731
06513
03870
00611
04472
00463
03138
04471
00451
01632
02049
02186
00216
01058
06345
01971
04435
03415
00999
03703
04127
03970
02131
01739
00157
00913
00919
03417
01417
01547
02104
00286
05558
03696
02126
03471
06505
03127
04870
06371
05411
00616
04958
05322
04919
05295
03104
01472
05556
01649
04856
04989
05061
04327
01832
01084
03228
00620
02098
02094
02077
03172
05261
03867
05206
00715
02497
03940
05772
00999
01317
03887
05817
04426
05976
00792
04762
03208
06172
06305
05533
05546
06190
05510
05600
00621
00650
00823
06203
01858
00396
02947
02367
03651
05665
05349
00201
02302
02460
04070
02071
01841
02548
04463
02091
01674
02947
02912
03349
05402
06529
05914
01098
02030
05759
00574
02243
05304
04775
02576
02873
05001
03168
06523
06243
01931
02968
06026
01354
05647
02851
00168
00036
03258
05752
01837
00740
00356
03658
00630
00051
03151
05619
00264
06528
03752
01068
06520
05707
04549
06242
01642
04815
01235
02011
02364
02901
03450
01814
00966
03277
06431
00841
05536
02576
05143
05971
01496
00561
04355
01457
00926
03441
04676
04038
06254
04090
06340
04956
02666
06147
04383
02951
00537
06570
01628
04944
01664
01521
06412
02312
01923
01095
02797
04330
04617
04358
00427
04267
06273
03941
00532
00765
03772
03619
06166
04287
03504
06108
01208
06432
02494
00177
05802
04098
00730
00551
05137
04524
05197
01514
02075
00296
00816
05035
04843
00955
01174
03452
04794
04754
01390
00132
01562
04738
04348
05733
05768
04024
03051
03675
05790
05239
04770
02175
03194
05655
02728
06306
03086
03299
01957
01269
00092
03651
04502
05677
03366
05640
01756
04372
02336
06566
03194
04578
06051
02531
05106
05323
02630
05438
00339
05361
01643
01867
00840
03146
03227
05890
00528
00229
05431
01367
00933
00662
02076
03117
01483
00809
01034
04500
01920
00595
02769
02898
03778
00340
00968
04293
06161
05512
03860
06469
01962
00812
06498
03480
03653
06270
06057
03680
03757
01870
02903
04871
03249
04281
06134
00346
05595
02980
05298
00731
01732
04461
05946
00465
05249
04308
03352
01331
04623
03337
00831
03137
01343
00680
04104
03059
02325
04991
04497
04539
03883
03784
04195
00677
03101
03857
05382
02055
02033
03969
04547
04875
04925
06245
02821
01673
05636
04793
00717
06553
04334
03810
00513
05135
01979
04855
05521
01751
04876
03208
03989
03080
05671
05183
02646
05709
04405
03283
01264
02918
00417
01884
00440
04845
04079
01793
02976
06501
01390
04548
04700
04157
01331
01071
00896
01073
05564
04031
02568
02625
05382
04406
00923
00723
05884
01336
02501
00772
01373
00988
03568
03068
05887
01794
05278
03240
04078
03931
01638
01688
02971
02547
01368
03480
02699
05027
06183
00492
06029
04915
01522
01205
03791
05333
02686
03016
04014
04614
04708
00462
05296
01013
06330
00222
02337
04789
04065
02773
01557
01376
03755
06280
01944
05857
01326
04841
05432
02083
04738
03221
02163
00928
04947
01342
00451
00265
03554
01236
05090
02173
01534
05070
00212
06037
04147
00478
03880
05859
02909
04827
01258
06563
05323
00000
04632
04842
00378
05353
00511
05507
02741
05894
03641
05697
03910
03520
05293
05070
01868
05737
01252
02865
05376
05736
04627
04950
01670
01930
00802
01816
03197
00732
01568
01810
06274
04260
00904
06467
01520
04583
05484
05975
00108
05245
00100
03130
05952
01657
03299
04919
03766
01228
02535
00295
01038
01089
06371
03829
04110
00356
01506
00975
06126
03020
02178
03759
00645
00935
04067
03151
01427
02613
03003
02426
01411
04180
01911
03303
03796
01714
02207
06233
04942
00450
04543
05082
04804
00677
03958
00262
02977
02778
03077
03291
02403
04096
05741
06359
06271
06279
04725
05650
05047
01359
04367
02282
00015
01433
03942
06501
00984
04441
05103
02032
06286
02477
06240
01918
06469
04839
01193
01973
03131
04830
02998
01595
04593
05595
02718
01614
02123
02399
03259
02384
02866
02858
03774
04561
02219
05166
00542
04342
04414
06050
02205
06472
02100
05282
02640
02912
02237
03236
04504
02006
04102
00126
04345
02432
00004
04298
01887
03583
02351
05667
03376
04182
01534
05330
01131
00388
05955
01929
00882
01265
05082
03528
03830
01420
01507
05758
02344
05699
03658
03295
00599
03436
03391
01452
05011
05200
06295
05033
05589
01544
05415
05215
03265
02271
03520
05778
05017
03734
02651
01684
04495
04807
04929
03784
00614
00698
05136
00515
03150
04827
05878
05629
05586
06108
05691
03382
04528
00206
04391
01739
06508
04243
02093
03991
03577
04407
01435
00366
03165
02597
04199
02229
01064
06446
05023
01237
04049
05188
03629
03735
00237
04860
02949
04817
02013
01706
04013
02918
05162
01710
05976
02820
05648
03989
00374
04551
00268
04731
03764
06123
02980
02315
04331
05791
04601
06105
04352
05444
00171
00054
02200
01836
04994
05963
02733
02248
01540
04585
01113
06386
05808
01581
02157
04857
02469
05201
05207
00235
04967
00349
04263
02133
02936
04573
05156
02805
02183
02860
00007
06441
05640
05102
03515
01216
02208
03491
03280
06550
00762
03095
03955
02869
03795
01398
05755
01046
00527
01477
03755
01199
06046
05380
03247
03799
03070
06399
00405
06285
03981
05204
00025
03551
00100
05878
04340
02790
04147
04672
04090
05565
00765
01502
02031
01499
03617
04773
03886
05366
03249
04595
01102
05296
03419
05201
05321
03342
04378
06533
05633
01018
01936
00667
00521
02410
02578
00964
04446
06561
01816
02399
00697
04212
04943
03579
02018
01383
00797
02543
03713
03374
02233
03152
02060
06312
01348
05346
00945
02173
01336
02210
01438
03440
04235
02359
04389
01031
03232
02377
03789
04447
03082
06386
05703
01789
04998
01218
04638
00575
05444
00110
05113
01105
05969
03176
06329
01908
01685
03994
04554
04409
00652
03555
02824
00611
00739
06388
04510
05305
01120
04692
02398
04715
00758
00727
06264
02628
06188
00518
04865
05502
04537
00792
00506
01516
04199
04967
00057
03408
05641
04477
03465
06445
06057
00380
06081
03046
02842
00021
04219
02597
04975
05584
02179
01896
03423
01138
06290
02838
04574
04661
03966
03424
03497
04913
04239
04842
00229
04344
03769
03184
00076
03279
04977
05934
04069
00761
03334
05559
04959
02038
01814
00959
03906
03280
04386
02892
05762
05598
03943
01735
00104
04433
04609
01353
01255
00859
01037
01584
04600
06584
02212
05801
02603
05533
05416
04775
06594
03813
03636
01417
01771
00427
02308
05498
02595
05849
02853
05378
01162
01902
05843
04618
02198
04063
03246
06149
00679
03980
00016
00105
03404
06275
02950
04461
02449
04170
00472
01237
02566
02141
04062
03736
04261
01016
01200
00971
03679
03047
01802
06230
01187
03793
06387
04492
04724
00538
03105
03488
02574
05055
02755
04074
04245
01485
02819
05057
05202
01139
05333
04771
04651
00190
01048
00712
03854
02354
01167
01021
01818
00525
02100
06404
03098
01296
05355
05880
06270
01648
06031
02494
04079
02793
01835
01759
04967
00473
03015
03258
02899
06386
05508
03998
06359
02865
04294
01381
01804
03916
06245
01684
00960
05225
05944
01000
05434
04513
02247
06418
02312
01147
01259
04595
01127
03709
06084
06211
06110
00813
06014
03962
05663
06533
05737
03809
02356
04365
00556
03611
03074
00875
05454
00862
00284
03029
03200
01966
01231
04343
02050
04616
00373
01296
01544
03451
03721
02479
05937
04210
02350
06571
04909
05407
05971
05079
06416
01081
01343
03028
03990
03238
03765
00585
03333
00796
01292
00486
05074
02290
03374
00710
06385
06123
02987
04587
00444
05602
02473
04779
02607
02297
03098
06296
01686
06059
00370
01349
05732
01738
03140
02284
02897
05314
03360
01284
05326
05061
05875
02352
01624
01280
04562
01443
05383
04290
02036
04815
06075
05036
00988
05789
02626
03412
01592
04311
02223
01428
01633
05010
04874
01455
04967
00983
05536
02764
03224
02063
00007
01962
00484
04950
02568
02740
05832
04897
03650
04510
01213
01970
01943
06469
00869
02994
01773
06430
00906
03710
04259
00020
04811
01394
03221
02261
05851
04417
01687
00846
04207
00087
00610
00946
01836
02054
00565
05274
00171
04668
00299
05110
00699
05310
00645
06417
02737
03789
04253
05491
01885
01919
01006
05545
02212
02233
02066
02327
06318
00376
01434
02429
00292
03615
05804
06031
03592
02938
06412
03494
03296
05361
00577
04044
05400
05640
00738
06365
02651
03891
04397
04032
02710
04647
05276
01877
06449
03500
03101
06185
00515
03446
05397
06069
00241
04043
00880
06285
06194
02191
05807
02748
03338
06506
04310
05596
05433
03595
04385
05571
02495
02655
00658
03577
02935
05066
00938
03270
04741
04309
02234
06089
04813
05640
00980
00402
05234
00847
05171
03473
02079
04256
00315
03560
02069
03909
05687
04427
05650
02117
00766
02080
05074
03533
06496
02449
04605
06179
02058
05367
00949
03483
02748
02224
04202
02322
02268
00929
05411
03528
03537
03710
04443
00187
04725
04142
04398
01478
00823
00108
02599
04640
02069
00680
00863
05697
05931
05661
00540
02055
05010
03963
02516
04367
03312
06140
01604
06160
04191
05732
04769
06569
01229
06241
06570
03226
06384
06298
00856
00647
04603
00844
02795
00913
05642
00840
04339
04015
04766
01936
02712
01563
00469
02880
03422
01415
02825
05417
05928
06429
00603
03832
03288
04214
02428
03102
05432
00186
00192
01625
00544
03710
01799
04199
02084
03140
06225
04114
00481
05228
03718
05391
01124
02320
01727
03777
06272
01878
01964
02354
03106
04190
05147
02154
05818
05571
00866
01624
04096
03535
04913
04797
04041
04294
05783
06152
06533
02157
02847
05628
00486
01267
01894
04493
01246
01237
00444
02377
01925
02856
05861
04804
01502
03967
01307
00212
04821
01453
06546
00476
00344
04252
05847
01835
04695
01076
06454
04916
02585
02607
05047
06160
00596
05209
01611
01855
02641
00781
00617
04190
06018
02554
04135
00667
01824
02100
06543
05492
01237
01871
04673
03333
02115
01503
04679
04631
03847
03650
03457
03262
04710
02735
05316
01483
05762
04536
05553
01585
00848
01083
01832
02483
02730
05807
02816
00826
00436
05793
04612
03596
02621
00917
00971
02247
03444
04538
03875
03838
06180
02694
00531
04930
04278
03105
01164
05274
02161
06398
04796
03717
01929
02116
05895
01700
06433
05099
02657
05669
00246
04457
00164
00042
00017
01372
01715
03879
02936
02402
03361
00026
05795
04884
00033
04998
05502
04545
03651
03304
00928
01542
04695
00378
01534
05812
01641
00405
00548
02962
06593
00673
00825
02473
00933
02032
02886
01975
02094
02897
05484
00770
03204
00801
02479
04790
00695
02315
00610
06114
02691
05384
04336
02717
04542
04506
03500
03902
05210
01002
04974
03721
00890
06433
00659
02653
02258
02460
04519
04370
02135
02336
04162
02696
04464
01733
04828
03106
03064
05456
03174
01402
02585
05152
04503
02662
05071
05209
04335
04848
01814
01511
05028
00643
02536
05962
01838
04697
00927
03344
00961
06153
01836
03657
00679
06190
02857
02668
00983
02123
06121
04742
04062
03747
01570
00962
01048
02925
03636
06436
04707
05748
03729
00016
00305
05268
01593
00624
00712
02368
01576
00306
01183
02897
03366
01887
03495
05793
01748
05568
03603
02710
05430
01740
05118
06521
05177
01548
00512
00502
03594
04335
00484
02431
05456
04833
03353
04321
01855
00006
01011
02719
04610
03973
03141
05181
00452
06447
05094
04157
04979
05863
05565
06077
04314
04595
00954
06026
00690
00617
05378
02062
04756
02869
00318
03468
05261
05006
06473
03860
00638
01145
06100
01706
03743
04212
05240
05201
00088
04021
01792
02349
01044
01515
02840
02254
04722
04834
02509
00857
01593
03348
00331
05096
05991
01123
01389
04537
02414
01147
05516
05116
04748
05468
00023
04837
02853
00205
05300
02082
01615
05596
04528
04271
03106
04698
03656
05453
00418
06483
03037
06097
00314
04083
00486
05744
00511
03612
01252
01296
01166
02516
02967
03602
04675
04379
01664
03300
03303
05203
00107
03163
05629
04600
04804
00701
00249
05191
02882
02628
04253
04786
03604
03247
03026
02705
03319
03362
06287
00237
01073
05854
02945
00925
05437
05268
04559
04156
04611
06050
04881
03106
05475
04792
00501
04190
03742
02052
05773
00333
00498
02193
05168
03828
00824
01014
04371
06130
05075
01491
03356
05201
00126
06167
00747
06467
00667
01293
04238
01504
01740
01660
05215
06037
01552
00301
03548
00233
03812
04552
06018
03562
04178
04567
01375
05133
01779
02484
01011
01578
03253
00334
00930
01845
03537
01166
04977
06128
00859
02697
04730
02302
00871
05030
04373
05250
04917
04127
02197
02726
03816
03084
03509
05473
02688
03242
03325
05816
03002
03723
04949
00292
06001
05440
01604
03572
05580
04769
06397
00617
01572
05156
00863
06471
02935
05412
05440
03908
04486
00017
00101
04713
01831
01413
06592
01549
03264
01679
06351
05265
05297
02088
01909
06166
03916
00579
02751
04531
01924
05218
01029
04130
05111
05891
03714
04634
02394
05897
06394
02599
00303
03927
05808
02149
03237
05567
02113
04052
05213
04953
06144
02941
02396
00239
01215
00643
04506
05789
00607
03829
01333
00502
00404
04440
02283
01737
02615
05985
05010
03819
05945
04599
01046
01622
00065
06567
06422
06182
03395
06321
02915
04252
01206
03336
04327
06196
02951
05695
02661
02201
03775
00527
02355
03217
00214
02901
00657
01059
04770
00568
05293
03212
06584
05496
05156
02096
04998
00802
03598
06142
00234
00200
04919
06221
01491
02949
00702
06346
00642
04902
02644
04852
02548
00484
01338
04294
05327
05454
00951
05691
03062
05804
06325
05289
03827
00518
00551
00755
06512
04275
00025
04402
02410
05957
05060
06446
05819
01041
06285
03911
03851
01324
04976
04552
06585
06505
01614
04723
03635
02736
03088
00127
01896
04624
00175
05029
04998
04669
03938
06523
05662
01453
00555
01215
00912
01252
05862
03702
05283
01047
01871
05549
05949
01981
04799
00619
02452
00994
03715
04994
01279
04277
00193
02218
01500
00409
01391
05382
04382
03177
05826
02146
02210
01940
04344
02553
05838
01425
02610
06574
03207
03908
01826
04920
05718
05757
05429
04849
00223
02482
01764
02231
04653
02875
02957
05281
01797
05635
03977
03670
01573
01006
00890
01894
01097
05174
02155
04508
04290
02192
05364
01195
06035
03667
00320
02694
01650
00072
00588
05940
01998
01333
05735
04904
03027
01236
00953
06527
06392
04169
04201
01530
00553
04952
00727
00339
00038
03429
05506
04660
04951
04021
01390
04674
04138
02297
05310
04617
03899
00579
02347
06450
01678
00728
06158
05375
03316
02710
03936
00632
03792
01127
01275
05941
05301
01028
01555
03739
04350
06189
04207
03660
04025
00644
00831
02471
01617
00617
05153
00958
03918
02672
00851
00158
04507
06007
04071
02810
00148
02387
04846
04784
03818
04731
04698
02581
01141
05532
02133
03948
00149
01323
06271
05793
02132
00321
02296
03564
05979
06168
04523
01393
03616
00380
04594
02621
05961
05957
04124
03947
01048
00321
01632
03124
01410
01270
05588
02884
06365
06493
03695
05329
02566
06578
05991
04743
05829
03728
00735
02327
03085
00105
06177
05286
02420
01275
03372
06209
00875
04647
04202
03678
04202
04651
02449
06414
05636
02270
02236
06535
05810
01555
02757
03302
01806
02583
05017
04298
03390
01397
02399
05387
06451
05257
04663
02384
05182
00882
03124
02216
04262
06512
06461
05169
02904
01764
02061
05845
02923
04423
01261
04434
05686
01339
05323
05432
05153
05549
00762
05597
01005
02884
06061
04796
05105
01916
06209
02901
03690
06595
03950
02094
01541
01693
00753
04758
06068
00122
03521
05418
04612
01004
01076
04969
06327
01343
02310
03914
04130
04417
00718
06333
05237
06290
02484
00487
05146
00317
00482
04695
00412
04483
03127
03773
03550
00665
05434
03890
00084
04928
02401
00139
05514
02562
04653
06319
01736
02620
00066
02440
06206
01967
00224
04726
04906
01553
02961
04079
05363
01368
06320
00771
05848
00631
03202
01955
03194
03121
03172
05625
05939
04561
06064
03651
01306
05308
01861
05945
04701
01447
03681
03566
03257
00482
01862
03620
05976
03998
00527
05040
05103
06418
04918
01708
03467
01497
03667
01283
00472
00896
04010
01535
02118
03699
03426
02102
03184
06103
06590
04811
03810
03866
01009
02209
05710
02399
04211
05699
04411
01717
04170
04678
04011
00615
01159
01000
05456
03046
06591
04305
04010
05955
05482
00079
05135
04241
03211
03209
03927
04062
01549
06009
03835
05819
03478
01548
05714
06025
06058
05406
01799
02387
01847
04750
04203
03514
01536
02889
02090
02643
06049
02090
05157
05909
02822
05767
02643
01295
04944
01527
06548
06198
03621
02655
04164
01100
04539
03651
05529
00772
02737
00666
00593
00522
01497
04499
02258
04520
00726
01764
05791
02874
03126
00393
05292
02403
04340
05881
02071
01161
00885
02740
01843
00795
01156
01832
03250
04523
03340
05211
05894
04798
02914
01531
03652
01839
05877
06249
00269
05172
00595
04932
04723
00593
01529
03194
03396
00928
03574
00169
03974
04755
04013
03756
06023
01496
05453
03673
03464
03674
02014
05551
04774
00648
05650
00597
01372
05831
02118
00757
03288
02483
04868
04223
03344
02475
00551
05610
05433
04305
03721
03277
04444
01657
04540
06556
05606
01097
01715
06470
06010
