00143
03347
02912
05900
00561
02975
03076
04556
02935
01543
00436
05516
01204
00158
00547
01949
05779
02291
05732
05904
00624
00875
03996
00539
03107
02014
00357
02198
03574
02091
03871
02037
01576
04488
04786
04129
02571
01930
01982
05589
01127
00461
03171
02162
05761
04112
03389
00272
02966
04465
04854
00945
05778
00209
05103
00819
04590
01091
05178
00115
02885
00102
01919
05768
05911
00668
00606
03427
02742
05942
03748
00785
04398
05407
02886
01706
02562
03794
00042
03065
02929
00616
04726
04360
05448
03826
04384
00824
03537
00239
01364
03626
04040
04698
01540
04813
03022
00436
04377
00596
04887
02553
01400
00275
01982
00034
05408
03622
00857
04982
03808
01806
05543
05981
03510
00233
02485
02515
05713
00493
01520
03254
05624
03889
03908
01532
05843
04935
05603
03955
00423
02442
02370
03382
02544
05200
01149
04153
01990
01052
05707
01602
00146
02083
04188
01572
00746
04744
03166
00809
05576
01670
01471
05723
01305
05434
01821
05279
04257
05995
05098
03854
02619
00583
02683
01681
02798
01275
01983
01945
05468
01454
03516
03817
04916
02587
04532
01024
03911
00985
05624
03799
02695
05144
04915
00995
03084
04282
04583
01703
04512
05164
01141
03961
00922
05904
00949
00287
05560
01512
03350
00854
04101
02993
00319
01935
05562
03018
02900
01670
04945
03023
05060
00688
02196
00454
05551
00113
04836
03413
00661
04200
04134
03022
00554
01383
04999
00569
04550
02514
02832
02748
04248
05363
05877
05193
03930
00408
00008
05060
02767
04570
01051
01632
00057
03835
00690
02645
02280
05883
01462
02943
03277
00182
01493
02822
03372
05549
01287
01558
00672
00048
02028
05083
04568
03573
00849
03562
01647
02104
05330
02030
03897
05231
03097
00782
04362
03705
05764
00264
00113
04066
03669
01884
04433
00293
00019
04151
05024
02591
01149
05771
05687
04588
02543
00183
03354
04896
03341
04360
03251
04452
00716
05020
01719
00714
04288
03582
05418
04735
04288
02899
01230
05437
01062
02848
05606
05690
02194
05302
01064
03264
00334
05003
02401
00970
05596
02390
00723
05847
03724
03575
04378
00206
01146
00177
04524
00591
01396
03221
00734
03922
00409
04539
03331
00126
01468
01871
01743
03336
04136
00742
05594
04469
00254
02844
03937
01918
04201
03148
04326
00240
01475
02987
05287
02076
01488
05649
01612
01697
02360
02389
05338
03732
02722
02003
01556
05530
00236
03053
05906
02194
00071
01052
02345
00402
04783
03681
00922
02748
04985
02124
03479
00076
02501
03847
00143
04929
02946
01089
02907
03813
05633
02435
04369
04459
04193
04736
02982
00405
03177
05613
01457
01422
00453
01035
02282
04730
05480
00093
03185
03112
02960
04714
02539
02370
05990
02705
05094
03617
04164
05172
00926
04655
05426
01235
03113
05466
00185
02245
00924
00866
01704
01301
02321
02992
02453
05575
05632
01346
05851
03301
00041
02103
04385
00235
01124
05476
05292
03323
03568
04496
05163
04494
03160
01906
02576
03832
02756
00005
05598
03735
01707
04582
02333
05623
00885
00794
01962
02260
00191
01422
02268
04942
00632
04284
01170
01794
05352
01718
00904
03211
00961
01859
03801
05076
05517
04227
02494
05112
05111
00465
03172
01144
01701
02036
05195
05193
05635
03217
03514
01288
04539
00113
02176
02362
01664
00139
03238
00852
00379
05054
03857
03651
05004
01708
04723
00185
04418
05878
01089
05350
05893
03168
02431
03327
04832
01409
05862
02429
04189
02218
01112
00948
00697
04272
04235
05726
04854
04392
00561
03924
04079
01374
04953
03176
05062
01985
01773
02178
00057
00670
02588
02021
04612
05496
00498
04925
01296
01233
00180
00376
00184
00920
04280
00286
04876
03567
03056
03806
03070
04855
02567
04454
05450
03386
01828
03598
02051
00357
02540
02306
01977
05424
04516
00043
00534
01036
02723
04504
03335
04183
03222
02990
01688
04639
03966
00505
01192
00961
05636
01230
02412
02332
02972
01887
02143
05895
04215
00185
01271
05052
02018
05486
05331
02048
00460
04250
01040
00223
02005
04676
03403
05833
05986
02483
02625
02339
04126
01674
02898
01787
02138
00306
04163
05868
01172
00018
01779
04009
02789
02749
00469
05146
02276
01497
04045
00993
04681
01015
01926
01480
04876
00068
01023
05832
03724
05083
05382
01496
04107
02644
04444
04288
03094
01709
04681
03993
04467
01028
00280
00340
04819
03822
05043
00003
00663
02679
00089
02168
04879
02230
00924
05144
01100
01996
02519
02171
05415
01850
03964
05042
03307
01916
00012
02758
04478
04453
05632
03209
03197
00312
04100
03131
02677
01392
02819
00524
00365
00061
04110
04520
03856
02891
02229
02596
04378
04737
03320
01508
01608
05779
05143
02198
05329
05957
05462
02734
01891
05308
02284
04335
02598
05234
04411
03491
05278
00134
03754
03432
05388
00446
03229
00599
02755
00346
02006
03601
03048
04742
01365
04472
02674
03980
03803
05847
05233
05283
05212
03263
02524
04568
01555
00223
01090
04919
00479
01440
03090
00150
03547
05482
03654
04174
05276
03558
00826
03735
04083
04946
03067
01695
04738
03498
03322
04711
05467
02505
02063
05643
01028
00043
02219
03499
05751
05214
05173
03834
00774
05413
02070
00194
01948
01656
02993
03842
02174
04076
02074
01318
00384
03658
03575
02737
00516
03631
04819
03386
00541
01424
01871
05088
02657
05399
04772
05658
04205
00782
01700
04656
05491
04343
03166
02880
03215
04917
00191
00638
01287
02779
01382
04123
04848
03055
05088
01120
05021
04347
00882
01431
03027
01936
05781
00374
01448
01607
04588
00026
00473
02933
04513
04812
04923
04969
04861
04738
05257
03366
01878
02804
04172
05400
05378
05129
04441
01237
05338
01454
05060
03969
01867
00227
02498
01341
05494
04898
01932
00350
04150
03405
05775
02005
03761
04770
04432
04657
00712
00589
02702
03197
00697
03259
02448
02742
04916
00294
00349
04190
01274
03138
04202
03238
00384
02386
01005
03628
04068
03848
02145
00576
03319
03464
05539
00596
03336
01063
01032
04384
04498
04901
01585
05168
04731
04980
01559
03019
01341
00996
05809
00511
04114
01085
02052
05358
02760
03976
04890
04847
03908
00298
05099
00963
05091
02702
02296
05413
05467
00238
05623
00317
01551
03806
03848
04753
04930
03669
05877
03464
02739
04217
04584
02029
01271
05701
00567
04236
05077
02217
05179
00508
03786
02767
02991
01129
03421
00101
04163
01837
00844
05196
02719
04938
01109
05276
01333
03814
03889
04417
04527
02692
02666
00007
04776
01931
03678
02509
02295
00277
01899
03641
01829
01734
05786
00280
02080
03111
01977
02416
04600
03470
05424
02676
03846
00188
03190
02323
05597
00770
00283
02349
01848
01361
00149
02691
00707
01261
00457
02314
02838
03661
02399
02556
00668
01089
01273
05275
04434
02640
01196
05266
02346
04990
01484
03611
04527
04166
02630
03638
02163
01466
02198
02572
05508
02660
00777
05729
05774
01975
02525
03839
01018
05879
04693
05493
05123
05058
05609
02828
00697
00089
03562
00337
02415
05743
05458
00275
03535
00301
04330
04091
03757
03600
04213
05507
04920
00752
02570
02997
01853
03789
05183
00673
05718
03336
02288
04090
03600
02763
04143
04061
00890
00886
02358
00735
01833
01943
05096
03123
01976
01269
04021
00068
01165
00793
00796
00469
01175
05018
00715
03267
02019
01108
02929
05507
00782
01572
05205
03117
01749
02066
00224
04837
01416
02395
03124
05634
04093
05145
05040
02892
02864
02194
00364
05031
00376
04682
00879
02983
04341
02870
03552
05934
01590
02094
00217
03625
00839
05198
04983
02244
00983
05065
05198
01317
02455
00635
01754
03180
04942
03545
05968
03572
05706
00487
03266
00150
03922
00182
04610
02587
05350
03175
02478
00636
04712
03713
03481
02040
01636
00091
00235
05777
03881
04038
01966
00115
03564
01114
03769
05522
00530
01804
03210
04287
01579
00969
05420
00214
01918
02785
04937
00248
03823
04130
04632
00128
05982
01968
04167
02931
00137
01070
03860
03417
01841
02204
04053
02371
03418
05374
02360
01752
04299
02628
04692
00864
04870
05387
00174
01675
04018
03135
03256
01791
03779
04699
02211
02461
04907
00815
02326
04271
01594
00781
02439
05824
04081
05152
00693
03944
05301
03769
00056
00130
01182
00535
00241
00555
03263
03810
03915
01849
04816
01636
03651
03542
01766
00133
04211
02296
01157
05810
00745
03807
00028
00634
01063
02490
02318
01092
00980
03414
04497
00431
00832
03764
01599
04536
03156
04565
04394
04066
04791
02964
02173
04469
03550
02097
02509
05893
02315
02822
02894
01246
00822
01639
03922
05081
01289
00891
03964
03198
01076
00081
03315
02470
03474
03569
02050
04187
05027
00545
03932
04462
05240
05472
00876
04453
03917
03347
04747
01407
05584
04793
03547
01669
05664
05452
02848
01599
03456
04535
00287
02400
04955
04366
05182
02176
05618
01391
01754
01620
04577
01252
04792
03851
02495
01393
03571
04487
02804
04480
02596
03526
00805
05366
05184
01485
02362
01873
05435
04576
05313
05585
04154
03456
03516
03617
04614
00049
01653
02753
02812
04583
00929
00000
00130
03325
05730
04923
03252
00449
04551
00636
02620
05471
05294
03697
04688
03881
04074
00715
01670
01984
04896
02847
02274
00769
03674
01725
01791
05663
05038
04474
02188
00056
00201
04396
00062
01495
01413
02241
03636
00998
01050
03005
05256
04526
03009
05390
01121
05357
03155
05821
03957
04418
02527
00804
02427
04647
03851
01094
01342
02044
04146
02399
01806
00748
00988
05210
03105
00814
01531
00361
05431
04379
01137
04292
01947
01814
02399
03713
01173
04525
01401
00556
05804
01515
03189
01539
02601
02039
02834
01601
04342
02956
03221
02453
04454
03350
00574
05886
02862
03238
05449
05045
00017
04722
04513
02919
04393
02236
02287
02717
01345
05341
02160
04250
04800
04494
05316
04545
03247
03683
04450
00481
02508
05589
05338
01326
05223
01322
02291
02028
03321
02818
05090
05306
05973
02273
05436
01769
04807
04132
02882
01256
00681
00834
05435
02830
00740
02080
01249
02931
00722
04577
00209
01098
04082
03304
01061
04047
05110
05436
05471
00681
02343
01879
01883
00268
02888
00426
02007
04959
04279
05345
05663
04069
01168
03150
05456
02265
03692
05381
01167
03051
01623
05444
02802
03937
01918
04284
05339
00924
03207
01664
03605
01945
03163
03289
02439
01184
04382
04563
02758
04332
01104
01128
00856
00823
04107
05047
01106
05633
01340
03313
02338
02782
00655
04687
02521
00826
01476
03635
01632
02553
05406
04010
03931
05566
00441
03371
04107
03832
01931
03807
03886
03156
00259
05501
02017
04707
02974
02160
05653
02522
00489
00983
05839
04848
00577
02297
03482
00791
03382
05858
05911
01738
05342
02687
03332
05631
00325
03634
03035
05592
00962
02594
01553
00252
01558
00579
05743
02142
05421
00717
04749
03095
02438
02507
01882
01156
03791
02819
04633
04094
00378
02557
02613
04754
03740
03345
03316
04573
00244
03010
00922
05606
03641
04449
02021
00728
01899
01823
05189
01578
02716
04162
03726
00876
04872
01251
03334
01712
00479
02402
04458
01539
01523
02263
00109
02951
02812
01542
04960
01886
00585
03966
05340
03733
04866
02158
02956
01626
05481
03956
04952
00476
03966
02148
03052
02062
02209
02033
01592
02071
00035
03147
01296
05609
04085
00325
01524
03099
03762
00961
01274
03910
05049
01259
01926
04121
04130
01343
01163
02409
01521
05751
05052
00184
05784
02325
00956
04368
01527
03818
01715
03836
03983
05169
03937
01348
05397
00922
01917
00196
05826
03222
03191
01607
03126
05724
05900
00629
05180
00647
02551
01286
03945
03372
00052
03954
03790
01691
05392
00071
01997
04129
03212
02645
05609
05847
01473
04249
02630
02076
01037
04788
02415
05802
02267
02968
02310
02007
00401
03582
05782
02858
03811
05815
03876
02215
03380
03901
03444
00713
01885
03397
00136
02779
04310
02020
00595
02211
05906
01883
03244
02428
03607
03920
03134
00127
05818
01962
00428
05213
02857
04249
01394
01356
00690
01439
02086
03675
01746
02639
02478
01139
02711
03633
00571
05436
02710
02111
04610
02265
03193
00415
01467
04561
03440
01660
03507
02491
05960
05667
04172
00325
00873
05352
04005
03137
03978
05251
01556
05469
02511
03387
03711
03533
02546
02940
04970
02151
01824
01608
00378
03099
01034
03928
03928
05133
03771
00317
01394
01840
03434
02535
00123
04529
02389
04848
05363
02813
04781
02518
04097
05808
01633
03332
01596
02955
01683
05661
03305
04673
02199
05956
05343
03006
05225
05098
00486
00261
00957
00868
04174
04980
01682
03289
00188
03494
04416
04789
05471
00949
04705
00189
02033
01737
05036
05952
03369
02370
03132
04437
04701
01182
00543
02855
05988
05431
03098
05386
05754
01020
04042
05512
03212
00762
03125
04269
04947
00679
04751
04507
04542
01260
04489
01291
03944
01548
03363
01281
03113
05141
00354
00762
05673
02641
05709
02997
04990
02937
02593
02459
05574
05239
00741
00940
05440
01575
04280
05048
00485
01290
02853
03718
04453
05206
03544
02420
05355
03117
00171
02556
02786
01607
01690
02943
01825
02335
04037
05394
05969
02760
00771
01841
04192
02010
00594
02324
02574
04173
03309
02493
01237
04800
00647
05114
02597
03095
03492
02477
03005
04687
00919
01045
00262
05342
05542
04489
04009
03372
04122
04993
04833
03800
04770
03553
02507
03785
00182
04275
02746
05218
05353
02400
03495
05536
03416
03579
04773
05635
05296
05193
01362
04502
02092
02656
04234
01597
03435
03435
04054
01019
04480
01128
00962
03549
04451
05215
00764
01063
01509
01679
05767
00040
05009
03334
04351
02876
03341
05964
04344
04590
00512
05741
05551
01128
03245
05681
04482
00489
02654
04218
00011
02657
03580
02362
05447
00924
03130
04494
03285
00792
02914
05386
01978
02229
05047
04738
05058
00457
00186
01123
03025
03181
02024
03244
04743
00615
05775
00668
04993
04500
01217
00841
04860
01506
01234
01466
01765
01511
05292
05314
00700
05362
03634
02489
03687
04092
02401
05625
02883
01946
02146
04626
01829
03106
02891
05130
05502
00360
04246
02485
01165
03780
01498
00460
01790
02081
04949
00797
02688
03540
05211
00112
00789
01175
00648
01457
05234
03473
05105
04574
01974
02516
05273
01150
05048
03795
00799
00220
01592
03102
00101
00399
01848
03276
01947
03928
03636
05427
03994
00392
00668
02150
03501
05259
02242
03244
04825
04548
03535
04265
02381
05141
01072
03003
03524
05308
03917
01683
01799
00949
00794
03374
05104
01408
05367
02847
00634
02032
03490
02315
04180
02573
01772
01201
03044
04423
00457
03476
02408
01927
03729
05270
02023
02467
05875
04243
01382
04270
02266
01718
01063
00314
00183
03036
02572
04283
00253
00755
01594
05993
00172
03519
02488
02929
02149
03513
02486
05801
01181
00388
05690
05630
00941
02302
01525
04572
02725
02911
01348
03305
02433
03489
03987
03966
04659
05259
01757
00515
00080
03756
05822
00134
04871
04625
00169
01336
05324
00867
01237
00932
03011
02048
02786
00765
02919
04388
01098
05922
00714
02131
02818
02161
05991
02390
04191
01381
02403
00192
00598
01277
02770
03052
01196
04683
01942
01349
00508
03926
05330
05617
03447
01741
03981
03147
02597
01863
00898
03564
00537
03100
01924
05237
04067
05193
01919
00715
01519
04756
05466
04943
04219
01629
03416
04857
02679
04637
01341
00448
05540
04526
00798
02665
02782
04567
05601
00250
00758
03874
04644
00426
03048
00491
03401
02759
02924
01511
01343
00259
05864
04047
00348
02427
04034
00039
00406
03861
02866
02512
00049
03830
03430
01510
02386
03022
03232
05958
01090
04097
01594
02304
01359
00210
05386
03381
00301
04349
01248
00046
04665
02017
02300
04200
00765
03721
02700
05615
02463
03910
00003
01046
05829
00971
05270
05057
00243
05044
02015
05455
03413
05395
02005
03303
03128
05336
04131
04253
02418
02157
04212
01105
03970
01516
01920
02533
01938
05021
04287
02537
00409
02047
03741
02853
01741
05474
04775
03586
05637
00783
02161
03653
01053
01189
00649
00537
01635
03537
04166
02360
05678
01017
02219
04502
02878
03589
05976
04890
01774
01770
04751
03497
00182
00004
04372
00017
01933
02880
05405
02495
03900
03651
00249
01741
02990
05419
03661
02716
02947
04336
02697
02745
02036
03749
02330
04287
02144
01729
05960
02410
02981
05045
03039
02451
02955
02714
04508
04637
05482
05080
01789
05114
04492
00853
01707
01962
00476
03592
01635
05314
05230
01929
00175
05477
00824
04327
02084
03457
00942
03013
00053
00857
04780
00738
05796
03322
04844
02259
01528
04029
00215
01519
02811
05976
04840
04775
03850
01777
04956
01761
02112
04128
01094
00544
05836
01503
03103
02497
05070
01873
03066
03459
03857
04188
01669
01716
00818
02020
02652
05317
01774
03109
03288
01113
02650
03245
01189
05151
00140
01669
02081
05849
00151
01386
02656
05369
05540
03195
01564
00519
03243
02369
02825
00865
05857
04102
03559
03248
03867
01699
05104
01922
03857
04491
05986
01306
03006
01565
04631
03936
04756
04170
00223
02102
00508
03556
00879
05368
03643
05278
04035
04767
02048
01382
02319
04658
03641
02891
05763
05993
02598
01805
01756
05616
03477
03760
05031
01973
04108
01964
00385
02494
01686
02885
02843
02010
03684
00081
04793
05330
02821
04443
02408
03083
04528
03060
00991
02395
03182
03440
01903
02965
00309
04836
00212
04195
01598
01530
02366
02927
03848
01582
03321
00558
02726
00857
00535
00473
05443
02631
00528
01081
00742
02999
00480
00303
03296
05886
02463
04814
02194
02889
05261
05814
05852
00413
01260
01261
03072
04204
03192
01787
05221
03399
03073
01842
01048
04106
04105
00552
00796
01737
03289
04291
05170
00261
03438
01648
04548
01146
02097
02000
01131
05672
01508
01216
01632
00604
05607
00499
03439
01275
00843
05822
00136
00843
00110
01088
03328
03213
03797
00523
05348
03018
04440
01971
04141
01513
03078
04162
02767
05307
05257
05878
03547
03523
04821
03752
05973
04197
04410
03802
01120
03338
04394
03212
03524
02045
00228
01754
05090
05605
01661
03046
00622
01264
00928
00861
04699
05176
00573
02025
03701
05428
04429
02387
04584
04494
04086
02178
00638
03404
00009
01188
01669
01230
02265
05800
03118
03219
01510
02790
04018
03303
01495
04988
02639
05853
02071
04038
04464
05781
02006
00616
05451
05547
00432
05883
04452
03532
00138
01842
03199
00693
05848
05271
02595
00345
05276
00455
02585
04847
04666
04759
03428
02662
01686
00898
00474
05110
04671
02880
02465
01269
02757
04212
01701
04786
03317
04866
05461
03841
03669
02139
05613
02052
02139
01638
05182
02914
04872
00861
03978
05942
00658
02337
04652
02279
03855
05595
02532
00687
02317
00081
01392
01979
04670
02913
01654
05854
01137
04988
00861
04498
05948
03410
00812
04140
05541
01670
04762
02971
00208
05437
00949
01948
00754
04281
03342
02541
03941
02540
01169
04540
01140
04251
01122
03019
00166
00610
04707
05043
00855
04334
04770
05682
01250
00394
02575
04819
04571
00313
05164
04472
00760
04524
04109
02342
00832
04833
05038
04636
05788
01657
04772
01457
00922
00164
02363
05626
02208
01948
00287
04133
00781
01034
03671
01686
02587
01960
00939
01563
03041
05956
03494
04461
00741
03102
01270
04950
02559
00239
00896
02377
05880
05654
05505
00178
03489
04223
02624
02955
00272
02210
05023
02744
04085
04102
03695
01777
03611
01040
00531
05849
05099
05260
01213
01839
02090
03478
04533
03728
00946
02230
03976
00551
05166
01798
04621
05251
01982
05233
05491
02867
03819
02905
04374
05888
02660
00005
02672
01783
05463
02597
02924
01650
05596
05716
00374
03314
04331
00697
05438
04074
02318
04506
02267
04555
04385
05118
01308
04408
02357
04508
01049
00325
00820
00277
00057
02433
04542
04699
00413
04701
02146
01453
00601
05320
05353
01888
04611
04472
02077
02139
03188
05607
02647
05119
03339
01608
04597
01425
02417
03044
04585
03046
05143
03014
03791
04810
01467
03247
03079
00460
00122
00854
05088
05433
03903
05360
00342
01732
04953
02279
03730
01967
03067
03067
03712
00569
02797
03250
00046
03876
05600
00797
01968
02625
00239
05160
02064
05067
02897
04717
02018
00876
02170
04487
05046
03088
00161
05678
05639
05172
04621
01043
01024
04474
05336
01977
00926
04029
04822
04606
00929
05819
03678
00053
05084
01971
04679
05410
00844
04524
04270
04193
01045
04176
05219
01907
01431
00724
04404
02742
02832
01125
02161
00751
04939
00144
00671
04071
01926
03517
00744
00687
03665
01305
03359
00321
00210
00143
03985
01829
03222
00979
01095
03965
05826
05531
00056
03710
02519
02602
04844
02331
04084
02185
05115
05343
01733
03684
02675
00423
02345
02095
04664
04522
04146
04947
05190
00886
01558
02745
03507
03800
04146
02946
01344
03654
04509
04992
02205
03613
03066
02565
02396
00547
03992
00342
05549
04888
02900
02779
00457
01054
04382
02934
00507
01266
05065
03901
03160
05910
00555
04310
05951
02684
04292
04158
01660
00193
05788
05941
01718
03955
01285
02122
04984
04416
04000
01663
04813
03101
02171
04793
04404
02000
04872
05830
00819
05083
02697
01674
01288
02182
04726
03144
03643
05255
04833
02826
01439
01616
00705
01038
02903
01813
03115
01501
05061
02280
03296
04232
00173
01123
02799
05857
01081
02977
04634
04003
03606
00474
04822
02527
01163
04250
05724
05413
02633
02620
00924
04763
04126
04344
04386
05165
00308
00838
03024
04433
02967
01309
05803
05653
04435
05117
01650
04968
02027
02037
04633
01505
00550
02258
00564
02288
05764
05125
02718
05920
03999
00480
02682
00325
03437
04381
02448
01047
04401
02410
00809
03339
04673
01749
03190
02507
05554
02815
00874
05041
01327
04816
02569
00581
04329
00360
05848
05872
00232
00397
03667
02237
00752
05366
05117
01099
01967
00595
03810
01745
04914
00294
04105
02239
01143
05810
02549
01020
03710
05198
04971
03937
04840
01254
03469
03266
02721
00655
01477
00052
04331
03317
03565
02832
00415
01971
04619
03826
05208
01213
01355
00766
00123
02589
01956
00288
02190
02473
03980
05934
03898
05934
04135
02076
05275
02427
03179
04124
00292
02860
02591
01632
04799
04816
03762
02189
01794
00810
03559
01710
04542
00161
03694
01634
00144
00020
01742
01763
03594
04942
03439
01508
03756
02065
04772
04966
04556
00738
05973
03927
00277
03537
03098
04743
00347
03220
01908
03576
03420
04623
03222
00610
00914
05314
00912
01793
01222
00702
04332
03244
02366
05413
00545
00386
01127
00237
01461
03506
03214
04689
00944
03879
04503
01445
04555
00030
02049
01459
00023
01750
02177
02759
03211
05331
01978
03427
05285
04431
05327
05584
01665
04782
05983
00850
03767
04828
01807
02630
04207
04965
00021
05834
01807
05264
04352
05049
04005
04489
03813
01282
00849
00586
02437
02533
03290
04437
05210
02745
01280
03696
02640
04140
04321
02510
05408
05960
01045
05446
02919
02431
00084
01842
04870
04787
02072
04455
02451
04275
05213
01179
01068
02038
05364
02312
02668
03501
00407
02811
04597
00985
03351
02425
03917
01801
04689
04511
01734
05885
02607
04197
01877
05964
00170
00590
02613
04350
04925
04990
03172
02647
01925
00777
03866
02785
02485
03780
01369
03780
02279
05802
00608
05589
02188
01853
01866
00216
01539
05207
03316
05491
04760
05339
05324
00113
03220
05517
04965
00640
02003
01371
01398
02376
01107
04535
00450
00872
03336
02450
01666
04686
02268
00294
03727
05474
02884
02656
02524
04672
03966
03112
03471
04624
03638
04190
03664
04996
03335
00419
00426
05565
00414
01809
01151
04314
01963
04008
00649
03727
02049
00246
01690
02590
03645
00290
04212
04228
04147
01622
01525
04450
02483
00758
01371
00070
02971
00657
04869
04870
03318
01523
02506
01305
03586
00804
03890
04258
02943
04321
03970
04281
02675
02645
05157
03112
05147
01555
02838
05855
03772
03187
03195
00820
01032
05990
05259
01370
02299
03160
04223
03469
05669
02978
01606
01672
00482
02680
05859
02707
04773
00549
01633
02796
00851
05761
01495
03104
04860
00061
02551
04791
00932
04715
00416
01273
04143
05180
02291
00641
05324
01223
02050
02044
03624
03539
03572
04174
04995
04130
03574
04273
05104
04810
05660
00075
04053
04432
02164
01675
05635
01715
03947
01183
01439
02291
02617
00310
01471
05244
05272
02461
03744
03971
02914
03704
05940
03451
04008
05198
05593
02292
00943
00897
04724
05298
00372
01433
00957
01349
02769
03373
02820
02378
01191
05965
03921
00253
04411
00254
01721
03801
04253
03555
04189
04238
05971
02244
04204
02398
04085
02606
01144
05972
00530
05767
03622
05329
00720
02652
01151
01188
03472
02041
03892
00805
02575
05187
05934
04543
04824
01318
03603
03784
05272
02887
04869
01182
00090
00085
00004
05775
00240
05680
03812
02149
04915
04693
04729
04908
00881
04326
05246
02274
03206
04483
00389
04106
01046
03799
05097
02844
02486
03809
03824
01020
01818
01772
00844
04262
01305
04350
04976
02387
03005
05658
00368
03979
03622
00194
02577
03367
00414
05372
02991
01809
01015
05167
05998
01547
02913
03627
00040
05832
03271
00067
04564
02491
00281
04776
01496
04314
02917
02995
02245
05870
04318
00910
05521
03626
03663
00207
04690
00294
03977
02354
01670
01831
05415
02130
01392
03580
05459
00452
02621
03927
01441
00065
02244
02742
03177
01438
01419
04350
00754
05193
04966
01891
00090
02833
02363
03750
04002
03506
01537
01292
04342
01836
03431
05078
05722
01696
05585
05090
01312
02103
02300
01038
00775
02622
00467
02980
04349
03489
04474
01206
00244
02835
04984
04967
01475
00023
00594
00772
03411
01407
03457
01566
02186
00798
04085
02052
01861
03692
02868
02929
04445
03878
02139
02975
04588
00990
01093
02423
01258
00790
05145
05399
05840
03685
05165
04814
01517
01636
03401
03735
05526
04744
05671
05743
00680
03724
04726
03764
05674
02650
05421
05085
03390
00534
00604
03808
01654
05702
00062
00228
03347
05570
04332
03700
04600
04020
05739
03611
05341
03388
03877
04946
01888
01043
05093
05764
04741
03866
00332
01787
01182
04095
04000
01305
03494
03226
03348
01364
02872
00138
03699
00030
01389
00567
00822
05456
00593
04676
01605
02451
05463
04499
03034
00683
01251
02244
05233
04177
04277
02956
04492
00459
00230
01406
05570
05130
05226
04440
02327
05359
02198
03005
00727
02106
04555
05130
01660
01633
03584
02583
02112
03162
05822
04461
03004
02502
02276
02142
03710
04329
00187
00373
00649
02522
03076
04827
02790
05491
02334
01875
01833
02693
05267
03891
04510
04156
05282
01791
03250
03002
00407
00660
05343
02739
02246
05565
05599
04373
01911
01109
01041
05729
00252
05947
05688
01258
03902
03163
00097
01017
04292
04894
03389
01835
01333
00432
00541
05240
03045
00218
00892
01296
04876
02700
02278
00323
04212
05145
01942
00781
02209
05454
00508
01245
05195
03152
01822
01585
04678
03393
05509
04960
00611
03951
03337
05779
05727
02441
03335
03505
03929
03999
01870
00325
05313
03349
00761
04542
01388
00979
05574
00531
05892
00188
02133
05233
01324
03353
00221
01426
04418
05442
02808
05419
05885
04088
04687
00931
02917
00706
04800
02011
04625
03970
04155
02191
04028
04002
01340
00823
03953
04769
03219
05034
01190
03012
01840
03744
00181
03851
00473
05201
01028
02977
00254
05248
01190
03423
02483
02318
03163
00158
05900
00588
01650
03206
03720
00976
01359
02264
00676
04835
01576
05957
03377
02086
05641
02073
04127
00958
04999
04504
02744
01491
02066
03731
04969
05248
04931
05350
03915
00728
02229
04305
04384
04598
05808
03969
05225
01422
02480
03098
04004
00358
00404
00788
01875
05291
00706
02816
00424
03921
04057
05813
05388
03514
02574
03482
01167
04946
01192
03266
03929
02885
01751
04032
02975
05278
03870
01253
04850
03084
01249
03181
05521
02819
00954
05602
03598
00621
04054
00251
03998
00811
01660
04150
01274
00492
02526
00749
04387
04520
01784
02887
04418
02137
00789
00958
02573
03799
05984
00408
01558
05231
05528
02596
05694
05855
04237
05123
05638
01456
00887
04913
00422
04912
05079
04462
02982
01116
04757
00078
05225
02791
03927
03673
05850
05129
03907
01279
01807
03030
04987
04300
03802
00169
05656
02788
03919
04461
02914
04635
03807
03689
03771
00931
03666
02838
02171
02947
05636
05902
03798
00625
03190
04834
03610
03036
04357
05559
03973
01816
01704
04543
03107
04086
00066
04256
00276
00799
05160
04243
01740
03038
00813
05546
00789
00151
03048
04799
02607
00952
05095
04598
01799
03706
04877
05886
03413
01635
03975
03353
02303
01964
05068
02613
00331
03050
02498
00038
02034
05420
03341
00306
00800
05551
01075
00905
05736
04721
04491
02303
00965
02624
04596
01992
05803
02094
00738
02527
04363
01124
02563
00914
00005
03952
01215
04653
05336
00988
04974
02545
05317
01964
02723
00481
05570
00356
03334
02713
05466
02548
05360
02140
00593
00369
02639
04904
02709
02400
00058
00968
00017
05794
05246
01366
03723
03367
05766
04858
04205
05664
02953
01780
03409
02133
01917
05138
01877
03120
04250
05678
02558
02868
01850
02376
02056
00877
05676
02635
04539
02389
04983
02862
03642
01488
00940
04361
00101
02229
04612
04770
00063
03754
00824
03939
01914
05819
00352
00266
04285
05110
02611
02717
03495
04102
01933
04407
00462
02969
00511
00004
02544
01376
05007
04453
00315
05140
05568
02464
04664
01727
02365
01511
01313
00862
02335
00723
05011
05617
00558
03148
02671
03659
03604
02776
03707
02877
01693
03023
04902
00122
00571
01143
00808
02614
05798
00064
05543
02976
04848
01917
05286
05513
02150
03885
05624
05487
05106
01014
01154
04235
00429
04830
02687
04691
04979
04661
04573
02397
00751
05106
05716
00802
03173
02824
00695
01114
04702
03876
01507
05577
00814
01638
05140
02309
05169
04154
00983
03011
05044
04066
05242
00494
04241
01889
04656
03123
03394
03639
04001
00571
02950
04820
04109
03270
04433
05243
00545
05808
05565
04037
05586
05379
00623
02942
04359
05657
01621
00256
03091
01756
02731
02585
00719
01981
00364
05116
05062
05917
01366
00994
04154
03242
01782
02266
04053
05113
00338
03044
00218
02333
05254
01062
02041
01618
05334
04681
05985
03449
04675
01587
01119
02704
02409
03905
04133
00300
03604
02321
01415
00198
00866
05066
00862
03775
03316
05432
01247
02545
02062
05096
00070
05908
03278
01516
02795
05706
03785
01579
01239
02008
04161
03704
02272
02817
00595
04477
01392
02272
02476
02517
02052
00001
01404
03123
01824
05389
03154
01154
01440
02209
00375
05209
01593
02602
02167
02090
04557
00767
00682
04680
03774
02554
01074
00931
05898
00020
02588
00098
00836
05020
02520
02475
00851
02804
01702
02001
01444
05609
04422
02539
05787
05085
00418
02445
02839
02578
01656
00966
05507
02308
01086
02181
05704
00564
00266
05304
01568
01789
02474
03794
00709
00885
02077
00408
03480
03506
02325
03241
04574
04406
04612
01880
04405
03624
04515
01991
04340
05024
00210
01346
04800
04575
05817
05540
05595
03625
02429
01066
01190
03632
03039
02755
03207
04238
04814
04032
00886
00430
05548
01454
03714
03400
00862
01788
01553
00744
05341
02107
00628
00233
03770
05554
00568
05811
05599
02811
01257
05485
03664
02558
01201
00113
03056
02327
05759
04348
05295
03526
05634
05838
02065
04356
01940
00868
05402
01229
05588
02159
04438
01182
05195
05488
05141
05899
03568
05667
05891
00061
05448
04725
01766
00375
03493
03540
01888
00228
02879
00146
03541
04863
00544
01156
03638
05103
01288
00397
02476
02604
03969
03058
00480
03890
01757
02570
01638
05281
00268
02116
03178
03902
03802
02549
00915
05610
05605
04492
01829
01949
05484
05524
03571
01919
04866
02966
00112
02051
04754
03703
04022
00208
02557
04229
03248
05133
05903
05770
03522
02440
01455
03563
03224
03523
05893
01088
02252
04603
04470
04591
03041
05191
01258
04167
00349
00137
01951
02406
00147
03284
02454
00151
05550
05963
04091
04172
02890
03777
05043
04004
02667
03075
01118
05162
01729
01822
02523
05178
04164
02254
04715
05583
00121
05732
03421
00574
04711
00147
04921
04393
00899
02695
02808
03265
00167
05346
01184
03723
02289
05108
05214
01309
00855
05831
02492
02230
03433
02645
01330
00295
03279
04070
02408
03618
01617
03385
02426
00845
00934
02926
00772
05203
01523
02238
05181
03816
03285
00376
02736
00790
05786
00505
05956
00968
01130
00039
05550
03507
02195
00170
01437
05612
03393
05960
01235
03354
03517
04683
02179
00713
05100
03169
02837
02808
02825
02911
03783
04144
01357
04658
05342
02881
04297
00773
01562
05434
00166
01864
05543
01733
03412
02051
03359
03325
00767
02519
00237
00204
01232
00941
04717
05350
01408
04541
00736
02748
05543
05213
02203
03997
04818
04436
05870
02223
04674
03626
04994
02230
03377
04782
05932
05855
01056
01763
04206
05580
04172
02360
04813
05005
01775
00579
04589
02406
05747
00553
03160
04530
05009
03372
02733
04068
01768
01234
00693
04326
04985
04606
02530
03425
01486
01645
02480
01255
02699
01295
01997
00848
01661
01935
01861
00111
05614
01889
04389
01072
05099
00615
00369
00144
01405
02481
00322
00585
03859
00031
02439
05705
05921
04611
02364
05070
05842
00488
04680
03712
00328
01401
05408
01178
03380
03103
04777
01798
01073
05579
00123
04949
00555
03004
05776
03928
05661
00798
02140
03951
04920
05616
04567
00715
03423
05455
02998
04097
02847
01812
00103
03629
03276
01254
01451
02800
02167
05086
02238
02920
00060
02006
00433
04363
01687
00316
04169
03504
04854
02025
00256
04314
02842
05416
04762
01777
03303
02037
00882
05071
03131
01716
05506
03300
00347
04491
05522
02422
01721
00621
05783
03864
03394
05588
05757
03430
04548
00986
04431
02042
01244
01220
00979
03198
03741
03916
03683
03647
04749
00649
01494
01099
04537
04509
00141
05831
02761
03931
01272
04158
01727
05107
04361
02826
02872
02859
02305
02312
00773
03547
04919
04204
00211
00325
03767
01232
01494
01200
03239
02378
00516
04976
05428
01417
00446
04707
03707
02875
03594
04826
03779
01359
05035
00994
00728
03089
03650
00638
01027
01192
00670
02131
02260
00584
03022
04751
02594
04292
04136
04375
01385
02788
01074
04556
01810
01022
04973
05673
04400
04388
01089
01372
01254
01978
04723
04462
01751
02211
04292
03713
05973
05303
00947
03989
02811
01699
05667
01927
00390
03389
01399
02886
01630
04049
05545
00131
03426
01565
04906
00244
05825
00822
00947
03381
05573
01333
05578
04301
00218
03506
03489
04424
04013
01915
03833
02390
02719
02385
00052
02079
02185
02271
02407
04593
05657
01655
03662
04280
05882
00763
00537
04584
04482
01589
03764
05642
04644
04756
04629
01169
00902
00259
01870
00216
01470
02968
04835
03881
02053
02070
01733
03100
03677
00415
00397
00795
05823
03849
04996
00223
05421
02715
00735
02840
03526
04549
04984
01437
04184
04330
01863
02014
01071
03067
04000
02275
03755
00720
01893
02452
00240
02757
05548
02115
01560
01488
05116
03673
03123
00571
00369
04748
02174
00978
03519
03626
05809
01178
01186
00516
02387
00235
05300
00522
05720
00012
03112
05071
03466
03162
04932
03481
00165
05012
04123
03127
02812
00150
05080
01727
01754
04736
04887
00003
00675
01603
02877
04831
05081
01703
01112
03330
00010
05116
03408
03063
01846
02683
01341
03103
04286
02903
01171
00940
02392
04230
02760
02908
03855
05270
05974
03872
00183
01566
05995
05768
02143
03394
05069
04606
00223
02386
05964
03387
04401
01648
02480
00089
01676
03500
01377
03847
04299
03261
05526
03314
02764
00446
03669
00486
03972
01587
04552
03649
01887
01655
00913
02944
00038
00852
05892
04329
02010
05245
05043
05155
00124
00651
03815
03862
01167
03698
01865
02491
03109
03920
03953
02191
02709
02786
02102
01114
01998
01442
05172
05974
05654
03152
01196
01758
03740
02908
01781
05156
01483
00398
02064
03727
05999
02642
00329
04080
02882
00627
03049
01583
04015
02499
03769
01575
05272
05092
02321
00074
00467
02134
02158
04002
00015
05453
01409
04246
00900
00590
01396
00437
02153
05783
01401
05809
01679
03816
02987
01499
03898
02642
02389
01640
04351
04410
05137
03629
01977
05609
05912
05788
05366
01219
05160
04058
04319
01171
05957
05916
03700
03071
00118
05470
05333
04909
02416
00463
01342
04994
04752
00748
03258
04722
04673
00312
05928
02730
03661
01845
02587
03845
02304
01458
01579
05326
02472
02097
05561
03731
02041
05700
01999
03571
01246
05139
01782
05876
01018
02940
02929
03587
02972
04535
04823
01225
02672
03813
05182
05542
01313
05829
05587
01964
00461
01090
03366
00555
04738
04349
04337
00324
03140
01074
04281
00605
05408
03113
01886
05120
00714
01676
04029
05472
04803
00592
01540
02409
05127
05602
05541
05058
04002
03615
02372
05586
05587
00271
03226
02860
05448
01248
04556
03289
02937
01707
04198
02369
05745
01636
05793
01845
03718
01683
05172
03292
01770
05770
01702
01623
05274
04867
02081
00211
03827
02904
02994
04059
02069
05086
03917
00504
01360
04622
00382
02502
04027
01809
05258
01763
02099
02408
00452
05767
01664
01798
00027
04315
01844
01930
00625
00279
02700
03196
02166
03020
05497
03827
01379
02731
03208
02401
00034
02592
04877
01452
00826
03854
02607
03482
05705
03032
02300
03704
00346
00250
01789
03735
05943
00370
00293
04164
02424
03950
03859
01170
00024
00322
01446
05093
05496
05046
03056
04030
03917
05098
03763
04062
03925
00487
00985
04057
01303
00324
05744
03417
01512
04289
02257
04780
04794
04628
01361
04923
01343
01773
01793
02087
01435
04088
00288
00978
02088
00399
04929
04391
00658
04393
02471
05592
04674
02595
03612
05138
05497
03994
04753
02911
03586
05170
02944
03207
01130
03285
02349
02132
03643
02059
00523
02545
02691
02403
01131
01085
03972
03116
00382
00402
01781
05186
04796
02253
04438
03160
05645
03994
02049
01182
04965
02685
02667
02687
03133
01822
04377
01978
01708
03090
03040
03899
02053
04275
03093
04326
02889
02140
04739
03663
02973
03570
00138
01512
05798
01346
04708
00488
03489
02419
01540
02948
01727
03800
02456
05213
03965
01285
00941
02279
04482
02938
02705
03441
00626
01185
03123
03061
04640
03728
05431
00621
05312
04908
01605
00832
03753
02154
05857
05384
05994
03939
05638
03809
00212
01459
05724
02865
02740
05310
05656
01614
