00620
02325
03582
04154
03710
03505
04933
05378
02450
04674
04749
05639
05444
04905
04441
01570
05419
05653
03870
05475
03659
02421
00522
05169
05223
00191
00658
02648
03351
03113
01671
01233
04817
05972
00196
00623
00311
01208
04887
02533
00557
02314
02009
05094
05286
02603
05228
03140
02826
04218
05056
05994
03094
02282
04930
05541
04816
05822
01985
00413
04804
04144
00926
05777
03696
03313
00063
04016
02041
04538
02256
04372
00280
00769
03896
00553
00533
01816
04883
01820
00590
00400
02289
02862
03268
03195
02538
00712
04658
04414
04284
00536
03354
03765
00067
02089
02318
05008
04563
05393
03528
05883
00053
03507
03831
04076
01260
03077
02102
05893
03987
03949
03771
01466
03636
03924
00361
02252
05879
05356
05586
04660
05702
04638
00764
04363
02458
01404
02382
02726
03667
05605
03864
03375
00264
02903
05245
00478
01257
04526
01294
01959
03582
00794
03875
04364
02623
02927
02792
00131
01438
03687
01107
01011
05988
02466
01806
00120
01751
03629
01173
01590
05237
04096
00477
00825
01711
02898
04318
03851
02501
00567
00911
00703
04010
00409
05101
02811
02884
02676
04967
04082
04946
00395
01977
01583
03930
05625
04003
01342
02974
01026
01190
00884
05482
02104
03322
00751
02525
04233
00031
04247
02658
05525
01982
01556
04362
01421
00282
04474
01719
00087
00137
03983
05271
00862
03641
04445
04747
04070
04849
01570
00563
04382
00997
04708
03833
04542
04645
02323
00374
01488
02115
04551
05140
02091
02031
04104
03426
02458
05440
05501
02957
05307
02561
02108
04257
05875
04374
05039
02652
05070
02634
02312
01035
03269
00631
04187
02372
02057
03280
03706
01550
05947
05166
00494
05649
03582
01173
01728
03366
01156
05923
01976
04250
02964
04309
04669
02341
00909
00181
04251
02305
02341
03811
00659
04361
02075
05519
03036
02383
00458
00417
03319
01690
02398
03141
00560
03931
04465
05302
05600
01482
04094
02086
04592
01330
00439
05239
01784
00709
04738
04633
02773
00973
03294
04912
04552
04929
05299
02609
02331
05600
04568
01546
05488
00060
01358
03099
02642
03862
04265
00741
04652
02707
03726
00093
02728
00216
04840
00924
02031
05703
02485
01686
04223
01813
01646
04646
00316
02375
05219
02770
02173
00185
03556
04688
01719
01706
03357
03093
00007
00615
02665
05397
01096
01827
01879
05197
03748
00864
03706
05272
02135
03165
04010
05681
00703
01276
05304
03606
03616
04127
04926
02118
01013
01902
04581
01879
02961
05879
03584
01782
03315
02402
03414
00332
05207
00208
05549
04969
01576
01120
02898
03567
03140
02461
04741
03854
05561
05512
05024
04519
01291
02525
02792
04304
05879
00612
01917
01859
01249
01031
01772
05011
05466
01883
02483
04876
02238
03533
02564
00885
05673
05274
03619
00917
02634
05258
01593
05311
00831
02187
04363
03628
05872
00470
03141
00212
03912
03231
04256
02856
04925
03262
04787
03759
01681
01557
05493
01114
00017
04286
02352
04806
03530
00355
02385
02174
03820
03033
05228
02187
01063
00841
02381
03433
03106
01772
01049
01206
04090
01091
03523
04922
03239
03217
04826
02702
01819
02597
02224
02266
01731
00311
05765
04047
04736
05838
01074
03614
03471
04172
00097
05475
04644
00775
04825
03169
04774
04853
03224
05067
03923
04819
00425
05181
00996
04082
04310
00389
00876
03183
02151
00785
01162
05869
05063
01813
00557
01792
01447
03625
05543
02969
03884
00109
01866
02057
00068
05338
04368
02788
05734
03143
04087
00084
00119
05812
02360
04039
05433
05191
02424
05462
03422
00352
03688
00306
04010
00459
03335
05277
01639
02562
05912
00450
05569
05788
03902
01587
00577
03862
02067
01533
03576
01005
02024
03690
03201
03541
01863
05922
01257
00760
00228
04831
02394
03838
04802
03340
04962
01878
00338
04696
00051
01135
03125
02749
01460
00565
01811
03704
00437
04523
05300
02485
01904
04785
05980
05944
05626
02434
02580
04169
05560
01613
01155
05133
00127
05374
02524
01486
02292
01897
02592
03943
04754
03858
05684
00717
03385
05595
01165
05965
04403
04795
02584
03582
01939
00199
02566
02787
03495
05392
01988
01440
01996
05626
04505
01013
04976
04756
04361
02156
00690
03912
01831
03547
04406
04784
04631
04375
04388
03715
02592
00165
02656
01019
05777
03566
05829
02788
03003
01022
02171
03892
04971
01817
01191
03841
00043
02411
01793
00547
01838
00314
01345
04296
01946
00923
05379
05133
00211
04957
05514
05408
00401
00069
01552
05439
00675
00775
05706
05532
04781
01775
04506
02880
05581
02633
00207
03656
02556
01155
04392
03393
02031
05740
05573
04108
00557
01017
05006
05790
04059
02388
03629
01894
04067
04609
01142
03051
01668
04287
01239
04402
05522
04343
01274
01225
02302
00981
01591
05907
04544
00880
04390
03680
03376
00855
02563
02104
00613
03001
01018
05573
01941
03761
03634
03850
04747
00861
03270
05491
03078
02521
01726
05642
01437
00989
02124
00611
03233
02736
00434
03093
02491
05271
00498
04934
02725
05389
03517
02401
00341
03025
03820
05446
01427
03943
03709
03951
03819
02012
01733
00267
03870
01018
02340
00153
04803
01299
03463
04578
01611
04973
02790
01746
00898
01163
00413
05573
02785
02788
05208
01323
04769
02995
00952
05079
05882
01082
02114
02106
05881
04051
00551
03382
05984
03924
00670
00434
01575
03006
01772
02938
03712
05603
05382
04527
04504
00561
02926
02626
01402
01695
03449
01960
00061
01187
01329
02875
03166
00942
03158
03918
00344
00037
04767
03418
01663
02877
03646
04745
04605
04033
04578
01054
00276
04035
04918
04095
01682
04445
04870
04161
03810
01874
05506
01919
04126
05831
03083
01062
04514
04599
03067
03503
00317
05911
00545
00889
03969
04535
02425
03715
05337
05825
02155
00964
04426
05074
05754
03079
02706
01858
05932
00502
02605
03810
01385
02769
00279
04400
03420
01547
01436
04746
02902
00578
04794
03421
02370
05417
05912
00936
05764
05219
02064
00370
02155
03358
03463
00789
04917
04522
05342
01605
04770
00981
01169
02497
03568
05396
01884
01413
01237
00832
05262
02761
03148
05082
01893
03994
02374
01820
01833
03891
03585
01822
02181
02856
04519
02354
04687
04654
03725
01596
03641
04634
03932
05121
00560
05509
05405
00588
00402
03464
02252
02503
04349
02618
02047
02668
01282
05379
02656
02487
03416
03868
01750
00967
05356
02374
05074
02882
04966
04035
01701
02386
02408
05860
03631
01600
05519
01008
05474
03035
00652
02174
05589
00213
00764
01568
01028
01243
00003
02524
04069
05150
03224
03496
04662
04787
00586
02385
00465
05107
01408
00231
01905
03471
03949
04089
02175
04693
04882
01576
03189
00120
01598
00379
02035
05054
04865
01071
03280
04507
01854
00280
04952
02693
03118
01673
03428
00773
05921
01100
00600
05817
00944
03918
01749
01048
05070
00074
01151
05203
03565
03392
04968
03748
04700
04114
03195
01062
04878
00731
02133
03009
00854
00940
03966
02128
02190
01125
00806
00545
01031
02332
03610
03896
00779
00989
03685
05904
00590
01630
04211
00528
02851
05341
04465
01093
01323
00312
00768
05473
02024
00841
03529
05488
05216
02412
03706
01027
01932
02559
02510
02652
00192
03685
00907
04420
05173
04358
04325
02060
03106
05223
00128
04494
01898
03489
01955
01327
01470
01585
05431
02051
05827
03099
01230
03741
02462
04411
00417
01346
00572
00394
05794
02057
02942
01786
03344
00721
02850
01359
01673
03838
04685
04025
02282
03986
02948
04882
03425
04900
04873
03312
02436
03168
01074
01239
01306
02123
04582
00238
00950
04001
03585
01085
03797
02012
03639
03456
00061
00243
01909
04394
02661
05437
05987
04234
00420
05104
03173
05778
04833
02827
01409
05690
04457
04716
01323
00528
04640
03518
02203
05849
05006
02019
02545
03129
00923
05562
00079
03803
04437
02957
02084
05645
02221
04218
00728
01468
01315
02460
03651
01207
04054
01557
05977
01746
04573
01306
00992
01770
02371
01707
01634
04287
04733
05262
02269
04979
04471
03783
02088
02718
05901
05925
04369
03275
03942
05083
04977
04275
04282
03434
02832
03780
05412
03752
04485
01005
02130
04416
01302
01833
01353
00438
01278
04709
00790
04420
00076
01104
01519
00117
01064
00302
04968
00301
05648
00153
00978
04340
05441
03604
04541
04494
00450
02413
03902
05816
04521
02895
00044
05408
02913
04897
04661
02897
05379
01231
03997
05066
04145
00995
02774
03930
05826
05631
04251
03307
02823
03145
01718
01944
03068
01011
04498
04124
02506
02311
05418
02504
00314
00156
02992
02208
00756
01895
04122
01410
05029
05072
02983
03444
03999
00703
05312
02266
00602
05044
04345
04641
05560
04097
03350
04523
03159
03316
05915
00295
02111
04148
03003
03004
01083
01511
00082
00498
00292
00893
03422
03901
01097
03357
04952
02662
02331
01307
01473
02472
01797
02706
03335
04692
02441
00547
02071
03490
00901
01882
02604
03365
03748
04170
04293
00441
05440
00357
01013
01275
00997
01673
01348
03397
03938
04970
05379
05220
05289
00728
05821
03272
04774
03053
01176
00712
03852
04501
03771
00400
01674
01626
00954
04568
02924
02299
01228
01554
00014
03641
04478
03519
04107
00782
01024
05118
01620
01066
04717
04290
04237
03547
03304
03871
01889
02328
02401
03377
02261
01642
00087
01401
02522
00776
02136
03717
00428
00109
00116
03803
03288
00056
00992
00626
02778
02896
03990
03325
05172
00994
05913
00388
05258
04521
05494
00448
03482
01064
00054
00611
01130
05174
01744
02818
05930
03063
02635
01665
04792
02579
03857
04425
05202
04310
02559
04312
02485
01603
05914
00917
04100
00518
02811
04094
04261
05972
05435
05872
01302
03425
02074
01202
05325
02238
01608
02639
03245
00076
02326
05374
00883
03346
02631
05599
00672
05766
01585
05109
01266
03196
05040
02442
05642
00041
00201
01699
03474
05714
05627
05618
00520
01478
03601
05922
02515
00596
05636
02434
02743
02282
03358
05185
00243
02332
03226
00754
05335
05517
03559
00204
00546
01885
04843
00801
00522
00304
01444
02889
01061
04374
04618
04314
02308
01052
01744
00198
05600
00718
05881
04482
04412
05623
05287
04910
02842
05463
03646
01461
03930
00175
04536
05171
02988
02620
00849
05118
00790
02558
00579
03362
01314
04420
02028
04973
00303
04630
01435
00644
04248
05663
04441
03904
02433
05013
04772
02953
01405
01701
01415
02749
05837
05744
04949
04220
01395
03436
05765
00899
05588
05976
03063
01956
05724
00721
03125
01198
02444
01594
03397
05966
00750
05419
02426
03890
02489
05528
02474
05430
03744
03340
03290
05245
01492
02451
01765
00109
03690
00353
05132
05015
00168
05298
00519
00113
03112
00207
03353
01954
05647
01625
05090
04906
02279
05046
03151
03707
04312
01445
02508
05848
05894
02911
04777
03625
01604
00476
02154
05032
03430
04047
03528
01067
00708
05840
04117
04686
04858
00244
04541
05084
00796
05578
04583
01498
03943
02916
01163
01664
05059
00960
05342
02085
04085
03586
02473
04710
00896
01233
03480
01650
00155
05291
03758
02773
03934
05205
05845
02847
01190
02818
05763
03392
04328
03967
04696
01363
03410
01113
00692
03700
01085
05708
03477
02143
05855
02906
04094
05511
02060
01540
02596
01455
03037
02647
03538
00200
05113
03654
05836
01736
05295
02959
05056
04755
04374
04349
00664
03673
05628
01930
01916
05276
00682
03135
03045
03692
02728
02345
05677
04112
00237
01353
02497
02675
02479
03289
00696
02601
02729
00230
04269
02109
00475
05214
01912
00809
05498
03031
05484
00736
04760
00522
00777
01467
00270
00490
00193
03326
02726
00213
03528
03318
00182
00742
00292
03522
00550
04180
01396
00107
02019
05194
03229
05314
03004
05172
01792
04372
03513
03299
04071
03020
04923
03549
03902
04261
04366
05332
03502
01130
03612
05089
02292
00189
05947
00765
01825
04976
04070
04620
00875
00483
01642
05750
03840
01546
00870
01875
05546
04026
05958
05874
04046
05089
04729
00551
01663
05455
04429
04223
04831
03908
05869
02241
03766
00471
01969
02786
01723
00801
03123
04101
05327
02756
01810
05597
04873
03803
02559
04225
03676
00847
02773
02827
01556
00978
02982
00140
05055
02172
05008
02656
05385
02192
05582
03065
04880
02683
05482
05323
01046
00856
00449
04339
01589
05298
01551
03316
01597
05927
05129
02608
05960
00054
02394
03712
02798
05781
00293
00576
00820
00801
00649
05290
05376
00610
02338
05837
05736
03898
01644
05690
00600
00347
03331
01914
04337
00562
00134
04335
04783
05412
05994
05830
03235
00115
03578
02694
04687
03132
01387
01512
02513
03793
02926
04818
01254
03342
03983
05266
01040
05562
02571
01299
02546
05660
01774
05919
02008
03207
04922
01026
02787
00772
03155
04438
04418
03819
01592
04720
01580
03037
02732
00231
04282
04880
02706
04684
01618
02808
05447
03354
04174
04287
04601
03515
03210
05441
02694
03493
02124
02758
03503
03680
04143
02492
01035
03940
02839
03153
01768
00451
03737
03706
03100
03648
00947
05267
01594
04187
03366
01444
04319
05531
02788
04555
00668
00342
02660
03900
03119
00144
04291
01538
03674
03965
04516
00192
05461
04181
05848
05929
01438
00931
05593
00904
01215
04345
05376
04717
04728
04388
00662
03893
00363
03976
05624
02309
04535
04376
03715
01122
04572
02308
03407
05375
00974
01967
05593
01956
04836
00955
01832
01256
03935
02676
01072
02267
05032
01286
01573
05843
01938
00395
01095
03105
05311
00565
03548
00302
04495
03700
03020
00311
01762
05861
00678
00402
03855
01704
00671
01996
01885
00860
04970
03825
05902
02265
02707
04759
01292
04697
00598
00712
03067
02211
00157
02138
04495
05014
03126
04236
04102
01935
04370
04751
00805
02055
00362
02271
01217
02124
04429
00716
02980
05067
03892
00697
05040
04166
04390
05696
04463
01991
05719
03824
04488
03153
02459
04821
00030
02751
00169
03011
01554
01821
04346
00046
05049
01055
01969
00056
05225
02097
02452
00760
00525
02811
03577
04067
02327
02545
04748
05146
00309
00661
05932
02464
05900
03289
02326
01878
01265
01413
04984
01749
05287
04881
05832
01960
00082
03712
00429
03283
03674
05113
02827
04275
05739
04051
03292
04420
04921
00412
00986
03065
04497
05750
03657
02492
01019
03038
04065
02498
02540
03995
03033
01193
00199
03344
03151
02720
05155
00477
03956
01988
03864
05528
00772
01347
00035
03108
03187
00719
00233
01003
04867
02993
02424
00894
03730
01734
02681
04149
02672
01019
04914
04165
00095
04080
00936
03661
00371
04796
04865
01852
00216
05198
00152
02036
04755
02698
00313
01619
04433
00872
04444
02260
01995
04837
00542
00513
01291
04820
04411
04834
03865
02469
00153
02823
02494
01088
00733
04173
04761
05023
05472
03841
02319
05509
00876
04671
05309
03214
03681
03413
03098
00052
00677
05529
00648
00683
05495
00755
03673
04442
05348
02984
04189
00870
03267
01989
02777
04941
03787
05428
04004
00204
01124
04718
03244
03021
05098
01645
01430
01729
05150
05853
02625
00230
02424
00910
00603
04869
05703
05128
02110
01931
04472
04844
05171
05089
03541
01235
04214
05818
00484
05702
01497
05176
01201
01624
05475
02316
05174
02308
00737
01400
03110
04414
04508
00163
05929
05641
00715
03800
03921
02165
01119
03099
02060
03298
04828
01946
02594
04629
05928
02843
00398
01302
05772
05527
01434
00708
04263
01363
04786
00038
02754
03175
05067
04319
04158
04702
00765
05708
03402
00728
00730
02957
00160
00095
04675
04301
00287
00388
00224
02688
01075
03797
03548
00649
03872
01838
03796
01797
05870
02552
01060
05975
03246
00658
05282
04801
05211
03499
02422
05563
04604
04618
01110
04611
05782
02634
00689
04594
01998
01269
05505
02951
03083
03499
00835
00082
00746
01631
01347
03327
05771
03998
03648
00924
03545
01613
00094
00681
05143
03983
05099
03660
01478
04576
01241
01213
03475
05488
01098
00613
05757
04079
03450
05582
03396
01361
00630
05222
01645
05087
00906
04390
05378
05194
03080
00441
00710
05324
04069
00684
00726
00541
04493
03377
03899
02718
04391
05071
03420
04646
02515
05849
02449
04935
03743
02169
01042
05724
00185
01689
00189
05521
01503
04798
05319
01071
05746
03154
03850
05539
05721
02700
01868
02921
05746
02702
01952
04010
01139
03931
01462
05135
01695
00595
02413
04337
00564
03548
05369
03247
02608
00318
05792
02683
02532
05452
02638
02050
01537
01450
00216
02213
01711
00991
04221
03320
00797
00616
04281
02071
02706
01190
01635
05168
00354
04838
02598
03713
03900
05068
05053
01903
03712
03515
03687
03296
01230
04242
05147
04374
05177
05270
04997
04600
05915
02552
04061
01262
03234
04099
02777
02425
04360
03013
01561
00540
05760
04487
00096
00091
01708
04523
00642
04447
03260
01617
04089
02291
00433
01798
05218
00207
04111
00505
05812
00078
02480
02011
00880
03518
01046
03843
02132
04659
03001
04091
01626
05576
05374
04266
05646
01315
01336
01647
03020
00772
00552
00167
03831
04234
03536
02763
03207
00834
04070
02041
05386
03629
01892
04173
03419
03836
01435
03531
03263
02970
04824
05372
03516
04695
02911
02067
03636
00573
04964
01211
03984
01217
00649
00607
02904
04967
05984
05029
03374
01858
05906
05735
00922
04215
00425
04016
01888
05101
03784
00176
01118
02435
01034
05372
02865
01341
02695
01029
00663
03581
05363
02979
04512
04762
01041
03053
05118
04976
00774
00744
05435
04915
03511
03306
02713
00289
00612
00586
05748
04020
02910
04614
01300
02496
00355
00511
03391
04591
03195
04485
04347
03078
00043
02331
03153
05700
00262
03095
00957
04151
04483
00568
03906
04330
00890
03076
02506
04207
01800
03629
05323
02709
01299
05280
00966
03238
02407
01034
00792
03712
04142
04518
04947
04574
02398
00327
04679
01554
03532
05711
00570
00737
05214
05818
04247
00283
02670
05274
02994
01637
03723
02127
04970
00805
01514
03219
03703
04633
00345
05839
00482
00757
05540
04205
00532
05399
02433
02556
01927
03464
03045
02521
01288
00274
02345
02449
00222
02680
00120
05439
02709
01655
00991
04275
03027
00359
02983
03778
01867
02109
03087
01716
01552
04641
01553
05950
05521
04182
00023
02716
02259
01595
03303
01803
01052
03662
03482
05984
01227
04728
02954
02489
02854
01945
01529
03358
02731
00784
01919
05058
00312
01206
05611
03724
00102
04536
02282
01021
00799
01760
03622
01229
01440
05359
00597
05239
02490
01689
05587
00525
01779
02956
01002
02425
04137
02686
03117
02722
05911
02707
03012
04119
03680
02088
04258
01739
01159
03935
02770
05661
02721
02503
04800
04338
03555
05830
00148
04977
00069
01270
00712
02107
05912
04602
05899
04470
00131
00140
05167
02997
00937
05396
01100
01349
03815
05255
04935
05333
01961
00857
03550
04515
01692
05664
00826
04239
03502
03111
05031
02943
04850
02747
04383
04143
03615
04854
05698
05778
03688
00325
05426
05001
04406
03576
03531
00703
00610
04406
00432
02223
02175
04363
02768
03442
05875
04207
03320
04297
05670
01043
01106
05987
04308
01466
03754
03803
02893
02274
00209
02338
04939
00047
04395
01716
03891
00034
00979
00697
05668
00155
00639
05163
04541
05688
04206
05551
04235
05416
05277
04098
03408
03712
04809
05889
02111
01497
01838
04709
05028
04213
02206
01401
04001
00716
03134
01129
05954
01399
01210
05625
04242
02648
05769
03599
03991
04036
01467
03070
03656
00046
05839
02432
05614
00114
04576
05775
03560
00682
05151
02816
05129
04736
00413
04332
03149
05057
03839
04252
04297
02170
00676
00705
04095
03522
00002
02702
04593
01812
03116
02562
03389
05143
01536
02101
03670
04251
03260
03151
04739
02643
04721
04351
02225
00201
00592
03807
03108
00370
05937
00258
05162
05216
04259
00038
00288
05934
05309
02796
01327
01931
05043
04576
02638
03510
01397
01591
01003
01890
03585
02421
00387
03654
03928
05433
03230
05940
05837
03669
02921
05139
00714
00429
02523
01228
00141
02731
02889
05214
05712
00189
01333
01038
00966
02508
04416
03438
03953
05881
02768
00360
05649
04838
02909
05768
02999
02319
00118
02932
02951
01251
00769
00568
00620
03459
05231
02290
00101
01365
03549
02551
00173
01797
03639
03504
01912
05081
04183
00740
02682
03984
01099
05155
05010
05350
05621
01629
05635
03574
05531
03469
01683
00477
04719
02037
03244
00630
00185
01943
03183
04504
01472
00349
00761
04344
00713
00629
04894
00396
00166
03853
00994
01982
01647
04279
04919
00057
00189
01769
01696
02995
01267
05171
02403
03302
04536
01726
00205
03404
05583
00638
02912
01079
01432
05555
00264
02187
05199
00274
05163
04649
05409
05723
02030
01624
02287
00087
03732
05154
01500
02191
01665
04200
02016
00108
02525
00883
00015
03862
00101
05705
00180
00059
00811
05879
01286
04431
03661
02065
05309
03338
04595
04067
04558
01123
02690
02995
04641
05831
03181
03894
01412
02901
03068
04939
03384
00377
01589
00264
01321
01379
05686
01087
00171
01763
03828
03852
04144
04932
04349
01534
04327
01730
05770
03407
00606
02617
03057
01810
04936
01099
05927
05624
02649
03070
05827
04815
01758
02688
05213
01368
05017
05655
00165
02371
01498
00810
01952
00569
01674
04661
01276
03622
03601
00829
01125
01537
01799
02433
03489
01961
02152
01256
04341
02494
05232
03037
00875
01672
00805
05044
05835
01400
04932
05320
04886
02506
05876
02770
00305
01155
04631
02072
03886
01165
02591
02384
02503
04412
01789
03935
05780
05740
00340
00722
05500
04697
01740
00248
04535
04699
03715
04778
02898
02140
03070
04264
04972
02839
04381
01842
02861
05022
00092
03471
03159
04776
01333
02365
05076
02549
03347
02166
03071
02031
01394
02012
05055
00928
01714
02241
04733
00538
01227
02453
00534
02999
04170
00700
02828
00973
05929
03515
05096
02477
05644
03759
04570
01673
00920
00443
02609
04240
02526
02940
05237
04167
02229
02618
00497
04069
05942
05005
03807
04587
05057
04057
03404
01198
00444
00616
02410
04738
04252
04115
04612
02677
05468
04957
03500
02262
00730
02171
00257
01856
01537
02996
00076
05287
05009
04833
04825
04093
03179
03200
04210
00721
02296
02603
01671
02421
03482
05808
02778
04330
05306
02189
05543
04858
05263
02475
02449
05570
03568
01747
04248
05546
04673
01297
03270
05250
00362
05636
05720
01259
01814
01038
02570
00080
00022
03535
01083
03295
03509
04184
04288
01975
04455
02414
03140
03023
02586
01406
01757
03025
02383
01239
02746
01537
04834
02456
02152
01278
01764
00359
05604
04404
04554
05627
05707
04876
02174
03783
05837
05873
01235
05236
05375
04367
02215
04761
01328
00633
02625
05850
03540
05207
03465
02618
03004
04667
05671
05406
03782
04270
05619
02415
02256
03996
01820
05435
00296
00201
02884
04041
02063
01822
03752
05784
03501
02724
04366
02067
05502
03676
02327
05090
04665
02824
05475
05568
00049
04810
01172
03621
00452
03671
02155
01615
00544
04519
02751
01458
02374
03675
05948
02569
04231
03803
01607
00183
00092
03868
00608
00975
05938
04683
03376
04444
05057
05017
03650
05262
05549
04706
02862
04114
05285
04955
04480
03148
04969
01272
05511
00916
05433
01223
02522
04922
01225
03836
04885
04455
01184
00218
05249
02225
01744
02315
05169
05323
04336
02348
00312
05447
03972
02520
01145
03977
04206
02960
05638
01273
04830
00259
04138
00836
04117
04912
01074
05680
02743
00389
03621
02746
04063
04562
01605
03966
00236
03759
01934
03138
00025
03607
02795
01152
03867
03664
04264
02286
00579
04536
02529
04363
05859
05086
02106
03688
05806
00105
04264
04816
01975
03289
04524
05141
04299
00808
03136
01817
05339
05181
03610
00423
00562
04349
03309
02812
00549
02078
00463
04148
03048
03993
03590
03845
03661
01051
03147
03490
03095
01625
05264
02749
02237
00397
00861
04157
03257
03985
03478
03143
00464
01207
03705
00380
04221
01714
04468
04255
01798
00645
01651
03985
03696
00086
03815
02971
05375
04383
03842
01863
01925
03441
01934
00412
04347
03764
04525
03396
00717
01984
03675
05947
00176
03537
05488
04006
01679
04523
02051
04462
05555
02122
04968
01544
01761
01459
02121
01122
05853
03133
01218
04779
02844
04566
00102
03408
00455
05315
02096
03487
03483
01608
04900
01866
05277
02112
02579
00345
00956
04938
02829
03884
02495
03920
00913
04924
03181
04453
05824
04765
04651
01322
02848
03731
01567
00125
02924
04701
02356
03182
05897
00530
02167
02959
01075
02374
01277
01048
01285
02665
04343
01173
02456
05485
01198
04332
05971
02435
00425
04878
01216
00304
03294
03818
02528
05009
00900
00616
02404
02824
00726
04281
04700
05713
02436
01176
03341
01558
04628
05965
01211
04714
05606
00110
04423
04454
04084
05202
05201
04063
02616
05828
03022
02288
04888
05632
01156
01401
05261
00829
00067
00020
01218
00119
05550
01903
02903
05112
04071
04091
05860
01362
04920
00192
00923
04267
02253
02411
02054
00630
02976
01301
04640
02970
05724
03153
01776
01713
05219
03297
01855
03423
04011
00614
02747
00029
04515
04706
03124
00065
00611
05323
04275
01164
02449
01711
02107
00559
05584
02511
03895
05883
05923
02937
05491
03988
00000
03622
01879
01521
05151
00908
00334
01682
00417
02369
02181
02686
03742
00845
05182
05800
05158
01626
00228
05662
02169
04027
01801
02926
05139
05046
00044
05989
01071
04031
01254
01878
03260
05699
04627
02675
00141
04958
04749
02826
02025
03609
00516
01055
00147
01603
05499
01682
01781
04011
03084
05501
05093
04647
03067
05357
04874
02660
02407
03834
00311
05083
04381
04612
03893
02668
01447
05388
02816
03674
05522
03084
05768
03683
01917
03620
00999
05706
01053
03922
00034
05442
01709
00781
03993
04009
05891
05006
03256
01102
00190
05932
00304
04977
02299
05603
00080
00870
05959
01151
00716
05302
04303
00843
04080
02242
00483
05040
01246
03492
01001
00060
05731
00116
02877
03313
00440
05491
04086
05943
04307
05368
00244
01824
05886
04245
04806
04885
05247
01061
03208
03970
04599
00436
00953
01802
05255
05275
02234
01688
05739
03126
03298
00612
02890
03012
04319
03519
02182
01354
05464
03707
04590
01029
05662
02921
04547
00090
05008
00400
04456
02027
05533
02551
03746
03897
02835
01503
03695
02433
04119
01776
04035
02788
00366
05487
05309
01430
00392
03080
05976
02643
01692
02014
01853
05417
01246
00492
01254
01270
01886
05639
02366
04735
03482
00578
02836
01593
02227
02557
01933
01224
03645
05899
05961
00802
04815
04623
01790
04559
03931
01635
03809
03824
04488
04980
03972
05288
01466
02157
02569
01211
04515
02446
03780
02706
01123
05112
02510
02680
03563
05016
04070
03205
00480
00526
04354
02212
05050
02458
04163
04898
05772
02994
05286
05510
01134
01617
00247
05288
05749
05887
05697
02383
01909
04185
05648
02250
03581
05309
00087
00250
01520
01813
00620
03515
00436
05197
03153
01518
01971
02146
04495
03140
04111
05402
03995
02985
05283
01370
03946
03482
04964
05207
04257
04564
01702
05356
01060
02091
05323
05861
01392
05907
01158
03430
01029
04047
02606
02428
04075
05284
03454
05837
01909
05608
03289
01438
01683
04925
04138
00513
04609
04980
05722
04969
02845
03423
01627
04876
01414
03544
05841
05571
05792
02039
05841
01665
05348
03380
01585
00382
05699
00905
02510
05071
02843
02915
03005
03603
02883
02741
02681
05244
02896
00041
00331
04088
03162
05220
05128
02972
02441
00581
05268
05244
03753
04682
03812
05673
04172
00702
05665
02967
05966
04067
03224
02746
05492
03768
04607
05437
05934
01895
00994
05390
02140
04974
02571
02617
01036
04535
03648
01871
05473
00422
04087
03059
05135
02447
02660
00866
05267
03314
00947
04332
03312
02596
02496
02627
02868
04107
01459
05023
03993
04885
01914
03051
00199
02230
04063
02256
02310
04236
00585
05867
03041
05328
05374
00206
05191
00380
05973
02336
03756
04003
03769
01617
02284
02658
02954
01839
04287
01521
00142
03902
04663
04677
04021
03159
01910
03285
02810
04016
00221
05175
05797
00820
01711
05143
04893
02110
01765
02355
04699
03239
03338
04358
01529
03162
04022
02399
03578
03121
02760
01453
01731
01678
04557
00393
05543
01783
05709
04368
01744
03566
05860
02476
04025
00796
02542
03038
04185
03466
02076
03114
04233
02540
02963
00894
02999
02730
05459
01232
01715
03612
03525
03748
05094
00610
03662
01927
03123
01293
00624
00730
04982
03486
04144
03086
05737
00392
01842
00489
05173
05908
05536
03539
01269
02530
03114
00880
01381
03206
00679
03977
03162
04806
00937
03225
02732
00959
01455
02801
01870
02111
04500
03896
03839
03443
03444
02979
04824
04429
02143
01677
01285
03601
05446
04867
04833
00300
02963
01327
01689
02050
05813
04174
00227
03971
05928
02000
04280
00329
01763
04780
01900
02240
05995
00973
01855
01986
04021
00077
03211
03550
02521
05357
00205
03252
03058
01790
00401
02992
05137
02623
04631
04001
03170
05315
00210
01093
00294
01614
04910
02803
00079
04732
05697
01268
02170
05886
00282
00958
04007
04610
00886
00383
04084
03101
04674
03202
01015
03192
00187
03105
05354
00869
03633
00840
04177
03948
02810
05298
02951
01590
03987
03858
03270
03237
00912
04047
03382
03614
03877
02829
03948
00116
03085
05604
02916
02418
05159
01295
05610
04837
01201
03364
00609
01428
05437
04155
04038
05757
01824
03836
05503
03933
04969
03065
00685
04747
03503
02357
01409
01521
04099
03936
00907
03896
03492
01969
02077
02591
00097
05599
03838
04521
05865
05163
02346
04128
04894
03165
03671
05993
02840
01497
04594
04646
02038
01390
04712
02065
05024
02139
00881
03708
04136
05710
04758
05042
05758
03195
04355
05289
02594
00837
02568
01991
01205
05276
05017
05454
01320
04499
04885
04646
01334
02476
05924
00357
03390
04755
02138
04989
03192
05764
05832
03138
05816
03449
00993
01558
05168
03156
03594
04003
02704
01317
00843
04981
04121
05209
05138
02017
00480
04432
01911
00774
01470
01945
01529
05615
03475
03372
01799
05601
00138
03171
02844
01975
02696
00486
03841
00488
05790
01586
02310
01554
05103
05589
02444
01301
05963
04808
02921
02910
00585
00025
01214
04302
01651
05860
05893
04471
01803
03230
00084
02563
00988
00638
00255
05232
03499
02745
00826
03116
02364
05144
03179
00073
00449
03687
00030
01293
02221
03228
02514
05576
00631
03666
05553
01555
05610
05762
05677
05554
01385
04397
03893
03349
02368
02984
02551
04497
01029
04085
04943
03653
04382
01226
04926
02460
04748
01536
03430
02559
03060
00377
05057
05620
05823
03327
00194
01079
04119
04390
01107
01075
00098
05373
03229
05356
01355
04486
05878
00268
03211
03919
04629
03001
05847
03852
05969
01152
00979
01587
04231
05296
05092
04676
01050
02597
02019
02467
05029
04975
04126
04771
00156
02862
00168
00833
01953
05085
05649
00282
01442
05560
02880
02570
05103
02107
03228
02402
02233
05528
02362
03077
04966
00740
05041
01407
05297
00223
02105
05651
02495
00511
03810
02479
01324
04904
05265
01198
00628
05594
02421
04362
04974
00566
03352
02779
00338
01934
03201
02913
04362
02632
04502
04762
03319
02079
00414
00080
02939
03623
05269
05458
01619
02539
01288
01709
05448
05988
01136
03943
05771
04040
04973
05112
03021
02012
02871
02358
03921
03143
04473
04331
00393
01013
02682
03621
04221
00485
04544
00746
02634
01104
01721
00165
00470
02198
02196
04530
01634
02967
05738
01201
02841
02186
04075
00154
01189
00990
01650
02878
01025
03914
05402
01334
03480
00803
02154
02747
03196
02090
04859
00497
03315
05455
02571
01424
04252
02774
00906
01712
03407
04932
01250
02640
03987
00886
00644
02963
01913
01342
04140
03513
03029
00652
04742
05397
04845
00693
00058
02144
05369
05954
04355
01161
05258
04935
02190
03190
02168
04190
01214
04508
00036
01087
03004
01800
01644
01999
04507
03848
05117
04195
00138
04904
02418
02719
03490
02780
04010
04911
03743
05063
01240
01568
00652
03878
04260
00620
00327
04877
04863
01249
02547
04587
05011
04941
05356
00780
04665
00280
02278
00475
01236
00558
02526
04898
04587
01000
00914
01712
05668
01797
02716
02309
04956
01946
02713
05933
05427
05667
05768
05286
05332
04276
04462
01744
03826
01362
04119
00257
01469
02839
02839
02866
05476
03253
03150
04649
01909
02714
01913
00947
02080
02028
00293
05614
02409
02002
05631
00704
05948
00703
03399
03128
05371
01148
03491
03887
03843
02784
04640
04794
05725
01134
02179
01711
02192
05740
02973
05538
02115
02779
01629
03771
02208
05032
01343
02853
00293
02174
05890
04229
00308
03253
04456
04661
03242
05611
00150
03388
05004
02285
05851
00540
02237
05491
02542
05032
01452
01429
04480
04112
04250
01294
00432
01018
03338
01052
02909
05407
00161
05328
02934
00527
02829
03992
00525
01921
02050
01814
01131
02652
00607
01213
01389
05755
03936
05336
04571
05696
04316
05447
03897
03592
03870
03462
05351
05894
02017
01628
05875
03231
00404
00205
01326
01762
03373
01868
01804
00082
01945
05121
02709
02977
05890
05683
03960
04074
04858
01826
00128
00331
04052
05219
05662
04350
01570
01049
03989
05922
04296
03388
05141
00075
04383
02857
01344
01778
05654
00982
01688
03386
03139
02912
00393
00657
00904
05523
05267
02830
03984
00085
04447
05453
04776
00687
02466
04597
03018
02969
03232
04819
01893
02833
01912
00180
03193
00264
00382
01044
00126
05049
00566
01166
01572
05303
01323
02830
04244
03250
02927
04827
03414
01477
02157
04635
02268
03007
01546
04754
05707
00491
03034
01611
01290
03727
05439
02769
00595
01358
05036
05082
00071
01850
00408
03489
00686
02682
05726
03982
02508
05731
04610
05284
03647
04198
04269
05480
00564
03910
02441
02969
01209
05556
05352
01439
05357
05609
03214
04132
00564
04703
04944
03978
00263
02444
04916
01352
05976
03164
01016
03733
02819
04122
01406
03535
00015
04955
01749
05751
01668
00280
04051
02429
05463
04998
01566
02788
05889
03251
04282
02562
05598
05454
02108
02295
05536
00132
05646
00519
05284
02979
03643
05381
04620
04364
04874
00701
05164
01914
00759
01902
05264
03498
00924
01011
01146
05910
04224
04749
04570
00065
05814
00303
05173
01569
03062
00069
05928
01476
03336
02129
05638
02545
00300
01395
00653
01485
05319
02613
04215
02262
00712
04512
00972
03407
05673
01183
00533
04648
05745
03070
01787
05641
02454
05166
02142
01883
01199
02696
03378
00019
02856
03659
01843
02060
01823
02132
02377
04463
04347
03401
04454
00674
00012
04722
02365
03179
02733
01540
04925
00751
04390
02347
02218
04156
02222
02340
03853
00255
00318
02708
03345
01218
00657
03832
00191
00774
02791
02779
00692
00313
03593
01501
00045
00179
03879
05462
01173
01027
00604
01543
04453
05809
00595
01832
02394
05760
04355
02452
02869
02066
01142
02446
02939
04215
04071
05294
05693
05444
00538
04123
00514
01900
04885
02359
00559
02510
03404
02258
00313
04346
00971
00235
05378
05457
04108
04794
00319
04936
02072
05475
00058
02296
04346
00152
04659
00934
05359
03935
03025
02218
02090
04026
03719
02862
00132
05513
03841
05893
01872
02712
01693
03061
04173
02870
00359
01042
00196
01844
05789
02073
05153
00293
01745
02198
05167
03896
04765
04706
04540
03519
02640
00172
02284
04588
03815
02499
04041
05927
02679
00589
00647
00158
00838
05399
04278
05274
05049
01946
01824
01113
04280
03318
03795
05053
02414
00494
02377
02577
02333
03775
03554
02131
05054
00878
03459
00259
00981
00589
03864
01942
03219
04682
04453
05399
05814
03221
01786
05195
00235
01211
01973
02399
05188
04211
05569
03777
02532
01285
00267
05335
05510
01138
01222
02159
03486
01140
05621
01061
05191
02178
05973
03338
04844
03728
02813
03671
02642
00481
04174
00558
04194
01370
02388
00857
05877
05621
04495
04562
05928
02830
04171
00990
03406
01150
05754
03399
03141
02945
03236
04980
00416
00406
04757
05799
02372
00899
05109
02883
02879
05490
04549
04455
00482
03804
03892
00668
04783
04976
03793
05351
04637
04815
02283
01771
05416
03768
03604
04158
03318
03291
04741
00182
00309
04956
02459
04656
04079
05222
00271
03533
03791
03002
02131
01882
05102
03123
04647
02842
04086
01094
00044
02226
04712
01419
04560
00352
05240
05186
02328
05961
00390
04277
00444
01102
01448
04072
03579
04330
01810
01135
00448
04859
02136
05165
02972
01914
00762
04388
02691
03705
05678
04317
00563
01272
03868
04517
00142
04147
00338
03667
04376
05772
05496
02370
00428
04592
01598
03263
00570
05993
04897
00129
05771
05008
05932
03247
02501
01628
03451
05810
01129
00331
01291
00585
02538
00972
04430
05059
05736
04775
04186
05037
04794
03114
04049
02535
03211
01120
00219
01445
00091
03632
03599
03839
03686
01088
01009
03861
04417
04867
02101
04643
04896
00678
02497
04461
01141
04979
01057
01255
00420
03248
01396
04788
02066
02488
04068
01993
04395
04147
02595
01068
04562
00340
01633
00862
01971
01951
00265
02675
02004
00405
05867
01386
02523
03949
05941
04701
03513
00497
05194
05191
03620
01058
00452
05868
01106
01721
01270
02730
05969
05019
04090
01226
05683
04056
01866
03491
00679
03793
03930
01323
01091
05187
03666
04938
00173
02948
01257
00878
03977
00905
01580
04373
01053
02146
01423
01402
02944
00338
03338
02815
03824
00046
03781
05315
01379
04370
02174
03120
01990
01786
05127
02403
01537
01332
03805
02537
01531
00448
03874
04547
02521
05648
05372
03334
00786
04066
02359
00178
02063
00567
05893
00236
02398
00975
05286
01097
00341
03939
04802
05450
00643
05103
01731
05311
00258
05610
05280
03353
02873
05171
03092
04065
00750
02842
02974
03950
00073
04984
01841
03286
05731
02587
05403
05893
01885
01170
02498
04387
02717
00626
02362
05893
03107
03987
05892
01330
01835
04442
01873
03456
02475
02627
03860
03002
02987
02074
05477
01921
02548
04087
05265
03069
04881
03028
04383
03805
02690
00027
00158
05938
00864
04129
05225
01717
00491
02330
01245
00640
03006
03047
05089
03968
01556
02259
03956
02453
02612
05461
04165
00323
00200
05490
05051
02392
05084
00035
00245
00970
04689
01087
00620
04204
05297
00853
04244
00861
05852
05464
04033
02446
02401
00086
03895
05998
03673
04391
02745
00452
02494
01135
04739
00855
00409
00736
04468
04685
01672
00191
01378
00767
00430
00256
01473
04837
04596
02001
04879
01139
02189
03233
05926
03375
00040
03051
01189
04414
01422
03603
02520
