02137
05409
01646
04056
01777
03915
02986
06397
04085
01999
03717
00082
00920
05383
03849
05993
03746
01973
06565
02146
02579
03814
03877
02372
04379
00738
03770
05589
03213
06630
03241
04206
03515
04485
06589
00268
02319
01105
02216
04865
03324
06660
01848
00604
01922
00711
04386
00308
06365
02877
04319
01319
06509
00212
05031
02018
01052
02609
02155
01846
02933
00543
02432
03179
05984
03087
06618
01192
00246
00943
04856
01151
04079
02666
01480
06233
00908
03707
01811
04819
05008
05442
06311
01806
03207
00699
04341
00677
02745
01468
03480
04109
06654
00508
05120
05233
06474
03315
04540
02080
02869
06321
05493
01652
06184
02327
02899
04196
02442
04048
04930
03789
05347
04005
04943
01683
05254
01541
02031
00888
03492
03124
00249
06487
03577
03935
00416
04260
04955
03168
01715
02223
04101
06643
05196
00290
00365
03350
00904
00975
00239
02946
02072
01627
06222
02716
02175
04165
02138
04396
03812
01664
05344
01736
00419
03324
02113
03229
06401
02952
00337
02650
00307
01969
00853
05841
01225
03843
06141
03920
05063
02123
02355
02425
02029
03343
00373
05775
02729
01313
03050
01625
00486
05783
03956
06609
01741
05308
02467
05758
04487
04030
03042
01554
01853
03216
04350
00359
02307
03702
05395
02896
03353
05907
01548
05701
03553
03283
02312
06321
04583
03799
00827
00333
04039
03750
02326
00757
01775
06566
03170
03485
06061
02597
01969
00387
00912
02286
05323
03897
01952
02135
00977
06107
04405
00052
02063
04154
05356
00986
06543
00238
01732
01254
01452
02450
01495
02302
02785
05995
06386
06243
00835
02808
05449
04488
04893
01805
05720
03571
05710
03782
05178
01554
04810
06476
00567
02298
02542
03259
00373
05220
03946
03203
04697
01127
00801
06641
04068
05590
01405
05032
06565
02934
03761
02278
01681
03073
00124
03197
03846
02281
03523
00420
04826
03152
02934
00927
01111
00372
02905
03022
01369
04497
01506
03775
02420
04466
01560
04686
06640
04250
00157
00774
03808
03405
06317
05854
02850
06028
02516
04578
06685
00993
05799
06585
04936
01679
03452
04393
03538
02431
01551
02205
01076
00865
03233
01542
03275
05554
03822
05668
01653
05302
01735
02809
00639
02389
01159
05906
05471
05403
04171
00589
03701
00618
05634
00022
02867
04065
02870
03629
03287
02435
03501
03614
00001
02780
05712
03181
02993
03936
02374
02817
06645
04694
02730
05096
00907
04901
01938
03848
01922
01895
06320
05437
05726
04702
04231
01979
01221
05733
01131
04399
05719
02731
03334
04027
03682
05443
05975
06587
03495
00796
04901
02704
03376
04211
01566
05459
02731
00223
03702
04065
03789
03441
02795
03754
02241
00258
00918
06432
00356
06623
01343
03660
04220
00600
01283
03877
02261
01789
02843
02873
02024
03853
02230
05204
03100
01344
05847
02171
05799
02380
02457
05973
05845
03960
00955
03513
02421
04486
01024
00329
01317
02199
06014
02568
00432
03446
05411
04748
03095
03873
05654
05930
01200
00388
00395
03155
00843
06256
00153
04131
06036
04571
00004
03920
00138
04836
04430
02874
01454
06553
01589
03090
02755
00406
01504
04082
02930
02292
02763
03348
01600
02169
04373
05003
04187
05076
05792
03287
05766
01733
00704
00503
06024
01489
01669
05682
04052
03145
01927
01255
00292
02780
05520
05291
06148
03026
04217
03086
03855
06031
01939
06453
05123
03309
02809
02650
06454
00847
02002
03393
05669
01454
04176
03896
01870
06002
01412
02731
05894
05699
02846
01562
01104
02339
00538
01360
03722
03125
04389
05880
05937
02938
03030
06347
05293
02571
04028
03238
06148
01798
04156
04169
00519
06468
02933
02929
03095
01126
01428
01411
06625
02071
05967
04803
04673
03645
01470
06444
02182
03658
05468
03057
04546
06563
03360
05806
00914
00252
04235
03585
03649
03148
02371
01611
05746
05333
05495
06323
03589
05204
03634
06237
05549
00815
03650
03265
03951
01215
01625
01201
05524
02449
02346
01365
04970
03148
04650
05689
00726
01097
03379
02199
00705
06687
02823
01407
00076
03295
00698
00257
04278
05377
02133
02047
05630
02465
04803
02756
02135
04820
03378
01101
02259
05390
01231
04015
01415
01053
01316
03638
01253
06121
02698
05744
02497
05560
04435
03297
01114
02368
05730
03952
02365
04608
02930
02520
00508
06092
03798
00033
00432
02713
02626
05706
01649
03529
03763
04851
05355
00403
02285
04751
03042
00548
05618
05769
01648
05411
00919
04601
04360
02714
02147
00783
04427
04354
03368
05863
06518
04128
04471
03395
04370
00982
00612
01570
02764
03786
01735
03593
05969
04430
02573
00697
03767
01842
03806
03102
03959
05199
05881
05467
00249
05696
06186
03242
05386
01347
04108
00657
05893
03705
05230
02827
01558
04147
00657
02398
06565
04854
02349
04622
04962
03942
02117
06297
04322
03703
06425
03209
03640
05225
06302
06122
05207
04374
03785
05414
04737
03598
05154
01218
01261
04159
00115
03404
00294
01719
01576
03890
04175
02752
01674
02634
00408
03838
04697
01417
00247
03088
05193
06684
03805
05140
02216
06200
02160
01077
01921
05826
04152
04796
03041
04414
02833
01407
06194
06134
02968
04611
01394
04042
05004
06456
03794
02256
02313
04411
01704
02274
05544
03227
03428
02431
04785
00609
01907
04183
01213
01467
04950
03862
00396
00145
06633
04913
02059
05615
05356
06574
01864
01814
03391
01974
02974
02418
03314
01620
04589
02480
05115
01728
05743
01298
02772
04989
06681
02048
06326
03857
05193
05726
03593
03775
05800
04316
02239
04175
01037
01465
03771
02935
03552
02553
02814
04022
00590
03926
03340
03899
01802
01266
06413
04779
06141
05688
06292
04646
01599
01580
06166
00424
00150
05489
01760
01433
06220
03646
04334
02416
02656
02456
02576
05402
01646
04340
03443
01305
05316
02808
03521
00200
04310
00249
03059
00762
03642
01233
04296
04703
01281
06159
00586
02553
04118
05052
04196
01582
03333
00019
05892
02644
04300
04788
03359
03802
03877
04542
06347
02165
05852
03149
02042
06171
01176
01169
03452
05707
03342
00481
04743
03615
03995
00558
00743
05168
01898
04615
03170
02693
04981
06618
03730
06491
06580
05310
05969
00671
03654
00633
01338
00460
04657
02136
02589
02613
03296
05653
01405
00837
02092
04133
01223
03639
01743
02636
00668
06273
04750
05666
01788
05607
03954
02424
02818
03072
01318
04376
01280
05490
04184
05374
00799
00852
03572
03205
01080
00317
04331
03594
00346
03307
01294
03071
01403
05962
02923
00503
03822
01688
01037
02038
04992
04938
04960
00093
00388
04301
05920
03668
03537
01566
04711
04144
05331
05687
01601
00992
03437
03284
02444
00051
03146
05927
00418
04541
02563
04480
03954
05232
06425
00888
00756
06149
06252
03921
00885
03808
00475
05872
02255
06541
02193
02812
03695
03717
05065
05622
04332
02817
04098
05885
02627
06457
03021
00799
03180
05398
03267
05910
00697
01354
04016
03123
02752
06257
03670
02493
03607
01174
02292
01758
05503
03818
01626
06639
02544
04497
06598
05549
03912
02580
02973
03361
02601
06528
05648
03136
04106
06086
01271
02347
05610
03362
03103
02752
02566
02985
01544
04593
03277
00246
02442
03015
03635
03026
00818
03599
04783
06378
00033
06652
00279
03534
01820
00298
00553
05303
01918
06302
00422
05541
03223
04016
03143
01192
00679
04578
04793
04353
06084
06094
03316
04330
04822
05007
00440
02858
06243
03393
03427
02222
05595
04727
04579
01221
03465
05647
02331
04939
04004
06137
04097
05079
00159
03660
02552
03951
03028
02814
06240
06289
06589
00899
04686
05463
02051
04438
06394
04043
05527
00904
04701
05686
03923
04930
04152
02951
04886
00318
02155
06508
03854
06593
00579
04148
05211
01828
04611
03304
05349
00017
00162
06405
01190
06461
02409
01368
00202
05704
06129
01054
00764
01621
06107
01069
00958
05185
02100
03915
03374
04519
05458
01666
04511
03666
00056
00477
04567
01534
03702
03723
05030
06221
03156
01134
03141
02730
01525
02519
05894
03001
05637
05981
01548
01539
02031
04384
05067
02016
00770
04065
00789
04482
05847
04432
04200
03536
06507
00425
04859
01749
00048
03771
00425
01183
01558
02375
05613
02669
04740
05549
05904
06057
03525
03186
00781
02478
00813
03779
00175
01002
04825
05269
01494
05016
00314
04782
02800
03490
05578
03048
02251
01522
05018
05125
00695
01643
02663
02947
03914
03391
02612
03678
01180
01067
02162
02756
00125
04447
06587
04125
03222
00297
00678
03380
05575
00344
02651
01498
06228
04230
04943
03190
01067
00467
02274
05057
01786
01073
00165
01756
00551
03282
02396
00149
00221
00397
03172
03231
05887
01325
06255
05279
04074
06619
05216
01484
02775
00943
01311
05482
04195
01534
04287
06011
03835
01772
05658
01494
03782
01049
00686
04558
00362
03074
05492
01567
06215
03497
00507
00244
01898
03325
04428
05148
02470
03861
06625
04319
00862
01944
04333
01034
05106
03316
00489
05888
03620
03100
02397
04825
03550
05022
05439
04391
02942
02710
00633
00131
04443
05337
01942
05625
06388
05990
03922
00618
02864
02831
05171
06360
03240
01540
01213
03840
06256
02754
02471
01435
01016
00251
02212
06553
02343
01458
02547
05320
04539
01926
00166
02774
04441
03147
05487
03120
05336
04313
05306
03059
05813
00237
04275
00923
06516
02562
03380
05318
01774
05741
04027
04522
04744
02690
05250
00896
00309
02464
04772
05034
05005
02259
00759
01592
05564
02372
02452
04480
02270
06637
06647
03731
01348
06467
01045
05508
05508
02002
04777
06288
00267
01009
04750
03244
00841
02588
05395
00260
05958
05139
05860
05592
03052
04660
05529
04928
00732
01540
06661
00205
05550
01990
05045
04555
01545
06581
01849
04836
04095
05669
05192
01887
00868
02542
05871
06341
00653
01581
04435
00337
01173
03832
01344
06302
03268
05713
01975
04464
03018
00307
01012
03615
05143
05141
06121
04767
01741
03863
03854
04981
00013
02926
02001
05715
02616
04352
00592
02785
04541
00206
05891
03616
00140
02344
03072
02532
05089
00395
06633
06485
03214
00189
03264
04726
01143
03593
04954
00403
05276
06453
05138
06261
03002
05010
02697
01968
02560
00839
03151
00696
02774
03439
04542
06257
01419
05449
02172
01206
04939
01773
00295
01278
01027
04481
01932
02650
00265
00294
03904
00670
00505
05202
05083
05055
00442
01104
01595
06265
06040
00971
06101
01179
00382
06550
05332
05300
06439
03320
02971
02037
04310
05180
03998
05857
05334
00285
00829
01752
05197
06241
03995
01437
04169
02880
05845
03239
02894
01272
02367
00159
02419
00143
01350
01404
04811
01293
02009
05212
05872
01561
01126
00379
05266
04947
03969
06043
00154
01436
05642
04519
04727
02902
02144
05224
06243
05673
01998
03893
02568
03147
04754
04318
05533
00165
03106
03149
04023
01544
02062
02798
03529
03236
01317
04838
06243
03923
04648
00791
02056
03361
03153
06266
02211
06523
03218
02546
00896
05391
04736
02977
00417
02092
04655
05981
02467
00671
02364
03677
02612
05354
00466
01425
06366
06532
01012
01737
05725
04667
04015
02630
02167
04842
00612
00676
01793
01058
03373
00820
03563
00840
04188
02543
03285
02708
04598
05357
05133
02703
02629
00888
04644
00435
01842
03967
06528
04499
02874
03100
03400
00139
04247
01780
03852
02345
01696
04782
03349
03995
04449
00865
04253
06373
02262
02644
06096
00814
04087
04093
03466
00279
04109
00210
06193
00204
05876
03317
04607
01472
03461
03775
04253
00712
03923
02388
04591
02255
01365
05589
06319
02577
01755
01222
03246
05810
05454
02783
02998
06622
06675
03015
01691
02828
03552
05788
04077
05836
05194
05230
00958
04070
03507
06190
02498
02497
05112
01999
00527
02144
00863
00542
02152
05648
01854
05075
05937
00375
03911
04628
02236
06649
01973
05060
04507
04006
02154
04941
00890
01700
02203
05708
04966
03847
05089
01154
02672
05398
03060
04345
02572
00872
05661
01223
04558
06085
00694
03863
05574
05544
03919
00647
05792
05606
02125
00339
03471
04989
01602
02160
02955
02691
02776
02124
05310
01501
06390
05361
06448
01392
04869
06053
01831
05235
02993
00802
06674
02435
00200
01228
04834
06133
00780
05612
01939
05626
01028
05746
01114
00033
03957
03011
05404
02001
04923
01913
01199
06181
04500
05573
00284
04423
00802
05040
05120
06549
04837
00262
00004
03427
06371
05531
05189
06641
00547
01031
02242
00928
01057
06298
04573
05922
02847
05593
01928
04643
02746
00820
01304
06523
04989
05341
01905
03977
01248
05030
01114
04918
03145
03671
06312
06004
06591
01715
03022
01410
01895
02497
05783
03621
03800
01110
04411
01139
02472
06094
05269
04432
04773
06325
05034
00355
01786
02741
03228
06477
05514
01922
03293
04493
01811
02057
01335
04890
03916
00686
00085
00170
04622
06109
02560
02784
05885
02567
01241
05206
04655
05559
05278
06517
00922
05932
04392
00013
04735
01534
01739
02452
01364
06477
02710
03876
02829
02849
02711
04594
03067
04221
04487
02687
06154
03159
00359
00881
00773
02969
05546
03553
05013
03590
00495
01837
00279
06384
05207
00761
03947
03758
05200
04972
04998
00187
05309
03701
02560
02077
06017
00879
03671
04727
03696
02695
01052
03655
06534
00729
05391
02624
05255
06570
03718
01733
03968
00176
00567
02581
01947
02407
06532
00499
03841
02921
04824
03639
04813
01262
00372
03203
06378
03118
03400
06661
04955
00879
01671
06449
02927
00327
03875
06123
03496
00379
05630
05075
02689
05619
02339
05785
01167
04595
04468
02963
01932
05973
04215
03654
06667
04425
06093
03742
02880
01422
06599
05939
01521
02711
01165
02541
01236
04543
00074
04251
02579
02173
02229
01084
04822
06525
02821
01870
01375
00988
01812
01564
02031
01263
01554
03143
01646
04731
06598
04882
06061
02863
06123
00868
01369
01707
05248
03616
05831
03758
04438
00239
01403
05508
00750
04020
03878
04175
00275
02021
04948
00028
01959
04457
05584
04552
06494
03092
03923
03288
02093
05483
02799
03310
02060
01629
00416
03259
03841
06080
00954
00735
03437
00500
05370
00536
04438
00767
00355
02332
06217
02669
04450
03321
02763
05139
04642
03706
00566
01819
05301
03248
04340
05666
04684
01550
06006
01106
04105
00383
01596
00791
01580
06579
02647
02806
06353
03393
03685
06314
00617
05508
05033
04019
01004
06020
00014
04812
00860
05845
05578
05356
05193
00427
02327
06057
06534
03336
05694
02090
01265
02035
06637
01144
02764
05925
01578
00784
04099
03595
01855
04083
05886
01768
03981
05875
05882
01029
03005
01197
05044
02523
00806
01508
01190
00805
05192
05002
02299
01419
05103
02670
06079
02758
02727
06483
00784
05822
05872
03839
01548
04170
03687
01912
02471
00779
03068
02808
05385
03084
06276
06015
04365
00527
01570
01087
04605
04429
04969
06588
02798
05808
05881
03082
00136
06674
04827
06440
05835
04833
06485
01811
06337
02362
02775
03900
00272
01750
03127
00715
02385
00489
02350
02813
00762
05942
01063
05813
03910
01041
01096
06183
06102
01001
05005
04233
00428
06185
00053
06284
02760
03506
02587
06415
05506
01010
01785
00587
03057
01452
05712
00971
02117
03604
03909
06115
00089
00502
04448
03541
03916
06151
03966
01247
03617
01757
00394
00552
00978
01993
05525
00101
02785
02430
03104
00040
02458
00704
04253
00897
05514
03354
02885
06330
06230
01593
01155
03077
02969
04855
03082
01228
06167
01293
00814
00104
00866
04441
05364
00471
04094
00740
03147
04841
00245
06380
02131
03998
03506
04970
04217
00587
00347
03723
03593
05702
00795
03580
00561
05287
01058
00100
03631
00949
03352
03229
02199
05923
00268
05192
03683
02793
05661
03535
05390
01987
03756
01952
02468
04404
03889
03073
02067
03395
06517
05287
06217
04655
03713
00761
04450
01050
03228
02553
01541
00609
06615
03836
01088
01471
02861
05335
01972
04935
01987
04562
00827
00743
05882
04767
01748
00695
00260
01461
04145
01279
03842
03279
02072
03423
05931
00227
02836
02653
03683
05235
05876
00116
00843
01927
00926
03231
01280
02160
02606
01605
03235
00301
03866
01097
01495
04333
01282
01687
02995
04962
03061
06630
03003
03270
04418
02984
05558
03731
02369
05759
02915
03473
02158
04390
06204
04116
05301
00285
05077
04334
05205
01602
04242
02492
04687
00458
06695
03521
00434
02867
04436
00084
01707
03024
06393
01512
02635
06266
03494
02790
00546
01110
02332
01835
03613
03630
04191
01272
03956
03452
06528
02690
03733
01559
01047
02123
02225
04200
02302
06487
03128
03272
03750
02315
01077
01921
04214
05190
03260
05814
04853
01602
00195
01321
06586
00090
03028
04720
02696
01458
05745
01413
05924
04451
05131
00363
01842
03446
04005
01149
05912
06687
04237
05354
02159
03971
04601
05889
03895
06351
05364
00776
00606
04120
01308
00801
03809
04225
06671
02158
02978
06016
02330
03470
05215
03078
03710
05444
02885
06200
03227
03620
04341
05862
04332
01888
01899
00852
02532
05853
06593
02452
06367
04596
04363
03540
02836
05420
03265
04153
05499
04702
01646
06525
03520
05157
06120
03446
03178
03207
00077
05675
02399
04441
04765
05612
01137
03007
01655
05489
04230
05816
02550
06204
02493
06553
06620
05418
00864
01300
01898
04329
04443
00497
00307
00364
05463
00280
04803
04503
01832
03151
05017
06565
02233
05940
01608
00312
00533
05834
02759
05204
02171
04025
02060
06112
03091
01944
05310
05946
00628
00047
02300
06250
04503
04714
02278
00007
03670
00449
03364
02354
04219
00994
05370
00368
06060
05405
01826
00810
06371
04247
05174
02311
00442
04090
04173
02355
01860
06440
00701
05624
04812
01955
06475
05775
03424
03342
00042
00252
04499
04059
00251
00534
04079
04901
06599
00290
01493
06668
03323
05862
00931
05067
00492
02672
03168
00158
02423
05705
02849
02614
06660
05948
01588
03559
00723
05808
05952
01369
01596
05845
01408
04146
04908
03343
00809
02587
05314
03028
01688
00154
03192
02941
03985
02217
01967
01049
05361
03338
06581
03887
00892
04290
05112
01645
04391
04963
03421
00778
03662
00610
03120
05392
04334
05299
04532
03674
03075
02450
00599
02770
02497
04662
03167
01407
00482
01027
03848
04023
05057
00924
00574
02040
04479
04048
05012
03533
05046
02648
03419
06452
01383
05054
02645
03554
05280
01496
00201
05371
05295
01123
04687
04356
02743
01100
02949
03727
06445
01214
05973
05290
00948
05882
01772
06305
01065
00467
05021
03318
00497
01424
02598
03718
01564
00285
01307
06587
06188
00747
05000
00600
01341
01785
03777
02974
03867
04116
06251
02713
01370
01810
00450
01682
04961
04222
03186
02869
03959
06208
03574
00765
05871
02713
06171
02457
06682
01326
03283
01267
01360
05359
00781
03972
02495
03318
02146
02507
01457
04522
03771
01078
06242
01770
02434
06363
03657
00746
05051
00384
05691
05702
03272
01015
03986
03154
00056
01049
01081
06510
02253
04250
00309
06212
05020
02868
03771
00023
01590
02181
01641
02718
04878
05529
04776
05974
04218
04709
03684
02529
01961
01551
03431
04766
03422
06206
02484
00563
02606
03900
04115
00721
04624
01483
04091
03550
00406
04378
05960
00147
01732
04935
02215
06357
05665
05098
05696
00808
06554
05399
02078
03452
05079
04569
04583
02672
01369
00527
06614
06352
06434
06201
02578
06418
02616
01788
03025
04037
01669
03382
03683
01711
04441
03612
01446
06162
04638
04762
06426
02482
05732
01751
01830
06609
02625
05347
05697
05003
00304
05038
00196
01109
05862
02837
00621
00674
01390
01291
01961
04486
06306
01386
05539
05143
02076
02634
00891
02736
01703
02388
00835
01945
00771
02868
06605
03342
04806
05592
04811
04113
04708
02139
03025
03138
06524
00506
00800
01293
03426
04550
05905
02279
01438
01181
06152
04362
03697
00559
04850
03422
01746
00525
00534
02280
05373
04309
06419
02489
02696
00152
02968
01415
02172
03865
00359
03996
03510
03216
02108
00954
01467
04843
06062
03746
01603
02164
03366
03389
02090
05308
02547
05249
02221
02068
03615
03828
02062
00711
02416
00740
00970
04444
06021
02580
05145
05706
06304
00758
01254
03441
00724
00626
01010
05983
02751
01754
03054
02873
00833
01532
05544
02517
01618
00842
01558
02330
02322
05269
04059
01402
03916
06034
04792
06119
05032
01658
05711
02424
02825
00372
04086
01688
05984
06661
03034
01187
02638
05207
02132
02072
01098
04803
01990
01338
02350
02861
01447
01314
00936
03211
00092
00167
03906
03819
04398
05482
00339
04053
06153
00137
04897
06138
03036
00322
00528
05502
00416
00157
05237
01085
01371
02811
06636
00269
03753
03395
01724
04995
02438
02160
06648
03857
04828
04068
04391
02107
03388
04480
00330
02811
00643
03999
00562
05536
00303
03593
03129
02930
04411
06534
03581
05417
04577
02705
03284
04590
03516
06168
03796
02751
00469
02645
00319
02507
02827
02670
03251
05631
04518
00865
02171
01154
05210
02500
03738
03662
03522
03561
02690
02828
04760
03002
00610
05889
02101
03039
03812
05676
00664
03937
02045
02637
01047
04940
02243
04755
01634
00552
05214
04966
03940
02870
06152
02802
06034
00358
04502
01937
03055
05004
01991
05713
02890
01364
03039
02207
05034
02347
02658
04617
04784
03757
05805
05449
05427
00089
06014
01407
01669
00092
03515
05487
04650
06386
02440
00221
05738
01834
01090
06556
00517
03101
03829
03201
04838
01542
04170
05438
06130
06341
04550
03629
01994
04442
05854
03339
03535
02133
03859
05207
00855
05929
01184
03944
03477
03938
02040
05057
02831
02092
05185
00202
01291
01129
04638
01048
00872
04611
03753
06046
00215
05732
00262
00486
04918
06082
06309
06352
06222
05108
03151
02141
02785
04738
05827
00624
06439
06589
05258
03870
06012
03376
04453
02033
00815
06694
04217
01109
06387
03874
01289
02119
05391
05328
00048
06170
01321
06563
00266
00578
02452
02036
01097
00859
05326
04065
05164
04984
01785
04547
05548
00126
01378
03982
00260
01005
05712
01328
03527
04821
04167
05293
05578
01925
04077
00562
01143
01673
01895
03223
04332
03839
00977
02963
05961
02325
01931
03792
05277
02114
03359
02413
00333
02991
05276
00049
05827
03216
00394
02506
04502
05567
01177
02322
06059
02381
05440
05645
03432
02300
04339
01611
04473
06434
03272
03201
02363
03765
06403
05520
00220
01532
02985
03707
06174
06125
01287
01759
00374
01963
01761
04544
05685
01512
00457
02674
04493
00033
05114
02005
01501
06443
01233
02939
03051
00959
06663
00685
02955
01465
00451
03946
04019
04492
01292
05503
00166
05317
04474
04522
05196
00099
06117
00267
03752
01204
06446
01381
05248
04407
02106
04295
02996
00038
04702
04271
00115
00158
01481
04803
03978
00369
04142
02040
03791
02844
00446
01595
03209
03643
05878
04196
01490
01647
04438
01098
02151
01323
00432
05779
03164
04518
00804
01891
05724
01000
01674
05271
04644
00323
04046
04064
06388
04551
04961
00127
05227
01847
03040
03515
00991
01511
05486
03955
05012
03887
03404
02165
00943
05168
02313
02208
03725
04398
05300
04563
06354
05946
03516
00179
05784
02547
06110
00343
02571
00013
03771
03467
06254
05769
04275
00970
04025
01392
02679
04200
04006
04187
00179
01893
04331
03060
05506
05316
02014
05443
03030
01029
06305
02988
04397
03499
01893
04913
02433
02677
02541
03351
00849
03735
00983
05227
03337
01852
04290
00959
01453
01748
00708
00251
04915
01161
06228
01234
06293
03587
06676
03114
00330
02273
05849
01417
03348
00966
01576
04585
00063
01237
01741
04722
03603
06165
04951
03475
05960
06366
01102
05496
03435
01313
06045
05115
01844
06182
01264
02431
05046
01224
02559
05565
05700
02674
00346
05458
03462
06170
03537
00098
04896
03475
06659
06282
01864
00612
00262
06007
06686
03607
06113
04378
06517
05260
02858
05128
04642
00007
03453
03943
02788
00697
04911
05278
05036
06528
03833
06666
01090
05065
02011
02143
01921
03188
05588
01835
05784
03663
00052
02198
06037
05228
00104
05270
04680
02241
00539
02153
01005
04149
03910
00953
03504
06517
05712
00120
00934
06576
02453
00094
04721
04032
01712
02933
05144
00823
03534
00476
04392
06600
02888
04412
01035
02108
03962
04883
00132
05323
00016
05458
05965
03391
01456
05930
04370
04599
05913
00203
06590
04993
03650
05350
04714
05676
01918
03793
06338
03961
05452
04482
02276
02501
01251
04049
00766
01843
02024
00874
02536
03684
05017
05907
05826
04797
06130
01722
04428
03060
03295
04127
04328
03324
03576
03518
00570
04231
02426
00628
06163
02157
06495
01225
05487
02071
00197
00209
05060
02994
06388
02023
04229
00455
00093
01756
02369
01872
03104
02040
01897
00624
04158
01217
03296
01024
02292
00981
02688
04994
02627
06089
01239
03427
06413
02780
06230
04138
01946
04544
00107
01828
03928
04782
04594
03631
03145
00053
00228
05211
03398
06153
04267
04487
00862
04147
02206
05257
01365
04168
01381
05521
06219
02836
04223
01716
03813
06468
01404
03882
02413
03067
05346
02837
01255
03378
05839
00877
00773
00871
00028
06162
02461
02777
04826
03297
05646
05307
02218
02404
01307
02370
01713
01552
04232
01901
04669
00008
00807
02732
04994
02287
06212
00629
02228
02858
00326
01900
05038
05514
00089
04756
05926
05922
02272
00767
01595
05102
02331
05507
02452
04300
05735
03944
06547
05842
00727
06048
01694
02861
00583
00217
00159
00073
06693
01214
05955
03639
03959
02803
03760
00016
05328
00542
04700
03383
01259
06048
05254
01150
06149
05925
00505
00113
06332
05466
04771
06029
04100
01017
04927
04293
02306
06507
05420
04844
04209
02482
04958
05075
00656
03760
05520
03232
00895
01764
02979
05035
04018
01708
06610
03469
01596
05745
03095
00940
04858
05820
01178
02752
06406
03741
02870
06084
03751
01374
00496
05080
04575
05469
04933
05726
04709
03363
01528
05494
04846
01026
03932
03861
05182
03038
05351
01951
00056
01469
04347
03789
03265
05773
00032
06558
04819
06567
02889
03925
04803
02505
06088
02836
06037
02575
00567
06224
01568
01767
01040
05938
02913
05409
05761
01426
00858
02911
02574
04391
06128
00750
03817
01735
01946
05585
06320
01521
00865
01018
06510
05404
02104
06320
02859
04830
02749
05385
02442
01974
05631
04561
02769
03048
06567
03583
00324
05320
02074
03727
06275
00611
00401
05441
01670
06210
05936
02926
05371
06571
04077
00528
04862
01726
02912
00465
01182
01344
01804
05645
01153
00956
03529
02165
00998
01376
01858
02686
03427
02795
05967
04585
01685
02125
01607
04937
00464
03322
01867
02206
02828
04105
01079
03073
04650
02302
01543
02658
03697
03671
03878
06049
00360
05441
01027
01830
02948
01453
05352
00416
00968
06005
03892
03090
04389
03786
00990
02566
01365
06593
06356
01662
05608
02623
03134
02495
06545
00856
05339
01260
02607
00968
03767
03920
03979
02585
05139
06614
02907
00237
04858
02219
00801
01185
04049
03162
06694
02986
01801
03960
01667
01396
01558
03141
02210
01557
06591
02147
05306
01937
02434
01890
04848
02793
00742
03798
01074
00388
06543
00386
05346
04018
03732
01898
04336
01136
03930
05740
00097
04309
02597
06379
02272
00997
06697
06688
03203
00559
03579
00702
05447
04684
02659
04673
01725
01419
05868
02680
06449
02011
05815
06077
00217
02494
00733
01317
00631
00960
01264
06553
06649
01687
01026
01507
06594
02747
02557
05611
03478
02665
00099
00379
04658
01162
02614
04673
01326
00778
04845
04152
00552
06062
00109
05013
06629
05731
03302
06233
02944
05725
06258
00408
05531
05260
01716
00357
01567
05091
03575
02673
01512
02675
02222
02154
03369
00706
04844
06521
04350
03617
05605
01304
03719
01304
06271
00718
01350
05614
03887
01964
04450
01201
01368
02419
05694
03064
03399
06052
05185
00560
02654
04207
03512
02556
06486
03283
06047
05369
00664
06174
05685
04998
05119
04051
02478
06381
04180
04478
04199
04423
05204
04644
02509
00435
04275
01695
01015
00923
03182
04847
05878
05590
01510
01133
02059
03254
02137
00498
06308
06086
04634
06256
01821
06408
04996
04552
03845
02054
04333
01371
05605
05626
00441
04852
00296
04460
03978
02511
06290
00700
01566
03056
04385
05326
00488
04778
00988
01999
04725
02924
02211
06457
00139
02050
00019
06602
04464
01154
03388
01194
00752
06633
04851
04795
01337
00932
05741
02530
01861
00745
03230
01737
03803
00751
00353
03299
03735
02959
01720
01301
04910
04467
01358
00263
00781
04261
01946
01778
04419
04846
05120
03525
03347
04465
00506
04454
01109
05448
05011
04977
05220
02306
02223
02364
00845
02910
01400
03030
00771
04007
00219
03686
01542
05077
02572
03379
05266
00681
02815
02666
05429
05165
05223
02444
00033
00079
02329
03659
02169
00268
04178
00624
04808
06113
01398
01327
02699
00498
04389
03518
02912
02820
03220
02247
04575
05577
02293
02762
00742
01525
03777
05252
02697
06064
04342
04586
00063
03559
05945
04809
00913
06193
03122
03959
04284
05776
02911
03868
02363
06256
02707
02116
00023
06292
02208
05612
03446
03763
02949
06027
04199
02874
05965
00622
06020
06405
03805
03440
01124
00376
00973
01542
06268
03889
02703
03235
03352
00968
05881
02684
06263
04003
02784
06362
01387
00171
05790
00177
06487
06039
06540
04918
00363
06276
00870
04737
06270
05650
01133
03441
00272
05343
05406
05360
02616
01806
05177
05731
04597
00356
01544
01631
01980
04499
04891
01363
03960
06675
00558
02126
01710
03645
03854
01296
00849
06170
00546
00033
06015
06002
05808
05870
01267
03776
00499
04689
03247
04767
04500
06159
03629
03178
02174
03361
05525
06696
06588
02641
01726
03129
02089
04047
05214
01094
00383
03428
01574
04565
00321
03790
02311
06246
00031
05030
00514
03962
00165
05327
06225
03652
05852
04276
03983
04119
03100
04454
00408
05962
04659
02476
06002
02960
05503
05691
06276
01089
01543
04402
02552
05525
03564
01787
01889
06500
03303
05473
04664
02574
04664
05803
03416
00466
01197
03469
02628
02938
02844
01729
00691
06425
04880
06308
05287
05102
01839
05980
05704
00397
03570
03487
03169
00581
03274
03434
00158
03961
00882
06128
02137
06023
04159
04049
05458
05123
06143
00719
06590
04940
01474
00412
00547
03070
03831
04582
00250
06328
02602
00157
04826
04972
06484
03967
05885
04138
02108
05210
01058
00266
00066
06538
02633
04259
00222
05973
04593
04149
06654
00197
05716
05049
06649
04210
03720
02508
06396
02213
03637
02590
02819
02725
00998
01718
06633
05617
03166
01512
01570
06106
05316
05130
00405
04683
00933
00503
03150
03295
01751
05122
02674
04500
04410
06088
06610
03362
06141
03623
02259
03598
04602
03555
00931
03245
00743
00289
01437
01513
03898
06558
00019
02972
01826
00477
03941
02104
04112
00138
05971
01235
04996
02604
04267
02707
03880
03398
02337
03498
04847
03503
02424
05176
04448
00200
00573
02918
05210
00858
03680
02980
02460
04081
04624
04350
06410
04171
04616
05193
01375
04386
03024
00304
01954
01482
00549
00962
00319
04359
00656
05204
04834
00616
03695
06300
00212
03416
05006
00254
00563
00170
05943
02221
05613
03940
01708
04477
02157
03956
00072
06272
01888
05820
04629
05024
02323
01280
03145
00518
02722
03666
02694
04661
02498
04582
04368
02265
02996
06412
06486
01814
00034
05380
01832
01532
02767
06036
03807
03277
03659
04401
01312
00004
06073
04535
02528
03321
00080
00871
02133
01718
00697
03748
00881
00701
05795
01582
03947
05175
04142
05784
05664
05310
05570
03312
06016
01706
03580
00829
06111
05207
06599
01180
04095
03898
02217
00401
04754
00713
05765
03289
04278
00234
00573
06445
02333
05656
06660
03942
05412
03239
06118
04920
03708
02482
06337
02738
00587
04118
00592
05559
06205
04148
02711
03831
06515
01668
01985
03511
01190
05066
06562
04628
01736
04655
02681
00464
00139
03390
04959
04932
01160
01144
05478
05543
01887
01945
04361
00334
01882
03045
00605
05885
03380
02871
00677
05589
00639
01066
00047
02380
06649
05493
03166
05959
03648
02253
03209
02614
03807
01739
04790
06091
04157
04511
05644
05573
05965
02701
04038
02740
02495
02234
00501
00228
04813
00559
02742
02402
04694
03970
05405
02170
06090
04791
04426
06154
06668
04279
06002
01715
03872
01463
01673
04787
05300
03967
05715
04876
06673
04885
06574
02617
03788
03377
01819
05239
03215
00084
04889
04170
05502
01407
06347
03030
04506
01230
04254
00465
05822
02069
02498
01426
02014
00361
04154
04233
06657
05912
02184
01094
05899
04692
04591
04104
05039
02259
02220
00007
05420
06633
02808
01357
00678
02462
06391
05807
05748
01323
04830
03368
05648
05843
01823
04900
04599
00299
03263
04175
00309
04719
02650
02552
03088
00439
00023
04400
03397
04055
02786
01708
03876
00236
02381
06344
01870
03501
04459
06522
04686
06625
04090
02411
05024
05602
05393
00665
04852
04955
04261
05591
04746
01279
04125
05497
00908
00079
02772
04287
03727
03294
00679
04882
05088
00491
03873
02898
01302
00808
00882
04823
04224
03658
03409
02623
02376
00966
03450
03880
04635
05679
01648
02751
01365
03177
02737
04274
01450
02830
05402
03689
05747
04827
02206
06312
00239
03996
00168
01774
03370
04173
04057
04729
01583
06141
04260
03683
00318
03529
04644
02210
02636
02853
00236
04805
03639
01392
05042
03223
02667
00245
04195
00432
06015
03115
05380
04966
03350
01277
01937
04086
05442
04343
03706
01845
00826
01265
01431
04187
04576
03090
03246
00083
04166
05838
06645
02068
04870
02328
05861
01207
03314
04988
00097
02965
00462
01113
02540
03962
00941
05715
03178
02026
03862
03471
02963
04127
03842
03644
02602
03551
03652
02646
01273
00010
03382
04254
00914
03437
05372
04282
03685
01139
00728
02079
02325
03253
06363
02281
01122
05926
03079
03638
03641
03028
06290
00851
03308
00678
04639
02356
04636
00335
05548
02819
02815
02952
05091
02109
00196
05462
03575
06317
03415
00603
05932
03314
06215
05587
05876
02348
02434
00871
01348
01390
00547
04897
06470
04619
03899
06415
00532
05454
03282
01607
00562
04261
01906
03928
02054
00707
05947
03637
05901
06006
01305
04998
06075
04401
00171
00419
06684
04273
00689
00348
06341
01331
05816
04238
03070
00850
05246
05042
01006
05423
01900
06504
04425
02155
01838
00680
03863
03496
03702
05156
03740
04548
04497
01685
04860
03663
01520
03273
00934
04396
04578
00646
01234
00052
01895
04518
01402
03296
00112
02802
04100
04709
03882
00841
05997
01529
02985
00389
01564
05659
03271
01733
03754
04275
00311
04968
03608
00330
00515
03065
06028
06022
06461
02501
03458
03683
03861
01365
00322
03377
05442
00292
06434
03481
04804
05957
00593
04555
02329
01734
02560
04242
00336
02779
00594
00136
06317
01062
04587
02912
06236
03712
02637
02075
01602
06032
06130
05107
04402
06287
06446
05051
05346
00996
01214
05835
01065
00038
03687
01742
04857
03553
03001
00067
00690
06414
04359
01299
02477
03400
06108
06587
00287
01592
05349
03517
01566
04724
01477
03663
06030
00020
02158
04719
06346
06641
01053
00570
00726
02272
03546
02102
05762
03303
03311
05032
06076
00175
02715
02298
06110
03342
03679
02173
01207
00239
05163
06527
02804
02937
02512
03332
05289
04700
06175
00299
02969
06616
02594
03096
02875
05149
02854
00222
05322
01679
00355
05215
02364
00044
01369
01943
00725
01947
00545
03491
01770
06360
00529
04722
04764
04606
06002
02627
00370
00676
03967
03514
04820
01457
03438
04536
03880
04026
05267
05230
02691
01611
04033
04837
01720
01755
06617
01378
00628
04508
03478
02989
01830
04559
02490
04324
01883
06432
00236
03870
05382
06579
05663
05533
05746
02759
01080
04541
01084
00352
04553
02427
00152
01780
02668
02051
01073
05682
00206
01946
04305
04465
04689
04287
05740
03308
04254
00096
04292
03159
04001
04306
02333
03333
05887
02251
00723
04399
03598
04557
03289
00950
03656
05028
01794
06381
00077
06431
02331
06191
01202
00907
03175
02361
06467
01685
03187
03551
01037
02875
01727
00522
01550
03779
00619
06250
02316
01125
05843
04933
01188
01910
05173
01204
04252
00841
01500
04368
02483
04534
01078
04858
01680
01058
03955
06077
03371
00611
04513
01881
06419
02140
01997
04666
05759
05881
03203
01878
06452
00913
05419
06596
04475
01137
06593
05554
01189
05975
02738
03726
00598
03819
02825
00133
03176
06210
02368
01928
06097
01612
05500
06625
05076
03100
03484
02658
02099
00048
04831
03661
06261
00566
02338
00949
03802
04626
05688
03320
05255
01145
06500
05618
05572
04540
03153
05465
04550
03775
03254
06476
05971
05542
06645
03166
04284
03394
03774
01636
00354
06599
03073
02684
01077
02885
02940
03763
00954
04618
01252
01598
03126
04280
02127
05693
03582
00984
00698
05079
06670
02686
01909
04926
04382
03440
01396
00234
05935
02350
04723
04038
02421
05044
04038
06541
06353
02553
03589
00039
02055
00366
03111
03253
01002
06327
02810
06147
05915
05890
01532
01677
01308
04455
03702
05509
04721
00657
04412
01449
06441
02053
03229
01624
03436
03965
05993
06446
01974
02779
05566
03493
02496
00097
04874
03892
01187
01399
00753
04871
04276
04780
02086
02161
00840
05244
02808
00539
02245
05230
06475
03169
01435
02522
00318
00439
05966
01932
01988
01434
03798
06097
00970
03609
00750
03330
04184
02359
02773
03183
02624
01358
00440
03280
02614
00058
02078
04784
03459
01497
03101
03591
04331
05771
06011
01050
02969
04255
01587
03239
00233
04393
05431
05914
02470
06358
03856
03961
00147
02342
05788
06179
05128
03660
04245
03300
03766
01761
03602
01852
04535
03362
02483
02789
00209
01496
00426
00104
02650
06048
05724
02259
03537
01175
03720
01931
05972
03037
02902
02641
03705
04229
00657
00204
02196
02389
00143
00974
00927
06448
03068
02254
02697
00748
01471
03278
01865
00763
03828
05285
01258
01773
05217
00401
00152
03317
02736
03275
00310
06321
02253
02528
05091
01128
04502
04121
04241
04664
00583
00911
06088
00200
00764
04553
01524
03104
01346
05779
04990
02616
00094
05399
01060
04419
01817
00495
00769
04113
03113
01899
03659
03503
05005
00928
01481
00748
04828
00150
02277
05473
01988
00371
05067
04650
04299
01814
00404
03353
06599
05823
05421
02931
06506
01485
05732
04897
06149
04170
05830
00449
02290
03158
05908
05167
02121
03111
01467
02427
03643
04836
05818
03822
01143
02438
02914
01233
00391
05540
03546
03057
06135
03688
04290
05292
04773
00660
01967
02324
01704
04286
00285
02264
03046
03736
01591
01165
03490
05915
03692
02143
01052
03207
01311
01429
00556
04772
06430
05201
05381
05572
01673
05125
02662
04481
03833
00507
05008
02866
05420
00536
05295
00102
04567
06206
00855
00306
01422
06036
03183
04581
04497
05207
04885
05138
01621
01430
06170
06064
05307
02174
03497
01193
04881
03824
03339
01521
02842
05573
03077
06387
03311
00645
04797
03276
05259
05243
01024
06183
04609
01509
01809
01121
06174
04175
03776
03349
03007
04086
03133
06416
05680
02724
00508
04171
00574
02611
00795
06658
03928
03221
05329
00962
06140
05322
01811
05231
05091
03364
04089
00332
05490
00171
00440
02759
04503
02879
03299
03524
02473
04613
04303
03906
00607
00404
06400
02631
04521
06358
04961
00746
05624
05790
00289
05079
00292
01136
01440
06594
02357
02755
04770
01796
03631
01295
03674
03575
04064
03556
05811
01204
00187
06351
04169
04472
02110
03720
03318
04408
00673
05076
04273
01247
04886
02414
00903
04811
02350
04102
01197
04830
05382
00310
05018
02779
01679
02593
05922
00301
04004
03077
05753
02593
01265
00795
01289
00836
02046
00482
03327
04923
04074
03619
04141
05899
03114
03725
00957
02069
04422
04649
04246
03736
02506
02100
05371
03874
04219
01092
01622
00836
05940
04457
05160
00949
06512
02462
00891
00711
05826
06661
02217
02091
04425
02320
03938
05911
02839
06541
02045
06013
04609
01893
06038
02650
06252
02741
05452
05620
00505
04817
00194
05210
00080
02914
02331
03599
04987
03012
02414
06418
06236
06369
04454
05217
05933
04942
06498
00767
04751
06015
03025
00936
00065
03973
01757
01525
01538
03181
02881
00658
00387
01848
02871
04297
05208
03423
00004
05708
04191
03120
03195
01811
00138
01394
04108
05243
00718
04339
03849
03555
03492
02864
02540
02938
05252
03802
01712
01585
06146
03256
00278
06483
00861
02244
02241
01759
05787
03652
02893
02694
03195
03107
00129
02067
04873
01565
03785
05624
05708
05311
06383
01719
05319
04103
00349
05273
00698
02680
03011
01038
02097
03395
06083
01827
04753
02794
02907
04370
01466
00290
03720
04757
01971
06437
00781
01450
00465
01960
02231
03269
00644
04732
03486
01074
02559
05120
02562
01207
00393
00511
01969
02244
01142
05072
06100
03791
05305
02414
00690
01367
00953
06587
03732
05768
05155
02061
04615
00867
01998
02509
02304
03672
02569
03908
04989
05150
01670
01215
01342
02032
05271
01090
03367
05827
00199
06665
05725
05219
02072
03839
01281
02806
02752
02669
05140
03655
05943
03368
01073
06056
05611
00679
01734
04085
05467
03971
02778
05146
02450
02700
01184
04235
01260
06205
00960
03898
01090
02981
04459
02053
01771
04614
02720
01707
06667
05675
03854
02994
03204
04969
04786
04688
05069
05398
04943
03123
05955
00707
06533
03253
01592
02236
00274
00496
03162
01190
02444
05015
06260
06648
01616
03651
05304
06463
06405
04378
03001
04953
03837
05278
00845
03849
01472
00162
00436
06434
00382
05218
01668
01194
05279
02864
02044
00381
01135
05424
02419
05447
06293
00760
01225
03002
04845
06125
04773
01613
00373
01443
02043
05811
04613
05363
02663
04648
03267
06688
00796
04499
04062
02483
05890
01452
03048
03932
01213
06665
01391
04518
01946
06528
03632
02503
00093
02292
06362
00130
02981
05713
03927
00362
02101
00025
05822
05572
01436
03614
01000
05472
01456
00346
06193
03613
02785
04242
01519
03655
04736
01535
05010
00035
01051
05383
02180
06026
05531
02816
01851
02690
05201
05287
04824
01822
06647
06468
05008
05297
05466
02182
00139
02211
02802
01205
00226
01060
05970
00328
03524
05138
04278
05011
05196
04414
00079
00510
00107
00590
04300
03428
01409
05330
02400
06086
04011
06237
03985
02878
02591
01203
03293
00281
00943
01957
00096
06674
05985
05697
04792
00482
00560
04925
01344
02189
02925
04715
03085
01129
04525
00019
05236
03483
02750
04429
03242
03035
06169
00789
02374
01457
03954
06657
00763
04102
00229
01350
05770
01720
01721
06699
00199
05207
05839
04028
02541
06129
04181
02271
00393
06409
06255
02205
04895
04901
01603
00431
03611
02409
00373
06203
05467
02904
00499
05943
04042
02662
00452
05794
01410
06355
02932
04567
00255
00164
00124
02763
00536
05804
06640
01485
05611
01362
04148
06604
01996
05210
06325
06633
04896
02982
01881
00748
04056
02239
05997
05286
06557
03969
03032
02629
04730
04076
03553
02160
06505
00749
06324
03213
00516
05233
02438
02966
03756
04844
