03392
05697
00981
02487
03437
01327
02441
05093
00207
01413
03193
03224
04184
05057
05081
01736
00214
04923
04833
04227
05006
04784
04855
00534
03658
00239
00942
06454
05333
00128
03956
03556
03914
04308
05369
01955
02205
00757
05611
01623
05089
03610
01759
04460
04265
05967
01041
02048
02722
03751
04829
04470
05053
06255
06199
01760
00747
00369
05820
02104
03960
02209
04715
00659
04354
02136
02070
02106
01843
02218
02282
04951
04626
01854
00910
04216
05281
03282
05217
00555
00487
01824
02036
01367
05412
05208
06374
05010
03597
05379
04030
00036
00662
06026
04027
02823
05628
06025
01152
01802
00653
01532
05499
03280
04086
02460
03620
05402
06276
05893
01435
04742
06167
04975
06290
03633
05712
04344
01994
03248
01140
03266
03017
02367
05352
04678
01704
05565
04788
02428
04835
04292
06044
03694
02290
02408
06129
05624
06221
03772
02903
05654
04500
04539
04567
06147
04843
00105
06413
01464
03389
06351
00220
03289
05824
03349
04133
00448
05678
03519
01982
01013
04892
03983
06559
00947
05394
03155
03927
03783
06379
06482
04686
05295
04663
02480
03268
00149
01804
01019
01230
00879
02756
01914
02313
01357
03887
01065
01526
02742
04536
00403
03750
05486
03390
01805
04751
00360
05449
04867
05013
01100
05772
01569
06220
04958
04442
04064
03408
01955
04280
05323
05000
01536
03722
06373
06031
02097
03042
04944
02146
04258
04468
05644
05704
02110
02045
04491
01147
05433
00353
05749
05861
03444
01419
02725
02093
05253
04055
01679
00665
03296
01540
01780
06262
04791
01157
05580
01154
02825
01158
00054
01315
04714
05100
01183
05912
01734
00349
02164
05605
01467
03615
02406
05404
01498
00164
02442
01486
01257
06155
00209
06290
01289
03530
00571
01484
04143
01007
02531
01647
02570
01710
03711
00005
01192
05381
01222
03354
03716
05323
05614
00665
05112
01519
06009
02046
01971
06572
04323
05923
04415
02178
00467
04350
04057
05504
03099
04759
05990
00397
00982
05112
01895
06295
04678
01877
05329
01154
06366
02730
03571
03842
06354
03996
02069
05564
05338
01616
05505
02558
01997
04687
01889
06431
02007
06411
06197
03353
01609
03043
05710
03883
04722
05570
01604
00299
01279
02542
00961
03673
06100
03205
04888
02118
04111
06121
05637
03435
03797
00628
06523
06494
04195
04167
00268
02168
00411
01676
00184
06514
02585
04299
04333
04973
05761
01633
00214
01944
04032
00077
01428
04516
05147
04877
03294
05684
01239
01109
06598
03648
06486
05063
00754
05249
01202
01350
04668
02983
04858
03436
05870
00757
03263
03652
01701
02214
01385
00194
01913
00473
00867
01854
03190
01048
00543
01015
03586
01663
05623
01780
04803
06263
00913
05342
00596
00290
04550
05593
00484
05489
06016
06457
03924
00272
03302
00793
05635
01939
00797
04815
04624
01187
00212
04828
02914
06513
03524
03263
02991
02851
05746
03129
05151
04236
02011
00235
00125
00693
02139
01347
05506
04289
05417
06526
01605
05479
04395
01399
04627
00272
04641
00094
00151
04913
00704
04691
01230
05282
02566
02538
06457
05780
05221
00369
03560
02322
02943
02467
03456
03446
00716
00129
05417
03373
03794
01951
03398
02564
06569
00386
03409
00953
00065
05609
00402
01919
01435
04881
04172
04489
06066
01362
01933
03535
00356
02295
03088
04038
05008
03587
00497
04410
04262
06590
02900
01727
01973
01008
04962
02581
04037
05388
04761
03322
01714
03405
06278
05865
02097
05063
04474
03272
00906
03060
06358
02223
04890
00951
05493
05020
04092
04957
04221
04540
01444
03735
00208
02460
05568
03140
00501
00501
05731
02940
04351
06318
04255
05159
06279
03651
01333
02451
06290
05836
05916
01605
05649
00936
04349
06039
02441
01320
06367
00055
04831
02840
00723
00856
06114
03880
04214
06369
04348
03873
03038
02644
06006
06082
05187
05162
03351
04706
04332
05369
04505
03784
04571
00239
03401
04951
00110
00112
06561
01373
06227
02859
00019
06203
03295
02516
02724
02470
00123
02786
04714
00099
01827
03568
05412
04794
01548
00625
01589
02297
02682
06388
02700
05226
04675
02768
01139
04695
05636
01768
06137
02153
02589
01151
01742
00711
00011
06351
05643
03092
04131
00715
06308
06065
01214
04725
01747
04690
02269
01122
04322
06069
00562
04817
06173
00836
04144
04482
00113
00244
04049
03195
05157
00622
06322
02782
06204
04242
00132
02710
05931
00108
00946
05376
05573
06543
02482
03087
02105
05125
05562
04295
02564
00481
00681
06507
01289
02411
00927
03555
06570
03418
03073
04325
00889
06249
01829
01163
01351
03376
03494
05381
00176
00563
06157
02085
05177
04071
00476
02913
04688
03024
00152
00086
03751
00873
04691
00871
02276
05859
04154
04781
05303
02342
05130
04424
06072
00061
05826
00732
03125
01643
02229
02687
04550
01212
02086
01966
02549
00639
06512
01920
01645
04567
04809
02442
04174
00841
05659
00105
05601
05744
04999
01006
04278
02371
01270
04491
04088
04000
01525
01228
03138
01705
00092
00665
05633
01917
02051
04175
05597
05490
00505
04239
01876
02710
06115
01214
00125
01077
00030
00771
00654
06413
05657
03336
06347
06501
05449
01216
00628
04188
03690
02806
04729
01454
04223
02310
03324
05888
05527
02653
01763
06365
02924
05434
02241
03497
01657
05496
06224
03034
04159
01908
01334
05935
00524
01705
05825
05689
05673
04275
05615
04526
05022
05696
02318
03244
04244
02890
00309
00082
01606
02698
02293
05330
00853
02263
03776
01363
01311
00763
01852
01891
00211
02382
02860
05066
04124
00164
02524
03554
05768
01265
00110
05210
00155
04061
03846
06561
05029
01899
02134
01879
00372
00827
06375
01887
01615
02711
02709
03913
04009
06339
04933
04205
00198
03109
00006
03362
05509
01412
00129
00244
00650
01494
05518
04835
04783
03993
00828
01744
04494
02162
01621
04427
06510
03812
06124
06071
00143
04569
06004
05007
04731
00012
04406
02298
03420
00590
05870
04394
02412
03935
05187
01579
05804
03293
06233
05262
06053
01120
00621
03365
05941
04886
05292
01929
03990
03033
01120
03383
04033
00214
04632
04361
00202
03050
00707
03608
02408
03053
04633
02648
02379
01848
01798
01924
03410
00586
03044
02512
06177
00094
02660
03877
05900
04369
04536
04862
04978
05767
04624
06154
03296
04109
02783
01859
03184
03241
03937
05843
01071
03549
05219
02278
04664
00771
03615
00754
02544
02650
02355
02042
06423
03023
06181
03771
01071
03687
06541
00174
03077
02896
04039
01892
02353
01583
03203
00824
04507
06468
01435
02061
00772
05931
01624
03440
00526
06595
02337
01833
01001
03913
01890
00491
01019
02919
04933
02299
03531
02061
04951
00413
01491
02209
02273
06273
00815
00443
02961
04213
00126
02329
01845
02124
02028
00722
05252
00684
06409
05246
06265
01933
03618
04498
03253
05902
05890
05714
00623
05985
03796
03638
02562
06430
02424
01303
00827
01958
04424
02275
02014
02014
02101
00019
04892
01443
00995
05702
02123
05124
02422
02271
04706
04491
03207
04250
00711
00518
03991
06540
02904
04298
03606
05247
01730
01439
03800
05588
02785
05494
06166
04195
06028
03454
05604
04207
04628
02518
02708
01317
01433
01078
03143
00170
05145
02782
02283
05628
05262
02608
03997
03001
03027
02033
00660
05340
04259
04066
02512
05254
02141
01157
04149
05880
04464
02387
02192
01551
05559
04714
04764
06120
02841
00668
00737
00739
06049
03963
02419
06013
05996
01664
01938
05037
03908
00874
05523
04192
02216
01876
01346
02559
05781
06519
02402
06518
04814
06367
03731
06232
00107
04490
05263
05862
04361
01938
04889
03406
00790
01692
02522
05024
05895
04465
02466
05084
03608
01938
02287
04127
04631
06248
04692
02869
01277
03817
02681
00448
06138
01415
05859
00286
00356
05746
05545
05760
01115
02614
01242
06511
02325
05327
03661
03074
03801
00040
05431
04682
03354
02556
03307
05782
01402
01148
05177
01394
05360
01678
02422
04826
06232
02319
05555
06005
04965
06487
02821
03101
01261
01794
02568
02074
05217
02671
04152
06510
02343
06586
03854
01379
01303
02660
03772
00977
00190
03466
05965
01724
06098
03163
05316
01769
06123
03570
06271
06033
04674
05612
00359
04735
01369
04499
01143
05595
05518
05929
03239
03513
02550
02456
06140
03179
00826
06318
04629
00315
02800
04967
04405
00021
01904
01066
00256
06289
06097
05149
00483
00534
05352
00589
06429
04498
01276
05957
05884
03558
03513
02991
00501
05070
03016
00801
06188
04879
05903
05791
05668
03457
04010
04183
00635
01467
04341
05617
03653
02733
02916
06076
04884
02409
04746
03894
00721
01443
00242
06276
01857
01056
03550
03535
02487
03906
05794
00752
04154
02417
00315
05570
00274
00478
00001
04573
02141
01457
01214
00211
02760
06338
01106
01579
00396
06172
02029
02764
01735
03013
02079
00539
03204
01227
03336
06157
00040
00993
05671
03056
05146
00750
01561
04131
03390
01470
03753
01134
04557
05186
03166
02821
03333
06027
01533
01966
04489
02532
01099
05305
00373
04405
03183
05199
01576
01748
06043
00003
02237
04862
05285
05822
06440
02387
04590
01791
06034
02559
02670
05871
05977
04716
00945
01049
01280
03877
05418
05272
01654
05550
03667
02844
05405
01575
05694
06412
03433
00063
02755
01471
00282
02005
03839
04390
02912
04010
05709
00409
03539
04506
01467
04817
05476
04658
04588
01509
02668
05923
02469
06407
02543
02820
05647
04510
03859
00454
01952
04526
04963
01096
04125
06364
04851
05219
03464
06139
03295
03352
05754
03253
04748
03014
05014
04227
04411
02384
04418
06101
06405
05626
02210
01717
02464
01996
02003
05365
04157
04287
05929
01449
01466
01164
01637
04887
02243
02940
03070
03907
05248
01410
01722
02615
05226
02477
06322
01704
03544
00473
02360
00651
05241
02205
05285
05478
04581
06248
05827
05372
03485
03773
00428
01328
01499
00309
06070
05411
03102
01771
05051
02344
06518
03754
05449
03772
00377
01891
03474
02347
00672
02131
01025
00869
03370
02753
03842
01720
04378
05045
00076
06511
02879
01772
03175
06000
05384
06544
06468
04548
01066
05053
01525
00383
02455
06038
03873
00967
00125
04445
05780
02409
02736
04929
05761
05054
00477
04826
04509
04237
05828
04480
05506
01115
02304
03721
02700
05317
00095
01378
02211
02414
05545
03829
01870
00244
00943
01352
03928
03620
00665
05174
04906
05894
00651
02327
03365
05259
03533
01731
04434
04154
03830
05772
03200
02979
01332
05056
01512
02523
01339
02613
02248
01749
00600
04904
01563
02362
04576
03870
00578
01815
03066
05267
01921
05029
03237
03321
05872
03982
03663
03112
04484
02459
01084
04204
06298
06427
01671
02156
04847
00829
02320
00367
00023
03982
04570
01881
00056
00230
01383
04443
01034
01133
04187
05792
01141
06428
05642
00923
03191
05789
02391
03358
01001
02684
03754
00190
06572
03399
01636
05986
04733
03873
00658
03098
05459
05076
03908
02413
04097
05084
02441
04842
06260
00625
00313
02816
02074
00181
05486
06105
02437
00580
04088
01945
03099
01624
00812
03228
03747
04052
02488
00965
01350
04681
02533
04196
00752
01300
01882
02527
03402
06552
02689
04441
02453
02360
01792
01775
03460
03317
04934
02583
01598
00981
04551
06196
01903
02789
04558
01796
02979
02725
03751
03034
04230
03313
00526
03047
03515
03425
06567
05556
06414
00470
03435
04994
03576
01660
03491
00691
00175
06367
04044
05073
01199
05622
06544
01091
05609
02397
06093
05553
01767
00678
03340
00133
02249
00271
00144
00145
05023
01670
03304
06351
05859
04553
01075
00867
03961
02995
03815
00141
04519
04993
05998
03563
04003
01506
02110
05043
06222
00156
02204
00454
06475
06284
02836
04849
06539
05829
02751
05484
04664
05314
05953
06445
03700
04454
00173
02607
05861
03136
05480
06211
03471
05949
00855
02185
03103
01054
00742
06008
02792
01480
04798
02585
04147
02546
02314
04730
05071
05568
02815
02110
03699
05270
02717
05649
00484
02377
01638
05906
01216
02696
03857
06033
00189
01136
05339
00543
01518
06044
00196
00861
01619
03739
01361
03269
00117
02228
03963
04733
04043
06012
01868
04882
04867
00648
02161
03208
01080
04502
00688
03016
00380
03142
04871
04114
01251
02926
05142
00226
02653
03722
05435
05695
01949
04915
06513
01982
01122
01806
05259
00565
00729
01637
01738
00196
06357
03123
06337
00422
02325
02633
04073
06460
01416
06246
02014
05779
01671
05467
04917
01796
03590
00411
03880
05281
03689
04017
03824
01776
03912
04821
02294
02063
02407
03103
03342
03687
05716
04236
05816
05086
03885
00029
00636
05732
04285
05156
06129
00855
00083
06130
01042
01706
02032
01492
01303
03184
00627
02516
00587
02151
04002
04364
00639
04303
05871
03693
03634
02985
00628
00621
05387
00764
04453
00511
04613
01147
04761
03845
01085
04851
01460
01184
03819
01992
03564
04536
05147
06487
05454
06183
03567
06102
02181
01967
06323
00096
02998
01292
03588
01829
04642
04236
03829
03446
01353
05331
01304
03229
05248
00643
00238
00242
01758
05193
01779
00091
01841
06395
03865
02611
06352
01997
00279
01859
01812
06562
04997
02127
00840
04312
01583
01359
01498
06284
00492
03149
05061
01085
04161
02518
03260
06301
01927
03297
03325
03905
06150
04637
02784
04561
01324
03656
06131
03523
01903
02489
01379
05210
04970
00871
04945
00300
05103
03115
00662
06250
02369
00887
04117
00680
00597
00034
06155
00860
04573
00516
04509
00963
05120
04987
05543
01327
01034
00673
02724
04429
02283
06260
05599
03338
00606
06349
00605
05910
04408
03596
00516
03505
05187
00440
02524
03201
05567
00429
03945
01990
00684
00590
05458
03117
06446
01314
04033
01304
00828
01170
05351
03438
01063
03264
01044
03751
01412
02676
04287
04896
04111
00752
05408
00541
00700
06499
03448
00228
01370
01843
00449
06358
04975
05595
00184
05937
02378
02988
04627
00368
04289
00440
04320
06388
05951
05434
00404
04395
01297
02832
06261
00023
01934
01810
05429
03370
02377
04485
01219
02101
00476
03296
05263
06272
00867
03712
04618
03835
02226
02879
00024
00731
03019
06079
00859
05945
04672
05844
03021
03860
03497
05535
01154
03295
02163
01390
03239
01005
04222
04081
02707
02536
04577
02640
03048
00217
04611
06345
02430
04009
03392
01637
01829
06062
00231
02474
05828
04890
06397
03283
00835
05374
01832
00435
05065
00811
05633
06480
01107
03097
05766
05724
06018
05744
05187
02032
05616
02635
02965
00945
05118
03454
02282
02892
01997
01084
05425
05581
01511
02267
02114
02083
00057
06227
00337
03552
00392
00921
05964
00508
00172
06362
02294
03273
04013
02146
02695
01234
03729
03237
04850
01036
03248
00181
04452
00398
03460
04306
01412
02821
01560
06023
04035
03248
00419
03457
06064
06307
04665
06475
01024
02758
01807
04372
05505
00445
05232
04994
02322
01627
00569
05880
02297
04431
04190
00051
03616
01185
05791
00538
02373
01470
05282
02611
04620
01798
05846
02699
03363
06215
04065
03014
05401
02475
02991
01460
04148
00612
03167
00084
01895
00551
06356
03786
06220
00398
04701
03635
01555
02648
00417
01850
01415
05411
03659
01092
02809
03178
00893
00061
05332
05353
04572
01917
06188
04237
01976
05813
01291
02169
00270
00075
04106
05458
04028
01782
01040
04276
05633
01675
04386
02910
06223
01053
05527
05937
00549
01195
00167
03998
03677
02900
06191
01268
04918
05718
02388
01513
00015
01875
03626
00272
02609
06213
04879
02897
06040
05368
00545
02446
02894
02909
01008
05417
03636
00824
05321
00363
05061
03127
01872
02775
01041
00171
03546
00965
01603
00843
04932
00259
01087
02531
04340
04838
01668
00684
02122
02606
01865
03564
05970
03943
03024
01086
02584
02396
05372
05453
02808
04438
00880
02995
06290
06178
06189
01046
04399
05944
05839
02473
01066
03695
05189
06400
02230
03463
04403
04100
06535
04582
03453
05743
03879
03564
02955
03706
00705
03306
04956
01298
00602
04717
03504
03122
03024
03137
00606
04897
03658
04152
00382
04156
05194
00930
05764
01918
05051
05014
00369
00211
04755
05526
00968
02828
00998
04280
05082
02901
00908
00057
04543
05003
02256
01229
02730
01625
06206
00017
01623
06089
00561
01954
03651
04119
01038
01878
03456
06025
04928
02879
06468
03563
01705
02448
04405
02280
04385
00304
06539
05090
06302
01556
04273
02098
04769
01713
03514
06195
05920
02479
04492
03193
04422
00193
00004
04615
04179
01152
03294
02390
00817
04095
01422
05786
06180
01298
04152
05653
01701
04440
02152
02319
06452
02983
04927
01861
01759
00550
03964
04846
02651
00365
05498
01365
01157
03449
03459
00569
01334
02813
02249
02544
04633
02482
02052
06097
06202
05222
02630
04641
03565
01491
03487
02822
03288
01638
01469
05983
01790
00752
00707
00916
00833
03297
05173
03442
06084
01608
05566
01567
04778
00943
02334
05643
02717
01499
06299
03279
00479
01474
06522
03896
00430
04221
03746
06235
06112
05773
02182
04741
06404
03345
06269
03450
05320
00309
04704
03299
02836
00095
02551
06285
02859
04019
02920
03308
03833
06375
00429
01095
03709
06472
02240
01564
01580
03507
04958
02076
03759
03744
00686
06233
03963
03640
05741
02636
00843
00015
04751
00932
06124
05820
01059
00473
04941
03270
04939
00974
01536
01545
03007
04756
01945
00494
00765
04123
06163
00784
01495
00251
04401
00795
01770
01177
05832
04263
02614
00294
02894
06418
01094
05689
01494
05339
04630
00221
03604
06218
05460
02165
04191
02510
03493
05355
03776
00631
04045
05976
00366
04561
02657
06558
04723
05010
03285
04465
00502
04130
03229
04491
02165
01281
04994
00687
03927
01360
01068
04774
06468
01477
02550
02453
00746
03561
02691
02216
01285
03118
01394
06535
03833
06354
02032
03806
00327
02153
05915
05419
03306
05103
04127
00465
01797
03258
06447
03481
01411
05973
00193
00088
04618
06017
05310
02779
03260
04479
03588
01383
04532
06129
00570
02085
06354
01254
02992
03338
01763
03028
04497
01877
00640
02303
01990
04010
00072
02480
01976
00755
03685
03697
02385
00286
00408
04092
03895
02186
00842
00691
03910
03323
00601
00707
06001
03517
03859
04306
05757
02709
04385
01663
01522
04866
03651
00096
00127
00827
03796
04454
04241
06578
03506
04374
05223
02406
04876
01633
01149
05598
03992
06202
02779
05913
01872
02791
03010
04043
00480
06369
01435
04202
03895
03286
05155
01255
01448
01710
05678
03383
05548
05410
06031
05369
02797
01024
00545
01338
01217
02795
05597
01452
02401
02888
01817
04605
03158
03091
03681
04644
01815
01352
03189
05750
04856
00901
02999
00790
00787
00620
02647
02836
06188
02071
05949
03644
02755
04132
02313
05455
04635
06400
05930
04207
00642
05856
00546
05139
00981
00602
05859
00642
05426
00266
01089
00557
03425
05272
04362
00829
05103
03391
01694
00916
04424
02065
06471
00607
02856
04317
00957
03648
03143
01891
03809
00035
00999
03286
05124
03174
03195
02224
03771
02803
01213
00356
03921
00562
01980
01204
06153
04047
02193
00562
01566
01284
02724
04812
01322
00383
02960
03937
01319
01099
04287
06359
03349
05860
00003
01863
05889
00364
02651
02017
05102
00211
05894
02497
00138
05347
00471
05475
02920
00721
02980
02450
02261
05743
06469
00796
03721
01583
05214
04833
05964
02586
05849
04594
05443
04951
04035
05863
03286
06455
05617
02113
05239
04780
02655
02334
00536
00106
02132
03282
01089
06270
00630
05698
06518
01555
00069
03220
00913
02571
03351
00611
03809
04906
03728
04607
04054
06559
05371
03513
01695
00692
01033
01204
03018
01140
02540
06470
02791
03756
06393
02717
01794
05562
03505
04487
00900
03682
00994
06106
03957
04776
01598
01755
01056
06471
03232
04386
03730
00544
02782
03305
02704
06462
03631
00109
02092
04998
02595
02598
03595
03189
05457
03713
00183
05961
03265
00540
03500
02793
06551
06401
06049
00513
00728
06324
01702
01661
00189
03343
02228
01910
00113
01117
02020
05531
01024
05642
05088
00935
00414
01793
04792
05928
01752
02184
05435
01464
03611
01350
03379
05516
05376
04197
01514
03698
01201
03955
06446
05559
03467
01682
03223
06486
05479
02734
04033
01709
01967
02167
02955
05978
04913
05388
01570
01698
01979
03768
01706
02106
02371
03089
01451
00023
05945
02554
00716
03391
02581
00763
03278
01994
05926
00543
01191
06243
05262
00411
05874
03081
02247
02022
00336
03043
04961
04867
03797
05752
02204
06075
06473
02227
00325
02248
03873
02261
05527
03636
05049
03701
02519
00177
02865
06170
01099
03946
00929
01562
01759
01637
03906
04371
04182
05604
04043
05166
00906
04881
03908
03139
00769
04879
02667
03991
03884
04255
01945
00659
02100
02408
01751
04951
01115
03760
05306
00531
03837
03303
03097
03269
04705
06483
06135
05070
01760
04581
02497
01663
02848
00546
05709
00010
04741
06366
06445
04571
05349
03923
02375
04237
01342
01672
06178
05665
01663
05517
01911
04793
05168
00146
04145
04082
03822
03238
00123
01312
01863
01277
01117
02307
06230
03803
02450
01335
03868
05294
05561
06042
05723
05432
04686
06487
03304
01689
06469
06127
02197
04139
04370
00543
03720
00271
05511
02636
05851
06397
05355
01435
01816
03824
05444
02349
01089
02664
05585
04632
00898
04481
06526
00777
04412
02537
00540
03956
06462
04535
02564
00438
03689
06231
03816
02298
05265
01490
03511
04888
00276
01194
05091
01420
00504
06530
03537
05050
00269
04116
05956
02495
05979
03621
00150
03218
02569
06051
03724
05706
03068
05782
06324
04057
02449
01276
05070
03614
05063
04007
05340
00720
05900
03305
03855
05406
06546
02232
03528
02604
04341
05364
01592
03176
00036
03028
05837
02987
01785
04921
04873
03019
03023
00923
00128
01340
02119
03143
00326
00463
05695
05298
05522
01907
03343
02583
01291
02663
04722
02844
03086
04793
01654
06395
00953
01489
05375
05156
05823
00327
01166
02576
06481
02132
06033
05968
01101
02076
01920
02564
01877
03232
06083
06463
00070
00194
00275
03735
03347
01025
01836
02459
01286
01901
02259
05502
02883
05300
01466
04648
01393
02027
00909
04843
00838
04472
02752
06082
06206
00484
02895
05270
01983
05598
03249
01034
01147
03818
05778
01342
05355
05401
04428
05994
04301
03122
03649
02448
02994
00294
06208
00051
05703
05689
01769
04623
00045
05765
02719
05558
00863
03848
02009
04545
04064
05517
02580
06208
04782
00744
05681
02432
05159
05411
02190
04019
04990
00598
02660
00750
00882
05371
03053
05227
02683
03423
00775
02567
04178
06141
01154
04910
00693
06397
05385
03018
00843
03569
03048
03931
05282
00095
02691
05920
03842
03907
05215
01995
02965
01876
05864
00075
04414
04639
01989
06171
02092
00281
03323
05848
03313
04069
03965
01711
04067
05957
03909
02557
00830
06542
05514
01568
03667
03964
05149
02075
04186
03644
01145
01607
01743
00745
00560
00276
00940
00765
03268
06519
00099
05913
00337
05357
05102
04249
05716
01614
04421
06374
02559
01525
02427
00631
03484
03555
04086
00282
03203
05540
02641
01611
05538
02129
01080
06255
00496
00092
01583
04779
01687
03675
05534
03429
02092
00635
04261
01812
03051
03493
02584
05348
03459
06342
00000
03841
03332
00449
05158
01909
03529
00735
02476
00908
02989
04655
02354
01468
04166
02024
05346
00891
00121
05827
00793
04576
00464
00269
04922
06435
04775
03890
01032
03081
03063
03526
00607
06528
00340
03012
01152
03465
05730
05025
00184
04107
00591
03803
05267
05675
04620
01636
00122
01161
04669
00066
00263
02015
01499
01296
04920
04523
01603
04015
02032
02043
05405
02014
02141
04344
01506
00842
03575
06450
04506
04430
05575
00499
03106
01635
01199
02849
06079
04418
03443
06227
05385
01910
06324
01316
04831
02560
01317
02949
01299
01010
04780
05461
03977
02981
04895
02164
03713
05629
04327
03533
00415
05745
04870
05602
00563
05409
01121
03385
00570
01601
03586
03979
03929
01986
01412
05357
03592
02304
02459
00408
05051
02022
00736
01012
04480
05788
01823
02769
02958
01667
02733
03357
02259
06495
04129
00098
05927
02483
03733
05295
02114
04011
00729
04262
06551
05042
01292
03334
02636
04012
04152
04583
02575
06374
06417
04234
00262
01514
04290
02011
03555
00790
00308
03367
03250
02316
05891
05704
05729
05764
03840
03807
05435
00973
02860
05464
02104
00490
00104
01385
04661
00105
03094
01277
02907
01456
05627
00661
01151
06032
04860
03782
01501
00012
00009
05430
02970
03210
03346
01751
03341
02791
03765
02374
03128
04570
03393
00765
00281
05926
00971
03220
06472
00979
04010
00551
04724
05215
05841
04569
05646
03061
05608
01870
04913
06039
06439
02229
04229
03712
01697
03957
04791
04738
02192
05175
02230
03694
05011
01857
04125
03723
06433
03898
00008
02077
02600
06137
00300
02662
06079
04832
02608
01867
04652
05510
05402
00493
00275
01003
05895
04016
06083
01660
05731
06088
01750
01926
04569
05054
04294
01495
01584
01347
02495
02352
01026
02676
02236
05646
00705
01131
00642
03056
01192
04934
06091
01787
03604
04097
01720
00969
04078
04142
02790
06041
01742
05317
04035
01095
05860
03766
04365
04732
02166
05011
04224
03616
04265
04123
06482
04452
03822
03889
04029
03212
04940
01539
04552
02921
03395
00774
01442
01509
05652
05143
02588
02551
05250
03164
05394
04671
03876
06313
03566
03988
01603
00751
03936
04072
05867
02439
02798
03437
01359
02372
06124
06161
02957
04646
00665
04004
05635
00778
04437
06594
03949
01999
05002
06588
03629
05011
01095
04025
03965
04940
00315
04138
01859
03819
06196
04403
03482
02699
01724
05398
05841
00112
06596
04609
04258
00602
00232
01727
00417
06504
04871
06253
03663
01313
06045
01530
06290
02437
00262
04041
05650
01450
02673
03508
01707
02172
00215
04654
03322
05708
01703
04458
04838
04984
01640
03666
01341
05651
04282
06400
05040
05595
04201
01400
06083
02249
06295
00958
04741
03038
04820
02340
05016
00648
04253
03708
03726
03316
05190
03108
00353
02341
06429
05503
02324
00354
04877
04735
05835
01110
00115
04577
06499
06249
06033
00697
00320
02948
00101
03932
00474
04834
01709
05413
05483
00842
06249
05655
02799
01200
04788
05257
04336
02763
01280
00679
05470
05385
04430
03853
03367
05399
03535
03055
00680
02397
00994
05923
05656
02958
01987
06176
02253
06413
05587
03496
03174
05874
00586
02113
00364
04356
00318
04505
01702
01401
04590
02087
02072
00001
01727
05711
03710
02433
02626
02085
00922
01571
01849
03971
01312
06338
02292
03549
00203
03091
05573
03066
03206
01223
01459
06029
02201
03661
05847
05961
00133
02964
04033
04915
04270
05470
00821
01369
01508
03689
00048
03073
05606
01087
04689
06532
06580
06213
00078
05681
01239
04696
02516
05325
00327
01691
02034
02344
00104
03621
05651
03756
01922
01968
04718
04711
00276
00276
03644
04671
06557
00762
04901
04661
04294
04829
03087
03770
03295
00722
00988
01150
02836
05912
03118
00895
04588
01490
03434
00678
02870
03978
06327
03502
02241
04872
03137
05182
05174
02767
00158
04782
03788
03353
01348
06222
01840
06105
06166
00057
05726
02710
00665
05200
06528
03967
01711
00164
06106
02977
00295
06259
03824
05918
01158
03283
00837
02768
05222
04349
05617
04796
01321
02689
02149
05753
02907
00191
03214
03823
06306
03294
00108
04796
00491
02341
04094
03697
02857
02686
02605
02852
00148
01379
00161
02967
00476
02488
04283
01469
03265
03768
00632
03629
00025
05020
04086
02343
06340
00934
05150
02259
03112
00476
05199
03961
01588
01511
05307
00546
03403
00883
06104
01022
01647
00529
03229
02407
01358
00808
03414
03059
02174
03163
01646
02063
01705
02372
00417
01462
05277
01917
04491
02729
01139
05423
04520
00856
02705
06163
03321
01463
06230
03806
05880
04259
03426
03411
04128
02476
05104
02096
02771
03197
04368
06521
01858
02342
05237
02811
00067
03627
05848
04465
05618
01381
04711
01491
01678
04462
04814
04741
02102
02338
00304
05988
03880
03361
05042
04098
02390
01680
03188
06338
01558
06568
06005
00400
00173
02646
00922
05743
01439
06113
04410
01678
06573
01875
01065
06285
00163
03734
03423
01017
05165
01752
00637
02759
06413
04041
00995
01861
06596
04857
05761
00572
02483
00503
03728
06050
01100
05364
05699
01588
03650
00109
04615
04568
00881
00735
03165
03360
02676
00357
03312
02011
01490
00389
02192
02317
06131
00161
00049
01679
04300
01042
02880
05737
05797
01142
00004
01796
00708
01306
02565
02172
01056
05611
01571
03562
04491
01693
00509
01848
06404
00519
05053
00934
06065
01486
02141
06193
04494
06597
04872
00027
00852
01574
03807
02302
05273
04059
02150
00481
03375
04397
01427
05453
01020
03302
03530
01586
03278
00658
00112
02442
03248
04295
04618
02607
03374
05141
06376
04224
02681
00080
04452
02470
02487
04275
02657
05141
05338
06279
01730
00583
03227
04042
01433
03234
04955
02722
03824
03442
01918
02408
00951
02313
02860
02761
03691
06346
03101
06391
04239
02333
05673
05711
02393
05348
02537
03060
04587
03532
05325
00825
04997
05680
00451
01195
04868
02416
00081
04916
03985
05542
04471
05180
05120
05393
03732
03666
04619
00146
01507
00121
00555
00404
04337
01086
00179
01081
01590
01461
03832
06247
06246
03042
03193
04985
04147
06493
04663
06402
02761
00776
04409
02476
06437
00138
05687
05590
04395
00878
04920
02461
04266
00429
05882
02969
03686
05471
03117
00824
01403
03993
03613
00920
02888
00297
01867
01294
04063
02829
03454
00476
03320
02009
03643
00518
00909
03143
04190
03357
00677
02432
04412
06029
00048
01977
01671
04793
04788
02073
04469
00630
01810
05742
05421
03957
01168
00368
02790
02042
01460
04261
00334
03394
01577
00612
01637
04289
02569
01949
03268
02705
06000
01677
05308
05263
05336
00847
05423
01759
02351
02558
04085
05927
02345
02575
01708
00129
03506
00699
02784
00891
05220
04955
05051
01640
00306
01700
05009
06257
03175
05801
00458
06070
05158
05192
06501
01926
06511
03133
06533
01919
00594
03618
05234
00183
02755
04584
02135
06393
01482
05607
00452
01835
04477
02145
01016
04291
06565
01005
01460
00138
03826
04768
05390
01913
01924
03582
02633
01968
02759
00637
03261
04038
00417
02042
02697
01250
03676
05293
03370
01503
04331
00296
06165
03127
01842
03357
01529
00575
00518
05693
01978
06471
01478
04156
04436
04333
02637
02226
04229
06351
03141
00301
00748
06334
00306
05826
04348
04539
03704
00066
00407
00561
06449
01961
03521
06426
03351
04778
01106
02302
05210
04157
03479
03070
06503
04179
00407
05766
04174
00593
02749
02144
02958
05951
00910
02302
03799
02293
03048
03183
03675
03067
00844
00587
04618
03070
01434
00322
02104
03043
02040
02654
00925
00772
05135
05329
00378
01895
04731
01040
04843
01246
01764
01087
02797
02113
02765
02391
01333
03047
04777
03130
04842
04860
03749
04343
01344
03340
04709
00265
03738
04582
02063
01402
05371
04620
02942
03164
05665
02358
05892
01664
05775
00182
02848
03544
01198
00750
05120
04542
01887
03149
00930
05296
03103
05033
01509
05771
02623
02159
03103
03932
03031
06462
01714
03382
02087
03745
02472
04117
00090
01738
01415
03129
04519
05268
03644
06518
01093
06314
02144
03784
03042
05059
00505
01092
06496
06398
01128
02690
06373
04378
06306
00263
03941
01198
02853
00334
03726
03320
06225
04766
02760
04689
04976
01391
04847
01421
00491
00550
00558
00032
06579
00057
01058
03460
02345
03740
01624
05471
01818
05249
00524
05898
04571
02261
04879
06324
01613
00415
05204
04260
05508
05277
02655
04358
05082
00375
01466
02828
01187
04988
05310
00902
03708
04371
06042
06405
00877
02146
04795
03473
00233
01090
01632
03770
04158
04204
02609
05259
02309
05572
04588
04570
05407
03004
05331
00276
02889
01740
05981
03662
03150
01332
05479
02311
06456
01548
06567
05729
04971
00643
00429
00862
03422
00475
06431
05439
00030
05166
05999
05343
03945
02226
03299
02582
02844
00327
04048
04849
03410
01378
00420
02183
00617
04410
00767
00615
02346
05279
01957
06549
01061
02226
02627
05339
05719
01023
05507
01052
00161
01112
02389
03532
02214
03140
03036
04259
01833
01788
00155
03280
05968
01629
03698
00938
02761
00217
01705
00170
04767
01264
01775
05572
02913
00501
04695
06540
04975
05099
01192
03870
05290
06430
05048
03933
02551
01773
01140
03725
02752
05421
04334
05877
04719
03826
01020
05251
03904
02246
02601
04939
02698
01796
03090
00043
04457
06390
02223
02886
02067
03018
04739
04128
03652
03523
04314
06280
01577
05596
05207
05633
04694
00919
00175
00315
04124
00396
00549
04864
04043
00421
03651
04312
06551
01838
02530
04445
02194
00938
06294
04227
04030
03208
03336
00559
03549
03548
03929
03224
06447
04858
05856
05963
02999
00910
03305
06520
03515
05103
05363
03242
00349
03490
05867
06260
04763
05818
04778
04303
03288
00484
05992
05856
02492
00881
01771
02262
02135
00389
01328
04329
05293
03493
04941
03966
00087
01454
04328
01007
02078
05695
02296
05015
04628
02696
03286
04395
04665
00524
05551
02628
01719
06282
03657
01354
03986
05722
00935
01042
05255
04826
01011
02431
01520
00720
02815
05087
01922
04562
04600
05292
03891
05441
04896
04419
01259
05924
05343
03065
01630
04401
01964
05057
02034
04126
04437
02299
06428
00118
04777
05583
01250
03575
06238
04246
03740
06327
00997
02225
02963
02935
00438
01659
04902
01864
02440
04009
04150
02682
00313
05250
02229
00588
02191
03418
01599
05693
05313
04424
03348
03521
05285
00343
01050
04439
05566
01298
02411
06207
05529
05329
01816
03505
01676
03208
00674
04985
06292
04350
02512
06382
05594
04107
02746
05537
04242
00394
05649
02883
01455
01822
01665
03399
05478
06353
06308
05423
00525
04639
01123
01619
06592
01994
02404
00684
03216
02239
02027
00494
00280
05301
06102
02884
04877
04446
01450
02709
01353
03493
00843
00964
05941
04263
03244
05517
03137
05951
05347
06259
01057
00546
06584
00759
02061
03257
02146
00475
02749
06236
05894
04781
00023
06051
02045
01823
01071
00528
00128
00235
02697
01624
02819
02731
03278
01753
06155
03150
06161
06302
01157
00791
00869
03005
01789
06448
00725
01281
00256
04764
01743
02027
00014
01169
06262
05139
05655
00804
01178
04725
04337
05783
04678
00639
06251
03421
01174
03199
00665
00543
02755
03497
06213
03583
03389
00781
02166
04145
02540
04271
01000
05273
02994
02992
04096
00319
00000
00362
05553
06175
02444
00409
05856
02717
01228
04621
00952
03774
04058
05476
00627
03090
02611
05316
02430
00030
00333
00358
06592
00702
02693
00118
00671
04839
03043
03511
03031
05969
05754
03692
05279
02628
03544
02608
03001
05274
05222
06527
05182
03810
05868
02246
03612
06461
05381
05109
00406
04889
02234
02381
04070
03819
03205
04563
05025
06249
00956
00300
02599
04934
05440
02364
03349
00774
06114
02375
02009
02377
06257
05360
05914
06565
05418
03271
00769
01603
01004
05445
06431
04708
02918
04556
01597
01485
05096
05538
04026
02909
06075
05876
05453
01031
01390
00526
00399
00090
06278
00944
02107
04822
02128
05165
06429
05722
05294
01549
03053
00081
05653
01322
05047
03442
05055
00416
04592
03646
01489
05454
05966
06029
02723
05329
03076
03633
03063
03871
03489
01844
04280
03392
03084
04998
00584
01409
01590
00502
01926
02371
01564
03153
06411
03120
03672
03409
04911
02037
00307
02397
05221
00187
04537
00358
00592
05368
06368
00977
02208
04259
06286
01344
05252
05132
04279
00828
04885
02209
04448
01733
04933
05205
03203
03929
05747
03858
00375
03619
05404
01264
01451
04171
03192
05022
00271
05172
05222
04821
01630
05522
05540
00637
01004
01266
04631
02766
02857
06444
01723
03264
00751
06227
03263
02222
06349
02221
06129
00781
02568
00821
00426
05643
05395
02766
00981
02499
06595
01898
04513
04605
00242
00097
04664
02657
00582
05893
05675
05068
06036
04186
01909
06283
02366
04675
02033
02924
00199
00351
06584
00605
01839
03595
03619
01716
06088
04569
06041
01405
06251
04782
02557
00602
01911
01153
03968
03220
00903
02758
03430
01176
05279
03043
03768
01813
05835
01090
01373
03722
01076
04845
02901
00125
04264
04776
05420
02573
04164
02800
01016
03329
02017
00002
01903
03721
02457
05054
03055
02674
00372
03481
01923
04024
06531
03594
02695
00115
04096
03404
01833
05924
04752
01554
02732
03969
00695
01986
05498
01604
05358
01240
02429
00018
00963
05075
03786
03943
05517
00724
03242
02854
06177
02594
06230
03870
03998
02259
02623
04137
06443
05133
03216
03710
02144
01299
01320
04510
05047
01059
04864
02771
05496
00844
06405
03476
00147
06268
00714
04102
02998
02791
02957
05213
01643
00805
00668
02072
01548
01506
06060
02538
06502
04881
00846
02076
05463
04330
01494
00287
05254
01816
02378
01232
06358
04896
02459
04677
04846
03779
05683
05180
01328
05660
04003
05642
02684
00405
02895
02296
04952
05652
05577
00858
04190
00523
01671
00218
01194
02989
02930
05721
03150
00412
00084
04069
05380
03208
00405
04382
06584
01834
03193
02603
04168
04966
01265
00442
05712
04583
02645
04596
02822
05324
06219
05142
04143
02568
02511
01468
02284
02184
03136
03752
02309
05437
05426
02736
04152
04217
00156
05134
04381
03918
01984
05065
00633
06186
01483
00816
05069
03903
01625
02215
04859
00319
01566
02058
05077
03308
04083
01190
02353
01365
02299
01055
06285
04133
05200
01996
06003
02654
03327
05703
06065
04811
00701
02904
00104
02083
01116
00937
02270
02640
01999
04236
02114
00423
00518
02761
00220
02243
05597
04868
02262
00474
01647
04795
04867
01769
00795
06036
00763
01715
04136
01085
04296
02540
06339
05206
04496
06269
02385
02784
03079
00432
01363
03849
02320
02730
00678
06559
06223
04136
02139
04810
03559
05842
00898
00903
02827
03397
03101
01686
04147
04037
03900
01581
05709
03967
04997
00061
05501
03940
01598
02970
03891
00801
04577
01577
02704
01763
06314
03290
01644
00065
05176
03428
05782
00210
05598
00687
02993
01389
02236
00525
01240
05727
04839
05522
04958
02030
04761
02891
04404
01284
04046
04027
04408
06408
02493
03487
02598
04999
02024
03363
06558
05528
03032
03102
00233
01684
02151
01121
02921
00724
04803
00725
06293
04725
06524
06561
04133
04206
06531
01987
04976
06402
05046
00422
03240
00441
04860
03361
01783
02001
00554
02297
06200
00761
02759
00516
00828
04430
03962
02758
03919
03399
03638
05738
01806
06531
04176
00126
01896
06003
02373
00760
05054
03073
04146
05423
06384
02343
01665
04242
06302
02445
00588
03405
05727
05266
00818
04475
02682
00107
04491
02789
06591
04642
06450
02535
05760
03974
01662
03724
02265
01552
06292
01368
05801
03966
05733
04899
02012
06368
06416
04606
03631
03863
02764
05478
01600
03325
03747
00837
06007
00520
03022
03607
04164
01049
04217
02618
00606
03737
04043
05183
02221
01146
04869
03790
00534
06339
05244
00214
06393
05158
04877
02289
00623
06428
03916
00821
00109
04656
02000
05343
00736
05376
05622
01987
06268
00967
01449
03430
00877
03256
02971
02572
02385
02117
00395
02726
03992
06254
00235
05827
04664
02894
00308
01951
05538
02742
00856
05881
03963
02925
03780
05750
05984
02207
02544
01051
05865
06065
04861
00023
03040
00719
01034
00959
03783
05349
01194
00403
02227
01074
03213
03758
01888
00131
03073
02748
02754
02844
04021
03228
05502
03176
00419
05508
04475
03345
02064
05803
00081
01291
06545
05889
01596
01411
04603
01851
04716
04710
03846
02411
01428
03364
06503
01829
00132
00291
04785
04788
02438
00295
02607
00786
02594
05615
01321
02958
02126
03315
01617
06416
05622
01361
04761
03648
04171
02079
02826
01141
00547
01403
02931
00081
00774
05983
03948
02561
05944
04000
01502
06491
06407
03989
01482
05160
05459
00028
03402
00601
01708
05824
05136
02421
06557
00495
04881
02536
06580
01464
00925
00208
02938
03074
00190
01441
05053
05231
01746
04856
04831
05287
05110
00933
05723
01257
03217
03409
05404
03740
04835
02455
04266
02580
00664
03055
05706
00984
05837
02765
00096
02504
02534
03681
00788
03908
05241
03887
05694
05688
00539
04174
03679
03620
00428
03606
00990
03071
05905
04130
05955
04603
06087
04630
03811
00995
06023
04554
05881
03954
01546
02731
05614
04293
06298
03275
04564
02976
02722
01311
06332
03903
00331
01591
06258
02546
04516
00642
02250
03716
05726
06415
03146
04413
05881
01288
01124
04626
04430
04369
01886
06350
04475
02079
03919
03459
02260
01771
05040
04017
02244
06005
05188
04071
00783
01581
00694
02791
00027
04925
05862
00698
01187
01491
00447
06053
02887
04763
06280
04948
02340
01664
02733
03827
01115
05283
03001
02364
02761
05772
06306
05218
03107
05109
04913
04828
05891
00695
06557
01293
03067
04899
02619
04464
03253
02379
02660
03432
03932
05281
05891
00062
04995
02645
03849
03268
00384
04476
01703
02614
06221
05803
03919
05040
03827
00795
05416
00962
03795
04327
02372
02001
06474
03969
00639
02975
05271
02218
00302
02994
02901
06288
01002
02882
00864
05561
05208
00692
02318
05806
05294
04236
02939
01203
01596
03943
03800
05707
05268
03806
04906
01385
00599
00062
01387
04257
06214
05085
01575
03628
00098
00455
04844
05066
05376
02526
02622
01250
02204
03400
03023
04765
02017
00866
01176
05529
04443
00083
00847
01058
05433
05995
02597
00738
01434
04170
01905
00392
05763
00309
05478
03143
00658
02091
04847
01621
03378
01661
03931
02052
03795
03156
00952
03918
05437
02917
05352
02081
03177
04583
06154
05650
04284
06101
05175
05069
00777
03855
00803
03907
06354
00123
03299
05244
05635
03977
06185
04292
00923
03412
00496
04554
04039
00212
05518
04403
01557
01896
05878
02830
05426
02072
05263
06056
02448
06537
02941
06463
00368
02474
04786
05060
03584
01580
01536
02866
03904
05542
02341
04003
06215
00037
02492
00521
05709
04315
01284
05017
05653
00943
03951
01260
06130
02938
04721
06368
03722
00322
06075
02692
04954
05159
03091
01240
02560
01266
00514
03418
02015
05878
01281
02821
04323
03790
01105
00844
02537
00302
00758
05797
06130
01998
04735
03120
00476
02161
05668
01006
02373
01452
01444
02231
02509
06458
05843
