01578
02769
02741
02813
01096
05051
00618
03225
01364
01619
00423
01052
03806
03266
00961
02984
03133
02523
04547
02280
05817
03065
02868
05184
03397
03412
03206
00072
05243
00803
05005
01312
04867
02373
01545
03037
01338
02835
04946
04824
04659
02164
05216
01240
01828
03108
05725
03582
04024
01935
01599
01239
01188
00992
05669
03319
05688
01806
04804
00863
05661
01805
04527
05617
05205
04722
03018
05675
03723
00512
05297
00519
01600
00601
03330
03659
01599
03038
01123
00884
05838
05079
00881
00541
05441
01886
03830
04790
00572
05029
04358
05160
01613
02256
03526
04228
06148
01845
04058
04339
05337
03944
02682
05656
01104
02371
04552
02634
03130
05355
05912
05398
05059
03221
02908
04657
05788
03927
01211
04450
02773
01652
02414
02814
02969
05071
03175
03894
02109
04593
01782
02898
01774
05013
02481
03201
03574
02560
01630
04216
04475
04094
00457
02880
01436
01735
03797
05549
00545
01585
06169
04904
03790
05183
01224
02038
04907
03279
04868
04873
01363
01322
02929
00756
00127
02932
02330
02332
03263
03851
04202
00634
02724
02132
01864
03782
01741
05872
02208
03861
00812
04670
04618
05898
05195
04315
02498
01827
05105
00980
04115
00818
01491
05948
04600
00708
04328
00712
01353
04055
06006
02616
02038
02892
05739
01441
04643
00019
02873
01325
02592
03758
00760
06003
00572
00270
01609
01211
01302
02234
05253
06090
03519
00134
00136
02323
00815
03255
00782
02071
05026
03044
05624
03379
04999
04225
02098
04552
03245
05565
05100
03056
01658
00708
00427
05988
03274
04423
05275
02795
05424
05958
00212
03748
00436
03631
03702
02788
01753
04888
00995
02099
06162
01793
00271
03457
02008
01485
03838
03678
04186
04583
04754
06143
02418
03042
03479
02461
03144
04912
03990
00823
03109
02044
03314
02591
04358
03667
01234
03042
02595
01548
05947
01121
04811
01097
02554
04037
00774
05397
01851
05896
00039
03925
00401
02670
00987
02948
03106
00137
06090
03391
04029
04044
02033
00791
03443
01959
05938
03676
04096
05634
01905
02086
02660
06061
00195
00791
05058
01620
01093
03397
00381
02360
01254
05459
05362
03983
02906
01775
03110
06038
00772
00294
04156
03453
06080
05380
03715
00744
04690
05440
03786
03982
02942
03555
04561
03459
02949
01633
03478
05952
03392
02072
05312
00770
05117
02326
05579
03072
02195
01711
00112
03158
00675
04707
05312
04142
01413
05646
02286
01686
05228
02297
03414
06012
02351
05623
01934
02478
04837
00874
00119
05279
02452
01707
00823
01644
01766
02416
04311
06180
06145
03775
02948
01069
02634
01625
02861
00540
00309
01682
02999
03668
03467
06189
04616
05864
05288
00924
05878
04227
06151
05533
05107
03644
02085
02873
05888
04784
02159
03486
04035
00504
04417
03412
00998
04817
03789
05180
00125
05673
05323
04083
03484
03799
01595
04255
00155
05676
01020
04825
04455
03870
04616
02168
03245
03124
00374
00814
05262
03131
01795
01692
00730
05574
02527
04905
02594
02892
05072
03055
04430
03404
00277
04126
04727
01939
02776
04946
02235
05934
00008
01160
05971
05795
04722
00078
01554
02649
02020
01640
01948
04481
01535
01246
00000
00884
01406
02059
05860
01715
02927
01704
03132
02174
06108
03183
02086
00620
01230
03404
00157
04809
00736
03669
02871
03318
03131
00123
00949
01658
03515
01448
01783
05653
05533
03912
02354
05229
02499
04941
04592
02522
02718
05762
00762
05365
00471
05865
02203
01270
03866
03408
01348
05089
01079
00477
04167
02666
02750
05867
05195
03496
05310
03877
05956
04829
01755
03719
01955
03454
02106
03772
00857
00125
01713
05377
04940
04780
05488
00280
02539
06012
02006
05977
05724
01267
01706
01972
04968
05076
02879
03786
05759
03344
00802
04673
01741
05523
00371
04797
02032
00170
00798
01515
03037
00528
02117
03305
01382
02279
05980
02874
03011
05475
01296
00797
03474
03218
02421
04557
01740
00176
05578
04404
01837
02631
05043
02232
02471
02988
05027
05359
04564
05461
00316
04431
03846
04558
03861
00094
05494
05002
01038
06072
03157
05391
01643
00847
01385
02674
02659
02117
00527
00130
02308
00788
00378
05801
04188
04175
01078
03604
04790
00538
00132
00979
02968
04939
03586
02164
00709
04700
04077
03234
03643
04800
04406
03883
02627
05459
02182
01200
01241
00263
04863
04525
05687
00488
03721
04440
00530
06129
05862
01782
04480
05112
04227
05313
02605
00716
01027
05022
03673
05183
04577
00298
02079
00030
01905
05557
06108
04477
02108
05815
04594
01623
02775
03974
05673
05660
04255
01554
05281
05803
00131
02431
03166
02102
00781
04106
00912
02173
04782
00847
01477
02147
01173
02567
06014
03037
00276
02823
03115
01737
01528
03363
02955
00283
03627
03193
04069
02642
01615
00498
04764
03769
00728
02924
00850
02201
04679
02146
04972
05923
05999
06085
04190
02092
05230
01379
02507
06066
00330
00174
05594
03259
04765
03720
02704
00844
03918
02250
04399
05183
02269
01012
04728
00174
01075
06062
04978
02275
00204
02093
02542
05946
04698
01050
01262
03374
04887
01932
00890
05456
05222
01710
00167
04055
04063
02019
01989
03417
00869
01557
01395
01655
04334
01157
00625
01030
00695
00972
03073
04946
02680
00000
03354
00085
05683
00539
04675
04133
03341
04941
06121
05684
00070
04130
04813
03697
04379
05391
05653
04859
01117
06157
02573
05574
02029
02303
02922
03878
06055
01720
05499
05488
00368
02406
02268
00921
01886
04844
04440
02549
05090
03995
00458
05505
02476
00759
02056
06109
03508
01592
02389
00993
04616
04271
05969
01696
02215
01377
05272
05258
02200
04432
00548
04827
00784
02268
04415
02665
01798
01592
01017
00803
04373
02113
04578
02324
01718
03434
04036
00511
00478
02442
05768
01197
00491
05143
03540
05881
02719
00708
05550
04277
03199
06062
04672
02085
02666
05580
01200
00153
02985
04988
03842
05289
03984
04523
04188
05457
02110
02900
02214
05083
02734
02130
01700
04387
02138
03369
01009
01990
01401
02982
00585
01084
05070
03830
04059
02932
02293
02332
05962
02998
03369
03221
05351
05796
01527
01805
03741
05674
04353
03052
03568
00997
03848
04411
01338
04160
00937
02808
05252
02729
03986
03034
02981
03778
03082
04558
03978
01283
05978
04535
03522
00588
00012
01284
03877
04744
03726
03652
05601
03134
00387
01861
01256
03457
05303
01705
04241
02751
05060
01961
03385
02039
02957
00172
04670
01331
00487
04304
04560
05749
00367
01850
02676
05006
03020
00816
06190
00362
06114
00883
00611
06199
01272
04794
04465
02460
00615
04377
05139
00413
00983
01673
00396
06037
02663
00872
03799
02797
00969
04929
01593
00256
03424
02943
00580
01233
05782
02987
04520
05700
00895
01054
03800
01793
01796
05752
00959
01256
01476
05694
06061
04014
03909
03361
00873
05037
00923
02803
05421
01225
04875
02837
02769
00879
00799
04572
02589
02224
03550
00171
05510
02931
05927
04441
02452
01881
01250
00259
05670
01098
05531
02892
01658
04741
02340
04840
03829
01444
04614
02440
04747
01774
05883
04456
04668
05670
00163
01117
03363
01032
03328
02898
02652
05724
06136
04185
05058
06011
04168
03486
00514
03030
04184
05623
03095
01991
05830
02872
05667
05511
01642
04380
04158
03414
05612
05429
06126
05553
01845
04484
00900
02837
01624
04108
00663
05249
00790
01153
04743
00514
04760
01446
01719
05505
02229
03524
06136
00455
05497
03950
06063
02264
06150
02873
02594
01597
04097
03082
00772
03899
00707
01007
00778
01570
01002
05487
06137
03736
02452
03773
00166
01755
05240
01840
03818
00669
00961
05806
06040
03849
04719
02566
05157
02061
02307
04197
01922
00104
04119
05361
01681
02130
03521
03513
03626
05619
02802
03781
01840
01787
03358
03170
05133
04121
05386
05837
05758
01239
01677
00665
04268
02379
05877
04676
01833
02464
00592
04636
04460
02602
01515
02806
00088
04233
01009
01255
01399
01813
01404
02067
00974
00896
05121
03683
04358
04889
05347
03076
02415
02276
05383
03266
04088
00350
03407
00116
04015
02527
03006
03264
02721
01104
01911
01327
05599
04084
00970
02739
00334
05515
02211
05685
00449
01185
01240
01788
01069
02030
02328
01176
00601
00390
00011
05052
06184
04481
00865
03129
00468
00804
02115
05335
05552
03918
02688
03214
01793
03863
05693
03323
03171
01786
01877
02047
03660
05988
04512
05841
00527
00861
04715
01908
02296
01443
01732
05211
01527
02637
05527
02488
00802
00549
02842
02724
00907
02647
03466
03688
04091
04974
02976
00427
05481
01494
04756
05380
02220
01004
00228
04335
00568
01713
02897
03869
04184
03077
00926
05691
03553
04633
01493
00149
01615
04501
03680
02715
04559
01439
04625
05929
00023
05317
02567
05581
05133
02658
01549
02866
02459
02236
00185
03873
02876
02703
03022
05383
01726
03002
01710
01513
01044
03150
01575
05395
00182
02519
00552
04953
06151
01948
03185
04029
01947
04160
05709
00919
01059
03147
04709
00971
02686
00130
05985
05307
00278
02234
04933
02853
05213
04749
01215
00616
01954
04971
05337
05584
04643
04673
03951
06193
03224
00655
01630
05136
00818
03123
05678
02044
02998
05124
04958
03787
04642
01265
04675
00050
05363
04031
01812
03965
00576
01681
02421
04020
04207
01042
02982
06134
04890
03062
04160
04703
04942
04198
03795
05125
01520
02194
01959
01185
03811
00489
02901
03112
02778
01461
04256
05681
01422
01313
02486
01065
02669
06092
01893
05226
01753
04575
05076
03890
06096
01794
01567
01519
06156
01085
04990
05401
04481
00218
06107
00288
01902
02160
05366
05700
03586
02689
02118
06148
00869
00813
05198
04958
01760
02624
00770
01461
02049
05463
00421
04592
00135
02600
03665
01518
05239
01063
04385
06032
02913
02869
05510
02839
00714
04410
01676
04069
06086
00587
05689
01567
01233
02959
02298
03727
00339
02811
01017
01473
02542
02958
03822
05051
03917
02806
02273
04807
00779
06089
03338
04917
00684
01888
05693
00625
00604
01406
03805
05285
00130
05646
00612
03631
03025
01362
00484
04610
00995
05224
02117
01826
05410
04215
05099
04769
04493
00583
02315
02367
05139
03438
01235
00030
02415
01271
05603
03923
00608
05261
04620
05184
00155
03838
02099
04607
01727
02690
03665
03057
02005
00827
05778
05133
01602
06166
01896
02956
04179
02207
05964
05352
05772
04179
04065
06101
05605
00047
01901
04632
05209
04382
01836
00044
01756
04615
02211
05427
04456
01517
01245
05953
05876
04015
00493
02749
03498
01048
03881
04409
05619
05658
02832
06128
03458
04475
05768
04079
00025
03466
02678
01484
03748
01931
02235
03571
02496
01605
02135
04856
04207
02508
01500
04662
02788
00706
05698
01398
03453
02401
00890
02427
03634
00724
04546
02138
02336
00555
02956
06168
02361
05453
01979
01547
02156
00832
02843
02098
01565
02028
00571
00528
05721
05957
04234
00236
05897
04591
04891
06012
03672
05988
03767
05792
06082
05177
04550
05091
00475
03015
03065
02099
05113
03229
03110
01098
00823
00650
01593
04053
01550
06008
00964
04490
00466
05444
00203
03086
06015
01602
02294
03044
02959
00086
01708
03482
05713
01981
03104
05589
00318
05586
03931
00397
01875
02068
00542
04844
03854
05044
01777
02831
03344
00853
03621
02511
05750
00428
02483
00345
00851
04759
01847
01409
01213
03522
04532
02350
05602
03356
00965
05670
03287
02784
03886
02298
03556
04687
00237
03869
05528
03907
02631
00734
05661
02383
00299
00373
03464
02490
01365
05025
05399
01210
04009
05591
01935
00413
01461
00544
02057
01314
00193
02746
01448
03374
06197
04734
00769
00947
03007
04329
04095
01395
02039
02268
03555
03834
03217
03350
04845
04905
01023
02506
04985
05391
05560
00819
03632
03786
02937
00779
04394
01987
02759
02091
00781
03864
02158
04117
01741
02242
01112
02413
05008
01863
00037
04414
03884
00538
04132
04337
02352
01390
04164
01744
04868
04714
00985
02984
05789
03446
00838
02765
06089
01891
05875
03495
04483
01217
02379
00234
02068
05914
04253
01804
04119
02451
01981
03696
00870
00955
05151
04311
04390
01508
04279
00134
02020
02903
05007
04546
05730
05636
05638
02424
00994
04639
03369
04161
05054
02797
05329
02995
00922
02238
00258
00107
01647
01645
06019
00325
01372
01714
02414
02030
04587
00088
02277
05825
01765
05346
02535
01846
01907
04385
03958
05369
00474
02505
02382
04614
02578
05281
03837
00034
03019
00337
04889
01388
00053
01854
04618
00555
00010
00705
03982
05993
02802
03198
03802
04405
06131
01071
02516
01214
00315
03408
01370
01723
02828
04534
04926
03896
00674
05841
03177
01683
00836
01689
03344
01725
01844
03292
01456
03588
06061
03253
03026
01012
02216
04089
06010
01805
03723
02434
02538
05024
02703
00638
00086
00700
02660
00434
00388
04085
01907
03056
00570
01076
04415
04776
03227
04849
01697
00171
05159
01205
01591
04058
01614
05148
00185
05293
03945
05383
05647
02656
03478
03440
06042
00559
03894
03718
04350
00130
03612
02161
03616
05299
03332
01535
02050
04948
02021
00725
05136
03174
05309
05457
03134
05893
02087
03028
02672
01039
01099
04653
00373
01643
05475
04064
02393
03670
01598
02238
03062
00800
04835
03310
05494
04045
04115
02449
03592
04832
02218
05059
04492
02370
03844
02222
02781
03664
03801
00200
01562
05762
04420
06068
00144
01368
00038
03246
00608
01007
02337
02872
02904
04721
04276
03162
05241
04147
03218
02606
02293
01296
04767
06057
04179
04002
01881
05062
04624
00968
04438
01589
00235
01812
02744
03176
06100
03155
01266
01197
04578
05743
06069
05024
02737
03898
04091
05896
03973
02592
02271
03642
04717
03615
00575
00891
05230
01299
00640
01902
04723
04466
00605
05581
06174
03214
04187
03148
05230
03641
05171
04610
03365
00994
01124
01601
00476
03037
02501
00932
01533
03689
03853
06096
03981
03331
04495
01523
06060
04880
01013
02178
02314
03416
01231
02710
03752
05758
00992
00926
01776
00780
00462
02672
02618
03147
04380
04496
02189
05336
04949
04451
05990
05154
05127
03310
00527
00279
00618
04207
05991
00926
00916
01429
04034
03208
03122
04580
03373
01544
03805
01424
05912
00857
02414
04811
01344
02207
04503
04569
00032
01285
02456
03632
01923
00254
01459
05294
05425
02895
02236
04666
02252
06145
01520
00980
01757
04908
01841
02873
00768
03623
01404
01927
01233
00109
01920
02519
02153
05313
03666
05552
02809
00946
04201
00991
00985
02393
00755
00548
04286
00055
02466
06073
04086
00900
02911
04900
05289
05818
00169
06107
00086
02976
06138
05879
03702
00450
03663
03088
01785
04662
01529
05248
02044
05305
04141
00517
01764
02992
04284
03542
01026
02179
02503
02294
05394
04531
04748
03958
01057
01732
00029
02533
04978
01670
02347
03115
04486
00046
04271
03923
00566
01161
01296
00943
05070
02336
04070
05165
00975
05782
04418
05038
03593
02167
02672
05583
03220
00107
00226
05073
05185
01960
02282
02668
05450
03270
03123
06184
04170
01259
01917
03723
02642
02143
05483
01887
03905
03497
01555
03707
02639
02480
02601
03993
00519
03775
00968
04256
03831
05296
01950
04232
01053
02649
00619
03762
00735
00763
05854
03730
05223
03799
01412
03845
04106
00299
00710
00068
02739
05682
05462
03979
02304
04226
04941
02195
01616
04639
03884
03891
04400
03021
03421
00862
04225
06026
05629
01189
01448
04386
02464
00797
02954
02844
03369
05123
00737
03122
04725
03692
03839
03958
04019
05938
02246
06151
05090
01920
05281
01459
05590
04782
01411
03902
03265
05288
01738
06145
01298
06129
03815
03030
04133
00941
00797
05528
05407
01075
02284
02439
02916
04306
00585
04209
05814
04507
05756
03676
02484
05635
03037
05631
04149
00956
05779
05625
02287
00770
04195
01825
03929
00784
02913
00532
05017
03133
05454
02685
01818
03873
00383
00375
05182
04425
03221
01766
04420
00602
03382
03820
03718
00178
05904
02375
04618
00090
06149
03375
01315
06135
01063
01070
03771
03312
02906
02264
05895
02306
02952
04465
01591
00487
00581
04526
02593
01614
01480
01347
03672
04579
06178
05540
05646
04807
02494
01079
01403
03106
04997
04830
00817
06197
04204
03139
03046
03956
04389
04085
01509
04744
01471
02255
03425
03499
02027
03110
05039
04108
05428
02811
05711
00419
02866
04143
02902
02599
02979
04227
05348
02450
04958
03154
03309
03406
02678
02814
00622
02816
00807
06055
03245
05819
03336
00778
01509
01352
01956
02174
05581
04945
02375
05698
01828
03525
01218
01874
04060
06021
04604
05600
02512
00109
01981
04142
05242
03503
03623
01490
02934
03465
04011
03819
04701
05214
02413
05296
02262
02994
01542
03624
00991
00143
02628
02340
02580
02813
03592
01168
01850
01583
03595
00000
05195
02960
04981
05127
03918
02387
05460
01163
02050
04898
02278
00429
03239
05255
01692
04628
03249
02726
03435
01921
05249
04475
01031
03916
02506
02784
04726
02198
05821
03919
03190
05760
01762
00606
00380
03337
02292
02144
01026
05133
00847
00927
05204
00160
05832
01216
02512
04330
06089
00351
04583
04252
03263
01849
00508
01616
00666
01249
02312
01463
00113
03458
01848
03725
02584
03243
05196
05558
04007
01496
04036
01708
03112
00717
02624
01896
01996
04285
01517
02054
05986
01097
03439
01045
05157
00837
03312
02091
01177
03220
04859
03032
00866
00771
02325
00553
03497
06163
05129
03157
04052
00856
04350
00076
01217
03007
04216
05730
05759
04972
04711
04699
02633
00873
00223
03593
05687
04002
01941
02001
01362
05437
00787
06196
03596
00600
03209
00313
06186
04043
01680
00096
05072
00292
02140
03673
05223
03881
03413
02466
04773
04200
01906
04247
04505
00834
01507
04940
04809
05926
06193
01758
01426
00617
01268
01288
03411
05819
04832
05290
01527
04222
02213
04267
00237
02016
04130
00567
05389
03727
05350
01083
03313
05500
05602
03797
00726
00976
01078
01793
01742
00243
05775
03918
05612
01995
02889
00040
00131
04073
01967
01470
03490
02800
05580
05675
02312
05623
01589
03050
03080
04174
00037
04122
05361
04645
02652
00073
04821
00455
04541
05853
00476
00709
06139
01062
03644
00511
01423
01863
06111
01958
01248
00211
04881
05285
04808
02620
00141
03702
05271
02886
06019
00345
03439
00266
00784
00438
05787
03847
03978
01620
01300
00243
05317
03250
06193
02128
01671
04626
03914
02529
03765
04318
04569
00587
02120
03970
01958
02449
00688
05457
00286
00455
03091
00124
02663
02056
03089
02725
01210
04315
05167
00122
02806
03440
01039
03212
01677
00633
02264
02311
00917
05315
04983
01788
00757
03548
05962
03842
05057
01942
02428
04732
05461
01593
04739
03587
01978
03535
01490
05868
00096
04553
03274
03597
01456
05783
03668
03320
04819
00053
00988
05562
05317
04129
00363
04813
01832
02776
01419
01074
06039
00224
04807
01018
04968
05232
05063
01307
04004
03732
01733
05008
00814
05021
04503
05369
06157
01085
02929
04538
04848
01680
00222
00703
03629
02094
02027
00989
02630
00453
05104
01964
04857
05867
04900
01897
03163
04409
03372
00855
04984
03995
01783
02421
01265
02347
05177
01227
00482
02478
06106
04014
02799
04086
00194
01859
00955
00127
01164
04552
03716
01605
03796
02542
00222
04058
05174
02179
03274
02982
01013
06196
01459
02735
04844
05063
00382
02368
03012
00470
00299
02565
04891
04943
03564
00492
01181
01857
01000
04471
04434
00186
01173
04742
04660
04523
03696
00554
00323
04269
01914
04092
02030
02524
01057
05380
04208
06017
02287
02774
04909
01478
02931
04446
04184
02515
03739
05948
03506
05765
01147
02123
01865
03718
00156
01795
06043
04440
01812
03222
04141
02826
02429
02152
03436
01333
03053
02951
03399
02633
03490
04690
01343
02904
02752
05350
00613
04580
02976
04155
02214
05148
03462
00606
05373
00697
03799
01304
03533
02407
03613
01595
01617
04616
02785
04476
05859
02130
03812
02932
00117
02601
01162
04208
01215
02135
03811
03809
04797
05543
00559
02646
00188
06001
05382
04749
02050
01743
05113
05224
05447
02886
05152
01924
05283
02081
02281
02533
03677
02152
05098
06014
03094
02789
01115
00172
00192
04583
05683
02506
00598
05383
01261
01231
03545
03832
02246
06107
02931
04788
01854
04657
02748
05961
04321
02398
03559
05082
05553
03888
05497
05098
01762
04193
04613
01355
03465
05011
01374
05740
05106
01901
01914
02546
04205
00676
02480
01789
04707
00285
04542
03899
01931
05814
02433
05058
00780
05148
03177
03439
06110
05623
01336
03628
01313
03290
02608
03253
02385
05495
02446
04707
01845
01703
01079
00962
03115
03295
00317
05053
01841
02510
00525
06129
04162
00395
04993
00271
00884
01635
00741
04187
00194
01504
01400
02290
06083
02717
05041
01408
02789
00837
06195
00895
01639
01588
02343
05388
04723
06062
03437
00371
03124
02147
00822
06042
02857
05508
05760
05379
03389
00855
00703
01860
05043
00805
02965
03632
02811
01661
01390
02704
01683
01346
05714
05708
02829
03399
02815
06187
04809
02243
05651
04747
03471
02320
04059
01482
00619
04709
00619
02443
00565
00091
04051
04764
02067
04492
03985
01923
05614
01935
05201
02785
02822
05048
01494
02023
02715
02301
02579
03909
03105
00460
01435
00354
04335
02679
02289
02173
05780
01818
00981
01697
05750
00483
01892
04584
02232
03527
04835
06094
04895
06182
01695
05734
02234
00861
03331
01627
06188
02273
05775
02772
02568
04555
02138
00258
03423
03015
00772
04934
05016
00710
05523
03459
05037
04332
05960
02091
05245
04500
05164
02038
01092
02343
03812
02973
05067
05803
06166
02740
00461
01736
01207
02597
00184
04742
02379
00601
01116
06026
04064
05298
03179
00791
00008
05605
01661
01586
05457
00811
04607
05310
05226
02086
01815
01381
04884
01128
00838
00496
04762
04142
02258
03685
04215
02988
03391
06120
05283
03579
04458
01469
02761
02701
01170
01089
04600
01625
03339
04048
00076
05314
02224
04312
02377
02786
00644
01485
00507
04803
03109
01998
02748
02198
02846
04205
05723
01917
02760
00268
03989
05370
04500
05491
04931
00443
01775
05582
02512
03837
00787
04666
00765
06069
02565
04808
02555
00966
02136
01154
00093
00996
06166
01939
00599
00919
04302
05435
01038
02355
03511
04936
01462
03340
04863
00568
02162
03599
03152
03995
05211
03356
00728
01373
03256
01744
04259
01617
06191
04782
05391
05025
04269
03805
00084
00578
02896
05037
00998
02764
04606
02955
03056
03791
03129
03109
05215
00881
03050
03455
05712
03532
05054
04771
04975
01469
05793
06182
06101
02078
00550
04079
03229
02134
05009
01484
05979
05470
00313
03309
02721
04892
01741
01041
04392
01652
02146
05871
02639
04010
05342
03117
00507
05077
00316
03892
02307
01765
05932
06149
04423
04341
03358
05812
01701
00908
01203
03138
00095
04005
03937
03138
05236
05198
06169
02233
02481
04365
01766
03672
01844
05902
02532
02805
02133
05426
02810
00789
03690
01146
04229
00615
00829
01881
03195
01882
05612
03607
01817
02166
00948
05994
02601
05720
04411
04638
00900
03135
00401
02941
05528
00427
02018
05514
03502
01749
03011
01943
04307
01569
01494
01007
03552
03385
05163
00998
00704
00203
03781
04388
03245
00091
03847
04392
05776
05659
01129
04657
01355
01470
04563
04016
03036
01652
04644
04521
03977
02927
03239
02601
03931
05621
02891
05233
00889
03206
01630
02712
04433
02413
05013
01215
03740
05092
03899
01869
01055
03456
02443
01915
01994
01811
00099
02578
04327
05256
00183
05120
03905
03369
03295
01130
04767
04412
06079
05947
03675
00868
02921
05827
05643
03572
01512
02387
02451
04030
01027
05100
03508
01170
03045
00527
03613
03418
02477
01175
05717
00114
04719
02731
05874
04125
03934
03119
05338
03114
02892
03786
01307
05997
03503
01131
02793
00498
01490
05788
04468
02157
04405
00217
00922
02653
00066
03538
02816
00223
02478
04275
04241
05014
03063
03636
05544
01423
02096
04821
01488
03963
00870
01882
00646
01070
00270
03484
02895
03509
03894
03583
00196
03276
02340
03488
03358
03101
00879
03191
02367
02061
01960
03474
03471
01848
03772
04594
02415
03701
02209
00150
06110
04252
03514
05077
06182
05787
05289
00530
04402
01040
04960
05080
00326
04009
02053
00036
03163
01887
06095
02082
06078
04057
00673
01792
01771
04109
02722
05567
04603
05121
00853
00295
04647
05712
05780
03322
02312
05416
04021
05505
02237
01903
00526
02450
01680
00630
01690
01195
06022
04654
02288
04273
06016
00063
01612
06065
00994
05240
04956
03087
02416
01528
03321
05125
02904
05371
03624
05907
02224
04136
00740
03917
05701
01647
06050
00122
02621
03760
01121
00472
03634
05294
02091
06165
05731
04091
02629
00745
05752
00181
04583
02127
02089
02022
03128
03642
00444
04057
00185
03804
01570
04408
03172
02162
03837
05955
03921
05571
04856
06011
01044
04415
00819
02636
03191
05069
04737
04201
02384
01228
05984
04737
02294
02563
03356
04415
05989
02748
02320
00527
05316
01730
01082
01844
05423
05276
01578
02615
05510
05178
00991
02762
01409
01564
02966
05259
02934
01098
00704
00828
02841
05942
01750
01327
01639
04150
04179
03734
00030
04557
04111
03240
02796
04929
04108
01152
05291
01463
01471
05368
01598
04946
04204
04979
00603
04195
05974
02935
04125
00323
00002
02481
01308
01115
00966
02299
05659
04468
05180
05792
05662
01563
00789
00801
06110
05548
02380
04184
03315
01919
04256
02808
04573
02536
05725
00088
00150
05344
02623
04693
02159
03058
05052
04572
01942
02864
03621
00601
02753
01267
01977
03441
05658
02945
03879
05900
05238
00240
03077
00399
03099
00521
04850
01702
01694
03344
03436
03934
01879
02592
03782
06135
04522
01539
01506
01953
04114
05095
00231
02694
00219
06036
01855
01405
00228
00394
02120
02239
04224
03144
02605
01898
03680
03367
02856
00427
02350
05373
03782
04992
00408
05101
01415
02907
02727
04155
04872
05347
02164
06029
00231
04677
01694
00157
03770
01864
04354
02236
00453
01925
01351
05345
03766
00101
01516
05038
00350
00924
00417
00971
03799
05860
00991
00140
02564
05765
03589
00909
03906
00647
03368
02759
00041
03162
03438
03578
02454
05285
04710
00746
02561
04027
00144
04110
04565
04363
05237
01491
06001
02366
03818
05431
02243
04556
01671
02001
04916
00375
04622
04934
00363
04993
03314
02199
06090
03058
04470
03246
05631
03065
05766
03671
01600
03483
00286
05620
05439
00026
03982
03696
01325
04541
01830
05357
05406
00861
01020
00392
06128
01783
03863
00026
01433
03661
00478
04346
01493
02248
00746
02494
05081
00144
00157
03161
03167
02419
02758
00158
02670
05060
02419
00898
02516
03203
03737
03864
01907
00091
05122
05790
04462
06160
03595
05916
01079
00455
03193
05965
02846
02024
01320
00366
06039
02246
05536
00643
04913
03895
05188
01801
02287
00590
05264
03166
01549
05382
02942
02492
00656
02825
04333
02509
00074
06111
04919
01625
00808
02434
05510
03482
00890
00782
05730
03048
00431
04198
05105
04097
00043
03625
03171
00616
03646
05460
02209
02614
05001
05929
03962
05270
00359
04533
05202
04882
06142
04567
04647
06020
04962
02563
00960
06079
01300
05111
01389
02395
04412
05157
02126
02838
03720
05495
00521
00120
01391
04193
03658
05624
05854
04448
06153
04994
03550
01681
03155
02666
00833
05436
03686
06161
01615
04142
04462
04414
03441
03438
04956
05257
04649
05975
00801
05704
06036
00164
04607
02228
04597
04275
00424
00390
05352
04120
02486
00075
03791
05642
00110
01135
00572
02842
03137
01390
00708
03743
00625
05517
00468
00583
03692
00846
02187
00536
01936
04930
01812
02285
01908
05169
04102
00684
03182
03438
01209
01524
05478
05726
02727
05291
01926
02174
03917
05021
05844
02700
02045
01706
01350
04486
04306
02302
00697
01775
06006
03100
01534
03488
04747
05532
01234
02755
04508
05761
03784
02498
04968
03640
05629
00942
02307
03666
05095
01612
03208
00898
01451
05378
01750
04018
05025
06087
01022
03000
05855
04464
04599
01190
06159
03326
03942
04551
03301
00653
02277
04813
03930
05200
00830
02800
02126
02016
04261
05137
04741
03771
02871
02836
00313
03601
01059
00164
01015
01642
03316
06136
00185
00420
04984
02451
03687
03256
04248
00586
01011
00859
01755
03902
05056
00339
02185
05777
03598
05471
05410
02357
04029
02841
02393
00848
01370
01008
01976
02548
01859
04013
02577
00195
05163
04151
00030
00903
00419
03194
02565
06159
05094
01234
01980
05526
05462
04646
05877
04214
06024
00016
02270
00578
01537
02105
00487
03440
00516
05488
02993
04149
00689
00731
05592
00283
01451
03686
03324
01958
01294
03600
00474
02220
03434
04590
00658
04138
04217
05535
02972
03291
02417
00646
03828
04427
00863
02094
02911
02434
05329
03280
02489
06005
06181
04519
01661
02174
04179
04341
02000
06195
00499
05182
04570
01892
01501
05474
00146
00398
02172
01569
00989
00093
00941
04958
02034
02870
04162
05846
06197
01386
03453
02210
04246
04046
04715
01383
00141
01807
04311
03231
05949
02132
00104
05681
03074
02588
02649
03227
01600
00213
03162
05175
03185
01606
02448
00844
02043
05469
01238
03371
05836
03354
05654
04354
05722
04637
06160
06094
00380
03627
02405
05441
02758
02611
03760
05275
02549
01270
03554
05076
05160
05733
04297
00543
03862
02669
02837
01515
06138
00445
02471
04459
02808
04376
00990
00581
01019
03678
02638
05288
05012
01661
01383
03926
00625
01340
03336
02873
05855
01600
03582
01698
00414
05344
03037
02092
00232
01491
04545
03815
03717
00954
03017
00865
01622
06119
05441
01839
01643
00324
00347
03641
03243
00745
05081
03235
03888
06045
02842
01079
00389
05509
02767
03120
04245
05395
03432
02034
06010
02150
03199
05085
03510
03255
03585
01688
02713
03300
06044
01379
03815
05445
03714
03100
01301
02467
00441
00763
04304
00064
03956
01929
05523
05018
05321
05851
02275
03130
02183
02013
03200
04833
00012
04977
01962
01769
01561
02350
00581
04785
02627
02789
02363
04203
00311
00615
02229
04351
05529
03355
01926
01163
02152
03060
02179
05922
03393
05734
03610
03224
04743
04137
04815
01760
05780
06094
02037
00828
03511
01894
03359
02556
05010
03594
05019
06099
01462
01341
02079
02954
01957
03878
02580
03447
00292
05402
04203
04337
01723
04142
05504
02498
04739
03274
00210
04375
02475
05896
03051
04988
06142
03492
04195
05352
03692
03478
04515
03912
00787
00970
03472
06104
01219
05153
01447
01995
05803
02656
05775
01203
01571
04038
03119
01732
01807
00908
03053
01587
05996
01597
06176
01493
00522
03324
03131
01522
03622
05164
04663
01392
03003
06178
06195
03659
05989
02087
05291
03826
01969
02883
00202
04741
03124
05579
04252
04202
01063
01547
00509
01039
01708
05030
01040
02290
00791
06058
05661
05269
04548
02721
00083
03541
05977
03545
00949
03049
05983
04797
03699
05887
04067
00981
00976
00842
02107
04097
02364
02016
01663
01739
04941
01544
06046
00441
03207
05792
02898
04018
05397
03149
00993
04040
03826
01476
00945
03795
06113
00741
03134
05487
01453
00855
02971
03996
03950
04022
02820
05995
02113
02977
04203
01168
02850
00824
00743
00922
02560
05507
00989
05536
03590
04502
03218
05366
05954
02193
00774
01348
00155
01939
05166
05024
04220
01422
05735
04978
01319
00197
00690
03797
03152
03954
00728
05910
00071
00685
05691
00212
01705
03447
02086
04352
00260
02597
05562
02102
02589
05631
01527
03161
02632
03008
03155
03756
01387
05712
03106
03813
00888
00852
05946
04260
03485
04663
04505
00353
01409
02042
03717
00516
04629
02208
05296
02238
01524
04613
00462
01493
01376
03956
00901
05868
01003
03574
04120
04752
05296
01832
02960
03279
04084
01430
03807
01020
04315
01060
04506
00181
05931
01308
01842
05870
02327
01601
02119
03782
02681
01122
01906
03102
00544
04298
03845
02914
01465
02012
02154
01592
05181
04451
00861
00374
01599
03680
03238
04624
01416
04701
05047
01446
04841
01718
00302
02788
03852
00975
01247
02340
06048
00312
05066
06134
06143
03750
00244
04031
06029
04043
02757
01671
02151
02413
02477
00588
00302
02004
03731
02485
03063
00357
04636
04673
01328
05140
03060
03453
00104
04038
06197
02196
02260
03924
00761
03096
02138
00163
00125
02111
02075
04489
06020
04882
02442
02426
01220
04527
01452
00832
05090
05166
03043
02009
02077
05352
06027
04434
00081
03875
04215
00418
04979
05098
04753
02257
02548
00249
04453
00479
01476
00039
04312
02729
05988
03468
04738
00397
03927
05082
06093
04239
05606
00007
01217
03637
05943
03448
02870
01853
03377
00506
01757
05470
01679
06042
02380
04059
00654
03917
01548
05132
01357
05337
05688
05639
04776
05458
01627
05276
05505
04720
00814
05534
01828
01158
01846
01373
02932
02270
06190
02912
03447
04535
04614
00319
06091
00984
02456
02727
04876
04463
05746
02335
05660
00194
03517
02583
05501
04647
00089
05153
05310
01703
03507
02791
03567
05116
03500
05780
04282
05644
05671
01487
04016
04958
00062
00673
01389
03857
02017
00024
03914
04683
01501
04532
01453
01367
00885
03990
03415
03504
02032
02369
03714
02722
05023
02176
00956
01280
02120
01439
05332
04295
00339
00222
04120
05898
01465
04832
06193
05263
02292
05698
05644
00470
02472
03830
04645
02178
04428
00559
03514
04984
02092
05327
04969
02533
01718
05581
02599
03636
04030
01834
02438
02044
05161
01290
02690
04511
04587
00448
02897
04359
00757
03329
04013
03844
01278
04707
01863
00417
05805
02495
01257
05732
03328
02513
02591
04235
04324
02768
04955
05268
00562
04273
03981
00037
02242
03846
02251
05714
02063
03484
06194
05445
03767
01794
04065
05800
05205
04637
00758
03486
00964
03408
03984
01759
00418
02769
03977
02618
05798
05743
03925
05773
00192
00751
05435
02432
02756
04662
01895
02463
04739
02641
01777
04814
04374
01312
00606
04167
04103
02457
05640
01430
05270
05928
03213
05470
05596
04028
02441
05989
05816
00541
01937
02610
03516
00394
06094
02631
04099
03519
01825
05313
05465
04515
02481
02316
05462
01543
00430
02444
01441
04139
02161
04182
03350
02587
04234
01101
00915
05550
00893
00368
02549
05687
05250
05880
00809
02548
00256
01384
06001
01420
01334
04261
03574
02766
05726
01197
01981
05092
02406
05452
02183
00550
01795
05385
02088
00203
04380
04447
03332
02475
03520
03983
04057
00351
04534
02699
01221
01994
03871
03389
04645
05505
04194
04830
04582
04453
02132
05739
04172
00890
02465
00242
06133
02639
00219
01970
03945
05526
03790
02936
02465
05062
03478
01958
02584
00419
03614
04670
01786
02768
05990
02308
02264
02266
05136
04689
04565
01253
01351
03028
05681
00949
05988
04291
03559
02987
05886
04527
00772
04655
04261
04365
02943
05260
02476
00257
01743
04423
00281
03773
04742
04201
03337
04343
02896
05324
00189
03049
05175
03874
03507
04466
02783
05233
03267
03794
03017
05243
03143
00066
03598
03314
03229
05114
03354
01065
03772
01340
00290
02629
00921
03045
03555
05762
04917
04852
05297
01482
02956
04515
05192
00760
02301
05371
01947
01411
05945
04580
05823
00534
04042
00689
02066
02668
00745
02922
01397
05241
01812
05851
04044
04635
05866
05386
04798
00775
00052
01758
02477
04392
04099
03898
00076
02803
00096
02273
02128
02222
05243
04460
04364
03494
06019
01191
05293
03048
03638
03769
05894
02503
05335
04330
04641
02180
03610
00543
00195
01284
04028
03121
05267
04227
03019
00747
01287
01878
02743
00538
04586
03910
01565
01471
01406
02225
00782
01808
04130
01186
01256
02789
02584
04544
05360
03205
03094
00069
02043
01121
03462
04301
00728
05360
00188
00382
03291
02922
03764
00998
03640
05289
03694
01152
01170
02104
03743
02977
02832
00023
02333
04839
00450
02735
01182
04032
05550
05600
02174
02680
00257
02587
02059
05693
02348
00953
01782
02485
01789
02202
02185
01575
03655
02761
03103
01431
05959
01380
03805
03258
03307
04058
00251
03825
03249
00462
01190
03755
01810
05944
00205
00779
03513
02490
00806
05001
01956
00071
05917
00732
01518
02991
04808
00581
03398
05456
02610
00751
03199
00223
01642
03874
00981
02964
04015
01974
04465
00427
05794
02365
01193
03327
05384
02593
05783
03513
03051
00213
01772
05078
04604
05664
01593
04286
03159
00283
00482
05121
02242
00204
02120
00764
02355
05123
02257
03849
05798
05202
02237
04573
02136
06057
00616
05802
05946
03079
03007
01565
05037
02253
02497
05506
05215
03740
04772
01859
01464
05295
00584
06031
05772
04691
00252
01752
04700
02802
05259
05117
06179
00415
05762
02325
04058
02716
00657
00013
02328
01832
02820
03041
02394
04276
02205
04159
03643
00956
06120
05593
03696
05403
04315
03248
02314
00327
04775
04990
03985
01187
02415
05892
01210
02267
02316
03066
05477
05450
04042
00389
03365
00368
02939
04314
05668
03784
01742
03745
03155
02741
03556
02748
04795
01404
03975
04135
01051
02852
00391
01178
00766
03346
02449
02882
01464
03537
02006
04790
00333
05119
05742
05820
03886
00499
01392
04771
01833
04451
05343
00116
05851
03505
03914
00258
01493
04373
01504
00832
02681
00030
00861
02049
03295
01826
02446
03003
01272
00014
02461
03069
00014
00167
00754
05071
02846
00790
04022
04553
05323
00361
02732
05948
02320
03375
03223
00772
00954
05532
03266
00663
01304
02362
01696
06175
00447
04408
04289
02795
02534
03532
00469
04412
01555
03813
04312
01051
00697
00252
04114
04896
03567
06056
00370
00709
06189
03512
06190
05928
05725
02307
04921
01184
03636
04227
04210
03047
04908
00448
01821
01918
01231
01193
06033
05462
05018
04606
05029
05482
04364
00009
00639
03747
00185
03106
01123
03899
02127
06042
01012
05010
04812
03239
05002
02463
00098
03630
04664
05878
00793
01478
04080
02264
03759
02385
02078
03616
00294
05470
04758
00570
03146
02073
02851
04006
04381
04525
06021
00234
02841
00704
00469
05445
05106
02228
04256
05520
00733
00797
01142
02599
00721
05902
04390
06053
01705
04686
01840
00270
00874
01776
05878
05525
03767
01825
03583
00598
02367
02819
05946
04654
00816
05646
03020
05190
02674
06077
00759
02327
00306
03566
02647
06055
03121
00747
04185
01481
05457
04406
04298
00275
03820
04754
02777
04801
01368
02404
02730
03031
02907
00728
03608
01971
02367
04224
05910
04841
02826
04479
03787
05720
04132
03372
00088
05785
01414
05314
01470
01048
05252
02444
03729
04140
04822
03918
01187
01552
05545
04319
05566
03572
05108
04106
02754
03701
01826
01923
04311
05144
02780
01598
02048
02839
03792
03532
05740
04554
04578
05015
00562
03615
05557
03029
02864
04684
01581
05841
04568
01176
00116
00244
03328
01673
03080
02427
02804
04113
02782
06186
05218
02890
02301
04542
02658
04168
00953
05784
02896
06070
02490
01734
03296
02712
05328
05843
01620
01183
02621
03807
03549
00340
03392
01009
00771
02852
03897
04392
04187
02089
02366
02313
02756
00977
01849
01083
05430
01543
06043
01350
01136
00592
00434
05970
02924
01176
04218
01212
05985
05515
03659
02987
00724
00911
04534
00561
01069
01574
03717
03421
02537
00538
03886
03229
05209
00537
05884
01768
00686
05432
02499
05282
05936
03092
04414
04841
04698
02123
02318
00196
04115
06113
04728
05403
05243
02647
04356
01017
00879
00550
04102
04270
06004
05464
02971
04361
02980
00927
01458
03027
01536
03416
01332
00166
02947
02391
05617
02173
05966
05966
02769
03469
03997
04256
05107
03073
00861
02175
02462
03707
00272
03725
05209
02462
02111
02808
01777
04089
04778
04519
05783
02318
04455
02145
03483
03504
05525
04309
00265
03514
02900
04419
06022
03181
01068
04113
01735
03138
03686
03730
00022
00189
02170
04282
01875
06074
03582
00820
