03190
01631
04381
01033
05979
04612
00495
05831
02023
00097
00568
03689
04561
00082
01404
00423
05313
02770
05100
03147
00183
04382
04286
01262
03259
04343
03960
06572
03868
00307
01584
03945
00020
05129
02815
04342
05952
02384
02661
04828
04262
04171
01926
06260
03927
02066
05721
05248
02395
03280
00841
00314
04268
01733
01844
02991
03707
04855
00448
04823
01047
04210
01190
01691
03364
02529
06423
03659
04671
04151
06036
04452
06320
01759
03538
01099
02088
04940
01569
05753
05810
00966
01133
05322
05406
03066
05845
04939
04976
02428
04625
04232
04359
00556
00969
01583
04834
05122
04009
01516
02677
00391
00616
03746
05649
05177
05968
01811
03737
01067
06464
05420
01112
06087
01236
05672
01681
01353
01950
05744
01430
01129
00718
06435
01002
04892
05341
03728
00754
02776
04983
03437
05349
00706
01495
03834
00861
00502
03980
02783
00782
05298
02329
04503
05619
01584
05491
05008
06408
03798
01307
06312
02585
02979
03683
06054
02114
06408
01854
03729
05640
05256
04751
05265
01348
05589
02355
05448
01408
00225
04403
01181
01754
05263
06394
05125
00669
00908
02253
04710
04255
03300
00192
05809
03694
00605
01405
06115
04587
05042
00575
06105
03872
03365
04045
04669
04541
00261
03417
04649
02566
01543
03752
05023
05249
05108
00133
01746
05604
03199
03990
05397
05955
05057
02320
02942
04527
05763
00999
01863
00066
05335
00317
01265
06262
03876
04947
03708
03869
04388
04021
00504
02075
00131
04248
05617
00816
03278
00167
03299
01339
04102
01083
04106
01224
01448
00169
04259
00913
03682
01597
01581
03938
00579
04700
03366
03846
02032
01471
03723
04464
05055
00931
04600
01652
01954
02789
05944
02867
03209
03364
01314
04525
05884
01951
05688
02537
04108
00757
03157
01488
01533
00683
00554
01792
00187
03511
05069
05636
01437
00532
06302
04697
05466
05215
00615
04411
00662
01941
06568
05749
00617
00159
04773
04744
04221
02358
04620
01451
01075
05889
05950
02864
04320
03606
04330
03032
06169
05276
02720
06140
03608
03566
00425
03036
02417
03852
05168
05589
02870
03660
04261
05299
00290
05918
04326
03119
00462
01220
04930
02353
05023
04768
00436
02982
05696
04056
02392
06268
01881
01885
06045
05891
00532
00794
01207
02734
00983
05463
02040
05799
00123
00676
02770
02320
05376
00515
04155
01357
05347
06126
01206
04488
01773
02320
01786
00644
00641
00496
00009
02003
04585
01511
03551
03843
01070
02595
04493
02851
02130
04364
03161
00283
03547
04795
04212
01081
01583
04307
00495
02320
05391
03655
00451
06107
01497
05715
06340
02744
03286
04031
04817
03831
04412
04734
01658
00681
01873
02053
05566
02590
01133
04846
03224
05278
01746
00924
01686
03849
00811
01785
01398
03571
01750
04532
05477
04463
00887
02230
02246
01964
06035
05315
03755
05653
02654
00925
00882
03353
01705
04428
05855
04259
06491
03387
00074
03701
01851
02884
02125
02717
05959
05259
04773
01090
01732
03503
02506
04727
01827
06597
04980
04957
00268
01855
04212
02456
00410
04122
06140
04096
06251
01453
02052
00183
01378
02629
02250
00994
04306
05589
05533
00697
06265
02859
03542
04176
06550
01766
06340
05176
02929
04779
06563
04376
00934
00047
04751
02644
04398
01503
05515
03248
03954
00491
05328
05806
02044
02185
03772
01219
00484
06469
02169
05296
05099
06294
06439
02483
04064
03060
06200
02230
02965
03206
00629
02967
00037
02064
03650
00391
05876
01897
02946
04967
04491
01026
05416
00731
01414
02322
01836
06586
00988
00407
05551
01750
05018
04776
00571
03406
05557
00622
00537
06347
01514
02416
00176
06104
01163
05925
04839
01434
03137
05539
04815
06199
04801
00071
04840
04715
06220
06318
04279
05285
03494
03864
05760
01152
02059
01164
04270
05221
05577
00390
02604
02222
05366
02430
02799
01518
06583
06354
04074
00716
05761
00579
05829
00893
00232
04301
06203
05833
02794
00191
04167
01414
01519
04275
04779
01777
01688
01176
02772
05988
02192
00026
03005
04489
01635
00803
00950
03732
03218
06547
01192
01390
04824
05323
01176
02502
03125
04200
06134
05170
02292
06210
01970
00891
00090
04628
00570
03918
02358
04238
00801
04183
01760
00997
06551
06529
03319
02381
05689
04912
03378
05005
06469
01839
04986
06368
05037
03196
05915
02044
06237
00617
00918
03627
03722
05783
06572
02423
06074
02547
01849
03851
00322
03010
03314
01964
05847
04985
05580
04438
03028
06564
02891
06475
05021
03800
06371
01646
00230
00773
04479
01438
03388
00939
05244
00334
00549
03301
03816
06457
02622
06403
01485
00066
01425
01889
00476
00426
01185
03629
03319
06035
00236
03862
05368
04777
02475
05800
00991
02393
04601
04596
04684
02897
02958
04667
05073
02246
02471
05331
03611
04829
02907
03051
02869
04857
02124
01408
06217
05483
02912
04186
03228
00504
05644
05297
04389
01572
02508
03817
03394
00524
00489
02716
01110
02177
05919
05390
02299
01608
01218
00908
04392
02639
06269
06118
03407
00658
04214
02284
02062
05603
05921
03356
04271
03520
00783
02225
01318
02015
03523
06375
02319
03948
02106
05899
00194
02843
01124
05344
05052
04584
00083
01340
02171
06355
02543
06401
04597
01498
04611
02303
04822
04399
00544
04110
05196
02865
04651
02193
04024
05166
02982
02487
03476
01325
06480
05028
04163
02449
00881
03276
03658
03802
05319
00783
03817
00262
03414
02191
02045
03805
06415
05486
00189
00714
04728
02461
06191
04533
05812
03735
05247
00869
01982
03413
03563
04323
06063
02458
03894
05257
01138
00174
05871
00658
05145
02144
03197
02035
01934
04933
05769
05207
05663
04197
04560
05768
01078
01020
05708
03945
02788
02630
02862
00985
03842
00180
01938
01113
03708
02043
03790
04007
00666
06123
02712
02155
02932
03053
04284
00246
00514
03254
05359
05635
05085
00096
03042
03022
01910
00080
04630
04809
01280
03354
04345
06317
01772
01064
06107
00109
03050
02322
02560
00965
00614
04255
04057
05602
04998
01409
05073
03996
04407
02919
05481
04054
02879
03508
02728
01079
06427
02740
05611
01992
00413
03055
04629
06525
04705
00078
02723
01553
04220
00275
03055
01457
03202
00949
05502
00859
04995
06288
01152
01328
03321
06491
00548
02068
04608
01075
00837
05871
02162
04381
00405
01811
01582
03929
01869
04717
01924
02434
05702
06097
02504
01881
01447
02511
03529
05818
01547
00042
02333
04478
01294
02462
02731
05199
02668
04065
02380
05386
05310
00538
04646
00511
03130
00182
05423
03356
02989
05162
01346
05591
04296
03579
00289
03418
06381
00865
05336
00985
04700
06258
02874
04287
01246
03419
02818
01998
03517
06488
01511
01878
04638
02077
01381
00804
04148
01829
03612
03332
02050
02007
00231
05650
05589
05377
05348
04137
01956
00429
00971
05606
05301
04112
02892
05167
06189
03961
00697
06325
00195
02991
04901
02513
01297
00739
05040
06443
02200
04868
02713
01989
00735
05313
03375
03022
03345
04633
00763
00834
00088
06318
04213
02695
04857
06448
05609
00002
03198
03966
04686
05656
00745
01928
03707
05849
02156
00552
00742
05478
02906
05734
02347
02131
03713
06418
03773
06136
02135
02349
03148
01969
05750
01960
03155
03965
02166
05654
03700
04036
01037
03590
02899
06162
01717
00560
06516
05152
00338
05632
00721
00225
04702
00896
04492
05274
02179
05200
03253
01195
06509
00041
04657
00914
06497
05640
05080
01343
02646
01006
00513
00849
06071
05979
04652
05567
02281
01866
01083
06236
04871
00880
03542
04441
00768
04358
00786
04950
01002
01015
01045
03948
00349
01835
03520
04937
05054
00633
06409
00046
02078
04307
00684
00317
06335
00803
01830
04148
01547
03316
06006
05719
03984
05459
05417
06522
02068
02092
03240
04203
00369
00697
01599
02862
02565
06541
03940
03290
00856
00999
01842
01833
02891
01410
02586
02245
05978
03121
02597
03693
01933
00936
01016
03815
04177
05957
05493
01487
02645
04422
04706
05726
04876
04132
00368
00926
04183
00996
05513
03321
05548
05759
03911
05866
02343
05135
00686
06203
00491
04114
02605
06141
01884
05395
02062
00758
00212
05347
02263
05149
03585
04839
04612
00009
01912
04827
03171
00743
05216
00732
00252
03186
04021
01787
03187
05941
02791
02398
02939
00556
03678
01960
04873
02689
03293
05793
02946
05226
03816
02600
03738
06199
04715
06044
03586
01241
02760
02426
04173
04958
02572
01097
04183
04593
04031
01433
04443
00791
05911
03434
05751
04748
03352
04433
06070
03540
04162
05997
01674
05238
02150
01624
06443
04490
03086
05449
03273
03386
04064
00414
04050
03215
02407
02566
01656
01291
03591
05501
05970
01195
03059
06168
06493
01560
02676
03080
01423
00995
00296
05053
01000
06117
00948
01151
01830
06577
01983
02841
00523
05401
01773
04602
01557
06309
00365
05448
05466
03490
03696
03913
04557
06022
06486
04644
03866
00690
02983
04466
00409
05049
05450
03931
01514
05453
06070
02338
05902
02313
06226
00514
01118
03056
02371
03170
02307
02924
05146
04587
03745
05035
02327
03251
02112
05572
03182
04546
00768
05511
04188
03418
06000
04595
00174
01644
04203
04161
00270
04372
04521
04301
01148
06206
01237
02341
02149
06434
04128
00201
02882
03755
06513
01754
00327
02294
03806
02552
01230
01078
05932
01676
03119
01724
03776
02948
05623
05411
01000
04845
00187
04594
03160
01946
00247
03250
04844
02650
00639
02623
05095
05096
06032
05692
06302
00348
00164
02863
01709
05055
04937
03075
05755
01379
04213
06388
06540
05153
05496
00150
03483
00972
04750
06422
05554
03171
00736
01594
04272
04740
05981
05468
02485
01724
00530
04081
04989
01083
06331
05304
00686
00524
03740
01502
05664
03650
01266
04831
04113
02461
03647
04383
02442
00228
05837
02894
02793
03477
06170
03225
00131
05544
03900
03469
01654
00585
03162
02839
02944
04252
03599
03319
03856
03907
01620
06251
04591
06195
01136
03400
02762
02581
04230
01499
00183
02952
00276
01917
01690
02611
01347
05917
02859
04088
05328
00519
05597
01389
00134
02970
05693
06596
01325
00760
06389
03962
02483
04798
00292
01556
00077
01179
01676
04757
03267
06134
01696
02236
02637
05512
04432
05250
01798
01024
03946
00882
03012
01437
04423
02945
01784
03990
00855
00093
04176
03181
05081
04450
02382
00995
03100
03415
06565
05261
05819
01952
04928
00435
01864
06476
04767
04145
03824
03974
03662
00959
03454
04985
03588
02387
00807
03364
01469
04782
04026
03509
01340
04292
04218
02865
03241
02573
03145
03058
00139
04752
06322
00242
05314
00904
02083
01420
00499
03798
02422
03146
01785
02909
04706
03824
06188
00397
00771
03615
03265
06048
04850
02766
05054
06552
00098
04419
01096
06401
01545
04232
01155
04459
04318
02496
02093
02623
01085
04768
00591
00298
04925
05066
04913
02944
02227
04877
03713
00248
04932
05953
05720
04902
02284
00774
00873
05718
06470
02004
02223
05731
05070
05220
02354
04551
02307
05846
00077
05821
06059
01324
00863
04826
03738
02203
05099
02802
03995
05498
02327
05871
04233
02955
02086
03812
01042
04071
02114
06576
02409
03710
06266
05894
03534
01068
06331
01450
03004
05783
02606
06301
00224
02108
04958
03257
00145
06345
04516
05624
06207
04581
04673
01382
05492
03756
04647
05088
01202
05135
02380
03540
06224
05384
03596
06464
05789
03787
05618
03198
03495
01527
04331
06077
01711
04956
00776
02635
04317
02359
01478
00726
01900
01529
01075
05610
03170
04014
04278
06500
02919
05056
03356
03582
06487
02764
05451
04603
05413
06020
03580
03010
04597
00508
00762
00159
01294
04432
05858
01244
05619
03050
03614
03536
01021
05202
00241
03598
02135
04221
04857
04310
03621
05480
00996
04008
02249
02830
03857
00612
01147
04797
02725
01895
04389
01583
01934
03352
00064
05188
02263
02793
03903
06317
06160
01057
05622
04003
05369
05318
01422
01342
03139
01975
01896
00402
02379
02800
02347
06235
06220
04183
01636
02873
01055
01755
05801
01278
00714
03364
06530
04525
04579
00853
02452
01981
01039
04838
05603
04426
01980
04574
01692
02837
00703
02374
05916
01633
01402
04977
04616
01223
04246
04159
01843
01892
03409
03633
05413
06293
01675
01255
04390
05709
02179
03316
01607
05853
03873
03547
01720
05026
04280
02523
05996
01277
01650
02742
02814
05643
04495
02583
05662
04653
04100
04778
01131
01810
01684
05557
04975
01887
02550
00964
03538
03681
05474
00707
01603
01914
02529
02116
00898
03119
01952
06264
01683
02298
02080
02482
06328
05435
04022
03047
03735
03449
02738
02426
01898
06247
05790
05092
04569
03241
05757
02424
04840
02885
00101
00453
04726
00951
03938
02596
01252
01773
04385
04657
03205
05633
04014
04599
06464
04573
04650
00204
00759
05968
03844
03852
04116
03607
05251
05345
02807
02831
00949
02695
06046
04526
02599
02966
05738
01841
00410
03536
04265
04232
05830
00227
00733
04430
05846
01089
04017
05693
05615
05306
02931
01070
05894
04003
01371
06013
05877
02472
01430
03739
02210
03645
03631
06150
01949
06586
00971
05795
00523
05701
04391
00212
00875
00769
01313
04564
06549
01115
00367
02294
05450
02942
03847
00030
01604
05093
04909
03479
04386
05997
02362
03836
03240
05349
00943
05706
03961
02126
02990
04714
03642
04220
02841
01989
03693
02183
04266
04432
05294
00131
02726
04198
01750
06082
00119
02997
03665
02348
06348
05472
01894
06261
05991
01476
00851
05581
00459
05639
03866
01285
06319
02930
05332
05300
00396
01127
01760
02017
06559
03381
03447
02251
03315
00048
02712
06004
01806
01174
04035
00061
01182
05685
06564
05411
00992
02823
04270
02767
05293
04839
00978
04827
02442
05318
05331
04087
00522
01166
03246
01732
04994
01120
04251
04056
05400
01504
05714
02672
06153
04830
02069
00700
06478
02792
00712
04851
02034
03362
04879
03904
05051
02248
00509
05988
00714
00114
00236
04851
01753
05318
06597
05763
02880
00732
05101
01606
03235
04682
06563
03504
04828
03704
06490
02012
03264
00854
01527
03434
05289
04705
00713
01571
05296
01964
00343
03293
00004
05731
03090
01185
04011
06387
02553
00434
01924
01302
03219
00528
06583
00962
02173
03610
00666
05361
04023
02467
06488
02667
04997
01723
00240
04455
05751
02558
05856
00649
05453
00577
03339
04173
01027
03304
01014
01561
05325
02493
01099
03249
01183
01076
03896
05412
00020
04042
01480
02068
01993
00579
03443
05515
05700
00842
05132
01113
00638
01691
02495
04881
06123
05268
04677
01723
04682
02827
03917
04653
06525
02153
00537
06234
01751
05596
03762
02124
04196
05826
04705
01742
03450
00297
05651
05802
05410
00339
03496
00482
02459
04319
04329
00770
05203
05683
02747
03770
05386
06045
01876
02417
02622
01473
05337
03156
06397
00973
02258
02071
04810
03560
04178
02666
03015
05720
04502
04949
04243
02699
05826
05030
06304
06518
03146
02223
00299
05521
00908
02197
03657
04235
03472
05498
00227
05961
06416
02684
03374
04450
03082
01711
03394
04391
04591
02461
00132
05494
05975
02318
04289
00709
01171
05434
03570
02323
03535
05491
02927
00738
03114
03224
06449
04249
02979
02716
01145
04558
00866
00086
00230
05449
00696
06329
03422
06051
03227
00443
04365
00925
01658
03746
03539
06525
05898
02642
05861
02403
01955
02812
06226
06107
01818
05457
01264
02755
01563
01788
00298
04107
04146
05261
05785
02628
01671
00777
02477
05289
03732
00775
05533
01474
02931
02766
00226
00552
06001
01169
04293
03059
00218
06093
02848
04806
00679
03129
01656
02548
02019
02060
01885
04420
05293
04061
00131
00896
02218
05883
00264
04492
06259
05373
02346
02977
05063
05876
02724
05313
05229
05148
06549
05348
03872
05665
02606
04601
02342
03975
04966
01873
04727
03617
02884
02342
04767
01843
01791
01705
03024
05116
05101
02056
02351
03274
03839
01742
04688
03657
04117
06084
05689
00631
04787
03213
00825
04174
03343
04760
05083
01277
03246
01462
00371
00968
01171
00579
01003
03947
00691
02450
03690
05390
01631
02569
06498
04834
01231
00252
05012
03226
01456
03573
06178
01180
01946
05561
03849
00775
03672
02189
02530
06287
04036
03015
04603
03771
04670
03665
00206
03536
04441
01905
02861
04998
01667
02316
02081
05936
01807
05280
06110
03801
04513
01665
00820
00522
05549
05499
05501
03136
05116
06182
02038
05250
03524
01736
06179
00048
03202
01156
04204
06047
05743
02008
01398
06241
04381
01196
04335
00217
01124
03494
02530
02892
00453
00443
06123
02587
03673
05384
06023
06589
02639
04070
03355
00681
03234
03076
01648
04457
02595
05782
06296
01139
00743
06132
00984
04593
04335
00437
04465
03912
04720
05258
01500
04309
04951
05303
03682
01403
00803
00620
01237
00626
03270
03082
03679
00241
00489
03496
06549
00132
00324
05333
05447
01528
06119
05512
06015
03915
02639
05556
02563
02866
01816
05391
02457
03546
04147
05385
05070
05839
01485
01522
06538
00811
02612
04220
03052
04974
01927
04992
03870
00627
03617
01572
03436
02012
01257
03802
01351
05692
00393
01908
05880
00010
06264
03931
02643
00469
06030
02230
00506
03491
03356
03919
02194
06532
04702
04098
01566
05451
05318
03424
05111
04516
00238
00672
02605
02408
06170
03388
05036
03374
01399
01945
00069
01165
05788
06432
04544
01900
04956
02977
03771
04930
00092
02144
04650
05561
02255
04576
02139
02316
00804
04467
03316
04098
03144
05107
05444
00771
02350
03891
05618
00599
02408
01111
03206
01398
03968
00978
06370
00754
05759
01431
05709
05928
04425
01735
06324
01862
02308
04608
02357
06286
05523
05174
00249
02368
05259
00763
03405
04991
05057
00659
00614
03553
06045
05899
06302
00058
06472
05543
05079
03098
02197
06050
00755
02506
06215
06488
02278
03951
04735
05368
01233
01101
05912
00197
00187
01492
06074
03764
00325
00336
03358
05455
01043
05130
02164
00128
01378
06124
01487
05337
03610
05834
05418
03240
04218
01108
01106
00897
05763
06464
06143
00755
00490
03140
04407
02324
00477
02945
02081
05560
02992
05027
06539
05701
02380
06269
00329
02050
05494
02817
06387
03534
01752
01805
00137
02836
05574
06497
01349
04788
05438
01917
03509
03485
03005
00240
05900
03927
06290
01235
01005
04605
03314
02995
00819
00295
02831
04733
03631
02782
02333
00388
05038
02256
00555
04263
01822
02051
03778
06374
03422
06382
02286
03426
03407
03771
01229
03556
03003
03473
02544
02725
03281
00454
00686
04285
01289
04490
06448
06288
04970
02838
04692
04018
03925
03403
03353
04771
04942
04080
04995
04718
04943
03051
02972
01123
03441
05680
01912
06397
03024
01855
00083
01621
03697
05272
02761
04029
00507
06402
02337
01257
03639
06016
04479
05487
05997
01653
05516
02807
03316
03639
03109
02014
00238
05382
03021
01677
04286
00640
04616
04894
02999
00965
06253
00854
02154
05933
04510
04430
04563
05682
04959
01715
06361
06232
05609
02150
03864
02064
00618
00206
05541
06228
02539
02577
05173
02157
03590
04466
01922
04056
00377
02796
00971
04863
00107
01284
01359
04747
01450
04052
01542
06103
05423
04244
03572
04528
04271
03507
00203
01649
05374
03812
03260
02036
01082
03132
01465
02418
01881
00551
02498
04491
02449
05954
02898
05664
04962
00299
01581
05085
03689
02324
06080
01773
05260
04887
04581
05622
01333
00212
03578
04420
04949
02757
00053
03153
05494
06442
00158
01818
02884
01152
05553
01453
00001
06165
03438
02294
02397
03791
02135
02352
00615
01162
00349
01472
03986
04536
05407
00006
01262
03506
00945
05405
01705
01053
03189
00386
05506
04128
05000
01249
02698
01074
00315
03538
06504
02728
02429
05547
00744
04516
03345
01335
06287
06329
05081
03828
05877
00523
03439
05922
06551
05235
05716
04959
05935
02512
04527
05672
01523
00241
04411
03002
04560
02135
04549
04799
01016
02888
03433
00459
03047
04782
00216
02254
00621
01798
00592
05156
02601
03228
03488
00184
04795
02819
01934
00920
01908
02730
05992
05001
06229
00386
01267
05506
06232
02501
01547
00895
00342
01505
06327
01956
05022
06433
05936
02953
04535
03724
04926
01837
03970
04302
04207
05579
02031
00781
01797
03770
01547
03951
01195
06496
03603
01543
02772
01310
04847
03910
05695
02134
01118
01510
02675
00888
00137
04649
04051
04381
06271
06176
00407
02819
03357
02455
06399
01575
02527
01918
06563
00745
06064
03539
00036
00129
02242
04331
00577
03679
01786
05519
06167
00496
02003
01531
05417
04269
01037
04346
02623
00349
02802
03293
04566
05938
06477
05202
01236
04593
03879
01417
06166
06451
05383
00778
03536
06465
01709
02082
06584
02484
00428
05629
00263
03186
03002
03365
01469
01165
02085
02840
02936
05405
06203
04472
01313
00526
01438
04427
04043
06388
04562
02251
01008
00962
04316
00496
01618
02435
01074
00545
00691
03767
00985
01626
00234
01279
01590
03000
03267
05724
05365
02167
00545
05082
03743
00812
00090
01650
04444
03927
00615
06220
00389
01887
05110
05651
03236
00650
03055
03283
02634
05068
00007
04750
04365
04420
03908
00803
03068
03311
02286
02648
00089
00868
04894
04334
05618
04470
05574
04819
01931
05280
00557
04230
05027
03914
02261
05074
02081
03586
05522
02653
03444
06094
04505
00403
06060
05342
00698
04387
04736
01886
01252
05971
00909
00857
02508
06327
03839
03769
00657
04405
04999
01331
02015
05756
01618
05536
02535
00211
01425
00573
00319
06030
02042
04284
01771
03058
02251
02827
05359
02770
06126
03483
05215
00730
03453
00139
02246
01561
02611
03282
05424
01036
04829
00140
02668
03708
03795
05428
02897
05401
05935
05951
06187
05393
05505
00721
06386
05065
01412
03417
03328
06324
00113
03511
03933
02713
06046
01742
04793
03182
04922
06069
04213
01019
01247
00783
05174
01914
00477
01578
03558
04122
05775
06061
01009
00114
03460
05122
01354
05450
00573
05155
04376
01318
00782
06400
00960
01548
04866
03943
01864
02292
00071
02821
02612
06551
01467
06000
04017
03552
00490
06071
02156
00944
00005
04673
04142
04358
01361
05946
04743
06034
02121
03780
01011
04226
02328
00650
05141
04582
04087
02616
04791
03342
00951
02622
00107
03196
00484
01251
03457
02788
01023
06159
06366
00696
05430
03912
02693
01951
04561
06302
06517
00317
02772
04082
02430
02550
03164
04945
00768
01196
03544
02190
04963
02969
00334
01429
00253
06422
00150
02261
05947
04297
03119
05093
00663
03469
05940
05439
00658
06331
03627
03545
00079
02591
02378
00104
05300
02102
04302
05871
03485
01962
04801
01398
03471
05680
02399
03542
03190
05273
04902
01144
02979
02300
00375
06509
00029
02845
03605
00144
00090
02414
02385
03040
04859
01099
02647
04890
06186
06540
04889
05843
06560
01876
06583
02194
03335
03911
03311
05604
06097
02648
01310
03329
05812
01823
03763
05068
00442
04738
04108
06337
04297
04467
02144
06110
06539
06271
02720
01292
05427
03926
01842
00175
00157
05694
05852
00992
01752
00402
02658
05148
03740
01648
06236
03573
03530
00840
04830
01662
01532
02129
01973
03580
05873
06373
04083
02336
03269
03421
04680
01033
03043
05231
03013
02919
01824
01235
00326
00778
01814
02678
04219
01481
03097
00453
05266
00190
02625
00067
01885
05534
00661
05461
02556
06511
04736
02155
03991
00906
04787
02809
06139
02759
03391
00652
00302
01400
00669
04808
02999
03278
03996
05909
03903
03135
05085
04955
05046
05970
01422
05042
04156
04985
01362
06164
00349
00172
00514
02662
03128
05319
04618
04409
01164
00305
02058
00199
05464
06157
02423
06577
01445
04926
02782
00230
00921
05132
04460
03269
00699
00571
04605
01483
00391
05322
02767
06312
00429
03721
05154
02588
02786
03019
04870
00167
01050
06251
06545
01878
02167
00691
02532
02162
02403
00200
03792
05570
05919
04209
01874
04656
01382
03871
00353
03249
01929
03990
02472
03942
03495
01112
01444
06464
04280
06259
05675
04096
04710
06441
05503
06589
05577
04822
00270
03838
05437
02871
02807
01911
04747
01397
02251
03680
00289
02488
04438
03489
01510
05864
03617
02858
05606
02431
03677
04294
04926
00923
05589
00144
05309
05799
01344
04086
06096
01433
04162
00506
05904
05878
02135
05400
04993
03178
03011
02857
02794
01812
04113
03405
04508
04173
03989
03808
04528
00425
06192
03443
04914
04390
03728
05739
02500
01241
02561
01799
01296
02097
04004
06274
05270
01467
02987
05289
02654
02028
03894
05151
02219
01301
06053
03147
00245
06360
03682
03539
03696
00785
01977
05834
01054
02456
05128
06237
00366
05603
03173
02395
03039
00433
05649
01138
02957
04569
05839
01223
01518
04256
03896
03965
02370
04937
06174
01359
01645
05550
01147
05264
01859
04757
01117
00895
01670
03943
05080
03673
05063
02306
06321
00086
04191
06085
03491
04206
05312
02860
00000
02164
06173
02161
02964
03976
04082
00466
05921
04875
02210
03099
02795
05827
02187
02224
01864
02359
04928
01668
05142
02420
03611
03832
04264
05109
03836
04443
00470
04193
00179
04055
01673
06422
01502
06244
01736
02820
01431
02470
00041
01565
04277
02234
06431
04520
05014
05198
01613
00668
05350
05598
00380
06506
03150
00890
03887
03187
04828
01524
00824
03576
02994
05328
03622
05441
03438
04893
06478
03845
03414
05280
04235
05216
05813
03399
03692
02939
05926
04395
03744
06580
04516
01470
01024
04134
02188
04012
00193
06444
04281
05311
01644
03767
01561
01930
03372
01920
03800
05055
02724
05198
01785
01540
01490
04624
03628
03231
03428
06463
00705
03083
02917
02635
03296
02539
00316
00966
03650
04506
05546
00837
04663
02797
04302
04034
04221
02825
05366
04591
05057
01758
00788
05869
03974
05749
05443
04074
01327
05022
02180
04257
05402
06329
05833
04707
03036
05398
04765
03044
05435
02361
03687
03921
04627
06173
03969
05852
01944
05417
06081
03410
00605
03351
04915
05356
05096
01889
06008
03065
06154
02551
06544
06197
01334
03547
02000
02986
01260
03878
06503
03653
06379
04707
00915
03668
04289
05737
03555
00507
02416
00502
03616
01517
02184
03342
00149
03456
01146
05955
00408
00297
06432
05670
03996
03927
01039
05436
00460
02787
00878
04653
00286
01749
06110
05661
00682
06250
00037
05141
00046
05817
05352
00724
01847
03261
05301
06366
06430
05508
03659
01367
05460
01991
01182
05577
01540
01130
00466
05264
01740
00779
04108
03743
02006
02471
03464
00908
04121
04016
01754
02062
04599
01907
02692
02527
05379
00045
04297
03940
01354
05230
05860
05217
00515
00749
03272
05729
04619
06395
03196
03651
04337
00965
06266
01377
05787
04856
04501
04594
05211
03049
05661
06359
03402
03268
04241
06435
05640
01226
00719
06163
04605
05552
04010
04661
00942
05194
03937
02701
00815
06534
03936
00249
01289
03853
04765
05726
05409
04852
02226
00605
00733
03921
05730
06397
00531
06194
00329
05420
05568
02294
06492
03632
00322
06575
06202
02759
02643
03263
03014
01494
05786
05591
03554
01359
03544
01703
00913
03323
05747
03287
05049
03111
01234
05612
06004
05172
05678
03319
01362
05198
01313
00159
03980
06470
03623
03311
00519
00227
06133
04737
03946
00819
02714
03570
02726
01495
01280
03855
00546
05740
04551
06157
00776
06214
04663
04727
01856
06191
01911
03488
03462
01461
02519
02608
00754
02418
03742
06523
05564
00613
01313
04685
00090
02589
00881
00338
00488
04110
04168
05322
00403
01956
04743
03009
03466
03484
05607
06045
03793
02706
00778
05160
00731
02237
02109
05670
04619
04327
03541
06448
06159
01681
05418
02687
02490
02539
02548
03660
00997
01240
03401
05035
00873
02240
05937
04785
05323
05159
01566
05154
00844
00907
06435
05413
04852
05594
03783
02252
03667
02378
01854
00578
01444
05211
00885
03065
00230
05511
04536
02548
05615
04825
05625
01039
04256
06147
01439
01719
01223
05297
03881
04267
00861
04811
05893
00713
04573
04265
05834
04198
04053
02742
04390
03925
04149
04359
04917
03761
01633
05701
01175
02094
02060
00085
04796
04841
05027
00361
01582
02095
00651
05760
05179
02619
00384
03720
05534
01897
02635
00460
02393
03904
04302
04424
02961
05685
01847
01497
05510
01258
04168
06378
01038
03821
02599
00641
01573
05172
00215
05600
05418
01759
02121
03583
05193
05262
05936
00566
06112
03825
05312
04368
04497
06247
05482
01556
03739
01237
05687
06341
04829
03496
04006
03865
00880
01774
06020
05431
02304
01887
04751
05873
00103
04889
03495
01713
01286
03481
03770
02080
02185
01325
01562
04378
00973
05989
00012
00789
02232
00363
03528
05615
05277
00352
05752
03951
03403
02413
03879
06172
04089
01323
06368
05115
01049
00114
05040
01580
00254
05006
01753
02299
03779
05336
02884
01548
01505
01593
01577
00879
02956
04961
00110
00628
03243
06277
06506
02104
00194
01302
00869
02669
01086
03526
04670
03479
04148
00406
01048
04227
01438
01491
01498
00938
00779
02016
04738
05795
03818
00700
02693
03751
00395
02363
04861
06590
06330
05891
03991
02255
05768
05909
05496
04252
02832
06003
01357
01556
00843
02809
00619
03298
03153
05356
00529
00314
03725
04215
03216
04380
00931
00580
00915
02089
06248
02799
05009
01738
02502
02910
01101
00761
02403
01541
03254
03351
02589
02751
06120
04140
01996
04438
03766
02972
04788
02723
05257
05727
05701
03361
04730
00209
05392
06444
00952
03192
04513
05279
00807
01829
02332
05027
06277
03921
00925
03907
00690
01408
05032
04828
01883
02523
04201
03179
01907
03399
03770
00086
00031
04387
03799
03700
05156
05832
03430
02416
03032
02729
04512
02408
03073
02273
03343
05389
03462
01571
01828
06331
05312
01245
03502
04080
04236
05966
05872
05946
06288
02886
02991
03672
00047
03117
01526
05866
00683
06427
00729
04989
00398
00215
05603
06014
05461
01731
01972
02672
03450
00636
02698
03129
02660
06024
00226
03926
04189
04344
01043
05943
04512
00589
02408
04462
05484
06575
01832
04544
06578
00696
03132
01078
02439
01487
05436
00181
05518
06224
00678
04553
01542
06104
04972
01177
02346
03095
02040
01035
00123
00462
04967
00944
06223
02760
06560
01282
01955
00325
05880
06466
01149
05969
01803
02247
02079
01908
00232
04776
03888
03634
03497
03771
03861
00970
01006
05678
00927
06556
01733
01066
01137
06540
05768
03999
03705
06275
02836
04746
02824
00972
06537
05596
05984
03076
04834
00148
03849
00267
01075
02429
03151
04767
04018
04506
00020
04695
04620
03685
00086
04589
02477
01911
05108
04085
00682
04145
02050
01202
04591
00066
01743
03936
02408
00049
05127
06556
00254
03538
04194
05695
04665
01030
05056
03129
05492
02226
06503
01131
06202
01018
06282
00557
05354
02582
06416
05173
03425
03970
01119
01625
03789
04500
02563
02852
05898
02615
00534
03852
02123
06092
05821
06093
01486
04752
05341
04454
04924
06112
00177
02312
03603
04136
04697
04391
03106
03268
02728
00417
04825
03078
01322
01516
01699
05398
04296
02196
04905
01288
03874
02330
02540
04846
06367
02176
04886
02246
03340
05672
04285
03799
03551
06077
04021
02157
03166
05321
01377
05772
02097
04245
02446
01976
01025
02559
03732
04019
05876
06406
01394
04672
04838
04897
02189
03605
05404
06213
05372
03094
02344
05165
00955
01243
02349
02828
01987
00331
02166
06398
05442
01482
05671
03708
00772
03750
01839
05030
02213
06175
00097
01307
02913
03941
05069
05828
03235
02564
03736
02151
00670
06090
05629
03656
02107
01265
05270
00849
02992
04055
06339
05777
05305
00458
01413
03923
01182
05658
03488
00077
05449
05095
06251
04449
06322
06457
05389
05553
00417
04535
03062
05619
06295
02583
05751
06340
02153
00995
00479
00401
02057
02453
01675
03384
04115
00713
01488
03661
02090
00129
02240
03801
02388
01222
00231
02140
05481
03713
04242
05811
00043
05114
06579
00885
04882
02000
02954
00871
03479
06527
01475
04112
01107
05584
06088
02574
06027
02706
02348
03399
02066
02318
05540
04884
01571
03544
05985
04087
01385
00233
00190
03286
04182
01042
06290
01128
01892
06171
03195
01204
04803
04105
03352
03921
00176
06582
01672
00543
01190
03177
03052
06100
06531
02855
00590
04323
02026
05274
05701
00455
02128
02277
04270
00030
02493
02986
05849
02056
00721
06290
01580
06311
03681
00860
05216
00448
02165
01505
04078
02639
05079
04155
06373
00161
06481
01774
05596
03530
02043
01135
04062
04200
02545
02425
05415
00527
00269
00294
04617
00122
05670
01738
06419
00859
06004
02747
05815
05970
06446
02629
04919
02202
02098
04939
06443
01545
04929
06328
03945
05102
00212
02219
03857
02196
01935
03160
04676
05973
05865
02315
02473
04898
05541
04215
05899
02758
04368
01037
00467
01531
02359
05904
05781
00924
01340
05621
00377
00017
02636
01424
05657
02017
01329
05738
02978
03482
04431
06063
05705
00204
01085
03915
03603
02715
06035
02965
00408
06555
06442
00683
02845
01694
00947
04637
01277
02929
05712
05414
06244
01437
04257
05700
00424
01584
05461
00353
05868
00836
04182
01090
02802
01800
02958
00948
02356
04818
01123
05439
00247
03062
01477
01955
06180
06296
04000
01503
06596
04765
06059
06144
02824
03736
01515
01678
06506
06176
04396
05139
02196
04446
01430
04980
03963
00869
00360
01146
04047
02170
06419
04458
01130
03395
02997
05968
00938
04532
04273
02379
01997
05092
06312
03729
01792
04550
04558
02995
03940
01171
01979
03940
01397
01885
03412
01211
00288
02975
01149
01663
05057
04776
05126
04426
05879
04958
01407
04190
02700
06239
00625
00757
05108
00946
05587
00973
04601
01252
04382
04135
05928
02567
04053
00752
03493
03597
06308
02585
00662
00986
05131
02113
02878
04271
00591
06355
02048
06227
00743
02330
02702
03068
01782
00880
02813
05979
01297
00606
04847
04886
06182
01910
01804
01862
04983
05996
06197
04225
04794
00803
01864
05818
02182
03588
03913
04412
02380
04840
03955
05806
00847
03383
02755
03056
00850
03698
03884
02019
05877
02586
03917
03487
03795
03003
06083
01566
06364
05219
03388
05557
06321
02485
05522
00547
02713
01522
06383
05330
00599
03015
01483
04539
04518
02761
03568
03734
00826
00357
00366
05686
01460
02796
06128
01211
05034
03123
02529
06241
03640
05481
03700
00830
00167
06562
06000
02121
00448
01649
05556
00158
06206
00306
04692
00998
04893
00389
03928
00171
01754
02710
03957
02105
06481
03745
04155
04119
02893
06154
02507
05173
06048
06139
06570
02664
03583
04631
05550
06385
06224
04300
05267
00291
06507
06142
05451
02315
03506
04165
04720
06434
01318
01704
04575
01406
02624
05731
00395
02335
00385
02172
03803
04109
00111
00196
02281
05734
05820
05513
02680
04517
05908
03831
03745
02246
06443
00286
04826
05862
00840
01471
03780
02056
05794
04889
06191
00338
03286
02496
02460
03782
03090
02757
00247
00372
01769
02696
03191
01269
00180
06529
04827
03858
05961
06015
03018
06595
00314
03328
03703
05603
00932
01919
01272
00481
05730
04307
05329
05898
06502
06044
03170
00801
05252
02624
02625
03872
03811
01356
01549
00928
04513
02654
04681
00669
03794
04791
04009
04437
05388
04814
04989
00703
01681
03991
00455
05872
03634
01203
05649
03440
02685
05849
06368
04267
03675
03106
02751
01020
00329
03418
04026
02812
02472
06546
03584
02336
05715
05891
00179
03664
04565
02677
03632
02404
04668
03349
03269
04737
04798
02309
01588
03201
04510
02989
04691
03313
04027
02687
05500
02324
03886
03160
01016
01444
04989
03139
04715
00376
04497
01631
01916
04553
02352
00897
05292
01975
03624
01716
05864
00673
00273
00116
04228
04442
00982
03003
05206
02790
05784
01595
04677
04675
05662
01466
01044
04749
05188
03643
01462
00170
01567
01904
05991
06500
01051
05573
03693
02012
05153
01673
03050
04724
05385
01198
04143
00221
05791
04935
04502
04543
01885
02809
00452
05447
06141
02946
02913
05786
01865
01558
00677
05128
01113
04505
02137
01636
01720
04727
01880
01752
01708
06582
06128
03317
05048
00733
01952
01528
02544
00998
03455
06567
01184
01862
01142
05475
04256
05734
01540
01992
00384
02618
06061
00248
03524
02318
00702
03686
05237
03401
04439
06373
02076
03241
03413
01297
04467
05542
00203
05085
01802
03819
01940
02875
01195
06054
03744
03315
01995
02729
00497
00131
03165
02697
00929
03884
01692
00612
05481
00205
03084
03808
01744
02825
06158
05190
01726
02251
02343
05597
01980
04186
03875
01018
02275
02159
00259
06277
04325
03875
06385
03056
00427
00926
01483
05760
00124
01482
05100
04510
00119
03558
05787
04815
01854
00606
03117
02959
04663
01576
04366
04509
05423
05785
03327
02456
05797
04598
00740
03287
03561
06031
00286
01477
00775
02637
00336
04331
05956
01460
03960
02920
05540
03884
04180
02236
02093
02433
03261
00930
06515
01043
04061
03051
00881
02776
00049
04567
05441
06572
02931
06383
00480
03707
02046
01478
02193
05709
02054
01366
05964
01504
05060
01382
05747
02140
01324
00945
02369
05039
05907
06410
02399
02193
01864
04779
03117
02817
03581
05270
06033
01070
00010
04610
04110
05995
01342
00639
01548
01082
06371
06260
03984
03729
04245
06541
03601
05441
00695
03907
02094
01314
02563
04508
01967
01885
01563
05417
05358
00058
03256
01950
05994
00536
02854
05492
01472
02691
04362
00546
03773
00319
02465
03523
05877
03970
01247
04912
05273
05984
01977
00742
04481
01896
04399
03338
01526
01044
06513
00929
01858
05006
02141
00429
03807
04437
03994
04641
01280
01671
01373
03581
04008
01376
06133
03237
02365
03329
03725
01835
03817
01692
05477
01926
06029
02788
06501
04946
04345
05769
06416
02790
04660
05680
03609
00861
04349
01562
03972
06060
01452
02123
02899
00099
06384
00738
06099
01143
04630
02025
03787
02835
04522
05226
03209
03806
00222
04513
04393
02408
05284
00225
05970
01174
02121
04446
03439
04853
02424
01922
00055
01315
00911
02979
05561
04392
01954
04689
00055
06172
01907
05949
06078
03499
04787
03453
01120
01979
06240
05533
02190
03238
02218
04295
04949
00875
02667
03187
06467
01558
05075
05753
03894
00304
02333
00459
01946
00481
03514
04112
00381
05369
02112
03243
03993
00967
05070
00866
04549
01257
05823
03259
02936
01154
01376
00600
06035
01281
04608
06131
01658
03222
03339
01669
05391
01783
04579
03743
00026
02001
04067
01684
04649
03091
01297
01358
00408
01195
02808
04133
00246
02076
01423
02110
04676
01215
04178
03632
05033
02662
00882
02426
03367
00072
00980
02951
01908
00702
04035
06076
03310
05764
02882
04864
02263
03052
01994
00010
03848
05724
04220
04337
04245
00791
01853
03908
05333
04473
00275
01210
03156
02236
04311
05051
06198
05160
04273
05358
01234
00599
04994
04948
05545
06159
04347
05513
02322
05256
04544
03451
03164
05829
04280
05954
05263
05791
02907
00752
05591
03677
04912
04602
02814
06552
01050
01436
01724
02635
01407
04452
06598
05240
01621
06388
01008
03133
02257
02682
01128
00165
02701
04589
01633
03514
02549
04358
02856
06273
04047
05998
02151
00150
02573
01918
06148
04974
06472
06152
02565
03020
05346
02269
05242
01883
03767
03912
00238
05018
05865
04296
04363
03005
05487
03876
05442
00744
01074
04366
02084
01438
04804
05561
04696
06240
00949
02407
03658
03394
03963
02331
00883
03295
02101
00686
00275
02076
02748
04621
01048
00130
06295
01455
03257
04757
00953
06188
02635
05274
00353
03032
02351
04213
05838
03079
05919
01808
05309
05891
00619
03127
05952
02457
01837
05736
02069
02778
02613
06041
02816
01733
00713
04002
05430
02418
04284
01745
04911
01041
03185
04268
00127
00952
02149
00232
00873
01779
05295
03496
02816
02102
05613
04530
04908
03110
00540
05052
03829
02254
04971
05228
04200
06110
04397
00517
02923
05077
01697
01300
06061
03183
03296
05946
01663
03529
05714
06293
02642
05337
05261
02479
04260
06435
05171
03135
05138
05150
03038
06286
03203
04998
02211
06106
01766
06226
01481
01007
05161
05893
04732
03620
02680
05970
04458
04641
03926
06160
05762
05334
05995
03461
01060
03374
00146
01135
02040
02770
04198
03413
01487
05098
05121
04549
03744
04047
04672
01703
04576
01348
03509
05125
02409
05211
01482
00126
01805
03188
05576
01912
03864
06367
04826
02179
04208
02874
02881
04829
01338
03903
05028
02928
04945
04277
02467
00391
01709
03471
01537
02839
06374
01489
04323
00739
04404
01974
00169
02239
01269
00143
01528
02486
04858
05750
01914
06311
00918
05824
02171
05850
05691
01457
02048
01457
02539
02186
02566
04545
06096
00837
02588
02880
03512
04905
05023
01584
06313
03177
01104
02985
00117
06118
05147
04973
05650
03757
05671
03173
01713
03076
04469
01145
02424
06101
05951
01749
05662
04925
00838
05391
04675
04110
00256
02772
06538
02200
04188
03314
04588
06599
00483
00192
06313
02182
02869
05578
05853
00337
05477
05889
04157
03416
01346
01847
05253
05367
05123
06272
00712
04282
03927
04004
01259
05510
00350
06377
03558
03139
04823
04285
03456
01646
01126
03977
06462
05666
05233
02153
05079
00878
03552
01663
01487
03378
00736
02416
05862
01043
03098
00918
03165
00110
02724
02037
00396
02345
00379
00121
03763
02749
04987
00116
03243
05768
05766
01774
02839
04302
02357
06596
02485
04792
05165
02675
06539
00645
03720
03375
05023
06196
03551
02212
00328
04876
05562
03845
06434
03219
01580
03930
00474
04738
01397
02316
02287
02090
03005
05140
02201
00271
03066
00554
02097
02522
02791
06034
03691
02013
00041
02864
06172
02856
01006
05412
02045
00696
05828
06120
04753
01527
01532
01223
01113
03559
02241
05744
00977
04111
04329
02055
05855
04504
03967
05893
00591
06121
03497
05142
06462
01895
03141
06048
04321
03841
06027
03859
05561
01895
04967
05412
05845
03290
05247
04139
04004
02846
03123
04493
05046
01813
04821
05332
04309
01621
03478
05625
06341
04041
02945
05940
02597
01118
03793
00155
02058
02195
01011
05030
02791
06548
04271
04755
02146
00192
01593
06260
01341
02749
03854
01670
00704
05478
04949
03341
03456
01219
04747
03051
00174
02750
00787
03296
00270
03326
05592
02220
06322
02012
03520
04263
06219
06443
02216
04737
02964
03789
06438
00221
06395
04744
00439
04784
05060
04831
01349
01384
02299
01980
06187
04855
01142
01212
05697
05967
03197
00923
05207
01455
00375
02174
02416
