02484
02959
00291
03524
05140
01217
01486
04664
05696
03147
00259
02972
01825
00186
01642
00615
06259
05479
06148
01804
05180
01463
02411
03318
01000
00966
03944
02068
02420
05673
05322
05702
04137
01206
02303
04653
05501
05430
03913
02658
06106
05002
01495
00284
04519
01890
03057
04397
00327
04865
03375
04990
05703
05347
03666
00782
03356
01206
04321
02926
03879
01404
05015
00450
05603
05818
03273
01029
05453
03249
01205
03827
00437
03655
04570
00385
01704
01389
06294
05667
05962
02068
03670
02409
01504
00867
00292
00451
04504
03566
05348
00838
01708
04757
04485
02796
04904
00856
01758
02969
02151
06259
06193
02036
00942
03003
00352
00509
03133
02856
04801
05909
05187
06042
04865
00213
04545
04903
06244
04325
01118
02235
01943
03780
04802
04670
06078
00688
00345
01883
06293
01287
04543
01659
05406
01597
00567
04326
04186
04250
01205
05629
01718
06257
04577
00840
02592
05402
06038
01739
01439
01281
00395
04028
03059
00276
03565
00097
01527
05327
04242
00897
00854
02312
05326
04569
03752
01709
03429
00963
02494
05807
01825
02735
05036
03796
04246
02894
00752
01277
00979
00404
00601
02918
02163
04647
02105
05358
02070
00698
03867
03300
00383
05708
01053
05532
03447
05761
06131
02581
00096
01195
05726
00267
03164
05791
06152
04752
00920
01364
00755
04284
04045
05493
05421
00537
01566
05254
06116
04982
00480
00855
02923
04000
03399
01721
04082
06100
05167
05419
05594
00856
05056
02127
01513
02164
03098
01955
03573
05461
04532
01089
01819
04636
00468
04882
04240
03710
04056
00766
04108
00821
01464
05770
03543
02311
06172
00220
04557
01326
03441
05328
01930
00147
05212
00080
05223
04141
05956
00254
00708
04098
01066
00374
04867
05578
01030
05231
03678
01624
01608
00519
02485
00897
01381
03662
05935
04348
00933
00741
05551
04416
00506
03543
06250
01197
04350
00757
05068
04337
03245
03288
04345
05768
01866
04359
05295
05768
00545
02841
05254
02736
03340
04392
05563
01855
05095
00368
00822
03988
05817
04163
04675
03204
01116
03829
02047
02859
05833
01533
03325
01646
00078
05690
05883
02647
03688
04724
02951
01708
05937
06227
05653
03129
02147
03371
05171
05635
04379
03974
01841
06194
01958
00879
04568
02739
00322
00092
02001
01965
05720
00727
02784
05995
01330
01491
04712
04826
01428
01645
05544
03944
04965
04365
04423
01683
05696
02210
00187
02218
02128
00266
03551
04422
02662
01737
01364
04562
01513
05078
03916
06293
05017
04216
00479
04268
05697
04007
00365
03117
05090
04317
01964
05666
03553
05192
06015
00375
01800
01170
04981
04670
05831
02564
02253
01538
05010
03613
03215
02168
05820
05302
05247
01698
05490
05324
05249
01241
00300
02318
04281
05749
01325
03793
04553
02512
02114
00231
01138
05553
00740
05878
02232
05525
00835
05450
03047
04707
02870
02050
02963
02376
01280
01057
02310
03906
04080
03786
03510
06202
02262
01573
05810
00445
02119
00625
05582
03300
04319
00482
04807
03112
05942
02560
02344
02349
00972
02306
02224
05744
00022
00890
05353
05908
04259
03154
02339
00201
01011
03656
05930
03739
04696
01895
00196
02270
05538
04181
02403
03036
03673
04373
05328
00297
03999
03122
04149
05364
00095
04239
04937
05086
03530
05599
01442
02818
05136
02981
01316
02628
04847
02888
02861
06164
01525
02044
02681
02020
04188
02860
05388
01266
00523
04833
01558
01591
00731
03929
05500
02132
02247
00750
02586
00688
04898
05009
05213
00824
03396
03110
02146
05955
00576
03599
00956
03913
02541
03401
05867
00378
05523
05139
00494
01605
01529
04025
02792
05855
05554
01833
04355
00807
01869
03417
01822
00911
02830
05694
01518
02837
03694
00950
05264
02193
01746
01768
00765
02514
00021
03548
01102
03613
03360
03762
01075
03192
01180
00553
01508
06125
04644
04421
03652
02599
06116
03110
03234
06074
02177
01057
05341
02416
05455
01812
04795
01595
03357
02909
03758
03639
05464
05068
02196
04600
04067
05101
04569
05201
01096
01222
05611
05724
03020
00743
04018
02406
04928
03553
02154
04963
02085
01009
02530
01111
04210
00636
05819
01824
01912
03940
03414
00136
02379
00046
02123
04275
03584
01292
03271
03899
02795
02979
02733
02892
05392
03853
05929
00559
04762
05936
01229
01718
01132
00655
05506
02537
05731
05642
00159
01405
05345
01306
00165
05629
03425
01940
03379
00520
02875
04802
03429
05782
04747
00056
00909
04966
00270
01708
01997
02921
06054
02237
00568
05284
03272
05630
05683
00862
06075
06167
00080
02433
03726
00175
02335
00951
01967
01749
04882
00212
04064
05596
00007
03041
00728
01741
00044
04773
02824
03160
03258
00978
06270
05767
00375
00829
02599
03028
04719
01086
02037
03334
05942
00225
01801
01762
05181
01696
02507
01397
04806
05386
04555
00042
05781
01622
01725
00751
03225
02194
02296
00240
06197
02901
05680
02230
04073
05080
02790
01939
04189
05512
04681
04088
01268
02676
02992
01693
04045
01161
05524
01284
01063
01639
00323
00032
04972
03304
05378
01993
04297
02181
03867
00989
03356
03521
02916
03023
03339
06117
06061
02328
02417
04810
05948
04467
05127
01407
02184
01998
00501
00254
00875
02683
05434
00546
01162
04825
02018
01571
02291
04855
04968
03525
05301
04775
05997
05924
01837
00137
00780
05065
05932
01383
04795
00635
02110
04905
02731
06125
02289
01926
03160
06284
00891
04753
04935
02781
05334
01499
05761
03819
02470
01510
04521
02615
04394
03418
01231
00201
04263
05048
03294
03508
04295
02428
05459
01983
01805
05453
05935
04207
02427
01109
05218
01669
05337
03163
02126
01640
05725
02348
05404
05628
04764
02332
05550
02822
02842
05338
00818
03416
04055
02813
02303
04605
05354
01326
05650
02342
04008
06188
03556
02760
02590
00438
06067
05886
03507
01223
03018
05072
01869
00233
01495
01690
00415
03383
05440
02723
04113
01322
06182
05693
01484
03110
00275
05765
00085
01011
01783
01604
00736
01148
02505
04213
05482
04987
04707
02884
03968
02727
03028
03956
04311
03245
01570
00205
04790
04923
05618
04921
05091
02715
00080
01708
00782
04126
05863
02279
04171
06061
05549
00745
04395
04939
00472
05314
02979
04454
00707
05829
05925
02050
01060
01357
03755
05578
03798
05273
01874
04402
00878
00328
04640
00317
05046
04909
00774
01330
03095
00136
04198
01396
04878
00177
04997
03929
02031
01966
05872
05055
01109
06231
05913
04713
05697
03547
01477
04570
04633
03394
01502
04426
04373
05918
00555
01364
02050
02880
01828
02323
02227
03639
02420
06162
04034
01728
05780
04112
02458
04877
05187
05068
04119
00036
00433
00103
05524
06077
02249
02350
01141
05888
02043
01123
03658
00321
04166
00460
05767
04541
01598
04954
00278
02253
05310
05261
05215
03979
06255
00566
00002
00052
05266
02635
02248
04202
03736
05744
04504
01611
05159
02613
00709
03208
04831
05379
02062
05757
03511
03752
03713
05300
02439
03043
04417
00913
02213
04842
01002
03232
05287
02110
01783
04279
01399
02290
05060
03055
03482
00452
02590
00703
05058
03229
01597
04020
03993
01760
02437
05451
02515
02949
02604
05513
00292
01856
03743
04096
00167
05881
04444
04096
00010
03125
05381
02461
03008
04251
04776
01817
00576
00620
00578
01738
00492
01600
03709
05449
02175
03561
00630
04086
05451
04587
01209
03684
02875
02483
04285
05277
05473
03926
01148
04199
06144
00625
05551
03867
03666
04122
04566
05259
02393
02834
01320
03326
02300
03799
03162
02255
02673
00806
03882
04647
01429
01470
05142
03441
04419
04539
00159
05021
01987
03724
05306
03398
06112
01224
02558
04052
04705
03857
04320
02080
00393
04985
00947
04655
00033
05646
05478
04503
04191
01096
04889
01933
03294
01093
04313
01916
04309
00688
02557
03688
01881
05321
05582
04739
02486
05418
01397
03705
01173
04902
00340
04078
00005
05454
02380
03184
05200
05769
01675
00307
04582
00830
02062
03941
02998
04461
05825
02858
02548
03103
04622
06153
04934
03027
00688
03123
04883
00657
05058
03469
03494
01386
04512
01824
02301
03195
01590
01862
01005
04215
02416
04316
02842
05184
04586
01535
05208
05454
06062
04481
01233
01019
06163
04436
00072
03979
00700
00143
04770
03335
00314
01637
01932
01229
00155
04629
06168
00727
02086
02076
00417
04833
01273
04523
00497
05670
05421
00858
03970
04228
00976
01462
05495
01636
05023
00278
02158
06156
03383
01685
04431
01171
02572
03612
05198
00543
01254
05331
01718
04450
02516
05491
00050
01559
05646
00466
04905
00789
03106
04679
02443
04371
01203
01113
01874
06130
02911
04895
01659
04936
03544
01270
00699
04501
03030
03107
05978
00843
02907
04521
05099
01957
03543
00250
04669
06273
00439
04051
02722
02476
04478
01417
04822
00898
05767
00011
03819
01994
04091
04726
00336
01561
04606
04495
04945
04270
04389
01953
05622
04475
05663
01967
00636
04951
04736
01170
01829
05507
05600
00820
03303
04383
01865
03264
00025
05330
02889
00646
03029
03887
04610
03244
05906
06000
02863
00402
02870
04773
01700
00643
05936
03085
02383
05753
03261
04248
00823
00707
03488
04188
06066
04503
04528
02607
04786
00138
02374
04995
02972
04783
04093
04721
02605
03828
04899
02916
01427
04825
04325
05562
01996
00640
06078
04301
00178
03311
01153
03900
05119
05412
00317
04813
04420
02626
04634
05455
05774
03168
02518
05433
00820
00091
03858
05113
03796
04059
04976
00867
04528
04543
00067
03046
01665
03261
00341
06081
06164
02857
00048
00268
00378
02705
02523
04718
05946
01151
04488
05455
00608
00377
01190
05383
01985
03368
02969
05110
01950
03024
01381
00235
03719
05915
05254
05892
03242
02794
00309
00947
02269
00927
02811
01775
04641
05191
02328
05383
05416
00896
05475
01396
00378
01882
01948
04838
00443
02916
00940
02980
01288
05800
05182
06229
05413
00587
02577
01192
00269
00018
05482
01497
05197
00413
05121
01833
04535
00090
00754
03315
00406
01679
01750
02872
01534
02958
03225
04662
01226
05889
05870
00739
02258
00498
00675
01705
05217
03157
04261
03366
05211
05674
01296
04304
02325
02815
06042
03771
03558
03421
01822
02643
02696
04619
01337
02969
04384
01102
04684
01475
03331
05341
04400
02132
00399
05075
02008
01571
00323
04923
04125
03791
03639
02333
06043
00939
03975
00869
04487
03583
00450
04332
00389
02623
00963
02987
01425
02018
00901
00625
00647
04325
04025
05862
05396
04110
03636
03162
02172
03014
04387
04240
05410
03805
04507
01311
02295
05989
00481
05103
03255
03784
05685
00301
03121
01195
04093
05377
05102
04876
03021
00941
01433
00151
06252
02698
03426
04597
03949
03712
01677
05351
04957
01712
04954
00491
05827
01285
04424
03181
01750
03477
05999
03607
03913
00721
00943
04679
04296
03672
01602
04910
05384
06162
04610
01390
05896
05216
05633
03114
00981
05917
02173
04310
03650
05990
05388
01494
04961
05151
01677
00372
01886
03983
00490
02786
05946
02314
00179
00106
03575
05480
04891
01856
02897
01237
05757
03290
00125
04899
01977
00791
04865
05035
03162
02523
03164
01752
00285
03860
01619
03596
00556
02990
01117
01745
05116
05236
05882
05232
00508
02629
02818
01416
00057
03738
05377
03706
02595
00087
01799
01305
01875
02839
05793
00649
05466
02762
02453
03245
05876
01908
01029
00301
01087
05774
02812
04519
03530
06089
02278
02258
01128
04936
00842
01506
00083
00661
01191
05404
01833
06120
02922
03673
02886
02499
00412
02721
05826
00490
05380
05005
02074
06226
00501
01201
02099
00486
05165
05246
03880
01193
05017
00493
00470
04391
03433
02781
01489
05204
05264
02747
03765
04151
06243
01663
04618
02613
05151
04936
06206
03536
01741
00888
01602
05799
05085
02649
01108
05560
02126
02408
01440
03877
04405
04809
01573
02761
01265
00157
02960
03699
00024
00508
02196
03342
00237
04602
00424
01415
02374
00949
03990
03052
06152
03078
00944
04610
04641
04265
03939
05637
05834
05886
03836
05568
00283
03932
05083
05148
02269
06030
05015
01959
06091
03371
03926
03990
02880
04392
04359
00692
05764
03704
06118
04738
04013
05419
00697
00379
04287
04795
05401
05165
02697
02417
02392
02663
04611
05225
03514
04374
05309
05132
02090
02427
04180
00883
01839
02530
04064
05640
00240
04733
04854
02574
01922
02041
03457
04063
00228
06274
01632
01122
02989
05843
04939
03051
03147
00480
05260
06070
05327
02744
03117
02291
03414
05203
00991
03829
03715
04456
04009
00638
00558
04768
02212
05463
01353
01402
03231
00882
04766
02796
01799
03048
04090
00356
00633
05121
06289
03489
04091
00355
04210
06021
02489
02803
05114
02763
04658
00404
02406
02274
00996
00978
04302
04320
00077
02118
04065
01985
05298
05212
02414
04948
04142
02569
04584
04260
02853
00048
00147
03889
05275
00181
05012
06295
04445
00156
02807
02568
02287
04261
02375
02741
05515
01408
00267
04837
04422
04188
03021
00974
00076
03113
03720
01238
01830
04310
03419
01439
03257
05762
04760
04857
04314
02448
04835
00792
03934
06114
06092
01913
01555
00807
01484
05621
03380
05624
01297
03036
00282
05756
03508
04121
01956
02845
01413
02947
02895
00483
03450
00305
05603
00717
03008
00332
00890
02171
03939
04513
04555
01321
00034
05278
06097
05279
04023
04509
05602
02562
04957
03932
05594
03731
04459
02421
02499
04124
03280
05030
04784
04367
00874
04205
02781
05859
01212
04802
01827
05734
00658
04678
01148
02134
03412
05151
02906
01448
01874
00178
01485
03258
03666
03773
03082
05728
03391
04531
01395
04790
05486
04607
05638
04482
03016
05105
00635
04554
05136
00099
04790
03310
05799
02486
01873
02955
03290
04709
02862
04427
04807
03480
03785
06020
04536
03268
03698
02580
02454
02079
02854
04848
05522
01666
04216
04402
02566
04143
06199
01797
03843
04504
00207
00927
03629
02630
01262
06225
01969
02327
00136
02099
04487
04387
00734
02628
00520
02307
03085
03663
00033
03041
04203
04180
00336
00652
03044
04524
02369
04427
02026
02999
05461
01155
02417
05040
05302
05934
05727
00224
03892
04986
00621
06041
02138
02539
03421
03970
03302
04444
02216
02336
02628
01300
03966
01931
01909
00932
03215
05490
04965
04867
03337
00410
05926
00735
06190
04118
04392
04802
02373
01977
00899
01220
03377
04625
03416
00551
01401
04627
01297
01859
01030
05207
00735
04321
04167
04809
00204
02394
05712
00944
03282
05313
00735
02089
05343
02893
04235
02524
02693
06266
01170
02226
04535
05699
00063
02418
01073
05873
00061
05693
04961
03222
02472
03105
00529
00016
00242
03911
02918
04215
03733
00605
01372
01514
04375
01591
01700
00743
02131
00651
02123
05521
04552
00348
03384
05366
01988
00208
04993
04623
04659
01025
03602
04619
05142
03226
04576
00261
01335
03563
01694
02866
03087
05170
04155
04618
03832
00802
00059
06168
03664
02878
01523
02953
00882
00044
01332
03690
02236
02616
00032
00681
01558
01907
05485
02997
05703
02349
00311
01420
05059
02438
03541
01191
02741
02934
05067
03737
03567
01961
01119
00776
05183
05202
03389
04424
01480
06124
05702
01993
05858
00202
02633
04573
03559
03868
02402
06089
05432
03610
04285
02252
03276
06141
03686
04762
03793
05442
02703
00174
03965
05452
05877
00532
03191
03110
00929
01506
04014
01258
01799
04937
01811
03997
00146
05333
01856
01870
04296
06249
05701
05202
06083
05846
03708
02014
03641
05472
01788
00406
03409
04531
00543
00343
02323
00283
04921
05971
02911
03185
04377
05432
01057
05174
03595
00481
00873
04294
01355
03074
02283
04179
01578
05145
00866
03974
00658
00215
03938
05088
04821
01353
02183
03114
05039
05061
01101
01749
01477
04013
01031
00747
05959
02615
02919
06118
01781
01440
01252
05284
05707
00689
01083
02499
01522
04102
05768
00528
01007
05502
03271
01210
03474
05235
02218
06199
00147
04404
03065
05678
05586
03535
02280
03781
03094
04828
05474
06279
02502
05311
01489
04747
00151
00169
00757
00171
02101
02446
00490
05420
04985
02977
06085
02874
01692
01385
01158
06252
00942
01963
06238
06203
03533
04033
02832
04339
04989
03678
02149
01520
06038
02021
01969
01278
02142
06148
02385
04173
05697
02668
03580
01913
03413
04739
01158
06273
02790
06123
03388
02103
00920
03674
03349
05059
00550
03472
02361
03257
01688
01240
03233
00562
04348
03339
05664
00791
04309
05008
02218
04848
04180
04309
00958
00192
04956
05123
00301
03410
03065
04088
05342
05681
04194
00461
04820
00522
00568
06184
04353
04086
00383
06012
00361
02079
02249
02048
02314
01284
00465
01047
01468
04389
05218
03316
01552
03281
03961
04807
05955
04926
02817
05520
04201
00658
02918
02340
04943
03789
04924
01488
04434
03900
06035
00465
02942
05585
04208
02373
01071
04746
01459
03175
02560
04622
03737
02458
03153
01859
02516
01830
00475
01719
02781
02232
01792
02982
05454
05607
01341
04230
00026
03648
01853
03749
05050
04606
03578
00160
03514
04065
06107
03364
02401
02210
03485
06197
05223
00967
01843
03140
03861
04739
05190
05023
03734
03372
01105
03753
05100
04546
00734
00900
02501
05209
05562
04037
03022
06053
01552
05222
02071
01406
06174
00812
00745
03794
06107
02502
02136
03177
00837
05734
05048
05352
05659
04729
04744
02107
06231
02298
05502
01230
01739
02448
01458
05911
03177
02658
04530
04001
01681
05525
03715
05164
03999
03548
03254
04885
03031
04243
01250
01471
05198
03926
05698
04856
05046
04522
02950
05486
03321
05226
03243
02773
06063
03452
02601
00089
02066
03238
03542
01974
02951
01272
05653
04524
00928
02093
00556
06242
02612
06082
05003
02039
04379
04588
03401
04739
03408
01469
05233
00512
02405
01913
05564
02440
04730
02103
01045
03136
00169
05610
01434
01711
05978
01492
02594
04358
01127
04218
02540
01988
05327
05382
01059
04409
01617
04563
02211
06044
05936
00602
05981
04306
02785
04758
03899
03899
03017
02249
02215
00375
05114
03378
01458
05822
01565
05531
00869
04489
04913
05701
00240
03537
05407
01543
05676
05902
02666
02521
03847
05593
01858
00161
04869
05375
02046
01599
05458
00838
04163
02110
02939
01927
01236
05158
05631
01394
04032
00119
04523
00521
03747
05412
05466
01776
02452
00706
06160
01934
02639
02496
01673
03177
00507
00595
01058
04220
02321
00370
02723
02018
02581
05783
05740
02091
02421
04574
05323
04415
00260
06180
01080
02987
01415
00704
05317
03429
01879
04322
00967
02668
04768
01141
05145
05720
00243
00751
04848
02112
00448
05832
02916
01089
03858
06171
04563
01624
03083
02777
04408
02249
01208
04344
04828
02095
01462
01933
03389
00659
03796
00451
04450
01693
00197
00171
06035
00962
00941
00933
03838
05940
00876
00344
01768
00160
01851
00019
00404
02830
04020
00268
05973
03668
00568
00981
01994
00192
02908
00795
02718
03616
05549
04574
02785
01856
04174
00512
03616
02063
02385
01457
00325
02775
06241
05256
00639
04608
02111
01213
00974
05548
05058
05083
01734
01548
02021
01494
01467
05443
02297
04825
00172
05215
03021
02689
06124
00793
01226
01094
04487
02383
00479
01408
02473
02638
02110
02446
00090
03699
03770
05571
03162
03806
00626
00693
03267
05321
00734
04439
05026
04015
01388
00876
05123
04208
01569
00271
01526
03034
04167
02910
05035
04470
05156
01201
01533
03145
05965
02771
00999
05007
04845
05020
03987
01265
04760
02224
03989
00975
00964
05997
01220
03229
05291
04660
02916
01303
00891
03357
03484
05760
02087
01744
03322
00676
04060
04344
05650
03815
02601
04519
00404
03590
05163
02661
05951
03128
02788
05726
01854
05734
05154
05079
03385
00808
01677
03753
01322
03808
03774
02697
03857
00562
04652
01491
02179
06157
02982
06114
01643
03984
00105
00978
05472
05610
05140
05553
05771
03656
02758
05868
03208
02170
02981
03821
06216
01261
01745
00634
01889
04971
00407
01785
01871
05173
01948
04841
00283
00958
01758
05622
02594
05549
05767
03287
03027
00953
05193
02856
04366
02829
01582
01182
01798
04796
00192
03780
00454
01095
02560
03881
01229
04712
05801
04216
03096
04108
00004
03632
04296
04457
04824
02792
02497
04974
00845
03383
01353
06269
04010
00586
06238
00714
01527
00431
01940
05446
04659
05454
02539
00983
04195
01336
02386
03043
00457
00095
05364
04189
05737
01997
01140
05855
04393
01836
05124
04738
00444
05914
04906
04240
03029
00272
02584
05100
04427
00288
05254
02389
04751
00869
06150
05936
03940
04148
04464
00368
00382
00340
00416
03264
02009
03663
00726
03100
03221
03291
02048
02090
05424
06184
00678
05312
05856
03728
05167
03226
04188
00926
02105
06013
01787
05273
04416
06047
01228
03120
03980
03340
05880
00098
05572
02518
05705
00904
00014
02668
00407
00544
00033
03537
02981
05293
01826
02732
02971
01181
02916
04761
01764
04510
01483
03971
04959
00996
05589
02944
05183
02594
01956
02441
04372
01277
05043
03630
01596
00234
04296
04436
00535
00439
02523
06052
04167
05088
00417
01927
00129
02116
04079
05504
05821
05875
05334
04617
01724
05348
03064
04486
05041
00788
04210
03156
06193
02370
00159
02061
01592
03010
01940
01090
03742
03545
01417
05658
00702
04522
05379
04195
02846
05023
04112
02068
03188
03247
00049
05120
01774
01544
04154
04913
00354
03211
04185
05397
00120
00268
03097
00059
01052
02232
01018
03448
03875
01920
01832
04232
00266
00015
04452
03087
02843
06209
05618
02244
00829
05084
00507
05085
02427
02985
03251
06098
01277
01795
05361
06296
03228
05483
05872
00819
00771
02539
01499
04068
02734
03203
03735
04241
00259
02471
04036
04047
02107
06210
02826
03445
03808
03276
02547
03098
02042
03122
03150
01421
00444
05995
01014
00654
02629
04715
01562
00822
04283
02365
03757
02843
02912
05811
04055
03982
01236
06257
01351
00410
01119
03879
00859
02622
03429
02171
01210
03092
03496
05259
04964
04401
00194
05109
00213
05477
01132
03753
04076
04495
02938
00280
03418
05762
03384
01202
00316
03030
05927
05334
02994
02786
01502
00659
01554
04480
03808
05939
05993
00252
03063
04960
05745
02431
05366
01815
01213
01834
00244
01192
00741
00170
04242
01301
01605
03743
03283
02478
02233
05818
04874
00150
01644
02610
04976
00850
01519
01090
05937
04126
06101
00288
03779
04274
01492
01094
02153
01134
01413
02690
03834
03684
03218
03837
04229
05936
05175
02536
00112
05550
04027
02922
03998
04573
04828
05334
04550
01152
02481
03577
01968
05045
05369
04662
02598
00475
03534
03814
05320
04597
01551
02535
02593
01498
01111
00177
01728
01836
00266
01547
05732
03851
01126
03609
01988
03507
02940
04730
03147
01034
06033
00741
05236
02708
00537
00681
01783
00330
00579
05489
03645
05302
05638
03887
01709
04505
01939
00165
00491
01194
00019
00182
00450
01903
01822
00907
02026
00387
03552
04638
02288
02467
05779
03533
03311
01539
02985
05380
05295
03848
05082
05076
00857
01415
00167
03912
00491
02689
05311
02878
04086
01855
04619
06160
04678
02541
01330
01901
01477
05410
00690
03014
03596
01547
03598
03321
02839
04129
04821
04537
01268
02699
02920
04242
05552
01617
00092
06156
05886
03334
03103
01931
00669
01748
06009
03044
02141
04941
01930
04151
00657
02888
01103
05890
01268
03355
05783
02954
01349
05732
05049
00878
00514
06094
01896
01761
00918
04896
00766
04629
04619
03965
05050
06229
04519
04064
02725
05308
05846
06088
06104
03832
04534
03233
00092
01626
04258
04501
04210
01784
02821
03838
00910
02445
05679
02073
04099
02553
02963
02772
02950
03681
05377
02885
05437
00531
03550
02785
02699
00655
00533
00521
04982
02408
01699
01844
02732
06162
01681
01844
02578
00806
01300
04544
05514
04829
00298
05981
02585
04499
03130
02988
00471
01558
00448
03814
02040
00587
02381
05349
06047
02708
06251
00056
05169
01565
00914
01995
05259
05286
02382
04761
00292
04129
04624
01909
05819
04046
04152
06172
00614
02890
05997
05969
02525
04454
03709
03069
02638
01333
04531
02890
04958
02645
03524
04034
03764
04976
02829
00676
03949
01686
02123
01290
05432
01476
00361
00850
02864
02283
02911
03581
06181
00879
04766
03747
02008
00956
01483
02336
04168
01778
00701
02808
04010
06265
00554
02501
05408
04691
00798
03656
01958
00471
04392
00410
05365
02716
02949
03716
00017
03558
03791
03201
01715
03050
01447
02962
05696
05056
02583
01714
06190
05470
02540
01257
05277
02512
01467
03519
01773
01194
00039
03134
01202
02323
03604
05357
03612
04028
03951
03961
03183
03162
04287
02290
02103
02386
05914
04321
05162
03593
02224
06012
00007
05812
03610
01051
01530
00542
04827
05200
03390
04789
00246
04512
04158
03423
04411
06027
01385
04089
01795
06145
03160
03539
00383
03435
01331
00763
03780
00197
05885
05037
02027
03748
04340
06032
05112
04019
04169
03535
00341
06110
03708
02006
05857
04160
05997
02363
01386
02201
06299
02294
02008
01990
02474
03409
00684
06076
05160
03938
02217
02915
06048
00003
02235
04140
05065
01723
01582
00657
05390
03303
05521
05883
05798
02492
03425
02703
04586
02872
04400
03126
05943
02260
00424
04890
04448
03644
00405
04365
05477
01027
00209
00688
01669
04575
02632
01691
01493
01045
05504
02881
00549
00482
00644
05018
04486
01149
05730
06096
02835
06276
05205
04511
05777
02658
01161
04702
02650
02368
02466
02919
00500
04949
01608
05251
06139
02037
05171
01138
06117
02205
03690
03782
01467
02148
00173
02196
02274
05881
01992
05881
03700
03428
04594
02866
03036
02917
04064
03538
00240
01149
06024
00105
06142
03133
04662
02930
00235
03284
03383
05063
01060
01940
01691
04677
05199
02197
01665
02744
02606
05433
03411
03568
01827
04485
04955
03877
06069
00273
01993
02966
02478
02059
05946
02828
03766
00042
03487
05359
02271
01634
04728
05257
02483
03085
01625
00018
03420
02789
04395
00054
02416
01176
00010
01602
05025
02773
04422
03111
03279
05977
01620
04289
04988
03590
05561
06198
05089
04389
02531
04640
01157
00202
02567
01656
05090
03389
05302
04033
03340
05680
02979
02302
03453
02555
05231
03667
01603
02082
01169
04857
05351
00813
00393
01320
02295
05974
04468
01053
05091
06089
03173
02305
03931
03708
02252
03861
03089
04323
01264
06102
05038
03806
02690
06276
00360
04854
01232
05763
03000
03874
03580
05358
04213
02262
05540
05131
03986
01115
00628
03056
03311
01351
02315
06008
05187
01868
03869
02511
00727
00772
06245
03288
03211
05755
01731
01901
04131
00008
06095
02565
02436
04239
02534
02214
05369
05324
02301
02954
02576
01781
00380
04192
00718
02850
05555
00567
03044
02486
00944
02502
01405
05327
02986
03060
03409
03791
03883
04124
05803
05810
05210
03818
04835
05455
03907
00685
00438
00842
00996
00464
02051
04645
02568
04552
02600
05183
01598
03807
05302
03726
02077
04511
03618
03425
00859
01086
04618
06266
02397
02742
04388
01515
04934
01366
01341
02144
04644
05712
05121
04445
01820
00499
01027
05545
02557
02668
04972
04429
02377
05536
05546
00473
01611
02888
02688
02713
05349
02446
01345
05641
03209
02950
05245
03551
01196
01549
03791
05589
00192
02893
06233
06124
04331
04161
03170
03294
00206
04420
04631
01117
05870
02270
02470
02545
02734
04543
04612
02028
03977
04679
05737
01578
01508
03372
03731
03168
01338
03947
05879
01189
00796
01427
01651
02379
02951
02779
06078
02656
04183
04457
02309
05255
01454
01656
04776
03371
00199
00828
04261
05846
02978
01699
04669
01466
03918
04464
02645
04095
00729
03395
04651
03438
00627
00991
05387
00772
05621
00472
05809
05868
05725
03082
05917
06226
02761
01575
03319
04339
03877
02865
02529
02442
02799
00940
00846
01694
03033
01506
04364
05335
01008
00986
04014
03575
03161
01419
04965
02860
04322
03738
01793
05980
02508
04603
01056
02094
06290
01663
03787
02205
06049
04324
00157
04784
02528
05318
03777
01768
04879
02311
01896
00773
04009
00904
03980
05819
02683
05250
04632
03378
03888
04847
02417
04902
04842
01112
02506
04364
05107
01748
03080
01962
01762
04340
03584
06013
01776
04135
04691
05129
00772
04318
04697
00168
06139
05929
00145
04676
05504
02716
03980
05224
03344
02204
06153
03404
04150
02006
05690
01712
06171
01850
01014
04080
03324
01346
06183
05685
00345
00089
06034
01766
01327
03712
01050
01309
05961
05440
00030
00777
03297
00014
00043
01298
03386
02921
05921
04231
02001
01548
02509
02621
00309
01416
04486
01604
02776
05872
04082
04931
01005
04070
00144
03809
02364
01723
06248
00447
04937
02538
01905
04182
03397
04163
04687
01009
03178
04645
02130
04068
01077
04774
06251
01476
05491
04415
02954
04027
05737
02436
01244
03084
02398
01132
03772
00300
00632
05157
05606
03652
01089
02803
05456
05275
03916
05047
04957
02708
00747
05717
04806
01617
04374
02033
01631
00728
00011
00747
04684
04359
01640
03626
03122
04667
02350
02583
04710
06017
02418
04197
04465
03852
02767
04735
01454
04424
06287
05530
04360
00212
06251
05170
00947
05136
02438
02228
00698
02265
02938
03272
02211
06133
02688
05880
00480
03017
03270
02609
01711
02638
04462
04788
01877
00176
03101
01870
02215
00929
05757
04741
05093
05553
02137
03205
05180
05676
03736
05387
00672
04093
00737
04821
01215
00902
04593
00680
01865
01753
03402
00816
04893
00161
04829
00497
05629
02588
00764
01183
00395
00286
00055
05787
01548
02002
04012
06133
02329
03192
01269
02434
02544
00721
04894
03064
06104
00368
06088
05117
02203
02928
02114
00545
02170
05548
00046
02604
01454
03235
02696
03775
01346
04935
01932
00560
03044
02531
03129
00917
05434
03938
00595
03490
03927
02480
02754
00043
06091
00121
00976
02976
03959
05541
04930
01880
06133
04250
05542
01729
04384
00381
05749
03486
05360
02780
04504
03533
04118
05401
04917
00832
03388
00500
00346
00882
04544
02472
02280
01638
01434
03931
00110
02343
01368
01869
04517
01557
03682
01430
04004
01565
01930
02291
02119
00840
01842
00185
02880
00920
05582
00128
00530
01395
02477
02656
03280
04422
04873
05913
01526
04943
04703
00928
01985
04096
00240
01415
06161
06111
03649
02490
04597
01767
04613
05173
03501
03420
03851
03710
00083
02252
06055
01235
01949
00090
00643
01473
04412
04091
06191
03104
04555
05460
03313
04615
04582
04651
03847
04924
05632
04899
04418
04521
06180
00543
02557
05402
02117
04780
05371
06151
03618
02646
03458
05019
00782
04980
00221
01483
04999
03064
05429
06144
04251
02814
05740
05319
04628
04086
04266
04371
01960
02101
03845
03031
03453
04745
02953
04707
03870
03190
04878
05228
03316
00112
02491
01027
04945
02307
00235
05645
03619
01617
01645
04726
03913
00441
01712
02110
03231
02795
02057
03597
01675
00929
04775
01291
02197
01678
02082
05255
03671
00846
03952
00737
01546
01437
03497
00324
03618
04177
02253
00449
04156
04626
02328
01922
04094
03789
00049
04751
01307
01857
04564
01002
05639
03082
05791
05739
00831
04333
04692
00627
03409
02834
01246
04083
05439
02201
00329
00777
00488
02835
00083
04830
05521
05872
00241
05203
02019
02186
05320
03457
02382
00524
05162
04753
02866
05514
01533
03178
04628
00363
01490
05446
01573
05212
00662
06092
04827
05144
03419
05287
02481
06028
02022
00532
04282
06166
06058
04237
04998
02991
02931
02830
02809
01085
04128
03759
03997
01483
01393
01920
00946
03970
05957
03653
00317
04326
02570
04237
06059
04347
00454
03881
06104
00502
05352
01611
01936
02624
00500
01793
06032
05593
03656
01033
02338
00607
05434
05023
04160
00470
04363
01317
05564
03232
03161
02087
05738
05550
03289
06122
05414
01465
04347
00808
02004
01243
02759
04651
04178
02539
05638
01563
01893
02852
00446
02014
03096
02938
03483
01201
00723
02982
05591
00757
04376
00108
06285
00705
00848
01580
01167
00800
02512
03027
02009
02483
02622
00004
02346
02524
03272
02733
02370
02622
02609
05931
05953
03105
00704
03343
01472
06186
03165
02165
05110
04984
00706
00211
00326
04103
06255
02482
04908
02497
05002
02395
01930
04051
02863
00857
05977
03946
05467
02104
03861
03583
05824
05732
05265
06074
04625
04348
01429
02994
03252
04305
03530
03874
00722
03775
01444
05091
04075
05142
01464
01911
01655
03423
00903
04732
05313
05510
02504
04733
05714
04568
05386
04433
04010
05461
01307
06205
00884
04872
01041
04144
00047
00907
02925
04959
04021
03730
01474
05568
05971
06181
01416
00776
01340
02290
04099
04249
01677
05678
01216
01373
03422
02783
03570
01453
02298
02407
04305
03826
05376
05668
01609
01429
02485
03035
04262
04891
02259
02588
01617
03772
05977
02019
02462
01757
05248
03089
01712
03486
02867
00178
01007
05418
00022
03327
03065
01730
04522
00038
00525
03816
04489
02946
00872
02972
06172
02384
00073
02698
02855
05207
05517
05323
01476
02904
00272
04735
03548
00455
03975
02476
04035
03826
00327
04600
05431
00500
04142
04549
05580
02169
02662
03418
01932
02960
02987
05786
02786
03940
04491
05756
04409
00893
02361
01567
04423
05887
02265
00137
02803
01692
05548
01611
06296
05094
04563
03743
03044
04180
05578
04021
00046
02310
00252
02165
00256
03225
00414
06222
01880
01885
02550
00222
01757
00977
03962
02549
04043
04313
04569
03182
01853
00972
00958
04842
01520
04501
00975
02812
06253
00069
01689
04059
04762
02095
01055
01130
00389
06294
06097
03901
02018
05916
03516
02742
03821
03012
03107
01883
03945
01358
00764
04276
04763
01612
01738
04557
04858
05693
02931
05269
03835
06066
01963
00174
03181
06088
01944
05025
01876
00169
03867
04455
05164
01497
00596
02397
05126
06156
01869
05101
04411
01738
05843
04045
01492
00462
03443
03234
04961
01696
02063
03747
05165
04699
05399
05759
02487
05503
04657
00734
01861
03137
04837
03787
04610
02331
03089
01087
05278
03939
03640
03218
00130
00805
01205
01691
04173
05045
03126
01878
03671
06083
02328
05978
03799
00545
01737
04834
02504
04935
04524
03993
05094
06206
05762
04657
01908
01263
05150
02217
02004
05297
00804
04499
04634
03214
01969
03977
05365
02202
00199
02336
03242
03349
03713
01879
04086
00719
04639
01230
03800
05515
02500
03886
04114
05545
01991
00174
04282
01797
04784
05973
03937
03128
00092
05403
03983
05198
00585
00130
05520
03323
04929
04593
03155
05552
03933
03036
00290
00385
04375
01911
03175
06244
02773
05070
01662
01809
01904
04858
01648
04105
05492
03304
00444
04366
03493
04851
02444
02029
02896
04500
06163
00547
02206
00696
01162
04970
02098
04814
04501
03091
03149
05242
03785
01182
05475
01595
05292
03926
04360
00568
05373
01991
03227
05343
05521
00166
01278
01770
06091
01267
05150
06046
00693
01910
01455
02462
01543
01804
00820
04974
00862
01294
01794
02919
02421
04408
02214
06006
05416
04424
01197
04964
03283
05650
05015
05512
00393
04640
05772
01813
01883
03131
01472
01200
01851
02677
05403
05462
03130
00574
00705
04166
00610
02025
05730
03465
04945
00263
04878
02091
00580
04596
04448
04707
05252
03439
03054
00001
06231
05865
00819
05987
03955
01906
02576
04870
01796
03743
01980
02038
05131
00291
01882
01680
01259
00513
05217
04385
03347
00884
01936
04311
04191
02985
01752
05253
00757
01482
00091
04556
03176
04604
05219
01881
03268
05596
05700
04844
00712
02748
03359
03542
01306
05381
01556
01910
02133
04516
05366
02130
03521
00892
02423
05728
01214
04131
05771
04097
00715
01283
03154
03007
02667
02833
05115
00443
00987
05217
00971
00157
03820
04688
01403
03519
03262
00878
02246
02114
06290
04332
01230
03773
02333
05518
05783
00116
01831
02963
03677
02644
06156
02493
05572
04136
05245
00365
05007
04044
01278
05525
02585
03043
02363
03956
04389
03504
03349
04075
01176
01842
04865
04468
02373
02901
06184
00969
02972
04317
02250
00036
00572
04245
05865
03674
00699
02801
06205
00983
02773
05856
05306
01727
00742
04501
00250
05419
02745
01966
00813
03199
04866
00964
01831
05921
03158
01959
02158
02248
03574
03221
04298
01006
01482
01745
04298
03008
03481
01649
01403
00475
02687
02776
01075
02020
04674
05255
01476
02321
01450
00757
04356
04680
02044
00467
04578
01729
03162
02462
00147
04704
00409
04462
05911
03577
00748
00315
06150
00664
01273
01723
02200
01069
03222
03140
03221
06060
02782
03029
05401
05547
04373
05928
04452
03600
02210
03442
05238
02750
01512
01575
00087
02149
03162
00126
00273
04110
02477
03868
01719
02113
01339
04277
03075
01830
04949
02883
02464
02415
00620
04759
05906
03775
06194
04884
02326
03392
02301
00959
03049
03028
00906
01577
01314
00838
06212
04667
02277
03024
03646
00691
00760
05841
03319
05662
04492
05141
03809
02326
03448
02848
03846
00058
04698
05224
04284
04548
01390
05468
02839
01209
03522
02953
01438
02225
02316
03517
03662
00199
04659
03935
05259
05793
00488
04610
01077
05437
00396
03166
03482
02268
03100
00080
04051
05444
03302
01967
00920
04141
01920
01979
00858
00448
03014
06175
03472
00342
02520
04656
06142
03741
04914
05012
05415
05962
02081
03625
01649
01900
05983
03589
03535
04917
05614
05199
03415
01810
00249
02246
04542
06054
03668
00239
02813
05155
00431
01981
00325
01797
03428
01780
03360
05036
03706
01957
05831
01705
00757
00206
05640
00186
03719
05475
04669
05087
02868
04169
05454
05652
02103
05620
00161
06075
04406
03794
04680
00644
06297
03695
03177
05922
00822
02736
06038
01778
05032
02757
01270
05594
02177
04188
00061
02135
04602
05823
05988
04479
00060
00654
04413
04042
03533
02281
04646
05186
06042
04621
02640
03390
04707
01882
05400
04600
04175
00662
00101
02906
03487
05653
00966
01538
00462
03952
01824
05443
00728
06281
05763
04564
03120
00853
00826
03101
04771
02777
00668
04992
02787
02640
04083
00101
01781
05789
03033
01275
06044
01592
00142
03955
00135
00487
02177
01705
05074
02027
01921
05758
04976
00154
06187
01715
04957
04675
03771
05943
06063
02049
01637
05476
01735
04118
00915
04657
02884
03528
01701
06100
05499
04519
00528
04439
00549
01926
00307
01738
06138
05266
00704
04775
00910
04029
04360
02399
04067
03288
05231
03241
05367
05376
01867
04996
03936
03664
01883
05162
00655
03192
06083
01971
02097
03235
03607
03573
02921
03886
01285
04410
04506
00704
03565
00736
02619
02686
00505
03094
05438
03916
02142
04375
03891
00875
03046
03888
01000
01166
02643
00292
02926
04024
01488
03391
04438
01976
03895
05533
01213
02367
00195
04928
05457
04028
00253
04096
03950
04637
04747
05872
03702
00939
00872
01306
00910
02212
02907
03385
03133
04604
04263
01355
02514
05068
04172
01037
05610
06105
03252
02419
03587
03758
00249
02864
02921
05893
05750
04827
02812
01635
01037
01734
05643
03452
00077
03168
02096
00437
02122
05474
02448
00154
00595
01663
04062
04864
05606
05448
03080
03043
00667
00531
03503
03766
04398
02948
05209
05388
06182
01326
03432
05667
04509
01828
00165
00548
05026
00303
02874
02553
04907
01420
02225
00743
02855
01460
05087
00181
05399
02901
01362
03146
05998
00157
01612
05231
01819
02389
06168
00401
01432
05143
02834
05533
05033
00273
02679
02871
05414
00009
00171
04409
01053
04043
02984
01824
03216
05458
06224
00354
04815
05475
00139
04818
04135
01141
00510
04834
04920
00498
00864
02139
05196
03603
04307
05842
03841
05137
01939
06004
05192
01324
03120
04312
03025
05294
01105
01993
00441
05625
02158
01131
00381
05359
05250
03323
01541
05699
00242
05806
02696
01488
03371
02539
03791
01966
04858
03481
03006
02661
04479
05665
03290
04726
00480
02274
03126
02794
02964
04506
01053
06245
05768
00052
04475
01436
02588
02440
00576
02551
04463
03191
05700
04794
01638
05998
00399
00284
02360
03138
01788
00225
00044
03936
05799
03325
00327
05195
06278
00418
04229
02019
03938
06019
06210
02834
05914
00051
00682
04814
02520
01073
01794
05338
03703
02450
04029
01665
05478
05705
03160
03077
05191
02564
03439
02666
02296
03311
01266
00784
03770
03250
04851
00567
01284
05541
02949
03268
02001
01223
01954
03501
05385
00017
01654
00817
02738
04792
04672
06095
05135
00378
06011
03347
05878
02450
03754
01235
03483
03706
01392
03703
01085
01471
02824
03943
05689
03964
00288
04891
02062
05149
05877
03249
03864
00227
