06065
03288
06004
05535
03260
00902
00894
03357
00887
05306
04853
00006
05032
00982
05100
00060
05422
01843
03166
05928
00553
04854
02230
01497
01956
00153
05700
03023
02017
00049
04880
01462
03819
05055
00938
04353
00226
04187
06089
00850
02926
01340
04360
04258
03366
03427
01827
05750
05149
05724
00894
03729
05812
04491
04565
01963
00804
05913
00668
02308
05289
00954
04518
05874
05376
03679
02942
00583
02938
00716
04453
00393
04747
04688
03995
03845
04011
00526
04860
05952
00423
01404
02095
05666
05847
01751
05631
02181
03871
04957
05494
02681
00464
03715
04652
01530
04439
03619
02684
04699
00333
05855
00086
06071
03882
02965
03245
04610
02680
01270
01452
03673
01867
04938
05168
02851
05591
05005
00292
02399
01398
05092
02202
05611
01592
04515
00814
00224
04453
02352
00669
04505
05431
05566
05704
02914
03481
05199
03187
05650
03645
01256
03661
04500
03953
02986
00086
03299
00340
04634
06061
00461
02428
00306
01979
03794
02939
00100
00792
03882
05400
01324
00257
03257
02512
02450
01940
05444
02647
02430
02057
00448
02161
01508
01085
05895
00334
04608
03937
01131
01154
03954
02476
04679
05097
05156
02598
02757
03219
03076
01847
04886
02304
02877
00708
01121
05360
02971
00528
00171
04981
04631
03378
02553
05122
00833
02607
01313
05577
03501
05724
05766
01253
04265
02599
02441
01130
04597
04963
03724
01705
04116
05877
02003
03107
03779
03937
00828
02351
02233
02494
00177
01133
02937
04679
02792
03023
05989
04007
03737
02454
04736
01936
01504
00861
03486
04997
01995
00846
00701
04861
04177
01321
04524
00864
05980
00336
02160
03009
05440
03473
01431
02265
05845
03099
02108
04892
05934
01507
00146
04965
01697
02414
04669
02373
03730
03557
00767
04641
02505
03958
02256
01153
02381
01927
01816
04651
02787
04816
01102
05700
03725
04705
04582
05733
01406
00678
05769
01484
04982
04220
02357
00710
01788
01081
01780
04739
05840
00923
02494
03254
00684
03057
04495
03559
04358
03619
06015
04854
01079
05737
01192
00121
05620
02453
02154
05810
01018
00186
01695
03212
04437
00340
02966
04756
03674
01193
00338
00493
04481
01893
03759
05345
05010
06087
00165
05030
01276
03277
05902
00757
03744
04963
04987
04253
01196
01603
04135
02408
05572
03612
03610
05164
05563
01028
02228
03613
03662
00744
05342
04355
03994
01609
04772
04575
04168
03069
05138
02531
01122
01137
05641
02348
02694
05133
04369
02607
00263
03488
05104
04328
02959
05999
04566
03827
04031
01241
04173
03552
00890
05818
04204
02250
04586
01065
02751
04609
04054
00607
02483
03738
00305
03650
02200
00180
04481
04935
01128
03404
04606
02729
01786
02368
04109
00351
02076
01894
01438
05725
00815
00205
04641
05610
00693
05222
03274
02866
03502
05857
00732
00639
01754
02862
00393
05866
05710
02159
02889
06090
04347
01196
05951
00560
03610
03654
00473
03825
01951
01241
01715
04773
00079
00588
01567
05688
02060
00455
06013
05928
02359
02353
03643
01243
04537
03384
04424
00607
00600
04595
03725
03121
03071
05078
05038
05702
01197
00565
03051
02996
02359
03939
00086
01945
01356
01482
03352
02081
03561
02168
03772
00691
03130
02444
00853
02663
02844
03812
00401
03771
01539
05751
02683
00092
04223
05928
04550
02927
04122
00893
02847
02757
05428
04501
02676
00724
05632
01949
02432
04452
05433
05702
05575
02915
03365
04723
02028
04882
05781
05953
00610
05760
01344
02447
00146
04012
00055
03103
04864
00647
03023
01763
00685
00395
05983
02350
02041
00432
03733
05759
05083
03166
02858
04889
01909
02588
05394
03884
02082
01304
04526
01460
04079
03111
04554
01747
02607
05580
00851
03726
04143
03505
01006
00357
01132
05343
01747
05528
04700
05956
05268
03047
00041
03742
02314
04120
03418
03297
05914
00588
01204
03602
05207
02232
05713
05032
01747
03472
03096
00625
00196
05199
01264
06043
05997
00269
05642
02420
02025
05828
02422
04067
06021
02885
01434
02120
01737
02184
00823
04116
05253
04696
00459
01683
00086
03359
04796
04243
02109
00844
00070
04998
05521
05167
03094
02872
00876
05865
00318
03438
05995
00065
04638
02343
02135
02381
05890
02949
03173
04353
03140
04884
01255
05879
04973
00568
00573
05150
05291
02032
00613
03837
04453
00372
01206
00845
04070
01615
02681
00063
00824
02654
03895
04113
05449
01106
03768
03639
05658
03080
04520
00154
03256
02804
02855
01653
02680
01535
05483
04316
03314
03711
00418
04378
02789
01558
01344
00526
00655
00505
01962
01622
03484
02279
05740
00241
02634
00553
00970
00800
01308
02806
02361
05976
03503
03265
00842
05002
05566
05299
03652
01531
02982
01183
00375
03907
03094
05964
01537
00050
02506
05359
00384
05206
02667
05894
01479
02264
00046
04924
05290
02758
03345
03686
04417
03214
05171
03696
00988
02662
02421
05174
03321
02560
04203
02162
01143
01112
00240
03559
02043
05024
02226
02039
01667
00948
02807
02614
03531
02140
00993
00871
00899
01527
05949
00560
04298
02249
03129
03831
05221
02810
04580
02284
01325
02202
00520
00767
03887
02349
02660
03162
00094
02733
02868
01866
00127
01846
05237
04559
05548
00822
03326
03026
01959
03758
04528
02841
05506
05021
02343
01227
00273
05932
03182
01617
00392
04498
00782
00833
00103
04443
03000
03373
04776
01153
04012
05908
04903
04266
01825
04942
05254
05985
00757
00545
04240
01803
03703
04245
04697
04974
02889
04032
04155
04138
01121
05722
05902
04424
05936
01985
02847
00173
03997
01145
05839
02419
05933
05613
03836
02003
04431
04674
04481
04175
01127
04424
03335
04854
01996
00102
02829
01507
03818
01542
04236
01227
02248
04487
03656
05820
00499
04871
01982
04946
03540
06006
01650
03740
05911
06029
02686
03617
01879
02327
00118
03545
05160
04935
01680
03580
03565
01922
06088
06049
02971
00832
01920
00199
05127
02214
02505
00829
05930
00480
00501
02460
01411
00438
02434
02904
00411
06063
00941
05740
04594
00750
04089
02230
02167
02369
02875
03935
03576
04969
02853
01627
00379
05912
00779
02394
02845
04202
00029
00812
05298
03050
02272
06070
04872
03492
04214
03798
00765
01333
03337
00124
04550
04471
02388
05931
05532
05880
00899
03645
00626
01886
00560
03866
00695
05005
03712
04544
02624
03984
03949
04368
03066
03010
01599
05637
01021
04309
02078
05167
02884
05042
04537
03782
01532
00241
01113
01664
01456
04954
02381
01265
04168
01201
05082
05330
03923
01010
02332
04418
05731
00250
04020
01594
01923
03131
00450
02607
04231
01931
04654
01575
00956
03013
00402
03924
02673
01532
02383
02036
01523
03540
04121
02795
04912
00379
05106
02995
04354
04337
05883
01335
01082
02228
05754
00834
01873
05251
03080
00726
03291
03474
02511
04213
00931
06047
05960
02216
05931
02996
03226
03025
05476
02418
03651
02943
04304
03383
05760
03620
05248
01812
04441
02210
04577
03721
02447
00171
04823
00885
01742
02645
04948
00472
01807
03766
04786
05929
02343
04361
02608
04974
00591
03108
00732
04569
01666
00521
03902
01957
00149
02437
05110
03864
05202
04177
05348
00533
05960
02774
04841
03904
00784
04835
04617
04260
05781
04965
00692
01305
03318
02223
00414
02854
04064
02996
03222
02327
03936
03766
05060
01406
05387
00752
02767
03745
03045
04084
03487
03988
00564
01375
02208
04782
01338
04530
01644
01555
00482
00148
00198
00432
05010
01946
04562
03787
02895
02695
03855
05833
02879
05716
02041
00949
03005
02951
01501
02803
02823
05921
00462
00239
01299
03541
03116
03465
03031
04946
05775
05687
04232
02320
02015
02270
03355
01911
01105
05213
01696
03529
02046
04498
01327
04421
03736
00271
01764
03631
01469
05762
00344
00225
04745
03270
04886
01697
03544
03498
05968
02045
05840
03632
05450
01960
05880
00203
01521
01424
05054
00733
04362
04472
02800
00224
00702
02380
03079
00291
01834
05979
00321
05802
02880
05465
02332
04884
02448
02235
04520
02406
02253
00073
02834
01720
00788
01626
04856
00730
05748
01967
04008
02690
05673
00382
03284
01114
00882
01977
02497
05742
05121
02824
03493
03675
02254
02092
00415
00093
00693
02414
05441
01275
01350
02536
02172
00738
00939
04815
03321
00693
05059
02555
00101
03648
04293
01995
00899
04587
01077
01512
02321
03655
03188
04190
06048
01400
02715
01782
02418
00990
04265
01971
01359
01466
02291
01472
03232
05611
02557
03315
04239
00851
03439
05972
05391
03384
05182
05973
06077
05021
00189
02490
05573
04666
05244
03128
05579
02535
04440
00207
04321
00970
03485
05190
01005
05247
05791
00072
02977
04169
01048
01161
03823
05435
02320
03858
04452
05277
03733
05002
00345
06062
01246
05285
00980
02260
04075
03287
04945
02258
02162
00907
01636
00633
05624
05854
06084
03569
03751
00080
02963
01824
03012
03542
04281
03151
05070
03173
04595
05000
05069
02854
05859
05607
03118
03875
01982
04008
03384
00015
03367
02355
03500
05082
02452
02344
01414
05368
02159
04378
02547
01193
06030
00903
00272
05705
00392
04313
02249
04070
04472
00480
03747
02398
05640
00697
02383
02503
06051
02083
01383
01871
01768
03796
01388
02325
02307
05462
05584
01524
02311
02289
02343
04857
01126
02410
01504
04755
05532
04518
00236
03875
04586
00238
04673
04678
05812
04738
00806
03945
03895
00503
02245
02580
05613
05922
05876
00447
04786
00740
02152
04361
04775
01017
01066
02646
01858
04234
04084
02312
05778
04454
03188
04358
00227
01156
01413
05326
00354
02299
04659
04469
00450
03035
02081
02578
02345
01533
02561
01388
00894
05033
00328
01340
03364
04628
03198
02578
03040
00458
02212
02608
02234
05061
01741
05434
01050
01237
04858
02053
01631
01603
05242
00048
03440
05953
02823
05396
03421
06021
03962
00936
03313
03682
01260
01421
03366
00512
04421
03411
00103
01518
02337
04498
02831
03915
00462
02159
02599
03122
01817
02532
00890
00228
03106
05356
05405
00257
00603
02619
03000
00062
03114
04687
02828
00306
05270
04067
04819
02718
05479
03821
05815
00547
04706
01098
01670
00504
03233
04777
05810
00754
03633
03691
03655
05781
04321
01679
03449
00107
05078
00799
01227
03944
01788
03789
04032
01717
03124
04479
00434
01583
04962
02262
01756
00244
01376
00802
02378
05800
00796
01025
00659
02558
00318
04957
01224
03334
05557
01300
00268
01412
02779
03387
02114
04467
01977
00435
04563
03504
04726
03028
04917
01177
06036
04275
06047
04210
01349
01012
01596
02759
04676
05573
00850
04220
01664
02067
04846
02254
03050
04203
03226
03240
00190
04116
05868
01278
01809
02323
04803
02218
00002
02119
01352
05757
02095
05213
02650
01700
05059
04609
01195
05672
00913
02915
06039
01015
02172
05676
03800
05362
05630
01100
04735
05114
04752
05569
00225
03363
03540
02811
03830
05195
02978
01164
01340
05574
03829
01754
02158
02267
05989
04384
01984
00293
05066
01774
05954
01596
05509
00866
04455
05655
04535
02979
03371
00050
00200
00371
04178
04688
01597
00162
01414
05976
03633
00335
00837
00134
02494
03256
00763
02814
05696
01046
04806
01104
00440
04330
00491
02034
03275
01618
05438
06015
05250
01081
00186
04485
00122
05038
00903
01495
00985
02524
04569
03113
05983
02419
00950
05572
02064
04786
00565
01469
01051
04467
05314
04634
05032
04611
03766
00962
04158
03503
01927
05459
00863
05220
02224
04618
01306
04594
05435
00942
03528
04869
00513
05920
01409
02113
03740
04935
05861
05737
01248
01845
03198
04430
05291
01955
03379
05389
00087
05475
05203
00787
02302
05339
01354
00374
01226
03713
00049
04738
03239
04302
03138
03534
04312
04316
00762
00860
05878
01513
04994
05383
04309
00053
01281
00868
05446
00060
01060
03261
02838
04929
04297
02447
03780
00391
04406
05990
02222
01075
02818
03943
05242
05903
00786
01009
05848
04902
04766
03033
00857
02888
03615
01309
00850
01761
00585
00577
02559
04847
02030
01370
01235
05661
03588
02790
01740
04963
03841
04756
05993
04851
05313
02940
04241
03237
01026
05636
00624
00640
02677
04108
00400
01282
03276
01380
05476
03706
02380
00192
04693
03825
04892
05567
03874
00030
05321
02825
00751
00059
00581
01572
04804
03990
05531
04295
05083
01444
00772
00206
02223
00673
00768
02877
00392
03565
02768
05043
00556
05244
03313
02746
01968
04973
04391
02470
00676
02497
04687
04544
04377
04006
02439
03799
02141
01471
00491
03613
05037
01516
02341
00007
01375
05926
02802
02615
05648
05722
02796
04266
05872
05705
03573
02203
04201
02125
05715
03287
00259
04789
05614
01055
03641
05982
05078
00567
03049
00566
01705
01345
05198
01200
00444
03531
04267
02158
05083
02734
02245
04777
01752
02601
03757
04344
04110
04614
00536
02596
01315
02472
00964
01122
03062
03681
02220
04886
01448
03682
01009
03604
00753
03157
05663
00950
02591
02119
05259
05550
01464
03776
00906
00922
05456
05096
04864
04394
03499
05044
01216
05753
00220
02126
00708
05729
03500
00838
00633
02541
02903
02171
02511
00344
05468
04314
04295
04268
02092
01233
02259
03749
05944
05951
00496
00501
00560
01924
06007
01409
02124
04185
04385
04178
04575
03078
04533
00149
05799
02720
01932
01608
03380
05874
02429
02419
04861
05335
00583
04824
02776
00003
04427
04328
02903
02732
04258
03110
02915
05207
03260
00109
06030
02072
02333
05889
02093
00719
00840
00895
05047
02465
03819
00535
01022
05743
00129
00276
04664
02481
00055
01488
05459
03752
03271
00057
03385
04566
04969
04792
02498
03327
00809
00268
04536
04054
04265
06003
00293
02405
05466
05062
05601
04858
00071
02355
05563
04870
06033
05836
00773
03444
05494
00161
00369
03944
00090
01963
01535
05806
04545
03657
01609
04999
01860
01973
02426
03854
03976
03828
03434
00836
01249
04462
05184
05074
01943
02218
05533
02828
03531
02410
04985
02611
05636
03855
00633
00275
05978
04431
03544
03120
05593
00235
04512
03911
01412
04285
04532
03286
03687
02944
00739
02532
00327
05772
00428
01366
04828
00988
03613
04991
01973
04730
02543
05924
05586
04818
02412
05417
00578
02835
02524
05891
03889
03308
05818
05671
03784
01950
03067
06024
01093
01839
01017
03137
04990
03335
00081
03590
02349
03667
02635
03477
02326
01833
04696
03112
05928
04582
01350
03471
00622
04231
04520
00524
01586
06086
00452
02744
02358
06016
05790
05304
05120
04101
05380
02584
02804
00676
01680
02445
00591
04218
04823
01353
02057
00914
02538
01738
05217
05527
05827
00859
01863
02122
03487
04339
06092
01398
04554
02584
02357
04521
05905
00607
02696
03934
04999
03667
00587
02950
03352
04712
00493
04041
04416
02363
01132
02833
03679
05544
06093
02937
05862
00435
00243
05280
04385
03195
00898
00788
03428
03733
05860
05080
01977
02145
03038
00386
02360
04748
01169
03209
03493
01755
04761
01579
05695
01239
01494
05383
00698
02770
02086
03464
02888
03982
05443
03201
01330
03137
05769
01112
04962
03774
00213
05298
05305
03350
02433
02136
02649
03310
03745
00626
02004
00965
05131
03390
03912
00518
04591
02272
01056
02490
04605
04435
04313
05028
05563
00855
00795
02349
02116
00806
04855
04039
03183
02405
02765
05217
02154
03046
01215
02781
01902
00317
01612
02691
03340
00232
03811
00490
05454
03754
01008
04630
04900
05672
02705
03957
03451
05315
05983
03930
05716
03290
02420
00436
01750
03933
01673
05575
04809
00130
05177
02778
05270
02408
04657
00425
00204
01230
01064
03465
00073
04204
05738
05846
03651
03493
02124
04262
01155
02411
03554
00853
04584
06004
01373
01525
05578
04373
05702
00587
05889
03630
02329
01755
00868
00177
00803
02746
00126
05604
01294
00310
04547
01795
05662
00068
02969
05043
04665
03669
04152
01134
06065
01710
04541
04035
00222
05259
00219
05609
05731
03026
03378
04112
00789
04438
02123
04036
02075
05335
05078
05022
01998
04853
05212
01745
02025
02678
05043
00394
04505
06056
01148
00957
05254
04256
00974
03753
04230
02984
02800
03326
02396
05664
05625
04869
03734
01986
01013
04416
04756
06059
05673
05868
02940
03474
02892
01537
03913
02304
00633
03778
03152
00770
00272
02547
02423
00608
00292
05312
02567
03090
02191
01927
00866
04153
02386
05249
03048
05767
01757
03213
01670
00656
04435
02830
00764
01346
00299
02364
04397
03320
03858
03783
04762
05447
04217
02356
04524
00361
01146
04298
00615
05680
04719
04596
03771
04656
04260
03528
05635
05053
03379
02436
03673
00140
05659
05964
02925
05211
01229
02577
01318
02036
00598
00993
05207
03051
02137
00113
02803
06073
04009
01885
02191
06042
00936
04410
00773
05585
05648
02566
05454
05764
02835
00404
04790
01323
03922
00770
04528
05231
04770
05157
00222
01804
01122
03392
00834
00334
04209
05458
02582
03625
01841
03670
01170
00988
04406
02444
02020
03730
03925
04511
00426
02304
04961
00061
02288
03506
00171
04447
02745
00093
02122
04127
04008
01421
00237
02444
03216
01885
04470
05609
05049
02536
02185
05625
05394
02635
02398
02527
01138
01937
00060
05230
03867
06026
01113
00424
03108
02653
01215
00249
01600
02897
05045
03287
03020
01103
02016
01508
00373
01894
01574
02341
00566
05764
02897
05346
05909
00165
06026
05550
03481
04595
03616
02189
00105
00709
03455
00153
05940
01236
01053
04638
05549
01875
00679
01718
00659
03118
00843
03566
03264
01311
02747
03867
02435
05054
05394
03481
02904
05276
03159
01766
02205
02459
03946
05110
04472
00389
05223
05614
03190
01682
00502
00332
03403
02507
05084
05471
05864
02525
02641
02488
05251
00011
00251
03717
03715
00326
05944
02986
04434
05963
01637
05334
01284
03238
03697
05179
03411
00674
02741
02262
01309
03272
02561
02141
05115
03130
03493
06043
03187
03097
05459
00720
05436
05206
01180
02946
01962
04959
00074
04664
02517
00926
05740
01478
04676
02712
00254
01930
05035
04964
01373
03702
03046
04001
03363
03958
04857
00102
04544
00297
02600
05021
01948
06092
05980
02669
05376
01047
04965
01918
04677
00545
01343
03325
03672
06023
00580
04676
01996
03936
00348
02079
00851
03080
01972
05890
01587
03627
00001
05757
05630
01542
05852
05599
05252
03209
03183
02146
00093
05791
00707
04722
01724
00135
01493
03156
04190
03992
00264
05803
04720
04813
01325
03568
01167
02159
06031
03911
03438
03536
00442
04406
02067
03636
00734
02221
05281
01571
04336
05947
03406
05671
02864
05204
03379
02660
05775
02676
04960
03641
01869
01881
02878
03181
04924
04969
00029
03716
00159
02752
00344
03669
02341
00433
01944
00290
03058
02235
00232
00302
01773
05950
02378
00934
05640
01728
05176
02178
02417
04340
00907
03115
02662
01681
03653
01008
00407
03692
04778
02330
01972
05000
00172
00882
00998
01394
02415
03133
01477
04606
01227
05230
03192
01401
00979
00244
01936
02617
05684
05786
03426
01639
03576
02362
00319
04240
02681
00146
03235
04912
02324
02522
01635
02780
03706
02002
04733
04754
02201
02135
04901
00650
05434
05271
00870
02423
02400
05818
02351
00269
02706
05404
02368
01779
05949
00885
06068
05138
02255
04699
04184
01733
01488
01767
00896
04851
04159
00443
02518
01979
02979
01052
01944
01470
03289
04196
00186
02477
03533
03799
01625
02817
01048
02288
05585
05459
00987
01112
04150
05814
00307
03282
06021
01312
05926
00841
00337
03090
05123
03239
05804
01511
01211
01311
04642
05164
06066
02587
02306
03617
03126
01088
03847
02936
05978
00390
04213
00228
03547
00639
02436
00045
03588
05921
05916
00851
01491
00385
00416
01905
03621
00252
01412
05057
02431
06028
04198
02929
03856
01594
00424
04608
00782
03352
04284
01136
03857
00570
01322
05484
00987
05347
04982
00075
05531
02890
01343
03452
02281
03458
02564
02295
00742
05148
06062
05805
04617
06024
01867
01204
04877
02639
00297
05247
00459
02883
05548
05846
01648
00276
04250
02945
04769
00888
05573
00223
00483
02587
05791
02133
01349
01269
02705
00005
01773
04988
04490
04011
04023
04246
00652
03391
05201
01492
05561
04021
04816
02190
05639
02613
04820
03236
01938
04169
00215
02996
00804
04578
05364
03542
05604
03724
01412
04533
03156
05455
04283
05996
04504
04847
03623
00866
01998
01519
00165
05706
02923
02838
01881
01696
05102
03754
05313
01025
01970
03534
03375
02126
05863
01296
04812
02776
05917
05660
05136
03106
04747
04560
00071
00144
03047
03138
04403
01521
02943
00695
02437
03762
03645
05094
03546
01810
04316
03105
02446
01289
03842
04235
00804
02155
04438
00992
04400
05389
02499
00450
00043
01761
02060
02317
01694
03504
02088
05254
05346
04526
01322
01640
01132
03294
02537
05557
00127
02651
04677
05101
03395
03430
04477
05977
02549
05261
05042
03447
04327
00341
03014
00156
03607
05570
01587
04234
03555
00172
02655
04329
01499
02094
01419
00766
00774
02742
05464
04092
03376
05967
02966
01659
01717
02633
04021
01642
02436
05492
00934
00936
04895
01512
04714
03139
02350
02143
00319
04278
01107
00664
05963
01810
02964
00160
00231
00172
01308
01584
01806
02037
02493
05531
01790
02059
02528
02366
04228
05796
05824
01663
02942
04440
05668
03118
00183
02176
02963
00218
02504
02174
05625
02824
04898
03661
03148
03437
04677
04715
03058
01923
05414
01102
05534
04151
04069
01444
04391
00330
04086
03725
04312
00682
00263
05827
02879
00402
03556
01926
01825
01063
02922
02806
01206
00115
03958
01902
04554
03792
05021
04571
04587
05995
00897
03190
06035
03885
02255
05399
00403
01171
03277
02467
02654
03605
03304
02557
04915
00914
04174
01529
02510
04865
02237
05329
01013
02215
05124
00962
02960
04029
00580
02827
01104
04991
01083
00545
01465
04603
03437
05340
00043
05681
02875
02349
01785
00389
02329
04105
00281
03485
01673
01809
00484
01792
01070
01828
03063
05394
00852
01903
01709
02301
06060
04168
00172
00417
03712
03443
00958
03177
00370
03866
00076
02402
04741
03451
00497
02302
02030
00284
04673
01334
02081
01999
00537
04149
01744
05355
02568
02649
00105
04023
05729
05791
03419
05890
04408
01527
01376
00233
05575
04070
05850
00098
00597
05817
02027
05762
05094
00667
05448
02753
05606
01674
03849
05817
04460
05235
04000
05129
04439
01576
00485
03973
06008
05056
02461
04920
05391
00382
00470
00689
02232
00066
05574
03615
00655
05470
01965
01540
02771
02924
00626
05737
01408
05394
02835
04881
04005
00670
05336
02999
03920
05747
05618
03093
04810
02027
01204
01043
05558
05335
04935
05601
00314
00994
01776
05319
02401
01340
00095
01067
00938
04166
00324
04692
01828
00180
05517
05013
05091
00455
04470
01457
03981
03810
00841
03127
00842
04776
00078
00903
02512
03332
02931
01740
05715
05141
05854
01316
03976
01961
02016
01753
02814
05496
05143
04318
00994
02185
03219
02435
05448
05897
03321
02746
00831
04457
01581
04060
06010
02732
04354
02947
01314
05066
00642
01998
03996
03395
02828
01170
03967
02055
05753
02868
00175
01410
01414
02178
03501
04381
00319
05894
03487
01701
06014
05299
03152
05928
05148
02514
03825
00174
01101
01452
04435
03668
04107
01107
06038
05413
05084
00714
03755
05279
04178
03263
03009
01801
01473
01305
01482
00896
03448
02595
03336
04378
04212
02107
04188
05255
03008
01423
00399
05767
00610
01998
05300
04064
05500
00940
05195
03935
04764
00240
00080
02073
02946
05063
03972
04688
02772
04522
04828
03449
03693
03616
02287
00809
05203
03868
05866
03053
03230
01994
01845
04118
00521
04164
02185
05529
05859
03227
00004
03831
03208
05556
06001
04813
00559
00370
01120
00504
01580
04198
01024
05662
05191
02599
01856
04113
03639
03056
04927
05368
00562
00803
04965
05391
02202
04823
03509
06079
05681
04774
04646
01511
03122
04249
01066
01475
02207
00506
01182
03392
01784
02517
04741
03521
00961
04814
04307
02706
02117
02447
03626
02746
02427
02754
02784
03731
01665
05266
04676
05833
04525
05819
05999
04651
04600
04132
01388
00155
04919
05597
04848
04225
05068
02778
03504
00312
01237
03023
05344
02293
02848
05894
00748
04321
05599
05627
03390
04605
05331
05375
02068
04769
02013
02612
03013
02274
03497
04204
00975
01245
01231
01429
03111
02490
05348
03774
02248
03669
02941
05417
02771
03725
02440
00357
01092
03375
04388
03519
05655
03634
01979
01604
06030
02473
04795
05333
01815
05672
02821
03371
05498
05573
06002
03397
04431
02627
04233
04829
00554
04034
02498
01229
01296
03654
03521
03896
02223
04021
01387
01532
00459
00813
05322
05593
05616
04498
01360
03616
01628
00022
05137
02698
04461
02038
04173
05729
05832
03793
03282
01730
01685
03169
04708
02781
02831
04245
02004
01218
05793
00695
03947
03620
02007
02818
00927
05571
02466
00228
03824
03178
00486
03435
02716
02712
05262
03418
00941
05262
00939
02891
05111
05518
00050
02755
01739
00834
05124
02990
00356
00068
00025
03529
04922
02510
00945
05790
00326
00234
02547
05271
02646
03952
00915
03152
03606
00343
02610
03715
02051
00618
05126
03245
00425
03361
00449
03384
03086
05525
01132
00728
02609
02645
03367
04339
00998
03794
05518
05864
05611
05930
00792
05239
00524
00513
04889
05280
00571
05320
03771
05026
05006
01911
01738
02964
00503
03298
03557
03280
05159
00585
05037
05019
04872
03306
00016
00677
04436
00240
04530
02373
01890
05154
02868
03692
04988
00260
05715
04379
03360
04334
01337
02568
02716
03636
06056
01168
00717
02758
01858
04363
02676
04502
05792
02927
04188
04991
00656
03218
00908
04681
00034
01348
03596
05619
03272
01954
05599
05976
05801
02522
01664
02634
04868
05643
04191
01633
04562
05248
01696
01309
02793
05848
00693
05336
05273
02337
05941
00935
01158
03604
04425
02615
04536
02545
03596
04008
00555
00781
04408
03882
03886
00060
00571
04216
01778
04584
03621
03766
02841
01080
04230
01218
01366
05201
01328
02451
05301
00013
03855
02559
02462
01853
00445
06088
01186
05065
00555
05434
05446
00964
03565
04563
05120
02330
01934
05412
04554
01095
03086
05335
03658
00540
03861
03454
01308
01845
00279
01212
03014
02909
04291
02143
04665
00359
04334
05939
02662
05652
02303
05513
00740
04457
00444
03992
00594
01095
00288
03317
02782
02852
01972
00933
02171
03161
01925
00649
04012
05203
03795
01745
02229
00644
01800
06075
01275
02536
04981
03968
05954
03380
00706
03732
00814
05278
00914
00439
03264
05483
00945
05399
04570
02202
03393
00666
02826
01543
01012
02086
00273
05832
03576
04716
02639
03427
02006
05938
05639
05505
05462
01435
03140
03123
01851
00821
01904
05332
03527
01666
04550
01915
03833
02136
01107
01491
05634
03540
01533
04600
04704
00778
02988
05785
05678
02024
04998
00624
01854
01868
01294
03534
00696
00356
03966
04069
03299
02977
04581
01736
04902
02580
02556
03174
03401
01798
02284
04170
01463
02642
04790
03927
01716
03049
00320
05984
02104
02801
03304
00051
04995
03411
00711
00751
03372
03864
04602
05301
02293
04011
03221
02068
03473
05037
02818
02069
03084
03865
01554
03738
05140
02388
01860
03733
00049
03242
04722
03998
05556
01651
02107
03147
03665
03329
03587
04140
00747
01877
04822
02539
02869
04857
04977
05057
03094
05058
05288
05083
00074
04111
05777
05568
04944
00490
04414
03060
05925
02682
01073
00699
05496
03515
02529
05980
01824
02122
02533
04429
05474
04661
04901
01940
05115
04879
00489
00039
05838
03877
00430
01128
06004
05398
03436
00805
01373
03301
05682
01912
00882
04212
02874
05111
05700
02991
01188
00175
04781
05508
04190
04386
03752
03751
02130
03707
02492
03119
03768
05033
01624
01664
03400
01117
04393
02195
03932
00611
01345
05907
04007
05408
00876
02206
01456
05453
01406
05041
00554
02719
04315
02441
03205
01446
00555
02083
03659
02764
03995
04863
04147
04669
04978
05933
05862
00453
01941
04365
00020
01131
00461
05598
00804
00024
00697
03057
01896
05459
04392
03184
01705
03360
03506
01501
05183
02483
01833
02025
02351
04984
03384
01568
05701
02950
03218
04322
02460
03197
01352
04165
01320
05749
00596
01421
01943
04080
00431
01492
00749
02492
01584
02124
02403
04927
00447
02094
02500
02095
02288
01606
05570
05587
03751
04905
03166
03327
03629
00842
05086
05724
03939
03874
00094
05521
03331
02712
02675
04933
05641
02605
04740
00451
04251
00937
05031
05607
02513
02626
05175
05204
04676
00468
05611
01383
04409
02307
05644
06042
04271
01278
03717
02431
03921
01878
02027
01639
05163
02375
00364
03955
02860
05817
03469
04110
00264
02379
05452
04053
02576
04533
03292
04028
01991
01857
03104
04847
00413
03242
05964
02877
02752
01036
00419
05828
03354
05827
04522
04378
02122
04882
02994
03125
00310
04071
01359
02495
03030
01043
00876
01308
01016
04469
05792
05488
00303
06012
02520
03580
05412
03921
00901
01405
04903
04494
02153
00226
03483
01217
03372
03944
05304
00718
01412
01807
04265
05921
03654
03855
00420
03747
06082
04220
01874
03675
04727
03796
01453
05693
05759
03952
01716
03109
05816
00899
04325
04118
04383
04366
04546
04982
04932
03160
04815
04693
04456
05274
02721
02744
03683
04774
03467
01333
00234
01278
02961
02502
03696
00464
05045
00572
05309
01842
05207
03450
01232
00777
01462
00206
00574
00531
00309
04351
02592
03785
02573
04113
01205
03797
00572
01523
03470
04752
04167
00128
04020
03978
05857
05980
05276
03036
03827
01546
05974
03991
05628
02899
01927
00368
05770
04817
00804
00066
05424
05139
04508
05880
02679
01301
04427
00056
01120
02748
05134
00705
05612
04820
01991
02678
04618
05402
01646
01076
01446
02073
00422
03918
00332
02181
03041
00708
01148
00907
03074
05877
01281
01884
01241
03478
03553
05645
05902
01032
02484
04260
02068
02521
03941
03057
01349
00164
00461
04512
00458
00196
05275
00431
03801
05396
01029
05387
06031
00704
04274
01577
04229
01519
03150
02531
05990
05505
02522
04085
03774
00253
01336
02046
04951
01088
02951
05144
06049
05468
01265
03389
02042
05875
01970
04239
05583
00488
05905
03059
03972
04486
03846
00465
00155
05041
03095
02396
01204
01186
05232
03118
05851
03833
05453
04783
00460
00074
04938
03123
02307
01681
04351
05606
02699
04343
05691
00517
04864
01238
05716
03314
00949
01773
01881
03933
01206
03010
00626
00486
00455
02525
01761
03510
04262
04178
04766
05679
05810
03230
00650
03264
02799
05199
03733
04418
04264
03026
03666
02545
05612
04583
04060
02751
06070
02124
06070
03232
03368
01123
03693
01714
01474
00754
05510
00775
02329
00512
03107
01617
01066
04462
02562
05358
01597
01331
05045
01391
00914
04018
04914
01259
00791
01767
01491
02344
03594
02557
05243
04034
05131
00779
01511
00443
02581
02960
00843
03748
00597
03666
05397
03146
00027
03536
01016
03593
06081
04900
03922
04046
02780
03573
04604
05675
01862
03308
05984
02778
01398
02954
02630
02051
01453
00718
02256
04834
01782
03977
02295
02677
04562
05364
01450
03326
04954
03245
00286
01333
04011
03323
05629
01042
03232
00864
02780
03050
05299
01760
01160
02069
03705
03632
01740
00783
05140
03933
06029
02887
04354
01880
01196
04218
03764
04967
05912
01464
05318
04745
01909
04771
04523
00251
02037
04849
04322
05315
02770
02011
04467
04883
04913
00060
01135
01895
01245
05826
02615
00831
06057
02822
00903
03652
02500
03747
00044
03730
03303
00957
03760
05677
00828
03033
05130
05776
02042
01776
01171
04398
02965
01518
05646
00515
00385
05232
03994
01267
00404
03393
04197
00380
04476
05994
05765
04279
03932
00177
04096
01658
01009
01029
03708
05647
05073
03413
02134
05175
01048
03062
03122
00157
01823
03115
00945
04091
00056
02616
04411
04432
01326
03811
04376
03969
04518
05384
01811
01787
01299
06022
04933
04557
05732
02223
05909
02276
01138
04266
03312
05359
00812
03320
01680
00088
02350
00902
03310
04264
00464
00273
03089
00578
00408
05204
06099
05870
01996
05035
03578
04005
03211
02392
02219
00130
01111
05792
03219
03751
03888
04712
01664
01949
04976
00378
02645
03558
05410
02575
01830
00352
02963
00291
01473
03541
04039
00800
03837
03530
05061
04072
05413
04165
04858
02078
05391
05279
01283
02428
05659
01450
03395
00815
03270
05716
03975
04844
01988
03577
02501
00739
03550
01931
01352
02574
00610
01993
03022
00959
03240
03985
04461
01695
05269
03123
01717
02656
01111
00096
05007
03706
05769
01772
05418
03311
00967
01872
05730
01253
01514
05447
03109
05785
01648
01296
05027
00277
02010
00097
01740
04293
02599
00423
05621
00271
05022
03483
01960
01943
00353
03213
01307
01871
01696
05844
05427
02176
02133
02270
00875
02645
01822
02838
00552
01605
02706
02631
04621
01917
02993
00691
06028
01795
04798
05877
05116
05013
01010
01525
05562
01073
05019
00279
03759
02823
03269
02676
01380
04579
02297
06049
04245
04878
04564
01212
05916
02507
01670
02693
03669
02417
00176
02689
01763
00216
03297
05231
01522
00417
02968
02897
03508
02816
05399
04666
05180
02697
01255
04734
01026
04431
03704
04394
00376
03862
04182
01738
02209
02471
03706
00749
01903
05258
02638
05085
01945
02195
01624
03984
02499
02571
03530
02554
04675
03614
00843
04837
00600
01058
05003
05487
03924
00916
01040
03532
01909
00978
01145
05124
00153
04265
05964
02723
04916
05748
01408
03789
02149
02602
03859
01452
02228
02826
00508
03722
00444
05289
05545
01244
00770
00378
00584
00703
02388
00470
06039
00371
05870
04333
04683
00306
05022
04930
01818
05820
00723
00978
00498
04238
04473
05661
02042
05816
00804
02598
00275
01095
05830
02124
04327
03107
04171
02472
04751
01866
02884
03697
05683
00732
04930
02940
02104
00516
02793
03200
06022
04780
02324
00581
01171
02440
04747
03398
01653
01043
00083
00525
03743
03063
04760
02900
00291
01843
02257
00381
02795
00504
05369
03173
01986
05498
03266
00779
03008
03218
00690
02925
04742
06073
05327
03165
02015
03127
05544
05382
04372
01425
04918
00597
03951
05976
02373
00843
00268
05040
01147
03808
00541
00885
00027
02799
00622
02778
05076
05489
04345
03524
01633
04884
05801
05793
05465
04029
01079
00259
04659
05366
01467
03087
03848
03158
02864
04387
05886
05979
03681
01337
03337
05091
05960
03621
04289
05322
01837
04183
04635
00695
05966
01601
02573
03749
04646
05948
04376
05182
01583
00723
00234
05333
03758
01756
00969
04674
00109
02132
02659
04046
02424
01098
02840
03144
02949
05784
01369
00077
04262
01761
03883
04105
01909
02587
06051
03940
01751
00581
05131
04788
01394
01245
01835
00851
02901
02053
02845
04755
00942
04479
04091
02218
02432
01879
04370
01483
04167
00745
04461
04299
01840
05645
04156
05550
03882
01340
00731
00994
05863
00300
02111
01099
04397
02388
03299
02472
05860
01537
04737
03681
05297
05032
01312
04442
04417
05306
04113
03209
01475
03670
04166
03969
02837
05374
04051
03003
03894
02382
00905
03141
00246
02198
03350
03266
00363
03211
01182
00132
03751
02896
05092
04098
03851
05539
04996
00358
00219
01428
03701
01434
04609
03525
01928
00124
05332
02809
01951
00864
02621
00299
03136
00131
04568
04306
04515
04813
03309
02527
02407
03263
01658
03911
04078
03228
00938
03016
03088
02831
01505
01447
04053
00214
04876
04800
02946
03484
00904
02265
01641
05596
04366
01420
04906
02755
05241
05093
01458
00574
03478
05213
04328
05602
01138
00338
02964
04511
04830
03662
02639
01419
01729
01322
01937
00420
05760
04905
00557
00334
01915
02083
01211
01924
04557
05961
01405
05193
05796
01738
03204
02870
02187
04611
00595
01300
00977
03147
02752
01444
05207
01051
04807
04132
04002
02878
06049
00880
05998
00257
02425
03989
05472
01362
00339
02635
01803
03982
01646
02857
03663
00893
01148
00532
03003
03554
02125
01988
02512
01596
03692
05267
03383
02461
02970
04264
00520
02422
00893
01044
03790
01252
02462
01245
05375
02054
03028
05735
05524
05027
04388
03164
04641
03835
02766
05606
00399
02306
04582
04496
05748
04701
04028
05176
02313
01186
05497
05017
05691
03294
00350
00610
05351
05794
03716
05782
04820
01800
05179
03854
04083
02276
02553
00316
00358
01043
00162
03245
04011
00747
04517
05268
03907
04137
02670
05950
00515
03072
02344
02762
01191
05071
03295
00711
02758
03031
05270
03496
03878
03467
02023
01672
04753
03921
05411
00987
04798
02170
00077
04537
02454
01017
01652
05090
05418
03348
04184
01162
03725
05140
05091
03664
01804
04525
05329
02034
01866
02759
03517
04784
02967
03267
01740
00186
03697
05149
03839
04828
01945
05303
00958
02517
05424
06091
01033
02559
02474
04679
03266
05476
00852
01002
03377
02021
05734
03710
04098
01440
01212
00493
03209
00944
02462
01637
00994
04244
00308
02970
02153
02347
04344
01586
04013
00630
04006
03591
04384
02264
03605
04773
05094
01203
00324
02382
03899
04159
04721
05428
05796
00801
02727
04795
00154
03150
03051
01865
00182
06074
05617
00430
02172
03864
01445
01516
04891
05364
03180
03451
04371
05612
03701
02874
00794
01884
03312
02056
04129
01828
03670
03607
00866
05156
00856
00275
04212
00785
05270
04041
01967
01227
00533
01834
05058
00435
00553
05088
04091
02874
06069
02889
01617
01115
02796
05223
03149
05730
00736
04736
02839
00326
02475
03754
01893
05658
00426
03343
03430
05389
00631
01975
03777
04924
04035
03451
01965
01592
00260
02743
01049
03501
03301
05219
00225
04421
04984
02684
00823
02042
01693
05470
03284
05256
02617
04797
04920
03675
00762
04829
02025
01770
04647
02919
01024
00152
02732
02659
03834
02012
04642
02552
03909
00120
02549
02570
04708
00202
05104
02424
00309
04736
03331
05493
04422
06066
03412
01817
00787
04419
02412
02326
02553
06088
05184
01440
02609
05128
05647
05671
02057
03650
03475
02783
01608
03528
02185
03315
04585
00899
04363
05379
04662
04652
04325
06099
06099
00581
04716
02045
04430
02973
04534
04782
00934
03652
01511
00490
05271
02360
03077
01787
04853
03402
02376
05949
03509
03869
05128
02028
00010
04250
04583
01161
03718
00817
02524
03342
02312
01051
02338
03786
06090
03857
00507
04817
04959
05869
01384
01906
01594
02308
01838
00327
01487
02684
03711
05697
01692
06043
01195
00270
05937
00605
03919
03307
04789
05384
02627
00431
03664
04958
05168
00811
01498
05549
03829
05643
04649
05226
05127
04423
01751
02223
04265
03574
05259
00824
03877
06028
00794
00305
04881
00400
05815
01007
01706
04369
04716
02484
01943
05703
02145
02233
05351
01528
01922
03303
02100
03504
02708
03677
02636
04686
00449
03306
02610
05786
06005
01250
05403
04209
04054
03804
00675
04460
05808
05252
01738
04901
02374
02758
04483
05560
01725
05172
00684
03474
04226
02671
02297
00340
05960
00053
00096
02726
03376
02364
02558
04486
01397
04519
05763
06008
05912
03747
04780
04389
01956
05984
00266
01934
04387
02982
03964
02331
00401
04975
03601
03924
01803
05575
01080
02430
00645
02071
04713
01275
04932
05190
01165
01205
04850
04986
01031
04634
01812
05063
00821
