00091
04431
05994
02332
04642
01751
04519
01511
03645
05884
02092
02512
00163
03766
02318
04426
01192
03841
00604
00787
02541
05437
03687
01583
02498
01155
01890
03961
02645
02079
03185
01017
01169
01734
02726
02476
03859
06013
05629
01645
01604
00633
04725
04451
02527
03399
02594
00481
02178
05296
02389
05534
00233
03157
03426
00008
05095
01076
02235
04534
01175
00846
00507
02355
00603
05230
05085
06007
02987
04736
01423
02450
00520
03548
00086
00844
03743
00770
03513
00095
03325
04813
05150
01308
02498
02108
04245
04289
04268
00036
01649
01540
03498
02886
01352
02609
04901
05030
04671
00854
01366
03512
03871
05832
03577
04607
01758
04392
00091
00107
01390
03915
00000
04633
04105
06050
00684
03934
02394
02970
01004
00688
02416
05203
01643
03349
03518
00117
05576
01574
01275
04824
02560
02333
02163
05201
05033
00300
05226
01414
04018
05901
00073
04195
03932
01295
02712
02344
04279
04066
05511
02975
03479
06019
03142
05190
05370
03964
00639
03770
05343
04571
00126
03515
06072
01974
03061
05296
05829
02822
00990
01855
05162
04713
00106
06010
05687
03291
05928
00865
03310
03589
00427
03876
00506
03978
03493
00682
01515
05834
01201
00459
02647
01104
04571
00891
04900
04920
05860
04628
03227
05102
01805
02526
01617
01383
05254
03820
06064
03397
03548
00646
01427
01131
05826
05657
04300
00211
02465
02390
05726
02508
04667
03674
03195
04257
02692
04021
02634
00143
05024
06095
04734
03847
00176
05396
02341
01339
02159
03372
02024
01782
03145
03274
02160
02928
03877
02738
02417
02824
00863
01938
00667
05299
00293
04854
02039
03814
01170
01513
02848
03411
00634
05444
03831
02821
03998
00973
02212
01556
00059
05060
04966
05153
01243
00158
01791
03792
05490
02335
00350
03373
00359
04684
03214
04813
02376
05907
04848
03544
04300
01182
05812
02151
05988
04866
01365
03972
05513
03672
04475
00816
03985
02111
01327
00410
01009
04561
02530
04526
00646
04697
03798
04448
00661
02458
05926
04414
01438
00237
01441
00246
00616
03460
04963
04649
05092
01395
00936
03217
04007
03485
03646
00309
02273
01237
00422
01954
01764
04880
04834
00259
02714
01562
03154
03847
05444
03652
01761
02076
03693
04420
05947
00568
04443
03540
05949
06003
01844
00422
04201
04555
04536
00145
00533
05256
03451
00170
03271
00300
04507
05366
04779
05231
05285
00547
04397
00905
05065
03219
05053
01461
01691
01788
03493
00922
04424
02438
05775
03514
00790
04023
01508
02242
03285
02356
02140
04656
02048
05942
03759
02640
04480
00304
01081
02726
05547
00669
01212
02158
04636
03910
03244
01906
02766
03793
03160
05201
00524
01081
00622
02017
00294
03054
02115
05715
03850
02809
01827
00855
05978
03973
02281
02163
05873
02077
01076
01636
04216
05974
05729
03383
04456
04894
05532
02375
03885
01895
00506
05556
02911
00238
05621
01562
02682
05062
01788
02040
01859
00601
05346
01999
01979
04487
05974
05767
05270
02698
05844
05948
04929
05567
02171
01475
01446
01958
00906
05672
02969
03682
03674
04060
03389
04812
02651
05539
00183
04957
02167
00799
03563
02471
03604
03301
00942
00088
04833
05798
00273
04475
03437
05471
02372
03949
01812
01018
03897
03871
00926
00012
05412
05290
02613
03511
03297
00464
03784
05045
05306
00638
01079
01220
00579
04364
03475
04389
06055
00672
04562
01016
03471
05471
05298
01485
03419
05542
05620
04929
03195
05457
04056
04920
06060
02291
04934
05579
04783
04725
00067
01996
02109
03261
04108
02109
02983
00599
02309
03282
02862
03891
04818
01231
05339
05338
02353
04837
00437
00740
01111
02834
04617
04263
02060
06020
03011
03961
02666
02491
00605
05032
01542
02375
05962
00938
04075
04184
04162
00813
02183
05094
00255
00261
00620
01885
03479
02521
03928
01853
01961
03729
04098
01499
02878
01398
05562
02956
05151
00648
05663
03504
00505
04812
05303
02495
01492
02477
00055
00288
00977
04373
04446
01239
01875
02258
05421
03293
02144
02676
02445
05531
03362
03391
00496
01120
01520
00205
01841
04167
01379
04652
05912
00029
04248
02254
02939
03328
04272
01023
05669
00726
03623
00852
01316
03050
00992
01327
02792
02880
04906
00182
05682
04436
02677
05637
03154
01463
01444
01304
05019
00579
02852
04562
02378
02130
02105
00857
04483
02598
00704
02458
05416
03769
03197
01170
05706
00138
00356
03762
02109
04632
01992
04408
03976
02948
02183
01002
02631
05742
02789
01596
04911
05102
01184
05296
05560
01487
04341
04518
01065
05817
02485
01183
00912
01285
02183
00258
04920
00605
03666
00604
01505
04579
02647
05509
01943
01918
00229
02344
05576
02456
00345
01789
05224
00897
05760
02955
01935
02669
03596
04765
05090
05900
03668
05406
05190
02738
02617
00884
04414
05149
04562
04222
06035
02668
04178
00258
00375
03584
05410
04730
00580
02954
04517
05722
03143
04255
03097
05744
04850
05283
05917
04353
01682
00041
03508
00627
04889
05865
05338
05605
01523
02031
02140
00598
04944
02848
06038
00078
03008
02628
04422
03247
05535
05087
03988
03812
00268
02686
01430
01865
04321
05625
00793
02534
05076
05670
02057
02322
04722
04013
03522
05828
03529
02695
01781
04889
04151
02934
00255
01522
03974
01519
01021
03145
05882
03435
02700
03170
00728
04568
00387
00975
03273
04115
05928
01417
04942
03867
03587
01060
00164
01166
02535
03039
00063
03661
02867
02220
05645
00170
00785
06057
00132
02828
05643
05539
04840
04930
01614
05269
04033
03670
03192
01243
04521
01726
02237
01462
05459
00810
01918
05947
04975
02628
03579
02747
04264
01304
02296
00873
05485
04844
00415
02284
05408
01433
01568
03765
01142
05665
02929
02817
03396
00324
05817
02507
01870
02205
01513
02808
03102
04461
01015
01888
03912
01184
04515
04018
05582
03061
03191
01226
05815
05553
00138
03582
04632
05544
02045
01031
05551
00522
01770
00433
00156
04565
04243
06069
01235
00228
01263
01844
02309
00369
02252
05160
02954
02985
04106
01332
03515
06092
05864
03889
05835
03520
02681
05460
03930
02722
01608
02128
03171
05848
00357
02681
05363
04446
00024
02611
03188
02804
02089
02765
00342
01294
05591
05337
01658
00107
05165
03408
01800
02897
03955
00672
00691
01625
02257
01406
05364
03531
00055
05094
00307
02116
03513
01506
05612
04736
05686
01647
03326
03068
00657
02999
03918
04436
04863
02505
02059
04171
02804
03355
01201
00123
05552
04769
02012
01485
02514
03835
01879
02694
06029
00456
01850
05512
00079
04231
01442
00312
02640
03363
02852
02560
05587
02800
02862
04199
00040
04018
03729
02248
05138
02368
01530
03336
04568
02770
02328
04018
00207
01539
03239
02673
03438
00966
03073
01563
01907
06045
00843
01653
02650
02837
03455
04200
04528
00893
06008
04066
00550
03681
01837
01274
02508
00020
05323
05830
04545
00781
03818
05902
03181
04579
02976
00498
01203
05700
00399
01593
01664
00016
06009
04130
00832
00688
00182
04949
05976
02089
03633
01650
05914
05883
04910
00857
02682
01494
00260
04386
01889
04580
00099
05589
04904
01279
00734
03434
03126
03774
04385
03934
03455
01735
04018
03334
04715
03415
04353
01870
01815
01798
01280
00299
01846
04723
00705
05778
02399
00563
04225
00795
03203
02374
04058
05213
02483
05722
05269
01845
00093
00920
01517
04731
05812
04743
05640
06058
03669
05768
03497
00915
04572
03868
01467
03040
03828
05012
02781
03488
03528
00846
00661
02871
05123
00542
04296
03772
01723
05132
01333
04418
01354
03302
03626
01983
02618
05483
05740
04930
02188
05494
03145
02521
05420
03128
01897
05623
03283
04372
05526
05711
02173
00632
03678
05104
02141
04054
04240
04486
04656
00831
00942
00078
05775
02829
03425
00367
03466
04783
00950
00573
05727
00124
05670
05179
00774
01245
02538
05450
00883
01981
04641
03188
04097
03769
01242
05439
02682
04081
02058
04285
05481
00908
00559
03649
03023
05143
05448
03193
04872
02629
02130
02677
03310
00896
03879
04105
00640
05580
04805
03506
00396
04989
02313
02813
00881
00216
00671
01683
06072
04867
01379
00531
05567
02769
04350
00707
03175
01129
05827
02107
05331
06038
00411
05368
00277
04301
00088
04851
04915
03433
01327
03882
04282
00595
04675
02328
02913
03181
04071
05726
03001
05924
05546
04255
00266
00618
05237
00616
04757
02451
01713
05757
04756
05857
01211
05567
05116
02115
03378
01502
01082
01607
03549
00192
00322
05091
03926
04705
05668
00993
03715
03846
00948
02151
02999
00481
03089
04147
01497
00947
03411
05377
04434
02161
02023
03247
02709
01729
05424
00918
00444
00317
03063
01730
05025
02270
04878
02316
04599
03626
03643
05232
01919
01932
05973
00274
03299
03538
02041
02854
01662
05169
03035
03360
03003
05805
01299
05079
05660
02028
01655
00798
05307
01860
04711
04303
00856
04049
05724
04840
03993
02573
04698
04437
05111
01552
02040
04388
03278
01477
02126
05646
03989
00538
03507
04162
01503
04876
01217
04991
04286
03774
05611
01831
03318
01124
01905
03378
00746
00829
04171
01478
01504
01946
00572
01864
02751
06010
02598
02605
00787
01586
00003
01649
00784
01442
03082
04256
00730
05414
05045
00431
02417
03612
02135
03289
01446
01044
02498
03882
00631
02646
05575
03162
04801
04535
01814
01539
02779
03017
05149
02085
05670
01621
05165
02407
03095
04161
01768
01287
04921
03088
04554
01484
01534
00338
03687
03204
00337
01296
04214
05172
02807
02487
05460
02588
00875
04302
04519
05139
00086
01759
05879
04168
00727
01131
05464
02237
04840
00970
04126
00429
00168
03053
03157
02473
04926
01004
04059
02836
05562
00496
03089
01127
00726
04633
03295
01708
00178
02638
00129
05990
01498
03862
02659
00446
00567
02543
00519
01678
03878
00218
01706
03916
00629
04045
00573
00239
05951
04405
00544
02353
00250
01137
03414
01380
00115
01772
02738
04862
02915
01831
02405
06080
05130
04354
00161
00447
02482
00481
00823
03995
05269
02041
03702
00526
02390
00065
01511
02658
01558
03130
03744
04459
02684
00462
00277
05030
04748
00028
06007
03490
01858
04686
04670
05784
05765
02789
00325
03988
04719
00522
03212
01572
05176
04442
01493
02337
02043
04231
01103
04533
05158
05663
02945
03146
05993
02375
03268
01594
04979
01908
00809
02756
01833
03522
02974
04423
00348
01657
00999
02095
02186
04829
02189
05516
05780
01639
02747
02111
02231
01798
03533
05564
02417
03852
01494
01738
05839
00068
02249
00691
04154
00578
05420
03128
05598
02787
04446
00969
01208
02759
04352
01917
03791
02786
02039
01092
04750
00542
05520
05390
02626
04611
02156
01804
00938
00096
01643
00807
04749
04046
04821
03570
02015
02184
02656
05578
01141
00557
03985
02532
03627
00015
06010
03922
02819
04813
00717
04331
00436
05116
05324
04600
05293
04251
01965
03941
04564
01241
04488
00138
03796
04284
03635
00318
03787
01575
02142
05302
00761
03645
01013
05563
03866
03789
03111
03098
02482
04903
05028
04809
05203
03629
03168
00395
02451
05275
03543
04650
05329
02033
02089
04101
04487
05250
03216
00400
04574
01318
03644
05992
05322
01578
02875
03124
02021
03705
04430
00402
00623
04627
02352
03508
01283
03068
00838
01610
06081
05895
01919
00256
03727
05445
06023
01441
01035
01129
01020
03500
02452
05443
03332
04332
05053
01673
01214
04507
03484
02610
01479
01592
02146
05549
03289
00877
02352
05455
03244
05356
05006
00865
04853
01082
03928
02056
04068
00315
01143
05628
00550
00629
02149
01608
04793
01150
03105
04644
05120
01661
02190
04301
02682
04977
02780
05130
04258
00703
05778
00824
01901
01495
00442
01927
05033
04621
03754
01552
02130
01141
00563
03687
03127
00939
01669
03374
02811
04151
02447
01673
04574
02842
02117
02238
01052
03986
03632
03741
05776
03819
01813
02752
02077
02970
02562
04200
02190
00104
02314
01931
03440
03360
04492
03523
04235
03399
03052
01617
05474
05433
03350
03519
05911
03909
05324
01304
04967
03053
00118
06034
02518
02372
04589
05998
00596
02933
01821
00664
03537
02972
05452
01670
05894
01849
05765
01406
02105
03341
03017
00432
01574
02457
00782
05671
03664
05526
01642
00949
02441
05632
01695
05965
01625
03571
02805
04996
01178
00447
05012
03564
00921
01804
00036
01477
00737
05038
00747
04094
04758
01800
04702
01845
06003
05996
04600
00815
00053
01539
04196
02175
00697
03325
04610
02759
03645
02159
05435
01556
04840
04798
00322
01050
05591
02253
02318
03215
01547
03057
01681
00591
00482
03981
00133
01786
04678
00020
01707
03569
03521
04105
04243
03383
02267
01186
01548
00543
02550
00658
01009
00227
04309
01657
05419
03113
01747
04791
01946
01482
04446
00256
04359
03755
03024
02231
04292
05052
01862
04486
05048
03601
04809
00362
02325
01780
01515
04489
05304
05373
00259
05780
02780
01997
02268
01548
04892
04446
03428
03189
01391
05920
03008
03877
04138
01608
05325
03014
05013
02722
03627
04647
04926
04205
02185
03794
01451
04952
03085
05072
02603
05929
00584
02486
04397
03981
00075
04415
01224
06091
05815
02223
05919
04306
01475
03878
03837
02853
01852
01824
04129
02094
03057
01569
04109
04519
04229
00524
00345
05325
02810
02353
01244
03432
05471
01780
00134
03537
04214
03786
03912
02819
00204
01230
05268
05195
03398
03481
02909
04327
01831
05114
01892
00798
02236
05422
00998
03134
02492
02525
00551
04452
02748
05606
04339
03905
02866
02117
01012
05295
00167
01601
04019
01854
05378
06014
03512
06097
04654
04265
02881
03844
04331
00187
05542
01219
02428
00520
01704
00267
00970
01848
04489
00161
00897
03817
01629
01701
02638
03197
05675
02160
01975
01624
02793
04269
01030
00506
03985
01522
01565
02309
00165
02086
00847
05661
05571
02649
00550
02597
01512
06060
00241
01258
02943
05248
02816
02220
00737
04658
00062
03525
00722
04951
02115
01327
04335
02470
02624
01686
05808
01991
00333
02983
01266
04133
03789
02756
00499
03240
05681
05471
01369
01691
04843
00807
05348
04628
04873
01970
05363
04798
05667
04597
01183
03298
00114
05062
04404
01375
01695
04104
04289
01424
04968
00986
00907
00859
04846
02105
04622
04103
00869
04700
02916
04235
03616
05898
01578
05022
05528
03827
02908
05884
02653
01900
04541
05711
01624
02133
01233
00764
04904
04609
05952
04252
03504
00397
03957
04930
01986
03551
03623
04895
04262
05179
04967
01949
00762
03495
03119
04814
00414
03778
02731
02617
01147
00859
00175
04791
01705
02784
05497
04364
02567
02079
04765
00941
02832
03050
04147
02557
05120
06083
05988
01560
02348
02011
06013
02484
04571
02527
03545
01532
05453
00457
01505
01456
01754
01277
05187
03298
02597
02476
02173
02334
05451
01114
00416
03229
03884
00288
00477
05625
03649
02257
05695
06046
00823
03298
05103
00320
05911
02773
00086
01864
05847
03663
05281
02229
04082
03679
03123
05036
03504
04063
03040
04869
04941
05973
02221
03381
01045
00155
04004
04348
04172
01400
04109
04140
05503
04835
02664
02217
05871
03558
04631
02177
00179
05856
00028
00000
03870
05504
03680
02536
03535
01838
02274
03438
01473
00173
01859
02289
01197
03067
02979
01960
02638
00712
01103
05424
04973
00621
02729
02392
02635
04970
06052
05148
03941
00528
00217
02634
04587
03941
05263
05791
01029
02117
04380
04527
02074
01742
04944
04308
02946
00720
03779
01808
02251
00378
05715
00840
02228
00202
02916
00472
03163
03136
04285
00781
04837
00143
03164
01529
05433
00821
05342
00717
06053
05669
04013
03179
00797
03478
00922
01639
01590
05830
05795
00225
05466
03206
00806
00188
02312
02489
04128
05757
03214
02441
01842
01820
05596
00293
00106
03792
03811
01945
05174
03538
00494
02308
01557
01618
01449
04104
04011
01682
00007
04449
00260
01954
02953
03355
03500
04690
03177
00834
04926
04968
04389
00416
06095
03936
00272
01378
05862
02308
01646
00185
01303
02217
05845
03595
01065
01209
04896
00694
01965
04293
05644
03181
00637
04759
03733
02298
03361
04560
03555
05589
03441
04759
02576
04854
01159
03342
01451
00906
04913
04239
01797
01795
04984
06008
04063
02267
01280
02883
02088
01836
00269
00664
02926
05062
02378
00468
01293
04714
05508
03156
04907
00298
02258
01112
04234
05286
00732
00166
03988
00613
01498
00452
02186
06022
02635
00337
05765
03342
05611
02292
01797
05119
04675
04462
00207
04084
01720
03174
02223
01984
03319
02100
02907
00789
05583
02131
01916
04125
00360
01324
05759
05551
04413
02507
01383
03508
05219
00677
01973
00258
00777
02537
00040
04503
04615
03928
03345
05995
04842
05412
03024
05755
01185
03808
03537
02150
01087
05182
05061
05226
04561
03044
01544
01408
02979
02313
01920
01189
05083
05639
05285
01329
03219
03340
05537
04715
01693
04194
05882
00643
01492
04182
05055
05048
03425
02458
04296
04185
04184
03051
02570
04170
02189
03385
03415
03080
02755
02356
03690
01971
00413
03313
02012
04293
04032
04756
00772
04531
02461
05800
03424
00244
05255
03769
05081
03950
04472
04548
03068
01030
04626
05410
05075
00008
01393
03568
03769
02179
03630
02171
04241
04747
03363
01865
02902
05904
06064
02550
04848
05384
04434
00246
00238
04782
03370
06035
02618
04198
03179
01299
02621
03489
02993
00865
03712
05673
03678
05741
01452
04106
04111
00471
01345
04983
02958
00544
04847
05408
02220
04231
01782
01054
01282
05435
03468
02846
00642
01938
04237
04291
03104
01163
00055
04166
01350
01430
05552
03620
00934
05664
01042
03687
05926
02330
05509
00391
03182
00202
02352
03372
00195
00156
04137
01828
02599
02244
03427
03306
03406
05390
01947
01442
00368
01960
05423
02797
04489
03168
00800
00762
03106
03168
02006
04647
02148
02367
05990
00190
00579
06042
04543
00511
00622
04073
00406
03163
02711
02489
02537
01755
03031
02953
00408
00919
00159
01765
02616
04850
02792
01799
00519
04251
00357
01442
00680
02042
02201
00434
01607
05949
00453
05869
04350
01043
00280
06048
04193
04050
03716
05833
05952
02201
03192
03857
06015
03809
02509
01295
03457
04078
05350
03792
00050
05046
04673
02750
03476
05457
03815
05511
00338
02083
03056
04600
02020
00739
00573
00931
05422
00382
02807
02674
05903
04033
00905
05801
00745
05244
01490
02330
01376
02411
02808
00914
03801
01279
04625
02112
01039
00790
04904
01947
04408
00297
00944
03764
05193
03950
04482
02397
05048
00586
00272
00162
03982
04573
02199
03154
06002
01533
05501
03730
06076
01590
01852
01273
00116
01967
02592
04872
02463
04639
05088
04561
00756
05226
04277
03744
04033
00914
00466
04434
03667
00995
05327
05786
05817
00463
00709
02455
00061
01652
03904
02655
05242
04671
01630
05505
03634
00346
04840
05625
02982
05430
01386
02890
04104
00479
04066
05875
05257
04518
01950
01603
03457
01792
01640
03558
04880
04621
00024
04032
01759
04960
03534
05564
04188
01503
05168
05911
01971
00775
02523
00192
02571
00192
01022
00404
04737
05327
06081
00700
04615
01630
00565
05538
03672
00990
05223
00609
05760
01061
02035
00081
04740
01554
02410
01726
04736
03700
03265
03938
03437
03063
00091
01653
00746
00426
03981
03845
02454
05391
05744
01840
06081
00450
02411
04338
03373
01537
02724
02377
06095
00653
05482
02930
01695
02909
02825
04453
04109
05651
05570
01810
04326
00693
04146
04008
02599
02466
02682
00817
00120
05835
03196
05011
00830
04650
02485
00528
03807
02560
03431
00208
05775
01211
00994
04344
05553
00606
01280
03001
03178
01129
01429
03364
02351
00549
01733
04817
01042
00154
03265
03366
01039
04282
02042
04848
02090
04226
02478
04122
05823
03723
02171
03471
05279
02777
03782
04658
05121
01096
05605
00493
04246
02164
01470
01211
05887
01613
05832
05959
03832
01629
02971
00538
05578
03932
05552
00941
00133
05998
00283
00551
00837
02879
04098
04797
00791
03461
03527
03485
03081
00748
04517
02151
05962
00694
05907
00567
03975
04330
01843
00183
00203
06086
01363
04360
02474
01258
02687
00672
00559
04562
01527
01795
02592
03800
03038
05056
05075
04753
03764
02264
03663
00329
04020
04169
06087
02605
01743
01964
02283
03347
00922
02857
02805
06031
01174
04800
02071
04768
03387
05166
01057
05090
02814
05291
02293
04977
03444
05026
01039
00423
05913
05003
03407
02488
00990
06067
04454
04571
05623
05379
04546
01750
00392
02416
04801
04363
03339
05971
00201
03961
05740
04238
05701
01838
00033
02465
04224
04610
02021
01896
03436
02354
03523
03422
04778
02900
02251
02367
04593
03619
01393
00679
05113
05643
02235
01774
00111
02069
00823
04828
02299
05926
00237
03250
02101
02402
01943
04875
03004
04980
03775
04314
01393
01150
00437
06009
02372
04070
02186
00779
03386
01344
05669
03896
00144
00579
05726
05865
04211
00751
03221
05391
05613
03850
00440
01036
03560
04630
01713
01005
04742
02487
00811
03456
02982
00290
05632
02705
04193
01453
02789
01404
00716
01204
00654
00527
03802
02861
03272
02550
00806
00168
02209
02893
05037
00965
03984
05813
02230
00974
02530
00826
05090
01478
03849
02305
03315
03356
03187
00937
01088
04434
01410
02482
03251
00465
01056
04786
00784
01210
05294
05569
01922
01444
01312
03464
02785
03005
04392
02165
05579
05662
01186
01865
05067
01558
02936
00954
02832
04647
02606
00338
01794
05213
02627
00661
05524
02681
00472
04563
01410
00762
01193
02393
03377
05307
01773
01534
02061
02035
03397
04824
02144
05603
01314
00337
02118
05626
02226
03495
04017
03023
03294
02210
03910
03905
03918
05641
01749
03451
00013
04014
05615
03156
04275
03780
01818
03788
03953
01923
01515
02026
00844
05569
04507
01211
05954
00019
00611
04435
05302
02300
03398
00836
02774
03431
06093
05962
02412
03581
05436
05887
04839
03709
02412
00516
05301
01272
01677
00497
01402
05745
01113
05275
00367
03861
00206
04515
03172
02161
03681
03240
01367
05244
01640
01694
04451
00689
04987
05633
02889
05030
02120
03256
02307
02178
00232
00091
00871
01998
01354
06069
05747
04418
02727
00917
01795
00756
01208
05187
04222
05334
03173
00582
02651
00660
02794
02457
05080
00526
05900
02758
01109
01980
01425
03524
02548
02093
04301
01757
00541
01937
05922
01172
03230
01517
03843
05806
00176
00314
04381
03652
04584
04598
05818
06081
03344
01832
01180
05405
00078
00060
03003
05604
04984
03318
03911
05810
05783
04312
00492
00093
02055
05959
00735
05854
03055
03083
04254
03766
05098
01714
04773
02968
03661
03686
02610
01231
01975
01776
00090
00270
05136
03998
03744
02984
03634
03830
03226
00474
01555
00457
02124
00324
00208
04638
03443
03587
05214
02247
02851
04322
02549
04974
02240
03749
05309
02069
04918
00211
00220
01460
05944
03008
04170
00152
01449
01709
01743
04138
03682
00408
04501
02151
02559
03917
00406
00899
03693
02155
02144
05485
01292
02846
04196
01292
05975
03593
00757
01175
05505
04883
01071
00159
05459
00391
05089
04775
04336
02828
01787
03839
06024
01380
03100
04734
02966
05033
04875
02578
02569
01090
03573
01357
00814
05285
02605
01368
01884
02601
05580
03773
03221
04915
01784
01310
00613
00163
03588
02362
00506
03568
02765
05933
02555
04118
05944
02903
00793
02339
03561
00770
00751
04448
03704
04411
02873
00063
01654
05656
00241
04278
02791
02001
01411
03236
04451
01825
02252
05284
02903
04065
00714
05126
01711
00551
04475
05078
04050
01817
04571
00348
01726
05593
04043
04194
02073
01932
05988
00649
01725
00411
00405
04183
04057
01282
02895
04278
03060
03032
05207
02254
05667
00585
01865
00437
02543
02667
02336
03208
00189
00836
00313
01719
00387
00625
02029
05858
00316
00255
00296
04799
02108
05440
02280
01439
01770
05409
03052
00076
00387
05071
01370
01625
03751
00105
03875
04402
03306
05063
04466
05900
00002
03212
02178
01281
04305
03587
03734
00421
03791
04417
04072
03136
03940
01272
04995
04108
02643
00935
00855
01531
01363
01537
01729
04146
01208
00369
02159
03060
06005
00536
02397
02118
03040
01482
02875
04574
04158
02962
00677
02859
05207
05872
03414
05033
02926
05618
03504
05528
00971
00333
04931
00418
05794
03375
04868
03831
01669
00057
03002
00144
01758
04741
05126
01842
04387
04045
05288
05384
04575
00888
02182
03361
03634
01162
00979
00981
03916
01804
05985
03349
05958
05147
05725
00954
04978
05041
01864
05125
04439
05274
02348
03934
06022
01900
03419
06073
02316
00850
05701
00050
01947
05179
01113
00477
02443
03383
04498
03288
03935
01244
03396
04782
05661
00475
03713
00422
05149
04315
00847
03792
04677
05230
02712
01673
05073
00919
06002
03493
04306
03823
00273
00370
01996
05612
05778
01824
02979
02257
02329
04932
03162
03631
02523
01322
03292
03635
03686
02743
02953
00996
05631
00189
05335
00948
02667
02397
04394
02187
05798
01411
05565
05046
01076
00936
02381
03051
05317
06071
04641
05466
03849
04550
02663
05789
02033
05975
05410
03874
04109
02468
03007
00433
01783
00674
05754
00117
00065
03279
03591
01588
02795
04059
02510
00526
02200
06086
02853
04532
04291
01284
00661
04165
02837
04513
02609
02758
04590
01964
00095
02000
01342
01698
02743
02054
00467
05653
01973
04003
01361
03023
00015
05833
02714
03794
00085
01868
04171
05161
01806
01050
06011
02508
01656
04535
02631
01887
05579
04013
05519
02761
05979
02054
01129
00492
01029
01871
01292
00988
03385
00125
01988
05880
01241
05711
05209
02034
05257
00694
00686
04359
05114
02778
04069
05056
06085
01802
03936
01312
02023
02272
05306
05306
04503
02270
02261
01903
01529
01324
03760
03169
03149
04935
03334
02571
02231
00311
04466
00396
05194
00250
05348
03816
03075
05156
01917
04466
01513
01996
05615
02477
00463
03173
01729
02686
04023
02119
05794
05734
03234
02672
04841
01098
04569
05538
03806
05875
04879
00507
00671
03253
01768
05884
04094
03839
02335
03276
04039
05404
04295
04468
04702
00321
03265
04485
05819
02867
05462
02522
02562
01694
00994
04616
02441
00409
01274
03261
05165
02117
05298
04111
05606
05743
03288
03382
02556
05189
04575
01153
04663
05692
05008
01663
03330
02569
02731
02663
00832
00112
02192
03877
01467
03107
00656
05796
00234
04076
01131
05036
02086
00028
05213
05217
04194
02368
05462
05998
05197
04929
00527
02220
02986
02860
04159
03700
05726
05081
02086
03816
01324
04317
00421
03343
02530
00724
01511
02460
00107
04053
00921
03811
05291
01621
03254
05675
04712
05430
05837
00879
00930
04660
05295
03850
00674
03275
05480
00883
00743
02832
01866
01017
00335
01702
03658
02116
04630
02853
02504
00079
05105
00694
04755
04367
05202
00255
04278
02826
02278
04747
01381
03850
02515
02093
05311
03596
01481
01904
01916
02908
01585
04458
02051
01795
01402
03883
02435
05913
03728
01683
00144
03886
03890
02705
05433
01555
05787
04439
02496
00718
03541
04325
04267
01373
00943
04165
04538
03369
05342
01321
04582
03772
00923
03133
00121
00605
02755
00864
04351
01844
04448
04554
04065
05081
05360
03037
03472
00899
01951
00372
03978
03666
01250
00310
01158
03922
01047
05215
03690
03971
04581
01293
03430
05082
01486
02866
01771
04530
02296
02430
02282
04767
00785
03657
01612
00824
02933
02402
04299
03808
05782
04263
01591
05880
03920
05376
03922
04856
02591
01912
02402
03684
05098
00168
04425
04726
01698
04171
00135
03965
00484
01727
01205
00742
00676
01513
01073
00779
01163
05679
04327
04669
01092
04607
01535
03038
00131
05257
04164
04920
04638
00732
01537
05494
00878
03473
01471
01236
01898
05512
01196
05683
05727
05912
01491
05692
01389
02325
02568
00337
05605
04950
00943
01334
04760
03357
05369
03017
05383
01376
03935
03261
01165
04214
01016
00933
03959
04630
00474
00125
02203
00724
02453
01732
04121
04241
01168
05932
02687
01174
01841
04427
04851
05570
00535
02251
01483
05033
00914
03653
00864
03888
02144
05283
06032
01970
00800
02207
00283
03398
05584
02340
02645
01352
05611
00711
01847
03218
03437
04753
01295
03123
01031
02765
04254
05319
01620
04277
03600
01022
00159
00145
00539
04103
05262
03110
05158
01485
00455
05186
00669
05577
02673
03869
01055
03115
03819
04034
04471
02239
00473
05756
04856
03589
00468
04835
06084
01337
00417
00691
02652
02448
03686
02226
04047
00996
05946
00327
05160
05703
04938
03727
05445
05547
02596
04897
02390
04750
06023
04919
01783
02745
05185
04675
05840
01639
00499
04980
01727
05044
02027
05641
00255
04205
02960
01640
04723
01011
04258
00181
00026
06007
04545
01974
00171
04964
05457
05711
01374
04520
02316
05559
02410
00562
01280
03317
02369
05070
05719
04146
04849
05544
02193
05091
00861
00586
00633
01251
02381
01812
02885
04532
00727
01305
03780
04779
02260
05128
03273
03035
01010
00310
02978
02126
03812
02619
02319
01498
03431
04385
02601
01395
05116
05053
02132
03498
04517
05297
01601
03611
04100
01142
02268
00637
01152
01991
00003
03045
04486
05031
01259
03566
04387
03972
03289
03211
05949
02441
01613
01975
04731
05621
00534
05487
02527
05871
00035
00029
01188
04114
00740
03207
02345
04923
00242
01398
00872
05094
04881
04302
06015
00517
04332
04426
02717
01325
03713
00839
06077
04402
00610
02479
00789
04626
03580
00960
04999
02286
03450
02589
01665
03408
05442
02224
05138
02490
03760
03297
03893
00108
00376
00256
01294
01314
00851
03013
00723
05697
01613
05415
00625
00696
01327
03826
01241
04959
05972
01384
02870
00250
03082
01856
02929
05228
06022
05566
03905
05103
05496
03874
04076
03909
01590
00907
04623
00386
00040
04251
04694
05269
04799
05800
04796
03133
01015
02069
01006
04676
03730
05281
01202
02351
01010
04500
02312
01997
05342
05861
05576
05886
03033
04015
01464
01304
02293
05653
02090
00813
05660
05390
05193
03973
01334
02489
02993
03255
05778
02822
03485
02334
02586
02585
01549
02261
00334
05045
04057
04524
02384
02625
02365
06047
01216
02674
05251
00114
02895
04360
00191
01075
03694
02628
01742
04972
06081
05532
02386
02548
00673
01344
00661
02393
02351
05796
04925
02420
00447
04709
01481
04216
01506
05305
02743
05250
05248
03859
03618
04039
00429
03857
01802
04328
05247
02716
03858
02310
02517
04927
05091
01462
02812
00016
03184
03224
02007
00532
03901
04600
02524
02470
00336
02162
00038
00326
00106
03371
03054
00788
05624
05521
03011
05116
05632
04380
05842
04523
00848
03592
03987
03360
04174
00567
03833
00755
06007
02820
05653
00027
05029
05405
02338
02571
05565
02918
01569
05724
05683
02990
05493
05871
04199
03163
00197
02797
00160
04808
06047
00855
05582
02882
04109
00051
02004
03229
04555
04310
00957
02372
03392
03830
00758
01256
05492
03420
00461
01966
01475
01331
03864
04980
05665
02971
05092
02511
03599
02571
05410
02570
03395
02086
02957
02919
03936
00378
00570
02979
03019
02789
01112
03132
01898
02473
05230
04391
02535
05986
05136
04973
04216
01446
05355
04827
05239
03420
04386
01757
00677
05924
05542
04759
02922
00723
02837
02824
01464
00963
04963
05928
01531
03478
05349
04206
05521
05292
06015
01287
00042
03564
05357
04113
03760
00010
04435
00344
02574
06027
04495
00470
00139
03578
05516
00728
02066
00495
00753
04612
02989
00559
01910
01298
00631
03187
05219
02767
04370
04430
04116
04417
05465
03270
00377
04506
01847
03355
00488
00123
05147
05939
03144
02370
05777
03486
02972
03915
00273
04673
00362
03492
02926
04722
00273
03596
05977
03039
05171
01314
04429
04668
03481
00683
00873
04480
03476
04665
01585
05633
02934
03732
03777
05088
05584
01500
05658
03419
01847
00257
04315
01821
04667
00027
00717
01340
03872
03234
03843
04282
05817
02097
00598
04722
03366
02347
01593
02899
05925
05694
02305
06044
05897
00936
04724
04402
00628
05136
05648
01151
02188
05971
03419
05323
01905
02186
04493
00120
03589
01015
01385
01853
03596
02476
00933
01632
01227
00723
03082
03446
00433
01968
00229
02295
04226
00625
02225
03698
02628
03484
05089
04148
01211
01399
04153
01884
02536
00445
04737
03292
05514
02917
05026
04698
05322
04920
05998
04594
04541
04080
00539
03845
01564
03608
02591
04531
03623
02520
02779
01631
05415
03585
04614
00607
01064
04735
01582
05671
03811
05986
04858
00594
02081
04155
05647
05068
04228
03516
05873
01727
01310
05747
00404
02301
03629
00769
01845
04128
05054
04670
02103
03333
02203
03901
01872
00139
00375
00453
01021
00060
05427
04008
00397
02250
03684
00693
02566
02004
04465
03425
02417
00316
03572
05935
03974
03305
05701
02448
02957
02602
01562
05593
01640
03709
02825
05640
04117
05318
01652
04583
03502
03348
01576
00601
02952
04714
01066
05255
00762
04296
04023
01611
03432
01721
00750
00351
01192
01805
04604
01840
04692
01496
01203
05607
02098
02814
01064
01381
04334
01006
02488
02980
02214
03745
05774
00025
03588
00504
03435
02329
01120
02243
04762
00501
02461
03994
01288
04245
03663
02101
00133
00970
00434
00535
01389
02782
06082
03000
03334
03497
04715
02648
05637
02031
00584
03102
03272
02325
02321
00125
01264
02247
00558
01229
05280
04271
00595
00146
05470
00531
05490
02878
04841
04569
03143
02491
01549
03364
00787
04583
01379
04099
03672
03416
00717
01182
01685
00052
00322
01497
04515
03501
01751
00681
03456
02759
05623
05370
04799
01106
05524
02659
01629
04791
05047
03078
01415
04976
00761
05455
04686
04640
03273
05300
05804
01638
01391
01623
00992
02588
04066
04012
04082
01812
01194
00627
03289
01543
00943
02470
01133
05514
02307
04948
04229
02484
02688
04204
03702
01998
03195
03257
05838
03462
02318
05392
04549
00293
05343
00856
02302
04487
01654
02131
00674
05106
05587
03865
03073
00203
02242
05586
05133
00294
00470
01917
03625
02202
05316
01736
04504
05992
02414
01185
03823
04993
01210
00450
06097
01402
00613
05128
03474
03317
04227
04165
00630
05722
00360
03887
05964
03439
00314
05547
01707
05682
04973
04900
00534
02492
05447
02078
05172
03367
03998
02794
04322
03594
01551
05886
01566
06009
01466
00283
02264
03676
04700
01243
03140
01085
01880
03214
01988
05390
05583
00780
04867
01565
05208
05628
04227
03546
02616
00232
05472
03715
02639
03470
01403
01355
05927
01941
04866
02986
05560
04541
02477
01018
03470
03224
00618
01087
03184
01672
01174
05271
00627
00622
00909
01996
00135
01165
04336
00988
05616
04369
04010
04252
00585
00624
03948
02618
03622
05882
05267
00005
05073
03441
00588
02530
02829
01957
03986
03343
04550
02970
01816
00965
05196
00584
02249
01855
01878
02411
00122
05247
04254
03715
02979
05221
01909
01567
01019
02435
05521
01014
00895
00641
04500
03313
00102
01172
05232
03689
02842
01835
02336
04428
05149
01717
02086
01211
06054
01534
01017
03298
03361
05714
00595
03355
03468
04560
02393
03149
04884
04060
01628
04621
04891
05355
03977
00452
00306
02017
01652
04073
05443
00029
01644
05006
04782
03545
02935
05010
05618
01368
04909
00658
01127
03217
00559
05388
02015
03899
00979
05637
05534
02987
04375
01858
01347
04347
04528
04786
03588
01744
00352
04880
04437
05538
02520
05641
04258
02068
05376
02074
01043
00919
04145
02238
05014
02501
04014
05150
05213
02963
03774
04495
05925
06064
02357
03334
05059
03424
03214
03651
03269
02125
00030
03795
01036
01798
03871
00411
00230
01566
01684
00850
04727
04561
02893
03044
05366
02873
04031
00910
02834
02259
00830
04199
02250
01921
02907
02180
03946
02116
01089
01387
02196
04140
00308
01533
03748
04992
02273
05806
05944
03540
03809
04951
03468
01439
01765
01651
05842
03781
05963
00284
01706
03321
05647
03820
05292
03100
03389
06025
05294
01749
04091
02106
02677
05562
02350
03375
03217
00389
02399
04524
00707
00641
04008
01521
03811
00544
04937
03172
05694
02429
00809
03575
05924
05023
00310
04700
00703
02856
02530
05044
04318
05396
00127
04236
05865
03574
04130
04489
00899
00541
00967
03642
01996
04985
03717
02391
03520
00490
01130
01193
01391
03298
04138
05160
02894
00522
01333
02042
05268
00641
04527
05765
04689
02065
02317
05321
00752
00872
01061
00162
04689
01172
03683
01237
05606
02577
02411
05333
03583
05259
05434
01247
03016
04435
03550
05338
05527
00757
03686
01662
04131
00200
02187
04014
04093
03744
01321
03369
02277
04585
05710
01162
05225
04038
00442
03291
05758
03071
05927
01960
01256
05160
01831
01926
02949
01748
02204
00606
05706
03682
05844
02372
02330
00092
04704
05293
04292
02632
02127
05377
05840
04280
05727
03874
04505
04590
00980
03974
05214
03470
03900
00284
05327
03748
04472
05306
05075
00597
04417
05711
05264
02243
04567
00456
06080
05637
01759
02614
01475
02598
03467
01927
00082
03789
01893
02154
00786
00838
01325
04000
01673
01419
03271
05484
01928
00809
01365
03331
03186
05711
05857
05366
03974
05205
03571
02475
05506
02780
05799
04822
04158
01314
00690
00808
05866
01624
02684
05821
04465
00580
01553
01511
03828
01699
03472
03132
03566
03005
04630
05713
04696
03149
05079
01771
04050
02176
04137
05275
03042
05227
03202
04048
00873
03892
01439
05344
05784
03866
04367
03248
04120
04080
00100
05798
05382
05259
03251
01254
05991
02773
04495
01073
03547
02963
01368
00929
05213
05508
03511
02625
03627
05560
04973
05877
04208
02487
00706
06015
00509
00878
00863
00754
03200
03404
02767
02172
00944
00579
04107
04719
03893
00169
02425
05357
04511
00690
01732
00272
01031
05912
02695
01749
01750
05719
00215
01685
04987
02640
05291
02166
01408
03944
00459
03048
03817
06018
02189
00699
02577
04653
02653
02726
05945
02069
05930
00798
05839
05641
01978
03485
05456
04958
03732
05491
03514
00246
06089
03683
02802
00307
05474
03479
03634
00009
02136
03361
00183
04883
02502
02530
00633
05691
00924
01432
04956
03348
01868
01793
05863
03276
04419
00044
04376
00908
04166
01327
02836
02327
05299
03851
04621
02624
05199
03567
05246
02908
00118
00042
01510
03319
05306
01273
01477
04212
05645
05656
05320
00315
04270
02180
01496
02676
00499
02476
04506
02670
02365
04466
01811
04277
04453
01662
02171
05427
05591
00439
00732
04417
05961
04538
00493
01606
01189
02631
03408
04664
02708
06075
02554
01350
01348
03688
01517
02847
05281
05617
01148
00122
03061
04078
00491
02169
01318
04496
05838
05367
01233
04333
02245
03496
01284
05682
01770
01767
01855
05894
00667
04796
02980
03932
04846
05777
04507
02030
01279
01427
05042
03592
03661
05230
03254
00228
03337
03721
05838
02304
02424
02337
02981
03979
04740
05486
05636
01621
05103
01535
04597
00617
04933
02626
02330
01581
00607
04320
05657
05356
02681
04576
05498
05045
01156
03835
02725
04941
04260
02715
00559
03407
03002
05981
03379
02563
00194
04958
01788
03308
05830
00390
03469
01408
00382
01209
03806
00070
01603
02706
06048
04276
04727
03000
02300
02391
04182
02601
04073
02799
00545
03783
00551
04892
02405
05075
05211
02987
02802
05628
03633
01918
