00727
00932
03434
01785
01592
02508
02118
02631
04739
03977
01930
03598
05043
01028
05867
02508
02825
01050
02548
04078
03551
00815
04552
04754
03156
05280
02526
05786
03604
04162
00087
05381
00101
03656
04058
03592
03620
00735
03854
00705
05161
05897
05721
02228
06193
02451
05860
01137
01654
04584
06490
04710
02918
02539
01404
00701
05978
03212
02507
05524
03330
06444
03182
02415
04046
01720
03335
04002
01147
03869
01023
02759
05863
03181
03898
00441
00615
05101
04501
00068
05484
02191
00660
05074
04674
01479
05040
05576
00961
01175
03145
03782
05506
03940
03546
00932
06069
01639
06362
00898
03165
04917
04791
05746
06065
02527
04970
05866
05190
01671
05813
03252
06350
04220
00669
01531
04555
05984
01097
00421
03658
03249
00608
04238
00420
05268
06384
01821
00418
03167
00527
03328
05842
01351
05990
06262
01094
01666
00369
02393
01108
03440
02593
04507
02756
01907
04906
03303
01537
03373
04378
04997
01568
05313
03440
06378
04724
02639
05682
04353
04655
05022
00233
06356
03098
00316
00762
00939
00218
04093
00095
00896
00747
00472
06032
03011
05699
00196
02499
00664
05136
04134
02663
04907
05032
05669
02709
01184
01730
06131
04006
02717
04066
06378
05506
00766
04009
05035
05049
04808
01814
01662
02787
04002
06121
04456
02802
04376
03763
03574
00628
05197
05504
01804
05880
00204
04925
01955
00922
03871
00314
00280
04163
06013
00859
06381
02224
01723
06071
01557
05586
00262
01582
02751
01978
02883
00288
02920
03799
03071
05847
02067
04565
03206
02890
04855
02038
03612
03872
03856
01868
02448
05360
00670
03610
05941
05367
03340
05572
03705
02608
01417
03098
03448
01673
01677
00236
02471
01879
01962
03460
03080
02671
03186
03413
05239
02504
05081
02280
04894
04965
00233
01371
05741
02124
04214
00337
05008
00081
05575
01469
04458
01909
06011
06299
02096
04108
00160
04877
00059
01157
03752
00808
01715
03321
02926
02169
04221
06347
06277
05703
04415
01851
05112
00063
05275
02306
04368
02187
05431
02978
04246
04033
02677
03840
04128
05003
03644
05082
06437
04921
01417
01472
06242
02595
06459
02246
04689
03593
03050
00347
05012
05181
01807
01070
04146
02127
03491
02654
04662
04733
02645
02306
04645
05794
03598
04414
00391
01273
01580
02196
03225
01763
03303
03299
01351
04321
05872
06388
01297
06493
04736
02141
02468
01388
02477
02223
03335
02912
06496
02665
05527
06376
03235
01028
00612
04969
04177
03352
04069
05386
02049
00609
03843
05500
05036
05313
01203
00791
04712
04419
06219
00616
05718
00187
01500
04483
01986
02569
02898
00218
05810
03053
05680
06341
06489
04900
00266
00226
06319
01240
03273
04693
05071
02858
04374
01764
05296
02628
02407
05752
02721
03939
01759
05271
04372
04859
04217
03071
01242
02370
01937
00285
03309
05491
05411
03447
01298
00611
02661
02056
01250
06175
06155
01290
00513
00858
03190
04451
05275
05315
03718
02276
01252
06218
01449
02478
01002
01919
05850
02071
01528
05415
02979
01977
00437
02855
05576
00555
02724
02977
01711
01241
02744
01426
05068
03089
06437
01626
00362
02276
04822
06002
04657
04260
02924
05363
04689
02277
01308
06292
00820
01855
03057
05338
05055
04257
05287
02590
04589
00688
06400
01221
00178
00063
05984
05759
05128
01787
03892
03833
05944
06168
04939
02200
00951
05775
03394
04312
05163
00604
05490
01295
02650
04059
02185
00907
06447
00954
04593
05490
01533
06218
04725
01607
01536
06491
01778
03796
01761
03051
00541
02208
04082
04783
04596
01503
05784
01245
00198
04557
05243
04970
02793
04174
00688
06083
06467
05561
05673
04688
02341
04585
01153
05173
06009
02305
02158
00089
01566
00875
01825
05233
03074
06494
01394
00709
01276
02862
00929
01362
00851
02963
06168
04064
06276
05411
04103
03456
04824
05993
03710
02807
03782
04453
03519
04181
01692
04804
05568
00632
03384
03210
00224
02378
02104
01164
05190
06146
03395
04293
00773
03475
04490
06481
03568
04506
02675
05065
06462
04901
00396
02686
06418
05562
06288
03439
02091
03019
04748
05019
06450
01237
00457
04235
02709
05936
01062
02854
05999
02273
03553
02256
05289
03235
03543
00696
06198
02432
02286
02847
03126
03939
03710
05373
00230
04830
05135
00840
01531
03442
04307
02079
01308
02877
06152
06100
04812
03021
05565
02683
06293
02391
00058
01867
03488
04254
01869
03836
05429
03361
00697
02039
00054
02189
04671
04505
02159
02979
05492
06002
02978
02531
05778
02427
04618
01793
02620
03168
00718
02941
01529
02392
00212
04656
00083
03174
06227
02057
01561
02484
02402
01618
01544
00923
04614
00891
04342
00975
03764
06225
03837
05439
00621
00169
01480
05193
01260
05532
00043
05842
02210
04658
05565
04248
05996
06328
04794
05433
05348
01819
02971
02001
03481
00219
00504
04569
05175
03853
05384
02110
05680
06228
00920
01406
05526
04683
03382
04965
01961
06400
02020
06260
05672
03778
02722
04439
05208
04466
04713
00428
05066
02588
05250
06086
03170
02016
01067
04628
04864
02243
03765
03771
02015
01603
04312
02642
04725
05808
00484
00572
04487
01751
05492
01209
04257
03009
03948
04570
06170
00307
05155
01348
02438
02940
02563
00571
02925
00365
05203
03536
02502
03978
00925
01110
04600
03099
05297
02729
06045
06281
02377
04317
01260
02231
02381
05009
01401
04965
03250
00013
06385
00455
02084
00927
01738
05616
00310
06098
03798
00845
03299
00232
05608
02693
05471
06246
00229
01984
04507
04214
01958
04496
00934
00053
03882
00428
03417
00675
03210
01936
02601
05843
01824
01626
02368
04110
05210
03943
05578
05644
02457
06097
02047
05318
01639
00405
01384
06199
02968
02730
00834
06280
03569
01988
03226
05056
01007
02876
05154
06489
02463
05837
04757
01133
06356
05356
02888
02997
01973
00409
01848
01432
05890
00525
00240
05397
02869
01624
05883
01830
01779
03276
05703
02469
00121
02286
04687
00125
05248
00333
06494
02846
05801
01036
03637
01846
04938
05852
03638
01624
04155
00482
03240
01267
01392
06005
00580
05597
04697
01348
04709
01351
01264
03204
01116
03676
01646
05992
02923
06396
00289
04044
00252
02478
04454
03018
06326
00071
05984
02627
01152
01196
01245
02211
00049
04892
03741
00960
04501
03074
04564
03649
05050
06437
05796
03688
02991
00333
03873
03080
01850
03082
00430
05329
04465
00437
03766
06118
05168
01968
04767
00549
00949
05927
02594
04627
04624
02993
00443
06000
00086
06212
03196
04249
01622
04264
06463
05457
03951
04499
05089
01713
00573
02311
06439
04388
03099
00503
05963
04580
02946
06143
04399
04138
03177
05582
01402
04743
06105
04810
01472
00419
01907
00379
06033
05650
03192
01533
05609
01142
00592
01228
06359
05540
05060
00654
00388
04680
01907
01968
00432
05408
05049
02099
03060
03190
05948
05918
03466
02981
03371
05616
05926
00061
00764
06195
04358
05975
04109
00084
05866
05261
04838
05819
00638
05404
05107
03256
00593
00503
02778
01084
00790
04039
01681
00098
01150
03328
04642
01373
02738
04999
00819
01614
04938
05696
04337
03116
04075
00240
03920
02796
01666
05164
03306
05016
06355
00137
05261
00684
05389
00303
00283
00331
04331
01824
01537
00516
05220
00441
01112
05413
00852
02680
01104
01293
00304
06154
05298
00102
05585
04734
00610
03970
00892
00304
06034
02151
00833
00567
04147
03459
02866
00952
04614
02461
05431
03931
01606
03062
06312
03953
04924
02984
02730
00929
04252
03585
01484
04729
01984
02825
01399
01500
04611
06101
01590
02117
06172
03412
03476
02791
05657
05876
03318
04280
02883
01306
01500
01833
03855
05508
01904
02664
02268
01552
00236
06081
03728
01069
00018
04147
02414
05757
02229
00214
04986
02286
03326
04590
02399
02763
04205
05792
01930
02324
01182
05333
02050
02862
06121
03801
01862
00721
00698
00241
01415
00359
05353
04872
04499
05245
02882
03728
05484
00390
00832
05849
06448
05816
00282
05116
03783
04192
03947
00898
03815
02450
01283
01460
01752
02194
01415
05159
00677
02837
03416
03669
05529
04323
00589
03154
04875
05851
02964
05846
01914
03133
02048
02320
01637
06404
03140
06456
02488
01667
05679
02345
02151
01951
06387
05621
05239
00352
04200
02635
00764
05438
04791
01404
06127
05542
01933
05800
06217
02296
02647
02063
04348
01856
04243
02499
03176
02858
05001
02687
01063
02900
03779
02234
04499
06174
01507
03832
06349
01821
04432
05674
03512
02677
04072
03690
05287
00350
01980
04981
05264
04874
02441
03652
04266
04656
04696
01078
00626
00717
04061
02792
02374
04987
04530
02332
00727
00252
02191
02616
00265
05829
03778
05383
05477
02848
00949
04970
02631
01922
00283
01285
05874
04773
05676
01773
05513
02709
04484
06170
05115
01861
04736
06405
02775
00209
05274
02771
00802
02585
00763
04999
03499
02241
06434
04166
00575
02211
02623
00018
02581
00037
05517
02672
04940
00948
00605
03862
02819
03508
04157
00405
03294
03911
03426
04184
05117
04536
06019
04556
00798
06352
02554
01763
00147
05499
04768
03620
04153
00661
01989
04064
01339
00237
01998
00359
04857
00324
04069
00330
02502
04171
04134
04810
03532
00063
00167
03139
04460
01265
01817
05998
04188
00489
00382
05641
00046
06060
03653
05020
06344
04947
05297
05093
01956
00385
05039
05097
00195
02092
01298
02290
01801
01363
01712
00690
06353
03660
02071
05102
03352
00300
04969
00613
04515
05433
04570
01972
05686
01489
03237
03834
03223
04184
02334
02024
03916
03740
02651
01214
03235
00173
04497
03070
01948
01709
03214
06283
06040
04294
05857
02995
00469
02174
01211
02761
04505
06328
05365
00793
01957
03520
04143
05250
00787
01181
02344
03023
03264
04512
01683
05275
00832
04219
04966
00366
01971
00571
02189
06232
01618
00014
02711
06276
04939
05549
00078
03227
04335
03057
03257
01509
00902
03903
04259
02565
02476
03690
01418
03104
00382
04084
03210
00887
04095
05980
05001
01334
06079
02947
03308
05265
05199
00688
01247
06202
02543
02666
02346
04562
03612
04537
00920
05006
04657
02000
01066
05806
04625
06486
01949
00496
00140
01688
01748
04778
04676
01279
01169
02521
02038
03607
05163
01003
06430
00883
03251
03413
02228
05938
03167
03906
06313
02683
00679
03396
06498
05469
02439
04625
01468
02265
03894
02059
00813
02712
03426
01224
03742
03482
03828
03424
04470
04153
00155
02313
04476
01904
00761
05881
03298
03963
05854
02276
03662
01788
03246
03533
00417
02364
02050
04834
03262
03516
00611
05716
02041
04084
04291
00598
05398
04029
02828
01403
00246
04927
02183
03207
03913
02694
01338
00134
00637
00699
01175
02271
04834
01571
01565
00183
06071
03803
02244
00506
04162
05466
05685
03133
04804
00552
00560
02007
00896
01173
03223
02018
04302
03935
04340
05525
00824
00898
01882
02043
02941
04860
06057
00419
02698
05085
05844
05763
06050
06053
02805
00864
04170
06157
05672
02956
03134
03740
01908
03371
06351
03058
00051
04204
05206
05064
01441
02364
02978
03083
01017
00277
01226
03016
04080
06272
00378
05017
05191
04357
01860
06289
04051
03777
00982
02030
01660
00214
00348
00900
06499
03979
02824
04127
00366
04798
02935
05385
06262
03143
06426
04178
03587
04040
05585
03821
05841
02843
02113
04568
01382
04553
01088
00193
05088
03931
06016
01003
02777
04611
04012
02476
02466
03126
05979
04760
04466
02584
05959
01484
05172
03806
04890
05310
00032
02307
06217
03537
02659
02699
06424
01133
04584
01602
01078
05224
04008
02164
00426
03256
00603
02642
01232
03992
04568
06200
05607
03591
05800
00894
04192
04768
01058
03886
06247
00212
00892
03944
02730
01242
01138
04436
05831
03285
02419
05917
03243
04665
00414
02695
03057
01444
00177
04612
03667
00384
01602
06033
00269
05749
00112
03232
05889
00421
06061
01178
04464
05900
04618
06241
03844
00982
01795
00627
03841
04020
00177
03630
03077
05758
01198
03073
06232
03896
05265
05949
03981
03692
05303
02254
04501
03796
00902
02893
02966
02430
01988
02078
02843
05989
02960
00115
05011
03812
05869
00531
04679
02933
01860
03637
00410
05558
02637
06449
01384
03763
01713
02885
05266
00733
02832
05666
00342
04468
01746
02018
05459
01553
01352
02402
05049
03287
02836
05133
02775
00423
03261
04840
04021
01552
03890
02410
00316
05925
04330
02547
03821
01714
05571
05640
04135
02557
02956
05869
04433
02772
06019
04491
02472
00261
01327
01403
02197
01951
03271
04053
02600
04357
00354
03630
02546
03394
02444
05384
05009
04479
02074
05387
04162
03840
05945
02617
00658
02669
02723
06443
02726
03201
00223
00568
00046
01718
05836
05768
03141
02045
02426
00129
03015
04569
01001
00458
04239
03435
01106
05784
02244
01516
05428
04462
00196
06142
02528
03345
04217
02993
03630
00005
04024
05827
01228
05944
00475
00592
05544
03761
02302
04904
01315
02550
04427
02123
05320
05051
03040
03750
02228
01150
02553
04355
04288
00610
05438
04283
05456
03836
05731
01246
00276
04306
00120
03124
05516
00257
01349
02007
06493
01514
03059
01684
02519
03976
05940
03275
03882
00793
00412
06219
01230
02413
01497
05410
06343
02814
04854
04220
02425
04690
01080
04446
00313
01151
00574
04739
03889
05189
03627
02015
06255
00200
04670
03250
05578
05163
02158
01144
00104
06268
00856
04751
03604
00735
05682
01868
03364
04367
03650
03508
04515
02323
02980
03854
03882
00726
04645
02102
05420
04141
06309
03356
05045
00242
01868
00578
04524
05046
06321
00244
03361
03689
03891
04626
04542
02274
02658
02745
04476
01883
04362
00780
05954
04326
02012
00083
04598
02881
01702
05217
01430
06060
01015
04462
01427
02337
03236
02927
06156
05390
02598
00962
05426
01031
04522
04303
02343
01871
03036
00870
06074
00821
02924
05140
00498
04304
02546
02631
04622
01927
05632
03041
00453
02836
01934
05525
02174
06231
06339
01974
03660
04971
00095
01570
05001
00055
05137
00443
03021
01274
06320
01769
00758
04697
04685
00951
00138
01657
03292
06156
05777
00833
05956
05766
01930
04555
01568
01457
04365
01130
00105
02634
06035
06361
01086
02448
03209
05087
03388
00909
05406
04626
04522
01899
02233
02528
04796
04821
04484
02932
02012
06160
03696
00054
03606
02923
00585
00826
03447
01046
02700
03266
04549
05888
02112
05099
00098
02460
06223
04637
01894
01818
03435
01281
01130
04924
04550
05576
01551
05831
00430
01811
04680
00513
02886
00938
06334
05316
00377
01908
03390
00464
00236
03165
03868
00423
04404
01207
00571
05362
04090
05472
04336
01830
02753
01945
00921
03576
00230
00472
01395
03181
02189
01768
04860
06349
02951
01973
06083
04738
03908
05259
02885
01196
04037
00425
00054
02464
04148
00251
05825
02750
01499
01825
04777
01279
03138
04951
02121
00235
04892
01013
04248
00506
05258
05688
00002
03634
05736
06368
01766
03217
03577
01589
01580
03112
02177
02101
05378
01107
06178
03608
00296
01504
05913
04210
01711
00204
02383
01543
00364
01534
05520
03329
00629
02727
02851
04579
03995
00719
00140
04918
05338
02936
06047
03839
06272
06209
03627
05253
00069
03819
03595
03849
01937
05661
04608
04690
02091
03963
01124
04896
02137
03567
04335
05947
02407
04655
05965
00848
04956
05115
02284
04651
04204
05244
03227
01905
00155
06363
00996
06186
01095
04984
05631
01196
00883
02483
03061
01074
03948
01736
06361
00511
02580
05743
00572
04715
05397
00339
01128
03389
05736
06396
06419
06111
01828
02184
03202
01391
00743
00375
01374
02911
02527
01983
00730
03651
01785
03723
02179
04371
02128
02048
04061
06132
03337
02886
03520
05821
06384
03686
01460
04552
03822
05381
04169
02383
04934
04413
04418
01764
02635
04531
04712
05476
02330
05816
02740
02683
03097
02005
00519
04458
03824
03439
05234
01039
00585
00125
02982
02626
00104
05933
00960
03714
03901
04081
02927
02790
05689
01842
03180
03277
06342
04480
03519
03109
00172
03038
01132
00848
04650
05826
03564
00854
02215
00720
05823
03868
05986
04738
05422
01129
00721
05523
03942
01006
02950
06194
01428
02928
02145
00316
02916
00106
04787
00511
05474
03579
00420
01317
03408
04569
06113
00064
04046
04080
02818
01787
00551
01598
05306
03087
01557
02771
01694
02129
00557
05786
02822
06311
00225
04098
05220
00106
00822
06143
01879
00378
01982
05961
06291
00302
06251
00584
05796
05908
04442
05303
05341
02017
02928
04330
00004
06146
02867
02698
00436
02618
06432
02288
01190
00696
03153
03751
04612
05609
04894
03304
02447
03563
03830
00143
00997
03829
02960
04819
02045
05199
00099
04915
02483
00402
02176
03228
01452
02125
03702
02572
05542
04183
02257
00205
01524
03709
06232
03487
05118
00249
05596
01804
06284
01960
01322
01774
04545
00369
06080
02623
00827
04479
05190
06180
05117
01881
01068
02232
03466
06298
06484
01153
01573
00452
05710
06061
00154
03238
01619
02382
06289
00025
02599
04748
00829
00595
05207
00833
02484
04319
00360
04983
03793
02469
01590
01514
01187
00971
05000
04957
04310
00371
00417
03291
06261
06352
06308
00191
05999
01723
00193
03289
01134
02733
05013
06016
02202
01490
02296
00928
04262
06358
02554
04541
03862
00394
04047
03114
02749
00327
01616
02569
03777
02182
03960
04136
00117
01331
05279
01581
06179
02040
02235
01895
02665
03478
04792
02984
03183
00395
05530
00787
04046
03523
04119
00147
02203
04784
04074
00587
02046
04754
01528
02614
04237
00277
02969
04739
02414
02478
06111
03117
02655
04237
01700
01736
01077
00744
03586
04191
03376
05813
06400
01495
00349
05273
03191
05070
00885
02289
02162
04526
04650
02055
01972
05557
04956
05151
03277
05448
01360
00069
00280
01184
03201
04962
03584
00933
04687
02462
02353
05027
00913
01999
04262
04663
05202
02941
05898
04134
02021
00399
05188
04730
06103
03183
04412
00809
02985
01099
03015
02780
01406
02239
00502
05525
02787
04503
00776
03561
03055
03160
02826
01286
04563
01859
05601
05143
02267
02286
03219
05671
00725
06388
01639
00722
03355
02914
06451
06016
04228
01767
00064
01778
04049
05140
02869
01762
03155
01576
06255
04712
01492
02679
05541
01264
06120
04156
05940
03936
05657
05745
06236
05980
02143
04571
02771
03477
01086
05042
04767
01688
01422
03682
03742
01926
06317
05258
04284
00101
03979
05465
00578
00838
06391
00523
02822
02951
06334
02274
01504
03285
02059
02566
05552
03790
03690
00463
06349
04112
01454
03830
01606
05278
05189
00604
02980
03773
04878
04798
03417
00983
01622
02114
06208
01728
01952
05151
06021
01601
04352
04552
00412
05062
03943
05488
02774
05853
04602
00230
00313
05473
02356
00096
05422
06178
01719
01784
03076
02753
02263
00118
02338
01400
06309
03219
02393
02117
06454
01332
01414
02043
02370
01504
01905
02395
05594
04291
05820
04521
00872
00467
04065
05067
03215
06044
04493
06339
03162
05764
00738
03708
02452
05462
02717
05240
03846
03772
05222
01081
04226
01989
04057
03533
06305
05717
02377
03845
00812
01000
00068
02405
06170
00369
02155
00587
00393
00887
02316
01766
05156
02135
03678
06378
00110
05121
02068
03494
01383
06366
05779
01880
01340
02223
00649
01691
01347
03547
04539
01395
02236
02251
02287
01183
02254
04110
03335
02051
05075
05865
01259
05296
01952
03561
03405
05069
02757
04636
02744
00043
04758
05279
02646
03007
05783
00269
04656
00673
04158
00922
04008
05477
01462
06223
00725
05629
04431
05929
03676
03457
03365
06045
03778
02430
00338
02434
04947
00251
03665
02599
04741
02139
01201
01588
05585
02205
04580
04464
02376
05386
05441
04362
01758
04940
03556
00680
02006
05487
03193
06378
06198
05272
04466
06484
02237
03727
00819
05898
05214
03539
05913
02997
04743
04446
00379
01466
05520
02731
06442
06428
00239
05091
03452
02499
01165
01843
06260
03020
01250
01771
02060
02209
04350
02289
02495
03405
06396
05530
01617
03285
05541
05850
02354
00162
03670
06039
00872
04535
04106
00751
01447
02640
05931
05932
03947
03053
06196
01126
04219
02240
05701
06375
00496
04134
06387
00191
05576
01352
02966
03050
06350
00883
04725
04575
03496
00371
02926
01464
01961
00772
01147
00967
03757
01068
04161
02872
05746
05328
03543
02269
06136
02702
00411
05517
05425
04192
02809
04018
02604
02547
04857
04116
05781
02764
01532
03054
03090
06287
05911
02135
03908
06222
02592
02334
00336
00173
04701
04453
04757
01496
05727
00457
02184
00382
05156
05687
01488
02197
04605
02826
04464
05823
02556
00336
01578
02388
04366
00811
01381
00355
01064
05821
02859
06495
01340
00953
04821
02330
06411
00189
03117
05069
03363
03361
02223
06299
05147
04429
05784
04524
00495
06188
01447
01835
01962
02005
00913
05435
02929
01566
03133
00239
02823
04245
04765
03441
02020
04003
06304
00301
01695
06165
00361
02843
03107
04781
02804
05038
01570
02025
04653
02037
00573
00851
04238
05757
05972
06376
01062
01633
01680
00348
04389
00118
03922
01845
04706
06002
06223
06272
03149
03967
04197
03213
05344
04882
01432
06425
04192
05959
04819
03661
03555
05508
06126
00183
04989
00481
05139
01706
04646
04891
05500
04600
02126
05477
00559
06331
03406
05932
04025
00432
04515
00454
03168
04616
01584
01087
04410
03674
04259
04128
03919
05958
00578
01022
06019
00776
03108
01168
05045
02181
01479
05367
00227
03855
02395
02487
04932
01148
02809
01066
03947
04560
04451
05886
00874
02775
00289
00188
02827
05835
05361
04060
02143
03220
06102
03817
00030
05835
01862
03613
02963
06165
00547
05442
06305
01991
00637
02052
04574
04812
01815
04727
00956
03123
02360
02410
04629
03782
03273
05886
01130
02848
01329
05165
00193
00799
03628
02878
04546
02519
00120
00681
04465
03528
05845
04680
05713
03266
04060
02838
01985
04882
06149
01957
06320
02713
05779
00663
02415
04661
01550
01301
00372
00926
02147
03219
02706
05946
02278
00053
02644
03480
05609
02812
02963
04432
00753
04986
03807
03096
06020
01658
05609
02855
02646
03035
03780
00618
00880
03756
05586
05224
01466
03846
00559
03324
06245
03583
03518
04294
01210
02974
02007
02707
03686
01797
01168
04122
03019
00514
02116
04715
03116
03450
02990
00652
06194
01548
03348
06359
02134
01150
01695
05478
03963
03575
03142
05478
05913
02337
04636
05511
04083
05897
00812
00743
04787
05556
00018
02966
04772
03369
03991
02285
01365
05826
02876
00522
04757
01166
01907
00787
06003
04456
02375
00617
04232
05777
05606
00253
03399
03228
01630
02417
02013
04307
05546
05976
05815
02554
02220
06027
00698
04648
03384
00257
03306
00074
01042
00500
06331
04176
03089
03390
02336
00015
01308
05739
04937
05153
00770
03403
06184
04480
02739
06424
05272
03290
03609
05210
04864
01123
06025
03827
00699
05081
01924
03076
06300
05912
00750
01321
06076
01746
03118
06309
02900
01902
00638
06028
04338
00505
02603
01414
04316
03858
02030
02287
05765
02455
03442
03898
01347
00998
06458
05404
00058
01826
01298
00864
00611
03751
06306
03684
02713
02676
02115
00963
02809
02878
02059
00998
01884
00195
03328
00790
06227
02850
03189
02591
05807
04547
05376
05747
02051
03375
02380
06423
03643
01941
03811
02779
05975
05325
03692
05934
03373
02109
04776
04632
03292
05598
04574
01479
05353
05693
01893
04921
03332
03107
05810
03340
02385
03840
02980
05453
00862
05848
03209
01804
05014
03072
03838
02644
01363
06266
02658
05095
06195
05627
04252
01556
00516
02471
00759
02408
04767
04753
05307
00765
00240
00042
00698
06114
05225
02128
04161
01401
03436
04634
01818
02910
03967
00817
04343
04624
01767
02275
05465
05454
01937
06337
02223
01636
05830
01981
03085
05837
01789
00529
00613
05037
04947
05754
03097
02464
01218
04501
02171
01338
03443
00548
05603
06342
04987
03602
04167
01954
00237
01648
01333
03857
05970
05603
03057
02595
02830
04303
06354
05442
05915
05467
01772
01922
04048
00836
03924
04060
02068
00465
05371
00576
04381
05771
02520
04968
00836
00789
02558
04026
06247
03240
05178
05970
00091
03033
05811
05413
02135
03889
00964
03054
02285
00934
04771
04002
05180
01323
05060
06456
01916
04790
03893
03851
04707
01058
06077
05172
01392
02648
05678
04180
02602
03287
05064
05574
04182
00235
04781
02091
06346
01141
02928
00359
05892
02673
04014
00151
03383
06432
01916
05136
01892
01814
04155
00876
04436
06183
04126
05082
01486
00394
02918
00385
05169
02126
00087
03288
02429
02385
04134
01108
04447
05304
03407
01795
01614
00362
05330
02585
01692
02274
03915
06274
05142
02771
04839
01142
06297
05930
03498
03069
03730
03954
02355
02144
06073
04657
00291
01342
01975
02399
05334
03772
05761
03556
03223
03014
01189
00368
00790
01042
05692
05618
01561
00052
02697
03315
04969
00305
02602
00392
04423
05583
01797
01758
02903
03829
00850
06411
05848
01998
04004
05806
00870
05223
06485
01901
00073
04234
04208
01782
04523
00524
06018
02424
02661
03471
03281
04032
04784
01954
04090
01128
06451
04785
06345
01481
05437
00796
05003
05865
00269
03489
03896
03108
03161
05514
00327
04326
04805
01301
00015
02194
03540
06446
01099
02479
00181
05251
01322
02648
02984
00824
05126
00199
00724
05606
06036
04523
02862
03130
00489
04946
03496
06107
05859
06278
00455
03732
03630
00704
03890
04273
00374
04323
00074
05613
02015
01811
05971
01680
03168
01114
01058
05159
01253
04021
02188
05665
06300
04260
03961
05706
00952
05251
01867
02152
02953
04108
03185
03497
03699
01502
05562
03815
01217
03029
05356
01847
02186
00737
04469
02802
04552
03234
02685
03631
03549
02369
02488
00573
01255
01856
06275
05940
05275
05455
06191
03983
04071
05118
04290
06057
04809
03261
04216
03454
03149
01756
00110
02610
02623
03149
00193
03456
05421
01847
05281
04533
00036
00931
01180
06467
03204
03590
05395
05173
01647
02859
05588
02633
00308
05157
02059
04349
00662
06044
05051
03549
03248
02200
01172
02401
03327
05790
03416
03955
02038
04619
00247
05900
01658
01988
01172
05855
04655
05232
01985
05068
00328
03314
04558
03522
04311
03555
01287
00416
04244
03288
04685
00411
01448
00673
03824
00353
02781
03864
04358
05351
06045
03257
05022
02148
01501
04456
01860
05605
03113
02109
00410
02593
02541
04709
00657
01178
03002
03793
03491
06239
06059
02160
00164
06065
05504
03191
06211
00981
01298
02225
01863
02359
02433
02133
03107
03529
03618
02094
04620
03932
06472
01149
05733
05389
02627
01188
03197
03764
01473
02904
00810
02920
00824
05261
05289
04495
06336
03702
05671
06197
05314
01966
01123
04173
02095
00075
04257
05028
00232
04339
00383
05197
05030
00160
02547
04102
00390
01241
02254
05078
02370
02438
01204
06137
03639
02059
00448
00016
01372
01186
01103
00241
02384
00381
02198
02203
04673
02967
04221
01852
00305
02650
00755
04144
02054
06114
04359
06058
05781
00871
04072
00478
03646
02325
00786
06093
00072
03533
04145
02806
03853
03951
02336
06486
03429
04022
01099
02790
01397
03169
02242
03126
00654
04964
06398
01689
05136
00504
00289
02505
01133
00524
03126
02937
00050
01991
04999
00089
05310
01427
03304
02551
00045
01301
00045
05843
06269
04436
01192
00342
03897
02097
01956
02472
01295
04644
05278
05764
02016
05480
05474
05637
03593
02456
03030
01654
04277
03878
03435
02300
01338
05802
00061
05352
00310
06252
06367
05692
01076
00144
02711
02418
00587
06123
05704
05948
05559
01907
05689
03912
01166
00843
01629
00352
01298
01817
04002
03307
00367
01456
01295
03150
00715
05250
01184
04801
00391
05804
00156
02934
03709
02750
03878
01768
02058
01283
00677
04533
02691
02004
02940
04126
00311
02925
04731
02181
00784
03000
06016
05474
06464
04103
01243
04731
02699
00206
03073
00697
02092
01781
02111
05243
03560
05440
02907
05490
06222
00101
06095
05248
02194
02844
02268
06490
00205
01470
02707
01345
05967
06343
03230
04608
06116
04865
05497
04480
00555
02463
05851
03318
00089
00172
03810
04953
05599
01921
05095
00117
03756
05481
04311
03588
01881
02258
01419
00176
00298
02502
02669
03894
01142
01214
01229
05069
01940
00696
02768
03568
05370
05760
00280
01446
02126
02627
03233
02692
01844
00879
00894
06320
04022
05103
01849
00289
00524
05743
01490
01079
00001
00710
02790
01882
00738
04200
00865
01608
01526
03023
03381
00607
02746
03798
02610
01125
06236
01075
02108
03794
05879
01202
02396
05813
02486
00555
04908
01003
01431
05775
00208
06273
01342
06444
05457
03544
01030
03606
00346
04514
06104
01969
04646
05493
00092
03384
03115
00213
04214
04381
03768
05977
05074
01063
03973
00154
03715
02597
04564
06358
05993
03837
01119
04688
04229
06145
05111
02289
01224
02339
04228
02463
02313
05456
06375
02195
02915
04411
04149
01149
01247
05727
03393
00724
05075
01546
05233
02196
00837
00070
00581
04431
04678
02709
01286
02116
01151
00790
06323
03736
03197
03496
01911
03123
00917
00055
00818
02512
04348
02262
05705
05696
05265
06086
04761
00400
00498
02570
06244
04063
06012
05452
05680
05601
02200
02488
04676
02999
06078
02445
04854
01301
03896
05300
02426
04318
03872
01042
04974
02632
03775
01254
01183
04327
06436
05079
02098
04316
01465
01783
01369
05842
00320
02528
05193
05709
01753
00662
03011
01971
06104
00316
01562
02704
02163
05036
04935
01999
01463
04724
04260
05308
06188
03690
02559
03502
03070
00452
05960
03524
01290
05251
06466
05203
00314
03891
01842
04614
05250
01102
05677
01110
00596
01245
01370
04354
04051
00631
01477
03520
05660
03279
03550
01383
00610
02175
04273
03368
05348
01751
02382
03212
05209
05387
04745
01572
02392
02731
00322
02444
01882
04393
02020
02470
00122
01338
04795
00414
06167
03846
00559
04267
04369
03938
05832
05885
04377
06020
03160
05562
01595
05826
03516
04529
01575
05097
04648
00242
04824
05213
02858
05099
01250
02498
04546
03583
01746
04761
04696
06044
00924
00389
03058
02101
02597
01481
04628
04730
01359
03318
03902
05245
03114
02759
04859
01417
04492
03345
04029
05684
00553
03950
03768
01591
02842
00266
05656
04659
04704
01612
00262
05473
04010
04211
05474
01801
03344
01228
00889
03435
06474
05869
05126
03474
05429
03436
02802
05123
04440
05462
02673
06348
04115
05408
04072
03289
03577
06200
02938
05716
03081
03349
04535
01351
04944
02176
05516
05316
04586
02483
05036
04623
02691
05048
00915
05768
03400
03951
06498
03092
00118
03337
02340
03904
03154
03609
01705
03016
02148
01289
02336
06335
05235
04814
03530
04517
02936
05241
06466
03727
02919
01274
01103
06322
01729
04051
01327
02642
02019
03487
04750
02126
05223
01801
01214
04089
04531
00603
06351
05777
05015
06452
06034
03156
00972
05090
06360
02220
06115
02378
00472
03748
01595
01009
01302
06389
05205
02671
00716
00059
05046
03227
00034
01368
01887
00583
03183
03883
03064
02524
04498
01447
03865
03270
04859
04915
04199
06320
02784
05190
05556
05398
00008
04619
05719
01464
03548
01719
03019
03856
06019
00644
05826
02221
02083
05318
04901
04923
02647
02689
05223
06466
05692
04554
00879
04014
02869
01695
01756
01818
02663
02957
03037
01726
02121
02366
06242
05447
02369
03996
03478
02689
01788
01001
01441
05448
03449
03764
01106
00195
05642
00765
00151
04575
04542
02858
05437
05497
05487
06329
01104
05159
04912
01296
01242
03273
02135
02291
03768
05738
05450
03412
06427
03655
04439
04149
05793
01547
05630
05383
04765
00702
00471
04717
03824
04962
05086
04223
02594
04503
02768
03177
04345
04238
01583
03640
03485
01299
05809
02959
04249
04001
05430
05500
04201
00193
05812
05830
04125
00216
04444
04442
02403
05906
00396
05330
02474
03510
06399
03346
01559
01014
01389
02243
01169
03761
03745
02475
05784
06342
06449
02058
02489
00233
04137
02915
04906
05260
01367
05014
03325
03482
04491
03138
02572
05507
00107
02756
03565
00481
04430
02570
03936
05177
02999
00650
06398
01131
04985
03132
03679
00623
05949
05579
03857
06384
01816
01481
00292
06495
04564
06470
05454
00929
00010
01478
01100
03742
00333
05974
02298
03090
03810
00004
01244
00866
04644
02012
05982
00740
05695
03567
04360
00221
04722
01700
05191
06447
01730
02650
03423
04895
00934
05961
06230
00189
03061
02501
05750
02183
06047
03565
01719
01389
00383
01834
02080
05938
04065
02951
05444
00640
04908
00073
02209
02433
04337
06235
04161
03142
01896
03167
01705
03443
01411
02593
05767
05974
01664
05846
03659
00469
03743
00417
04254
05529
05606
01946
00812
04568
02358
04372
03660
00075
01560
02909
01262
03890
00496
04517
00334
05862
04761
04443
01116
03840
01569
00268
00076
01248
05581
02346
03814
04261
04622
02338
01598
02364
01307
04567
05783
06196
03059
01586
06043
04101
04878
06371
05621
00062
03032
03866
00642
03789
04254
00139
00128
01281
02425
01871
03025
04307
03197
05079
00180
01106
03156
01584
02975
05949
02652
03182
00630
03211
02748
01131
05975
01602
06126
00631
04140
04829
01384
05241
00301
02520
01873
02065
06090
01671
06036
01654
02254
01279
04742
00200
02717
00712
03481
01978
01965
00068
00127
01178
02140
00605
06016
02145
01082
02154
01064
04310
01707
02676
00650
02915
05179
02932
02705
03331
01418
05642
03112
00233
03411
02624
04439
00518
00768
03489
04752
03317
02489
01309
05788
03055
01839
02261
00125
00533
03099
02081
06265
04931
02559
02214
06357
04085
01029
05843
01492
05160
01664
00729
01090
06107
05068
00386
02301
05863
00826
01634
04271
00681
02213
03124
04566
05757
00852
06140
02093
05151
03950
02211
05885
01978
04440
00876
04421
05020
05757
06395
04542
03713
00355
02264
02602
05825
06090
03965
05327
02493
03811
05354
06345
00882
01323
04681
05925
00233
00006
00945
05706
01366
02999
02916
04755
00136
05226
06082
03569
05327
05509
00570
00083
04821
05692
02292
01660
05839
00216
02641
05806
05139
05395
01526
04757
03096
04450
04552
04474
01710
02603
06153
02246
05296
04822
06020
05431
00440
04820
00075
04707
01516
01100
04174
04744
00020
00422
01685
01096
01393
00485
02710
03352
03554
00821
01833
05400
03818
05726
00545
01280
01792
01028
00411
04478
01707
00156
03731
05097
01410
04551
04144
00225
03077
01946
00749
01948
01722
05926
02262
02861
01490
05399
06316
04052
05629
03029
05153
05623
02373
00147
06372
01088
00643
04648
04448
05287
04472
05103
04978
03538
04634
02486
01360
02980
03156
03607
05973
02584
05200
04480
01519
01381
04972
04010
02508
01596
05824
05481
00010
00092
06061
00798
05553
01997
01916
00165
05556
05835
03258
00985
03935
04966
04941
03807
04183
00568
01645
02528
03765
02771
01285
06024
05862
03058
03409
02044
02044
00524
02079
00523
04145
01208
05302
03757
02768
02635
04582
05928
00194
02443
02883
00685
05459
01656
05190
01096
02051
03577
04326
01519
06040
00866
02325
03665
04180
03358
04646
01166
02501
05852
03663
04867
04389
06107
06271
01738
00741
01147
03009
05412
01650
04650
04161
03287
06358
06052
05913
04781
03789
05531
04873
06314
04332
01268
01188
05428
00904
04315
05826
04473
06260
04117
06262
06055
01891
04193
06237
00684
05017
06468
00182
06479
02025
00274
00049
01119
06253
00975
03295
01903
00944
03642
03351
05064
04732
02705
02711
04144
06131
05882
02659
05012
06471
05695
04831
00525
03831
06022
04276
02543
04322
05679
06424
03214
05235
01706
02359
04438
00294
05888
03631
01438
04481
03402
01088
06481
01519
05822
02449
02146
04000
01963
06019
01855
02503
03128
01595
00141
04112
04157
01504
05927
04825
02791
00563
02460
02635
03465
01187
00202
02123
06031
04517
04021
03079
00799
06036
00501
00967
03946
02154
04638
03576
02262
02495
04378
00293
05718
02436
00305
02842
00232
01577
06132
03570
05148
00099
01010
01441
03441
01084
01309
06422
04113
01609
03658
00620
04240
04754
06181
00715
06162
05055
02219
01670
01639
04807
01057
02483
01133
05837
05571
01163
06238
05262
00674
02826
05875
04757
03448
05550
02324
02943
03914
00564
02457
05668
00918
00624
03587
01436
06355
00471
02617
04283
02703
04800
02574
03926
05509
04959
05632
00330
00619
03636
01502
02020
02630
03887
02991
05504
03013
05598
06292
03456
02045
05558
00472
05229
04572
03596
02926
04700
05961
05359
01115
01182
03967
00118
01379
01334
03360
01995
05595
05240
01471
04455
02361
01823
05567
06055
00261
04752
06342
05252
05287
05307
00030
06195
04461
01300
04406
00707
03050
02782
03726
05959
05965
05708
00518
04325
02186
00157
05608
03657
04531
04214
04604
02004
01720
02223
03057
02620
01820
02562
01099
02821
00030
02031
02249
05370
04665
04593
04629
05734
02844
03496
04358
00403
03758
04950
04522
06313
05070
04948
05396
02015
03647
02628
00069
05678
00489
05399
05280
05415
01536
05081
01280
03220
05945
05462
02647
05329
01698
01429
00520
02737
02350
04728
05845
04887
06443
00851
02403
02081
03101
03750
01652
02911
02756
03818
02752
06086
03177
04272
04932
02041
03186
04213
06148
02814
01164
05578
03586
00634
04759
02415
05252
02195
00069
05659
06435
05459
04495
03703
03919
02697
02281
03657
04128
03943
03649
06461
03994
02483
00060
00390
05853
02076
04177
04186
05011
00078
00283
04816
00004
02047
05781
01968
04369
04444
01673
06389
03009
05483
00771
01231
00784
05826
02307
04451
03261
02893
04547
03336
04399
01386
00594
05825
02904
02346
04238
00517
00259
05117
01361
05559
00700
03887
02719
04346
02026
00049
00209
04058
06497
00083
03197
01758
02842
02688
01535
02981
03969
01780
00904
00591
02098
00939
00762
02753
01192
02814
06244
05873
06050
06115
01472
04497
03890
03097
03326
02123
00096
03586
03467
04026
01921
00763
00688
04208
01323
01254
01742
02583
01538
04944
01371
03279
02420
05604
06222
00133
02120
05863
01715
01038
00268
00934
06379
00624
00139
04707
00048
01686
02087
04770
06178
04176
00860
01303
04441
01893
05745
03617
05262
01232
01287
01080
00693
01263
01840
01244
00417
02574
04086
06435
00452
02313
04871
04509
05433
03593
02345
01636
03432
01156
00610
06274
06141
03353
05394
00331
04898
02838
01416
00240
02163
06194
02416
00390
06108
00027
00507
00829
03602
05464
04478
04524
05838
05921
01845
05670
01047
00468
04986
02640
03735
06244
04630
01017
05466
04365
04683
02875
03175
02630
03322
00291
01799
02691
05493
03013
05756
00523
05289
02451
02751
01711
03282
05300
01786
00762
06178
02473
02066
01472
04832
00159
03408
06342
03463
04276
05711
00195
00664
03832
02351
05661
03301
02156
05649
04336
02318
00505
02908
01808
02894
04303
00286
05658
06075
06490
05607
06356
04975
05819
06084
03850
00981
03856
04424
00218
04332
00562
03722
04821
03327
01136
03038
02803
00641
00025
05673
02320
02432
02842
00020
04717
05421
00209
05220
03483
03914
00014
03802
05596
00284
01952
04818
04810
00472
02361
03426
04721
04754
03840
02825
02881
01822
02516
05597
05269
03923
03466
05234
04181
00385
03556
05081
03238
02283
06128
01417
04576
03290
01204
01238
04077
06481
00275
02456
02784
04513
05641
00886
05181
01421
04549
01313
01808
04600
06080
04947
03702
01907
02072
06366
03805
04383
00307
01390
04868
05999
03509
00609
03190
06363
00619
00711
06351
05753
06233
05058
00976
03537
05192
04421
06477
04096
02670
02142
02810
00105
03725
05656
01011
03821
01602
03991
05273
01109
02327
00747
05513
03066
03315
02984
04012
04849
04545
05526
04350
00493
00857
04107
00521
03562
00546
05814
06286
02180
00391
01876
06070
04085
04505
03645
04226
03820
03225
00474
01349
04035
06228
00297
05735
03256
00902
04822
02188
00868
05877
02510
04935
00401
05935
03909
03733
05506
04703
05518
04658
02581
00871
01478
00433
02740
01574
00498
05605
01221
00328
05643
00581
02177
03494
04555
02978
03729
03460
04723
00640
05729
00803
05107
02001
00532
02441
05411
04362
01480
03439
01728
04680
02698
00406
01554
00971
00031
03890
04557
01404
05996
03576
04510
05832
05312
00561
05686
04988
02188
04870
04863
00673
01298
00875
02146
04641
01967
02188
00096
00300
05944
05314
04216
01992
00272
05541
05807
04740
04377
05666
02872
02505
01892
00313
04059
01755
00694
00377
00389
03639
02829
01919
03045
05191
02813
05057
06351
01377
00661
00703
04806
05633
01146
03985
03627
05075
04638
03284
03724
02844
03185
04327
06367
03410
01410
03342
04174
05490
00409
06290
02073
05027
03762
02120
03191
05581
00441
01629
02008
05179
05939
03995
05215
01939
05174
05194
04528
02116
06202
00454
06335
06262
01549
04960
02177
03538
01217
04796
02155
04121
01496
06288
01229
01118
04493
04008
04915
00720
02910
00271
03439
03342
02445
05479
01984
03360
06185
03774
00280
06099
03870
02507
04002
05136
01972
03080
02602
05725
03402
00506
04538
04747
02263
01639
02353
04182
00094
05429
00490
02900
00856
03631
04176
00483
02199
01033
03289
04981
01037
00641
01898
04232
03038
01028
01978
00940
04731
00037
02519
03352
03481
00744
04950
03814
05490
02256
01922
04578
01307
00559
06157
06321
01031
05853
04442
04125
06316
04241
01706
03417
02832
04871
02254
00540
05911
00141
01403
02694
06448
01929
00927
01218
01334
04855
01085
00812
04353
04049
00651
03014
00982
03615
01998
03599
06232
04013
03437
00044
02221
04896
01479
04035
03981
01701
04661
04406
03553
03517
00857
03100
00473
02410
02439
00975
02952
01903
02409
05982
03353
05807
05572
01259
03544
05388
01098
05153
00437
00776
06218
01484
06373
03725
01548
00934
03736
