04567
06448
05965
06694
05673
05661
05004
03561
06947
00314
04346
00762
02304
02382
05842
01846
02230
02899
04840
06774
06927
00177
04586
06601
03514
03721
03995
05894
01345
00711
01060
03503
00496
01059
07329
07162
02993
07753
03982
00945
03614
00260
01348
04409
04436
02689
06780
03719
06288
05431
02039
00446
04529
05901
05144
04422
01505
01436
04702
04486
00225
07036
04401
03226
05816
00018
02232
05623
05672
00750
06645
03995
00494
01762
03862
06019
00284
03751
02265
05020
03820
01930
03275
04618
01331
00156
05453
01303
04639
03191
06771
07235
06287
05883
07514
03306
00150
00145
04454
03427
02731
01607
00317
03084
06327
00626
02243
02667
02572
05578
03555
05175
06247
06871
02639
06470
06954
01961
00909
04024
05521
04285
04054
00688
02614
00939
04259
03586
02147
06540
02638
01671
02444
04346
00746
07062
04814
03303
06809
07702
04680
01855
05896
05606
06428
01634
03456
00653
00322
01593
03540
05493
02762
00642
06554
04977
07763
04975
03848
07504
06645
04392
06229
03706
01592
03561
06057
02807
02766
00582
03313
05903
07692
05546
01347
06060
06872
06871
02738
07067
02167
02856
06654
03370
03078
02507
06932
00267
02667
00266
02742
05558
03248
04280
01670
05694
03354
02560
04676
00817
07020
01537
04650
01763
06459
01703
07312
04236
03430
07547
06312
04061
02645
07274
06208
07419
04962
01946
02464
04306
02608
07713
06823
01234
05822
04656
05751
00895
03592
00661
06313
04082
03259
03270
06094
01293
03947
02665
04467
07460
03467
03329
02799
00303
00503
06170
00549
03428
07161
00486
04521
02441
06191
06328
00217
01687
06126
00533
07753
07746
03013
04770
04715
01261
03976
02057
06209
05682
01494
03837
00224
02783
01482
05869
06619
00620
01347
06326
03993
02065
00040
04176
04716
04037
01636
06282
01439
07329
01401
04250
00931
07666
01381
02564
00534
02717
00854
01380
06056
06733
02378
00223
03563
01561
03503
04155
07191
04585
03956
02424
07576
06606
04482
04046
03317
03985
00851
05469
05069
04539
03293
01283
01623
00908
06563
04807
04054
07296
03193
04173
05159
03259
03025
02355
00577
02797
05023
02216
04712
00441
01605
02564
05630
05143
03988
01987
00183
03690
01504
00827
00375
06659
07646
03956
06226
01388
02220
03767
06391
02177
06741
01935
05674
04960
02721
01836
05845
03009
06013
02751
06082
05433
03283
06424
05952
01913
02313
07723
07671
01491
01550
02129
06753
05812
00215
02474
00151
07213
07669
00136
01398
01371
03736
04630
03572
01351
03548
01264
02739
06104
06134
07261
00152
00740
02315
03334
04368
05510
00949
07130
06545
00953
04827
05626
04776
02930
03852
04112
04756
00523
04752
01261
04653
03572
03291
05703
04906
04621
02199
06777
07615
05694
02572
02380
06879
01839
07127
06204
01412
02267
07245
03653
03824
03551
06290
06572
02334
00577
04322
06146
05938
07547
06938
02771
04834
00967
00044
02805
05072
02293
05142
01772
01525
05119
07718
04962
02451
05949
01884
06564
05511
00932
02668
03807
03081
06874
07318
05385
02913
07045
05332
01653
05872
04017
01255
01942
02544
01672
07102
02412
04177
00723
03173
02212
05305
04687
01870
03674
02151
02739
07598
05098
02845
04638
02806
03613
04527
06709
00924
00038
07556
06498
05086
06835
01256
01048
05827
02897
02315
04315
05406
00849
02314
05052
04439
00783
02672
00002
00688
07425
02320
05765
04209
05548
00850
03483
03424
04913
00744
06613
05873
02671
02795
00180
05869
02258
07343
04973
04778
00282
05607
00556
07423
02494
02343
03524
00154
05655
02804
04692
00472
07233
03994
00269
05161
04812
00690
01025
05237
04033
05445
00806
06999
07288
05698
07175
04300
04142
05880
06187
05896
01539
00553
06455
06718
06602
05571
07230
01177
03849
01627
00369
05675
02656
05480
00130
03329
00367
07602
01538
05354
03160
04469
03547
00987
03140
01254
05575
02248
06033
01248
07719
04920
03625
07275
00200
06766
07254
00651
05815
05319
02281
05904
04613
05109
04058
05775
01006
03799
02321
06620
07171
05034
04475
02810
07648
04273
01616
04489
00272
02988
02441
07651
04788
06280
01168
04923
04426
07123
03520
01274
00698
01050
03194
00199
02460
06985
03249
04867
03613
04686
02350
03494
03825
02962
06853
02985
03098
07773
04144
03881
06430
00069
03730
04740
00199
01802
05627
02660
07260
05802
03258
07525
04972
04004
00050
01357
05682
05723
06419
02527
02789
04377
03817
07555
04335
04197
02858
02134
02845
07490
02448
04129
01637
05358
06230
03720
03227
07180
02944
05386
03263
04494
03315
01736
07704
03770
02699
05820
03524
03727
01619
01128
00511
06205
02919
01135
00464
06815
02374
06196
05172
01486
04979
06789
01114
02203
01083
05163
01277
06360
05377
02505
05072
01411
01724
01903
05675
06544
05042
05602
06756
00019
07414
01113
06153
00127
06972
07606
06650
04253
01262
03704
01595
01580
00159
06417
04063
00177
01972
02961
04744
01795
06746
07422
02651
03214
07099
01405
02105
02354
07291
03682
03367
00664
00158
05047
06751
03617
02420
02933
05391
03034
00052
06053
03904
05583
07526
07121
05897
01939
05637
04789
02249
07041
03913
06995
04420
07651
05275
05287
01333
02148
06721
01231
03657
00644
05017
01302
01860
00888
07427
03231
06493
04187
02783
05120
02300
03781
06549
00666
02516
06013
02507
07715
07260
04198
01601
01366
01943
02060
06352
00920
03635
03362
06001
03760
03463
05698
02547
07674
07773
04384
01404
02975
00815
05259
02160
05181
01870
06368
02111
03343
02589
06204
05241
02009
00812
02286
03517
07034
05416
06016
04119
05765
01824
06504
06887
06214
04947
04815
00958
01702
04765
07461
03468
06003
07720
05022
04661
00103
02471
00493
02746
04347
00046
04828
01931
00289
01349
01949
02418
02771
02100
01776
02899
03994
07264
06354
01343
04830
05570
00246
03280
06463
06457
07330
01823
02086
04022
06017
02961
00164
00414
05616
00336
06068
01380
04351
01989
07799
04012
05879
03908
06477
06981
01842
06168
06346
00950
07531
02653
01573
03657
05067
01052
02608
03972
03685
06089
03132
07740
00935
04560
02165
03116
03869
06238
02526
01468
02492
01476
01736
06101
00527
01102
07124
03880
05626
01090
01483
06302
05601
03732
03477
02722
00115
00758
00430
02931
05849
03189
05474
06302
03005
05135
05297
01184
04464
05656
05531
05064
00140
06667
05136
04691
05019
03157
07492
02849
02202
06886
02590
07741
00318
04689
00932
03123
06665
03987
01877
02217
00009
05648
06562
07696
01062
06369
01490
02236
04581
04825
06392
00102
07557
05015
05355
06315
01637
07526
00634
07501
03889
02759
01754
03967
00423
01392
04565
02870
06042
03398
07537
05763
04258
06694
06266
04982
02150
01938
07605
01332
05640
04279
02242
03304
05547
02146
07388
02296
07603
04618
00609
03086
03064
00905
01369
06455
05337
04925
04524
00089
01617
00699
06533
00813
07041
00459
03421
00051
03386
06006
02581
06021
05996
06404
06012
03644
01744
07562
06560
01671
03103
04200
04317
02706
06597
03633
04671
07578
03078
04507
03942
07198
02491
01431
02285
03010
05736
00003
03631
05733
04549
06322
01959
07722
01583
02381
00122
00876
06139
01210
05699
03067
06446
01251
01106
07011
03924
06130
01426
07691
07515
00304
07317
05027
01363
03781
04919
03598
03404
07321
01532
06407
07124
02097
06167
05128
00667
03157
00584
06262
05493
02815
04312
04065
06108
04478
03852
05799
05592
04208
06300
04687
07164
01790
04423
01587
04077
04537
03653
06870
01041
02634
03536
07469
07266
04159
06872
03859
07558
01722
02394
03821
01340
05083
00412
01508
00261
02382
02991
07488
04389
03527
00770
06761
02724
00466
05335
06713
02670
07511
05940
02206
00603
02018
02304
06251
02531
04857
00367
01158
02882
06062
00916
01156
06524
03172
02698
05209
07613
06903
05064
04540
06295
03236
01159
05702
03633
06919
00121
03499
03337
02940
04567
05569
07478
03637
05350
05629
02940
07081
02448
06022
00044
02094
03091
03145
01991
05670
04680
03651
06304
02116
04002
07725
06779
03826
04200
05897
00878
01139
03465
00668
05042
04619
02427
03092
02758
06894
01064
01104
03120
01590
02734
02094
00128
06150
04769
01719
01004
04043
06848
00271
04666
02379
00488
05905
02445
00477
04793
02151
06086
07632
04459
02439
00566
07304
04892
00530
07254
00794
02921
04710
07556
03441
01094
02563
01522
05849
00812
00962
04644
06161
00150
03016
03006
07054
00224
05091
01344
05810
07621
04780
07087
01883
02611
06706
03585
00567
05509
00127
06140
07629
04461
06652
06531
00344
04940
01664
07422
06749
04839
02421
01093
04211
04679
04563
02098
02954
06326
04702
03632
07411
01769
01163
06643
04680
04926
01944
01981
05597
05595
06681
03002
02323
00752
04966
01241
05614
05947
07777
00336
05732
01622
04918
05683
02805
00071
01588
03424
00490
01012
04344
06234
00295
03304
06824
05591
05810
00663
00213
05448
03349
06354
05201
05390
02776
03831
00856
01083
02887
07336
07604
00244
03251
06030
05512
03649
07492
06050
06662
01557
00564
03343
06308
05161
04815
04960
06168
04168
04150
03762
03269
06326
07219
07605
01566
07170
04663
05660
05519
07045
06495
01318
06714
06565
04686
05177
00695
06499
05835
04635
02997
03382
03602
05076
06965
04937
05465
02219
01591
03640
01257
06635
03460
02866
04948
05665
00337
03779
00157
01381
02869
03025
05795
02323
05738
06241
05952
02581
03015
02614
07694
02727
07510
02389
02633
07294
04705
07471
06448
05165
06208
06620
03452
02286
01565
02048
02795
04354
04609
00373
02934
06877
03727
04765
06974
05681
04174
05354
01398
02085
00076
00645
07258
05913
03285
05191
00965
05337
02611
06087
04856
01275
00648
04688
05374
03599
01598
00965
05900
02395
02424
04788
07598
05976
05857
01645
06893
02732
06130
04038
01932
03437
00498
04868
07498
03302
06365
05280
06098
04305
02959
05163
01349
01481
00506
02391
04106
07459
04978
07548
00819
01105
07058
07548
00913
05722
01888
06804
02002
00697
03003
06607
00046
05873
02717
07280
02770
02034
06499
04476
06635
06282
01033
03969
01220
04675
05338
06463
00627
02812
01821
07386
02293
01463
00052
07113
00386
00487
02310
00110
04715
00172
04876
00322
01616
00613
02665
01996
03070
01952
01882
06966
01485
04713
00013
02853
07464
06484
03694
05251
07150
04840
03212
04970
05981
05875
04130
03991
04262
04492
01713
04176
06443
02737
02706
02547
02653
03869
00986
07293
00811
03077
07335
01220
03620
01848
06951
04850
02293
06433
05935
01134
06015
05018
04273
00624
01543
04759
02327
00449
02673
03572
04923
07701
01383
02835
05233
02422
01634
03350
03636
07246
05900
04565
00477
00313
00556
00869
06291
01268
01904
06078
07668
01294
06769
01222
04489
02225
02832
01639
01967
07429
04182
06554
06154
02378
07018
01967
02124
06687
04219
01843
03811
07628
00605
07235
06417
07064
04449
06755
07437
02760
03476
04246
03686
04253
00233
02241
07568
03160
04523
00968
00727
05037
03267
00284
05936
01666
05632
06512
00544
03418
01812
01583
02115
06186
00418
01733
04742
01838
05614
03774
01585
04321
01541
04662
02092
00704
01620
05709
05746
04162
00076
03222
05915
07782
03466
04253
01875
03473
00181
04956
02912
01963
05553
01208
05449
00484
02200
03140
01697
05320
04616
02202
03675
03556
07728
06401
06376
03891
06235
03776
06699
07234
04111
06309
01334
06669
02264
05482
07445
01684
05470
02188
00880
01197
04101
06938
06951
00479
04514
07551
07189
02072
07571
03787
04911
04244
00111
06092
00918
05202
07621
03133
05232
06013
04177
02536
07004
06924
01769
01445
01036
01998
06789
07231
02797
03422
07413
06295
01850
03262
05621
01584
07327
02803
06419
07190
05825
04917
05320
03715
05859
00313
05605
03855
01483
02157
06645
03988
04579
07600
00608
06468
07707
04755
04673
00671
00051
02736
04541
00916
01270
01773
02131
04339
00419
02501
04323
05637
06733
04580
01023
05873
06026
02916
05926
03045
00305
06489
02871
07580
03052
02053
03803
02361
01989
03760
02403
01113
05237
02792
02232
01230
00056
01841
04986
06326
03772
02522
04584
06990
02039
02540
05766
02108
06448
06143
07197
06656
01918
05698
00252
07350
02038
06095
03492
03314
03840
04081
02921
02808
01920
01891
01620
06776
00378
05598
02797
01915
00462
00054
03710
03772
07300
05641
01579
00413
06113
01798
02830
04373
07519
06102
00191
06875
05618
02377
05568
00682
04095
03217
07022
07745
03247
01595
04331
06270
03041
01255
02945
01302
07710
01228
03929
03331
02414
01656
06841
01379
01464
03804
00196
02745
03174
03329
00020
00962
05911
04745
05706
04486
04438
06820
05326
06256
06583
01541
06762
02284
05802
02472
07712
02781
05920
02274
07101
04032
04426
02477
01429
04216
07602
04687
03405
02486
04193
03038
05511
02925
04879
01122
02224
07720
05792
04558
03382
04001
01732
04773
02957
04318
00583
02429
00560
02338
04927
05339
06613
06253
03133
06003
03433
03401
07154
00609
06811
00266
04282
00081
01053
04745
03886
07263
01860
03134
06603
03908
02225
01359
00616
02110
07511
07513
00470
02835
07197
03233
06664
05626
02926
07120
06169
01206
04651
00969
03316
05991
06747
06160
06023
00895
03889
02977
02913
00990
01955
02810
07386
02658
01643
02294
01634
02798
03230
04735
07081
00550
03625
07639
06878
04100
03468
01419
02787
02371
06295
06173
00566
02782
02529
01708
04874
06275
02527
01082
02595
07609
03249
05546
04993
05683
02448
00996
04028
07792
06292
07046
03838
06232
03002
05672
01166
05798
00659
04612
04632
03013
05127
03329
05017
04128
05936
06627
02481
04241
05244
00816
02297
05981
06209
07337
02940
02531
05469
01211
01154
03319
02902
06569
03999
07616
01819
04336
02771
02098
01238
06638
02594
05136
03769
05840
05139
00026
04221
00959
07318
05838
00706
05766
04255
07254
05505
01267
01015
04878
06941
02335
01673
07585
02119
00372
06290
01855
02833
03786
03578
07525
05794
06302
04559
01953
04568
02359
04592
01128
04396
06574
03543
00669
02023
00986
01376
02984
06339
01636
00950
05154
05556
06486
02317
07088
07637
02251
05962
03683
01991
00539
06046
06395
03819
04406
03545
04099
04265
03418
06164
00301
05681
04611
00783
00867
01631
03893
00392
05959
02540
05521
06997
04776
07239
05314
06793
06546
04338
07627
07682
02416
03336
02983
04172
04680
04125
00772
05926
01771
06646
00348
02361
02407
05792
00562
05969
06739
06996
04174
00716
05927
07712
05197
06152
06454
01912
02768
02762
02233
04843
06798
04816
00049
04411
07521
02887
02152
01484
04602
05000
02836
07405
03882
07430
01745
04948
04631
03331
06274
01460
07471
04072
00484
00674
04307
07627
02671
06230
04603
06403
06506
06852
01362
02775
02762
01849
02646
07300
00158
07243
00630
06845
05586
04146
03480
04365
06286
04059
04342
05904
06803
02154
05748
01311
01937
03935
01041
05426
01656
02922
02872
01992
06817
03313
03978
00963
06407
04512
05785
02270
07704
01847
05307
05408
01306
05879
01785
05522
01756
05174
01291
01476
01066
00787
05955
06886
04300
04947
07554
04082
00156
00050
03218
03695
07746
00237
01658
02551
04965
04411
03255
07114
04496
05932
04045
02740
01831
03330
00370
00274
06045
06124
03755
07082
01212
04778
02918
07464
03615
07786
01955
04525
03439
01809
04263
04537
02337
07397
04446
02337
01424
06519
00372
03004
05004
07702
03825
00575
01382
03070
01455
01297
00438
04576
04777
00392
07172
00899
04025
01754
05040
00424
01030
06984
04454
06963
05473
06661
05633
02861
06930
05676
05875
00134
01956
02447
00838
07552
06513
07780
00418
00367
03163
01306
07716
04717
07129
02553
03335
05610
05298
00607
00729
06264
06385
04551
02412
04612
06788
04420
05192
02369
03283
06012
03554
04070
01570
05759
00875
02832
00067
06167
01488
02874
02291
02441
02873
05416
05775
02153
06592
00868
03643
03300
04015
01887
06974
07431
07182
00193
02286
04525
03024
01148
06147
01285
03674
03347
05851
00162
07575
06656
07570
03019
00147
04714
01043
02875
01258
01405
04239
02716
02283
06652
00144
05572
03702
04193
03251
03922
03799
00477
05232
01657
03775
05611
02696
01411
04902
02615
03178
04473
04574
05557
00761
04942
06999
06859
03046
00188
00779
00392
06661
00358
06909
01294
02503
04020
07794
04906
01243
02109
01604
00829
04785
04127
02031
07690
02277
04466
04602
01632
05156
04346
00084
07090
04671
01707
05041
04170
07505
05263
02735
03788
05398
03067
07049
03206
02241
04272
01487
01694
00314
03757
03832
01019
03483
04593
02309
07469
03046
03582
06611
01017
03845
03913
00317
00269
04309
00134
06356
07010
00431
02089
07612
05334
07372
04847
01652
01713
05669
07331
06305
06616
01549
00396
01375
05117
05235
06035
04390
07688
02727
06739
00604
00902
06968
01801
05549
04648
05440
02963
04452
00935
04445
03901
07605
06610
02677
06702
07609
07698
07765
02953
02788
05621
02014
01079
02718
07022
01549
03826
05060
01302
05717
06685
06338
04524
01914
00351
05128
01064
00757
01366
06486
05301
06735
00608
04797
01724
03764
03508
07532
00773
06806
01623
03731
03905
00547
04963
04824
00355
01852
07466
00964
01116
02810
03392
00408
01710
00935
07454
06169
04296
04327
02803
06597
06241
06657
03221
03978
01624
00877
05397
03138
00199
00940
00801
01388
00863
06319
07522
01505
02631
01605
06070
00057
02014
03820
01344
06035
02144
02787
02699
01382
02446
05745
03598
04046
07429
03254
04273
05758
06769
06949
00965
03694
00459
06626
06626
06041
00221
01742
02290
02302
01062
04267
07306
02329
02168
05118
04097
01662
02391
01145
06617
01801
00540
02969
02739
05348
02640
04931
00767
04230
01268
03774
05041
05685
05221
01181
05518
00816
01741
00428
04509
01075
04940
07043
01899
02119
05590
07484
01903
02989
05941
01733
06365
04079
06887
04899
05870
04924
00459
05027
06588
02470
00637
04942
07355
06970
00089
02904
06834
06707
00828
00997
07297
04514
02126
06673
05469
05199
04379
03306
00775
06733
01064
07589
01387
05805
02131
00833
00331
05649
01996
02948
05251
03986
02080
03160
02480
06969
06812
07033
04858
00143
02190
02797
05833
01930
05190
02833
05147
06356
06636
07588
06915
02481
00140
06539
04965
05421
01196
00441
00974
03599
07326
06151
02569
03166
07264
05719
03244
03647
02833
02753
02105
00560
01750
03273
06736
02084
02971
03350
03682
03195
05093
05039
02568
06213
04291
00267
06514
03356
02365
04845
06571
06867
00957
06195
07354
03662
07387
05074
03476
04471
00324
06575
00068
06618
05386
05228
05356
00262
03742
05597
01461
05529
03098
03982
02011
07198
05443
07643
06748
00790
03268
04675
00375
01664
03710
05834
03473
03270
07611
03738
01538
02310
02226
03213
00558
02337
04196
03154
00896
00700
07181
03737
01273
02344
02774
05708
00806
01560
04047
02373
07743
02854
01507
02166
02948
02547
07428
00025
03314
04162
00780
05508
03779
06911
00789
02288
01804
06849
00897
02855
00272
03024
00355
04655
06889
01061
02430
01375
04566
04870
01812
03045
06984
02570
03022
01762
05351
01823
00811
03435
03602
05213
04548
02517
02308
01678
05244
02539
03841
06253
02516
00623
05823
03121
06020
05395
02138
00964
01638
01955
04936
01908
06213
00625
06747
05629
03411
06539
00757
04384
07407
00013
03085
02757
06853
06575
00271
00864
07264
05540
02802
07707
03091
01566
04131
04160
00869
06568
06351
05777
01930
06706
07102
02854
02206
01939
04715
00802
00372
04582
04952
03331
04149
00803
06430
05956
06637
02936
02386
04768
06815
05180
02963
06837
06776
04649
02391
04339
00497
03539
01741
02896
04094
06649
04558
07393
04619
05527
05789
03063
01878
07341
02397
04603
00888
01080
04858
01455
01285
06827
07447
00755
06972
03922
00118
01337
00656
06066
04775
02606
05220
03808
04104
03245
00445
00645
00170
06353
02993
06379
06020
05910
07597
03838
00753
04117
05668
04129
00164
00882
04284
04044
07060
03316
03467
00240
05482
03017
00471
07695
03207
03163
00162
00739
02867
06819
05948
02945
02456
01096
06610
01280
02293
04468
05549
00012
01854
00252
06070
04130
06145
05146
07013
06696
05835
06712
00424
02859
01265
01826
02488
06819
01083
00297
04696
06631
00890
00240
01119
02232
03178
06517
00165
00941
06635
03845
03777
00539
06433
00452
02009
04511
02396
02177
01307
04025
02954
03306
01304
04470
03711
03032
03081
03282
03303
00305
03889
02472
01634
04838
04770
03793
06182
01577
05467
03108
03723
02054
00535
07567
06767
03362
04585
04491
02026
03660
02691
01101
01715
00278
01998
03030
07129
01455
01828
04185
00887
04249
01473
01660
07671
00707
01328
01069
03103
05138
01162
01026
02704
01745
05745
03525
00075
00441
02530
05490
02846
05366
04401
00687
07740
01273
01382
05967
00283
03499
03406
01122
07063
02485
07453
04389
02292
00097
01270
03705
02920
04452
02397
03603
06231
04306
00979
00871
02840
06414
06489
07186
03709
02077
07473
05363
02504
00742
01669
00692
04800
03136
05586
06091
02139
03432
05551
06199
03605
01997
04208
00170
00591
04386
01128
01226
00363
07431
01403
01835
02052
01276
01769
05885
06386
04108
00446
00549
04338
06905
02814
00986
03981
06994
06198
04695
03295
00046
01534
07056
00943
04379
04098
06754
06655
06656
01376
06972
03361
02587
07483
02356
02241
05168
00358
00095
05898
04414
05413
06521
02704
00071
02325
00533
01493
00381
00748
03745
02855
04972
01315
06986
07310
02959
07608
07631
06843
00610
06103
07068
04716
05857
04737
03502
07501
04988
03381
02302
06664
03209
00234
03411
06573
07316
03423
02968
04277
07292
05481
00720
01583
01941
01716
04841
00661
04693
04893
04660
00849
06189
04812
03655
00769
05495
07271
00781
04419
06719
03000
05300
06977
05911
00673
02584
00557
03322
07166
00712
03400
06173
04169
07325
04059
04213
07188
00523
03961
03105
04246
04413
04900
06269
05048
02553
00508
00687
05713
06293
07350
01242
06574
06093
06689
03197
01157
02019
04076
04280
00560
04921
05843
05330
07440
05309
07680
01313
01975
01626
00109
05407
02247
07055
07392
05909
07425
02310
05760
07087
03797
05227
05844
05187
07288
07726
07259
04991
05284
03576
00574
04199
00793
00846
06409
00752
04617
05125
01840
01092
06121
03658
01270
01274
05436
04580
06633
00497
03122
02369
01210
05353
06125
01737
05600
02254
00476
03947
01235
06506
07216
03339
05526
06781
00547
02420
00159
05171
01473
04351
00384
07555
04999
03272
00511
01648
07640
04314
02947
02542
06527
00831
06573
01410
07494
06973
01454
00502
04237
07456
07391
03672
03038
04152
03858
04989
05844
02327
03864
06327
01180
04761
06237
01713
04932
04552
02429
00315
06473
01308
00722
04007
00524
00259
05973
01766
04900
02730
07529
02503
03543
07024
07520
03021
00465
03867
02085
02260
05511
05722
00345
06888
02918
01950
03465
01827
02645
04406
01756
06825
06681
00725
01234
05760
04022
01778
07095
00449
01995
05220
07703
01078
02662
03952
03676
03599
05831
01873
01219
05437
00041
07522
06861
05922
05442
07603
04361
07755
07356
01525
00647
03484
02876
05348
02167
02694
02056
00104
05487
04503
01782
06296
00267
06198
06255
00156
02407
07793
02314
04732
07704
07349
01053
00043
05953
00905
04910
00130
06954
03880
05295
00714
02546
06193
03056
07562
04149
05420
00767
00624
05832
06092
07362
06344
05841
05203
00893
05135
05012
03535
00967
02002
00864
04815
06311
07424
03585
02809
02212
01544
01702
05380
06113
04393
07674
01900
00959
06956
00584
00095
00829
05576
00367
04235
03115
04610
04357
02242
01740
01070
06720
04012
03042
01614
04031
03047
02555
03486
00424
06053
04545
02098
02355
01251
06375
00749
00715
06153
07407
03119
01812
06554
07352
02137
07535
02386
03085
07048
06891
06007
00889
04796
01878
06117
01326
02292
01682
02826
01710
02624
02682
05347
04672
02715
07043
05001
07636
07347
01864
02468
01242
01045
07453
05682
00499
01490
01477
06891
06995
02040
00047
03732
00959
00166
05227
05743
01321
06025
03803
05267
03530
05548
06548
03141
00559
02679
07604
04715
07500
02798
00213
03097
00348
02804
00727
00842
03675
04421
00548
06492
03979
05629
07597
06328
04338
07592
06354
05924
04061
03319
03071
00031
06565
06244
05274
04825
02440
01130
03224
01924
01715
07515
05119
02659
04147
01423
05374
07694
07763
01630
06393
04719
06127
05699
07153
01148
01887
03158
02016
07721
04255
01764
00618
02297
01459
03932
02999
05833
06816
04248
00557
02505
06710
03118
00698
01824
02913
05867
01391
06475
00751
04571
07120
01465
04956
01711
06983
00582
06304
03531
05833
07602
01418
05938
05192
00398
02823
04769
03792
04834
05987
01414
07133
05389
00847
04171
06593
07706
01539
07778
06708
05948
06803
00526
05260
02110
07101
02499
05812
03474
06987
03028
03224
05515
03540
04215
07310
06816
06245
07719
06120
06248
02868
00990
00174
00485
02485
05629
03537
01615
04165
00793
05338
04198
01268
01884
05161
03770
03312
03941
01618
01026
01388
04996
04657
07112
06071
07646
00270
06190
07265
00970
01132
00735
05424
05190
00507
02132
02401
02009
05485
00513
06139
07245
00542
03859
02821
00160
03068
06497
01735
03984
04310
04724
00517
02840
05113
02853
06360
01524
00845
01481
05943
07549
04983
02611
07556
06865
01632
07246
05721
00570
06930
01973
07256
01433
00874
07410
07762
05135
04888
04207
00359
05344
06404
05004
00452
05956
00916
01077
03771
04907
01776
03295
00588
06253
00710
06744
06145
05323
04536
03960
04904
02877
03339
02719
03097
01505
07763
06461
04599
01068
05043
05752
03572
07465
04376
02629
02068
01676
01189
04150
00180
00577
06513
04276
05435
02533
01252
04321
00654
07680
04529
01157
01154
02470
04437
03980
01554
05249
00334
00472
01057
06877
01462
01935
07793
01743
01423
00715
07210
01763
03056
03458
07590
04792
03550
02595
06137
00706
02534
01292
07438
07628
01246
00586
05620
00296
05555
05293
01831
02837
01701
05607
07259
06612
07399
02954
02636
00871
06931
05779
05856
01517
04402
04615
01526
02950
00257
02064
04184
01960
06319
05988
04596
01092
03587
02882
07121
01832
00570
01393
02548
00530
01454
03935
06609
00781
06450
07483
05455
07739
01785
06952
00180
00032
06999
06479
03760
02286
06056
07400
05662
06386
02044
05124
03357
02699
03228
06217
00917
01402
07510
06515
04820
06938
02515
01076
07008
00118
05146
01912
00311
01561
06950
07799
07274
01310
01290
02607
04840
05716
03589
07158
05335
01813
04128
05169
04493
00348
06765
06356
04156
03425
02505
07695
02836
02963
00250
05369
07619
07609
05340
04947
04559
02004
02212
02491
01892
06980
05272
07363
06233
06541
01190
03814
00837
01517
05352
04239
07159
03533
05233
00382
02371
04882
02906
03344
06464
07504
01429
04938
01758
04714
04619
00665
03437
06896
00841
00673
04920
03525
02452
04359
01041
00467
01845
03565
04838
05670
06504
00131
06777
01162
06790
07436
07429
07545
00243
03316
03252
05317
05362
05419
03253
01238
00372
04062
07747
05337
04959
01899
04617
00262
02163
02751
02202
04868
00800
00639
01477
01923
07611
01663
01141
06637
00295
04737
03006
01170
04000
05685
00563
07062
03428
05129
05557
04249
01066
03974
06190
02836
03084
03168
04076
07235
06112
06119
02753
04339
00417
07766
04782
07392
00694
02712
02456
05283
05456
05394
00211
03128
06743
05888
07746
05256
03814
02920
02689
03855
06090
02749
05682
06795
05018
06705
04803
06647
03024
00155
03729
05556
01022
07056
07430
03499
03380
07657
06909
07233
01198
00809
02822
00079
00889
03370
04197
01341
00574
07203
05333
05411
02551
07399
05314
01932
03879
03004
04092
04615
01478
05687
04040
05419
07698
02289
00896
05190
03713
01312
07226
00050
04315
00685
04686
05237
05260
00917
02816
00171
02327
01606
02406
05802
05390
07000
01124
02402
07317
04829
07131
04975
05039
01646
04000
05452
01377
00716
05584
02206
04314
02128
01097
02930
06204
04543
01364
02732
00260
06750
04431
00829
03980
04733
02295
00551
04611
04915
01834
06089
02370
03807
03514
05538
02823
06334
03366
03195
04526
05269
07242
00254
05683
07228
02951
02429
00061
05229
05358
02360
06068
05849
01477
06239
07051
03366
00700
05848
02601
06734
01961
04813
00553
03982
01415
06757
04417
05889
01317
02541
01927
02585
04731
07723
01111
03154
00248
07311
02666
03211
06023
01582
03849
02313
02663
05053
06399
00578
07353
02198
07340
07763
01645
05898
05557
02679
00781
03195
02473
02676
04595
03029
02207
01739
07654
03977
01731
00412
04104
01188
07391
07356
03915
07210
07102
07564
05465
00275
06716
02927
03251
06112
00001
05135
05297
00461
02660
05413
05344
03010
06324
02555
05082
06759
05154
01824
06888
06579
07522
05671
07410
00625
05881
00380
04774
02048
04624
02701
06511
01726
02822
01664
02901
02952
05972
04943
03914
00264
06601
06300
07469
07476
07158
02458
01935
05591
01892
06371
00259
05070
05209
06048
04115
01929
00770
05800
00829
00451
03562
02727
06620
07368
02729
04826
05475
00659
05728
03269
05764
03729
03768
07089
07255
04229
03810
01989
06174
05449
06937
06896
07389
00165
07020
04169
06351
05456
03863
03859
05363
06616
03257
06528
01694
01799
03441
05480
04202
07708
00481
00590
05243
06467
05509
04271
04482
03107
07581
06248
01411
04905
01565
04188
05777
03110
04525
04215
07690
07266
01309
02921
02437
03275
02841
00602
00783
05998
01746
02174
06852
00640
03476
01142
02691
05978
03548
00523
00747
04447
04962
01327
04041
01788
00052
05874
01644
00691
04291
06462
03375
06531
06934
07279
07717
04311
03988
06498
01420
07729
02576
00377
06551
06251
04053
07297
02039
04714
04664
07624
01109
03504
00789
06806
04822
03452
02546
05831
07080
05872
03328
02897
06092
06943
01311
02633
00913
02601
05185
05876
00544
05604
03207
01109
07255
05025
01671
05402
04821
01448
07143
01563
05780
05288
01100
05400
00164
07231
03835
01630
07643
05835
01480
05358
06259
05923
00613
05673
06396
05812
04130
04148
06265
04660
07555
03092
04743
01885
03599
03199
00854
01822
07740
01055
07796
02100
06872
00299
03607
06000
03163
04851
01361
00821
01720
01288
00673
01889
03370
04597
04435
03182
02067
04254
05913
04683
01328
03124
01466
03963
02848
06019
03377
03554
06299
07256
06762
03744
05968
04889
04669
00315
01046
06907
07388
04765
00596
05746
04649
02327
03988
02081
01689
00096
03241
00070
00581
00511
02130
06073
06191
03857
02351
02337
06785
01455
04496
00603
07120
06359
01957
01592
06016
07077
04272
07289
00466
02149
05567
00050
03185
00504
01797
03120
00570
06417
03304
04752
05696
04971
06101
03198
00511
04441
01151
00558
07001
02217
00951
01619
07133
05502
04094
00130
06717
01312
01661
05746
06134
07714
03493
06346
05867
02392
04083
06542
03042
01587
04667
01200
03688
04491
05573
06879
00032
01072
03461
03623
06838
07668
03180
01012
04242
03080
00877
06396
06608
00722
00002
02305
03445
06344
04780
03303
04388
06643
06440
05728
06270
02347
04567
01569
07639
04971
00775
07553
06365
02761
05333
01086
04724
06484
02796
02507
06109
02658
00710
06258
04197
00813
01513
06722
05337
04234
05501
06325
02632
01622
06746
04049
05368
01924
02935
00953
02922
05103
03909
04575
01130
02273
04170
04952
02847
05878
00689
00588
00161
07696
05446
05576
04640
03391
01159
01178
06304
05765
02454
03864
07186
00627
07532
07038
04935
00140
02472
01106
06981
06660
02172
05454
02404
04684
02784
00273
03858
06733
02600
05330
06810
04910
06184
00642
02380
05475
02208
05996
04374
07388
00275
06220
06599
00576
01897
04546
02564
00532
07069
05042
03844
04885
04800
02160
01286
04245
06372
02565
06866
03780
05541
06721
01525
00639
06201
01580
05086
07486
00289
06957
02829
04324
01279
03757
04659
06848
03095
01801
00637
03499
06603
02363
05226
05445
07446
06804
03188
02785
04954
01376
03675
04617
03988
02285
07621
02647
01125
02433
06242
00706
04540
07088
03059
07777
06247
02519
07306
02359
00441
01456
01829
01563
06213
02186
01964
07194
06800
02644
06426
05668
01365
04837
06817
00952
02530
01275
00726
04268
03807
07463
06171
06517
05807
01145
03123
00847
07646
02382
07024
05561
00507
01362
04248
03137
01648
06731
06310
00439
00780
03852
03645
05353
03257
05458
05024
00299
04089
07647
01532
03664
06932
02800
01895
05193
03380
01789
07601
02473
02265
07773
04720
06379
04385
03820
02419
00592
05615
07154
06628
07721
02564
04632
01792
04893
02187
03346
01203
07327
01358
06252
00988
00072
04615
03850
04600
05524
03488
05968
05490
06372
04084
02386
05688
07311
00030
02169
04793
07101
02631
01963
03210
07498
03806
05221
03168
07595
01823
07240
05143
00617
05542
04534
06849
06335
01812
01887
03187
00769
05472
05220
05489
00051
05714
00647
07530
04875
04432
04885
05094
00092
04283
01257
05259
03048
01076
01999
06991
03073
04648
07153
06680
01436
02915
03329
03919
03306
03392
04588
03555
04316
00671
03783
02306
01827
04399
04673
07691
03402
07106
07101
03358
01728
02432
02202
02380
04166
00740
03793
01275
02649
05563
04122
00442
03388
07210
01714
06395
02197
04031
04373
04198
05466
06440
07165
02962
02408
07168
02253
05558
00400
05024
07428
05486
00998
00090
06249
05129
07183
06480
05135
01223
06807
02443
00541
04048
01213
02096
02461
06992
04579
03268
03622
05926
05597
01073
07473
04236
02477
01729
03549
05936
02945
00606
02767
01009
01138
07188
04961
02886
06737
06022
00005
04488
03152
03213
05983
02447
06563
04183
00853
06490
00801
02540
04763
06672
03699
05012
04199
02188
04919
04005
07030
07374
01361
01456
03713
00619
02903
04802
03704
05726
00656
00984
03240
04000
07552
03740
02316
00099
04986
07693
04646
05709
05811
02027
04576
01168
04407
01215
07484
00262
03562
05152
07388
03546
07053
00706
01302
00537
04618
06889
04184
04919
07086
02124
00620
03461
04499
07717
04888
06456
02591
04148
02941
03790
04020
06099
03417
00146
07293
01805
06611
00055
06529
01023
04803
07192
02791
04600
03739
00165
03103
00765
00798
02483
01961
03981
03468
00051
04100
05035
01127
05130
01540
02650
00645
01816
06993
05875
04362
00457
02401
00673
01592
00434
04761
06934
01622
01974
06565
03654
02387
01190
05497
04609
04750
01598
03243
05567
03340
04244
04784
01891
03412
04556
00911
04314
07066
03639
00022
01541
00622
05938
06159
00873
02592
03363
05038
02128
03635
07206
02362
04688
01227
03389
07517
03050
05252
07590
02042
04557
06521
06062
06346
04169
05989
02811
06963
00023
06881
05144
06078
02429
01627
01777
04771
00120
04671
03374
04923
04498
02236
03589
02722
00579
00278
02048
04087
04323
04660
06021
00249
07653
06302
03124
02160
01888
01572
00755
05733
04879
04173
01525
06150
03848
04483
03666
04274
07514
03839
01952
07509
07383
03463
00407
04873
02209
03489
02258
03410
01521
06290
02696
04860
06642
05175
01762
04155
04396
05983
05384
04831
06805
00771
05085
00354
05338
05387
00689
05615
01491
05319
07508
02144
05044
04110
00111
07156
06175
05295
02287
01299
07311
05969
04379
07272
07664
04065
01965
07330
05786
01432
07422
07006
07708
07350
04361
04733
00470
05183
01561
00598
00238
03568
02422
01839
01764
03671
06891
05445
01929
01644
03587
06382
01850
03863
07482
06383
07355
03111
04784
07199
03022
06140
01752
07439
07418
05714
00071
06828
01600
05459
03863
01411
07673
00016
07483
03775
06260
01052
04765
03090
05692
02429
07459
04110
04853
03791
07393
03663
00711
02638
04191
00279
01475
07343
04851
02077
06082
04964
01874
03187
02357
03347
04247
01970
04311
07499
02222
03236
00639
05658
03066
01486
05754
06005
06466
00264
01069
02924
04747
02354
00864
01401
01423
07645
00365
01781
03251
00860
03920
06592
05118
06053
06921
04811
03757
04023
00236
00123
03771
06033
06450
07269
04646
05469
05392
01104
04757
05840
06813
01459
01141
00766
01506
04740
01827
06126
00721
01642
02371
00632
05808
01040
01199
06535
04199
04775
04740
04351
06196
03879
05502
00763
05696
07081
07020
07403
00571
02979
01318
02641
04202
00081
02811
00751
07769
05972
01031
06686
04955
03674
03113
01301
01758
03875
04290
05100
07492
02667
02873
05756
01835
02008
05932
01718
00526
07522
00993
07516
03261
03209
02755
04952
04096
07656
07280
06351
05889
00445
06271
06041
03182
06305
06031
07031
03582
02498
01202
06354
00051
03626
01312
00204
04013
06500
06632
02197
05248
07347
02858
05797
04747
01823
04215
03120
04690
05501
06418
03859
07134
06617
04792
06778
06423
06835
06314
03731
06099
06163
07307
01858
05281
03138
01773
06970
06182
06079
00926
04357
04113
00370
03488
01544
01450
02488
04391
07110
04068
03148
02355
04824
04532
00222
07709
04974
02841
05027
05294
00876
07779
02665
06594
00411
00433
02181
03444
01002
04859
03611
01819
05594
03285
02841
03650
06707
05588
05521
00358
05774
03307
02577
00816
04176
02583
01680
05194
02760
03777
00431
07566
03470
04025
04009
03634
04775
06936
07753
06752
05521
01774
01527
00250
04255
05665
06494
04554
06441
03951
05549
04800
03996
07635
07791
02373
04561
07187
03810
04259
00741
03050
05201
00839
04813
00898
07198
07127
05331
06033
06056
00926
07233
07348
00588
02863
05465
01257
07675
01438
06262
03566
05864
04713
06091
05151
04620
03589
05166
04724
00144
03229
02369
00713
07742
05886
07533
04728
06325
01222
00746
03745
05559
03874
00656
03577
07136
05982
05947
01944
01781
07120
01055
00772
05567
02310
02992
00788
05347
06501
00236
04055
03679
06563
03335
06386
02563
00684
04330
07464
01009
06993
05714
05635
00730
02640
03936
01201
01031
02940
04330
02099
05704
03852
07270
01447
00149
00625
02534
00541
05743
04201
05765
02662
06338
04298
00772
03672
04090
01112
03249
03174
05446
07566
05716
02468
03029
05331
06815
00385
05660
04948
02138
07661
02665
03792
02049
04929
07527
01153
07626
03502
07550
03325
04222
04670
05574
06156
06932
04023
01904
02164
04196
04806
03761
07585
00927
07352
07540
01424
07088
07315
04259
01082
04919
05987
07354
02006
00282
06600
00896
07271
07624
00685
03426
03821
01972
07195
02214
03223
04674
06420
01329
05550
06337
06332
04757
03124
01045
04978
06043
01699
07160
01780
07040
02675
02372
00280
02775
00411
06071
06407
06156
03289
05332
00515
03952
07156
04058
02842
00462
01830
03667
04915
02192
00728
07059
06885
02031
04069
05899
03062
06589
02792
03553
05521
06880
00146
06438
06889
00646
04187
03355
07450
03456
03650
01969
02639
03036
02624
03540
01861
01907
03878
00011
00783
05099
07662
03838
01067
05530
05903
05244
00409
00064
02123
02801
05324
05871
04243
02096
00185
07274
00738
04227
00364
06935
03638
00860
06803
00330
00267
07158
06114
02296
04081
01485
02084
00061
03438
06527
04635
05122
00335
00077
01935
01502
01807
01698
02930
05824
01050
04895
00349
01214
02763
04457
00803
01910
04162
00928
01915
01054
04849
02076
05299
02497
03237
02382
01847
04097
02242
00568
04081
03668
00344
03506
07523
05893
02489
03042
00928
02047
04372
03215
02808
06216
00428
01922
07730
01104
02377
00474
05812
05236
03328
05115
06878
00131
03302
05090
02788
06445
00392
07695
03986
04195
04582
03958
06234
05719
04341
07420
01680
05417
01092
04012
05063
06258
03007
00883
03741
05761
01127
07662
01313
07480
04482
03013
03125
06410
03526
05580
05078
01091
03833
06582
03488
07428
06781
04823
00887
01673
07751
00844
01424
04681
06926
05569
05822
07258
05208
03767
02328
03254
07648
00831
04239
01134
03668
06384
01110
01425
03139
02249
02930
01648
03908
04283
04217
06970
06889
04966
02911
00975
07523
02935
02587
07747
03439
00258
04032
01962
06581
05050
03903
05442
02985
06666
01090
05977
01674
04439
07371
03028
04392
04388
02739
01872
03108
04649
05183
02641
06119
01090
06213
01725
03668
06295
04372
01748
06241
03765
03345
00903
01112
00592
04598
06506
05293
07299
06973
06687
06544
02206
05962
03319
03330
01635
03246
06264
06612
01453
06400
01726
05690
07653
05406
00615
07655
00482
05073
02520
00826
05780
04814
06845
04934
04285
06809
01041
00536
01661
00332
04554
01761
05985
03637
01823
01076
00639
03086
03706
04033
06289
07238
01956
03759
07643
04765
00969
07400
04187
04740
04625
03062
00436
07603
07184
02891
04078
07100
06123
01519
00421
03292
06607
06603
03525
00818
06368
00874
07759
05496
00802
02095
01723
02487
06624
07112
07362
01343
03199
04410
04534
03347
00645
00335
03880
00515
02804
06659
05941
04035
06485
07428
05535
06297
01242
01448
02940
04996
03909
07464
02933
01615
02142
03969
02021
06293
05829
05939
04500
04311
00780
01235
01463
03193
03096
04371
00141
05114
05476
05722
01592
04850
05722
03358
03302
00006
07767
02444
04620
05663
02402
03746
00622
03624
06705
07685
02741
06830
00239
04972
00445
01810
05446
01909
01474
04858
01021
02853
03463
01102
02822
02611
00114
00037
00591
00710
01215
04904
01290
05709
03256
00126
07532
03893
02478
03823
07102
01901
00182
04132
07251
00797
00611
00419
01199
01045
07235
07401
05680
05866
02153
03376
02957
02739
06095
05664
02207
02530
04198
01450
05783
06765
06716
01663
06118
01196
01984
06279
02379
00270
06948
03341
06957
01892
03104
06943
06213
00239
04039
02748
01678
01525
01336
07062
05756
00750
04435
01464
03070
06493
00190
04201
03978
01306
05740
02349
06596
03412
01081
01988
07762
02275
05444
05956
03111
03284
05320
04178
00458
00102
03193
06846
06010
03818
07032
06220
01152
02071
01555
03607
05953
01051
03428
02664
02447
05973
05332
00116
06875
02479
03340
04891
00641
02450
04064
05925
01815
04577
02128
06119
00907
06624
02317
07627
00713
04445
00580
00766
02606
02628
05657
06602
00556
02488
05004
07788
06474
01293
05033
01968
07550
03811
04854
02808
00002
00797
02710
04515
02489
01456
07164
05114
06356
05351
03239
01759
05934
04515
04537
03630
06208
06999
00331
01365
03969
00633
07793
00272
00582
05125
03165
01045
07762
04892
06507
05622
03434
02441
06416
02732
05352
03004
04624
01065
06601
06448
00067
05406
05149
04839
06979
04931
07035
05405
04124
00869
00830
07241
05696
02057
02680
00672
05230
04599
05466
04828
05750
07745
06237
03546
01604
02771
07160
06905
05439
07701
07518
04942
02789
02308
02363
03941
00677
02023
00971
06018
01904
00924
06407
00021
03052
05466
01005
03459
01671
00730
02418
00961
03933
01671
06143
03492
01877
03260
01758
05012
00118
04428
05415
04663
03738
06293
04235
00161
06764
06718
02812
01417
01835
02479
00783
04439
06323
04688
02375
03674
07636
05930
02551
00134
04177
07201
05676
06594
01200
07451
05253
00728
06225
03034
05904
06797
06228
02597
00954
04056
02691
03333
04986
02063
07690
02859
02242
00309
01983
07127
06803
01960
01913
06531
00765
02727
05305
04237
03984
04561
03143
03076
01537
02825
01499
02114
01148
04933
00617
05560
07243
01621
03672
02863
03904
07160
06935
03658
01317
07122
04836
00857
04365
04435
03251
05665
00174
02017
03207
02127
07126
01149
01680
01979
00175
05731
00337
06321
00073
03211
05780
02290
03938
05148
02893
05721
02044
05504
04152
01242
05467
03907
02215
05277
03073
02613
05572
01184
04864
03095
01280
03466
05740
05866
01653
00700
01619
04075
04222
04826
02649
01314
07321
04903
00180
06802
00254
00807
01601
01443
00664
01693
07465
03771
01716
05069
01011
06803
01810
01476
01431
05101
03583
02427
06244
00956
04476
00171
02007
07379
01919
01594
04386
03880
02789
03027
04612
05530
01000
07044
01162
05196
00674
00161
04594
07182
07327
07670
01823
01345
02480
05409
00526
00432
04729
05582
02140
01590
06808
00348
04754
06442
06112
02284
07318
01935
04074
01482
06031
00400
01471
06301
00220
00185
00653
02864
00730
03984
06819
06787
07609
04690
04442
05211
01545
00298
06690
03397
05342
06149
06734
01275
00845
05529
04621
04861
04634
04100
01870
01777
05408
02672
04567
01325
06700
00796
07162
04392
05918
02350
06453
07680
07732
01260
03788
04831
01077
07065
04381
03895
00703
00045
01488
01844
03374
05598
05889
01433
01698
02786
00419
01826
02123
02583
04123
04704
00972
03993
05462
07020
02585
03098
01552
01387
04830
00257
06378
00775
05077
02553
06631
01350
00875
03689
06955
03043
06616
00036
07513
05891
06818
06399
01311
05138
04901
01024
05496
04004
05569
02086
01390
01151
06103
06835
00249
03309
03585
00045
05785
07048
03558
04644
01196
02630
04206
02407
06316
04988
00616
00727
03800
06983
02510
06533
04269
07277
04753
03095
05313
01570
04175
00501
04261
01439
03581
04786
03892
07612
00290
00182
06348
04206
04931
02072
03287
02876
02932
06289
03038
00003
04561
01228
06699
05698
03506
00769
04450
04144
03852
06329
02884
06481
01378
06371
04415
06991
00015
06349
05533
02708
03454
06135
03894
06598
01616
02361
01989
07100
02297
02404
04301
06285
04240
04094
01774
07312
01657
00535
00856
04821
06385
04744
03914
00370
07757
05860
06816
01634
02464
00951
04871
01361
02511
05579
05053
01090
07042
04745
00570
03097
03529
02476
01509
05956
01864
04785
06597
06756
04081
04187
05197
07753
02300
06451
03258
05596
03902
05924
05356
04374
07580
03420
02918
06445
04002
00447
07500
02040
01812
07590
05417
04959
01631
03732
06058
06901
03141
02689
06979
01458
06300
03928
00739
00977
06634
07235
04798
05704
03944
00446
04111
02622
07767
06361
02736
00407
00251
06639
02536
06314
03874
07091
00287
00459
01633
02338
05473
05765
00356
05779
01476
02695
00784
00195
03648
06287
01375
06982
06707
06597
07670
00807
04646
02550
01998
03041
00935
06217
06150
01614
04243
04789
04353
05132
05688
00897
06121
01216
02748
05806
03840
03874
07590
01607
00423
02416
07391
07729
03109
02871
06324
03293
02773
01235
02571
01218
00557
02448
07352
05007
01158
02121
03491
00494
03317
06462
05935
02596
03645
06115
06625
02877
02526
02490
07219
02645
04470
02811
00372
05881
05258
02642
06134
01588
05154
06646
07364
01094
03879
04330
04134
04486
05697
07253
00506
05200
03481
05532
01625
02121
00591
03734
02363
04159
05369
06448
07232
01918
01489
00887
01180
05901
07754
03619
02309
01223
06375
06292
07732
05478
05240
06732
00590
00417
05569
04067
05846
02406
03801
02962
00641
06355
07772
06071
02134
01358
04053
02967
00928
07621
06444
01642
00649
07200
07080
02159
02964
03378
01425
06672
01823
06270
04572
05353
06684
07661
02316
07514
01634
03142
06857
06452
00037
07231
05456
04680
03134
07232
01631
05667
03672
06671
04787
07270
00873
02269
00976
07241
04281
03104
02908
01151
06154
04658
06488
02645
01507
05710
03892
06277
03155
05754
03390
02831
04575
03336
06799
06758
06464
01711
00138
05760
06964
06567
05434
04655
01943
02514
00303
06486
02829
06701
05572
02725
02631
04638
01480
04205
01104
02527
07399
03375
06603
04328
05740
04902
06915
00467
04797
07149
07406
00505
00827
01691
04735
03970
03349
03579
00503
07554
07464
03880
00215
01550
00949
02446
00124
02398
00223
01475
01047
01861
00775
06885
00800
04459
00566
05725
04462
05099
00094
01865
04894
07296
05005
04223
03734
01835
02247
02468
01045
02200
05240
00213
01033
03543
06035
00765
01643
02494
00369
01566
04683
04979
05929
05571
05460
05718
05096
01841
03836
00717
03966
03821
07715
01978
05373
02976
05373
00727
04782
02904
05845
06106
02529
04912
07031
06259
02321
00264
01578
04546
05115
06319
02857
04949
00457
03172
01165
05799
04935
05836
02881
02861
03192
03902
03361
00986
05918
05259
04191
06850
03028
00409
03347
06131
04066
07470
01983
01887
05893
03705
04212
02406
07448
07300
02885
04937
01043
04462
00966
01905
07750
05645
00576
03430
07386
01832
02924
02195
01108
00594
05201
07735
04711
07115
06052
05727
02565
06305
02339
04006
03657
00789
07334
02614
00140
07392
01866
01728
03331
00163
03259
01448
00641
05501
07246
07340
02278
03831
05056
00643
05099
00796
03911
01706
05129
02612
06243
06449
01462
04992
02367
06909
05683
01151
01250
05918
01468
03687
00149
05657
04836
03736
02465
05312
05821
01922
04030
00708
01729
02974
00250
00613
05793
04450
01492
03464
03927
03742
02012
00535
03545
06764
03921
07215
05941
00845
03094
04835
06603
01565
02018
00381
00052
03808
04466
02365
04861
02983
07277
02282
02448
03675
07292
02317
04631
06370
04061
06573
02653
06710
04827
06748
00251
05010
04411
02353
06500
00897
01908
02119
06062
01751
03260
01467
04605
07497
03652
00243
04190
05400
06167
04793
02957
00296
07012
07062
07283
04927
05749
03980
06215
02640
03004
07452
05520
01943
00497
00622
07308
07456
00098
04335
04576
04904
05576
06077
03533
04565
03737
07565
06827
00569
00064
05413
03965
07665
00517
05478
03192
03661
02050
02497
05793
02568
04875
01099
07762
03094
00033
07459
06793
06653
05323
02528
02374
03509
05537
05711
04662
06209
05359
02401
06424
05383
01371
02828
01452
02172
00475
06296
05211
02288
01909
05602
01375
03953
06637
00797
05392
06828
03580
04460
07055
07518
05003
00132
02891
02320
01285
05758
03733
06649
06273
06194
05850
04365
00348
06711
02102
00579
01274
05304
06623
03461
03125
07096
07053
03681
05468
01374
05955
03508
04577
03395
07754
06309
06967
02672
02379
01431
00421
06045
01359
05689
03412
00933
00869
04304
01361
04725
02886
06492
04439
00714
02777
05679
06148
03146
01062
06514
01678
06298
06129
01522
01978
07167
05918
04583
02913
00713
04003
02037
06648
01201
03862
02188
07546
04460
00075
06722
05484
02367
07266
00321
02772
03938
06164
00882
00295
00233
03512
06592
01902
06189
00990
00538
02292
00274
00022
02640
01911
05609
