02901
06082
02799
02974
00741
06910
03443
03213
04665
07249
03571
03070
00824
00899
06308
04838
01795
04690
03573
07081
05854
01836
00385
00586
02301
00053
03030
00015
06067
07019
00087
00132
07077
02146
05715
06913
00980
01673
00521
03413
00825
06615
00445
04949
05382
04295
02457
04466
01582
01537
03921
05156
02211
02796
01977
03680
00160
05985
03036
06048
06605
04842
01394
01543
05627
06844
06840
07204
05325
01536
06396
02648
07157
05332
04917
05653
00712
02287
00668
01368
02196
01290
04380
02808
02573
02019
03877
01869
06192
07272
02539
04432
02921
03368
00883
03830
04163
03190
03570
06722
00504
06735
03434
07069
06291
06275
03319
06485
02494
02680
01934
06346
03371
06247
01543
06938
05483
02715
01724
00147
06305
07104
04202
03510
04474
00345
03208
05875
00301
00907
02898
01524
03198
01270
02961
04801
03700
06445
06180
03466
04663
04177
04048
00991
04942
03016
01321
03989
05050
01065
00984
02581
05064
05024
04081
01731
03296
06436
06378
01745
04137
04960
04843
05866
02339
04140
03590
06814
03109
01173
01302
07256
00336
00640
04139
01331
02949
06239
06386
03322
05073
01701
04503
02583
03735
02961
02056
06919
00408
04527
00805
03940
07136
06195
06053
06388
04966
03407
02876
03161
02784
02008
00272
04971
02805
00760
07162
04982
06095
05779
00450
02149
00057
02951
03178
00437
00860
05046
02424
04073
00114
01777
01668
05952
00676
02684
01121
02793
01423
00349
00652
06883
02154
00080
05283
02390
01856
02276
01692
02593
07058
04653
06417
00189
07049
06587
05645
06779
07073
02588
04072
06342
00049
03649
06057
05750
01414
04357
01373
06893
03383
00224
02683
06735
07028
06924
04853
06141
00080
05054
05068
00738
01049
02703
07284
00827
07118
02329
04223
01489
03692
04322
01189
00730
06745
05389
01474
05464
02967
03429
01047
04050
06582
00162
00239
02597
04404
04657
03961
05978
03323
00596
06315
01139
01876
07229
00462
07031
04896
02209
02177
05704
06995
02244
06973
06952
00844
02283
00172
02460
02797
06473
01667
05138
03331
05120
03016
06185
06588
02061
01619
03447
00845
03116
04141
01707
01519
02029
01300
04173
02366
05891
07192
00515
01732
02707
04890
02205
03887
04316
07286
05789
03074
05407
05703
05982
03887
01014
04560
07256
05338
03852
04415
02629
04131
03624
02269
01558
00978
00674
02521
04840
05424
00098
02793
06046
04913
04238
02847
03269
00257
02757
02502
06751
02196
00135
01205
02341
03853
00856
03329
05008
01472
02473
06690
01539
00477
05933
07257
06720
03457
04373
01965
00248
05011
01956
02019
00681
05744
06042
02233
02615
05635
00684
03046
03278
01025
03124
06760
06112
01174
06582
00464
01139
00209
05276
05535
04386
07110
06803
06691
05609
03128
00288
05844
03235
02147
03119
06413
02596
05875
03954
04178
00372
05216
03906
01527
03015
04775
07278
04852
06819
01421
05076
00165
03923
06664
00450
00482
06446
06278
00750
06360
02074
01555
03527
06162
03607
03319
02384
00398
02963
03800
00550
03680
04023
00786
03967
06613
01448
00800
03753
02782
02321
00435
01294
06752
05470
04383
00218
05352
00554
05850
01238
02463
06285
03170
05093
02432
04320
05219
05939
03123
00755
05030
05791
02891
02170
05161
05686
06571
05603
02742
04943
01961
01323
07136
03368
04744
00356
06625
02429
04056
05791
00466
00847
01262
02900
06141
00418
06005
00368
06304
06981
04304
00647
02545
04173
07269
03990
04886
05297
02623
06263
01799
06361
01025
03653
06798
00621
03626
05099
05786
00590
05398
06353
02881
04308
05283
05786
02256
05682
01478
03141
03482
05584
05184
06854
01848
05774
02104
03986
03204
03507
04331
01140
03561
03277
05679
05758
04460
01915
01470
06056
00181
05665
05331
06363
03912
01283
05083
02795
03703
00643
03677
02511
00636
07176
02661
01206
07077
03500
00255
06648
03264
04119
05680
04226
01554
00410
00894
04711
03412
03504
04404
06132
03108
00283
04017
02562
07178
00094
00186
06699
01646
04482
06788
00520
06123
04783
00525
06287
02919
03071
01498
02153
03966
03018
00410
02349
01393
01069
05910
04376
00806
06473
06436
05665
06706
04211
04894
00698
03592
01207
03688
00015
03562
05561
04467
00445
01758
00960
04605
03331
04394
03770
03498
02372
06349
01513
07236
02042
03914
05109
07071
02804
04035
02874
00529
06837
02627
03477
05142
07042
06809
04764
07260
05197
02369
04967
05068
00637
07210
06203
04680
04739
02938
01621
06594
06771
05353
05810
02167
04392
05116
00930
03814
06376
01599
07207
00760
03347
03235
01514
02347
03295
01154
01670
02431
05315
00120
02341
01445
03662
02914
00591
06760
03240
01095
01332
05294
05567
02875
05526
04011
02978
02345
04337
01258
02503
04297
04356
06961
02064
05502
02714
01035
04573
03522
00273
06841
03152
04592
04058
05397
01781
06419
04070
01419
05361
01525
04177
04699
04231
00811
04789
02432
06610
05740
05750
03383
06335
05574
03193
01967
03438
06912
06979
01189
05107
06254
02005
06534
03788
03211
02887
03272
00030
06101
03154
04790
03022
03555
03873
00576
02633
06180
03175
03850
00999
01381
02319
01217
06469
01429
03558
06616
02359
03253
07000
06238
04738
06325
04174
05037
06903
02862
04206
04647
01024
06035
04720
00641
06771
00156
04514
01661
03598
02791
00040
01728
04406
00768
06402
04257
00816
06314
00515
06742
01949
03845
00734
06885
05334
03484
01284
03856
00165
02074
04106
01397
02784
05861
06536
05440
00236
00505
04995
06770
04161
01835
05544
01312
06113
00497
05231
06194
03682
00279
02655
00174
03618
00984
06247
01694
00778
02879
06194
06369
04991
00657
00216
00642
02077
03816
05358
03394
04241
01887
00493
01084
07007
00625
04386
03707
05798
04068
04137
01941
05084
03493
05452
04092
05445
04466
02615
06581
02599
06989
05650
06936
06588
06269
02059
00739
01181
02759
04374
01008
06819
02170
05779
02530
01932
01816
05372
07156
00275
07293
02144
00440
00798
06727
05552
00655
04478
03055
03036
00010
05373
03210
04427
01107
02459
01588
04204
03490
02102
00568
04420
04642
06341
03866
02598
06308
06675
00713
01424
01454
04666
01272
04245
06937
07283
04218
07013
03977
05065
03315
02161
04638
05047
03375
06916
04845
03574
00240
00057
07061
01528
01964
01844
05784
00459
01531
02628
05258
00937
03859
02372
06456
03658
02741
07151
06791
06348
02381
00845
06196
04587
01158
03359
03612
03158
06688
03574
01889
04160
02627
04945
03216
03592
04725
00118
05349
00189
01089
00316
03657
01214
06871
01998
03843
07107
02868
04827
05587
03780
00654
02977
04945
05582
03472
00128
06381
06717
06144
03918
03100
05978
04399
06485
07133
01854
04631
05033
04975
07083
00596
06712
05420
02697
02404
05191
00563
04234
02585
06300
05088
04272
01201
02897
04040
02976
04366
00940
05640
00921
00208
04462
04733
02378
03946
01864
00874
01002
02461
05223
00836
02873
04081
01608
04188
05123
06151
00879
06672
02945
00564
06402
06286
01568
01143
06057
00284
00000
02274
00154
04253
05906
02631
02823
04146
00326
07214
00827
06622
04315
02068
03114
01321
00560
06426
02032
03147
04816
01932
01210
01533
02718
04721
01834
01313
06700
05939
06945
05358
01906
02801
00446
04008
00668
00282
00165
03181
00664
04258
02997
05962
05109
00887
03927
02277
03078
05572
02165
04459
07283
05862
01552
01535
06500
02124
00875
01286
04235
06102
06733
04634
04182
06716
00893
01337
05558
06708
02940
06743
05590
00362
05450
05837
05038
02655
05935
05710
01901
02276
05791
01911
07161
03125
00965
00130
02671
01226
00050
06143
06541
05024
03088
06408
04661
00193
01610
04037
05825
04158
02595
00988
04731
01237
06915
03947
04864
07187
06772
06042
00780
01064
06248
03116
04462
03058
03821
00938
01779
04449
06690
02347
00340
02068
04968
02316
02829
01689
04013
05391
01072
05151
02220
02768
02268
05901
00723
04388
05956
05460
04867
03302
07199
03362
01286
03060
04309
03337
06591
03475
03376
00850
02319
04767
03566
04879
00363
07021
05368
02325
06887
01196
07180
00592
04250
02634
05367
05885
02807
00356
05389
05545
00016
06162
06699
03724
02669
02577
01491
01393
06117
02796
04183
04782
04966
06569
02604
05016
05127
07172
01973
03615
04607
04142
03949
02076
00160
02536
06018
00201
03522
06708
01380
05447
02523
01581
00194
02071
03852
03523
02292
02923
03809
05162
01662
00131
03514
00944
06753
02791
03270
06145
01972
05977
00770
03899
02727
04924
02676
04696
00255
02417
05228
02335
01933
03705
07291
03437
07266
03280
01955
00840
04243
00778
05593
01521
00511
04718
04820
05348
06118
06190
01773
02260
04341
01205
04755
02547
04429
00468
01576
03367
02316
00477
04058
02698
04247
03780
05682
05896
03345
03946
00479
02062
07009
06282
01639
02353
07257
05308
01663
03918
03695
02142
01072
04008
06224
03329
05667
03772
05307
03187
04293
00376
02060
02769
05963
07212
00007
02024
00359
00803
05761
06088
00615
06804
06934
02513
01392
03049
01640
05087
01587
04952
06211
01786
04751
04875
02878
02372
05664
01356
03775
05693
00871
03188
01075
04656
01928
02253
01377
04780
06025
04689
06069
02276
05572
03707
06969
03028
02672
01050
01384
02857
03097
05437
03483
00059
01386
07075
01138
03745
07233
02478
04251
05811
07178
04112
02421
05148
04744
01921
01820
01800
00525
01492
02845
06896
06969
03450
01427
04522
03771
06148
00010
06688
00460
04550
06419
05056
05965
00669
03563
00158
05671
03058
00168
03765
01754
00029
07219
05885
04607
00348
01041
05666
00144
06322
00634
03906
01914
04681
06463
01881
07253
05719
06488
05038
01569
07197
00926
05914
03916
00044
06495
04945
03141
00613
05485
04998
01227
07118
01364
01861
04334
00947
06632
06411
03428
03824
00618
03357
07140
02168
00463
05905
07206
02271
00976
01141
00643
06605
00037
04332
02730
03494
02981
05624
01032
01014
05423
02318
00165
01590
04419
05961
05677
05233
03400
04845
06198
01062
03179
05560
02383
03555
06581
04335
00078
01699
06213
06403
03946
01894
03872
01508
06569
03637
01534
05762
01222
00145
07194
04407
06847
02572
06826
04897
01482
02135
03910
01404
04182
06855
04088
05641
02609
04587
06429
02750
00864
01236
01623
04859
02659
02780
01722
01838
02783
02002
04804
04363
07162
00570
04565
06758
06871
00717
05008
00833
06943
01395
01390
03767
05744
06545
02977
01011
02244
02511
07064
01871
02206
05338
04946
02260
04145
06628
04536
06243
00906
00301
05629
03243
04265
01946
06313
02846
06155
04741
05486
00933
03328
05995
03463
00771
05732
04594
01602
03886
03288
04076
07118
01714
06062
07069
02330
00908
06533
03357
06954
03795
04408
00857
05235
07249
02758
07236
02710
06104
00621
02847
02786
06145
04932
06379
03986
06943
02073
04987
02083
01782
02644
03312
04043
00534
01377
02032
01780
00314
03642
04188
02407
02929
06490
00635
04244
02527
03738
05353
04351
03791
05295
02129
00514
02090
00875
06293
01123
02264
03081
06060
06085
06043
01488
04625
01934
03347
05096
04689
02678
03914
03921
03727
06920
04861
07016
06716
02771
05232
03100
02655
03269
04268
00874
00905
02760
00658
04742
03975
02321
00173
04115
00364
06670
06852
01128
00691
06675
05642
03449
03082
04526
06659
05189
06228
02657
03528
03906
03873
05605
01080
01660
01664
02928
04258
03098
00236
01030
00350
05572
01476
04457
00435
04514
02028
01848
05135
05530
00644
04760
01267
05781
00484
01683
00955
07218
04018
03501
06102
00304
02009
02664
01063
02055
01359
03159
04175
02711
06774
04119
01931
02117
05460
03515
04549
00051
02304
01554
01275
02263
06946
03191
06229
02088
03514
05793
05733
03549
04738
03509
02046
05798
04175
02565
02985
02988
04245
05951
00679
01341
00634
03579
03911
02222
05044
04414
04384
06799
03336
02156
04240
05833
01412
06197
04097
06210
03430
06960
05525
05769
06519
00136
01921
00000
04502
04969
00010
03700
05420
01931
06955
05952
02569
04803
06863
02115
00267
06971
06848
00588
04696
06651
04062
01819
03258
06921
00670
02738
00714
05641
06047
01690
06981
06372
04742
00841
02783
01051
04906
04630
05334
05741
04858
02028
03196
04057
06012
06126
03001
05065
05272
06991
01675
04301
02374
04494
05301
06204
03709
00702
05923
04410
04763
05541
05136
03174
02446
03399
05150
02675
00669
07158
02227
05247
00101
00588
05732
05411
03796
01357
03195
03438
03352
02000
02046
03284
02066
01421
04056
07162
01669
05189
04309
00529
00353
07093
03289
00701
05492
03072
00298
04013
05963
04545
02881
02685
05084
00166
05340
06272
07261
05424
05143
02739
03093
05111
03477
03554
05835
01161
06751
04962
05807
00458
03891
05997
02845
05119
03383
07167
05677
02250
02876
04521
00089
04990
05770
03840
06034
06472
01278
06676
04681
02674
03355
05671
00743
03079
05168
00057
05353
00612
00063
06569
02538
01602
01582
00790
06959
04718
01042
00841
05048
02583
02109
01640
04261
04786
04421
04624
00340
02376
02148
06787
05402
04211
06543
03668
00513
04614
04347
02612
04680
02825
05262
03047
00671
02822
02795
06948
02227
02147
01718
02555
00462
05340
07171
01812
05516
03956
04675
06773
05129
05532
06316
05869
01663
00232
04661
04271
02872
03347
04321
05843
01260
05930
05186
06016
00425
06920
00595
06703
00117
04989
04568
07260
05042
03517
06630
03535
00038
01576
06842
04046
04253
02949
05778
02906
01699
01196
02911
02155
02167
01045
03159
04223
04238
03739
04107
01707
05837
04057
06809
05676
01117
00248
05355
07264
00313
02774
06972
00264
03599
04383
07128
04456
06762
05475
06328
00235
02516
00900
04544
02377
03387
01738
01613
02482
01128
03184
02835
02604
02363
00217
03859
00802
05707
01585
05511
03233
01691
00699
02475
02607
01228
06220
01993
01486
05733
04574
03900
06907
05493
03415
05301
06101
06379
03444
06270
01610
07151
00014
06836
02461
06302
00692
05807
01896
01804
03751
03337
05041
00855
06428
05348
06224
02299
05756
00631
05545
04805
01394
02599
07026
03557
00353
05821
03975
02284
00776
00464
01338
01452
05917
01445
02388
02966
02174
07083
02516
03766
03099
03652
01189
03425
00148
04911
03216
02977
00410
05052
00205
02691
02271
01197
06576
01202
01243
01100
04990
06969
04366
03389
06262
01673
01619
01971
06413
06228
02871
04307
01762
03330
03672
03052
02212
04222
02505
00867
01461
04119
02799
00195
02086
03906
01628
05934
04113
01455
01168
05978
03059
04103
06990
01694
06582
00079
06355
00205
05122
02968
04714
04925
06504
02080
03310
03998
03467
04814
02045
05198
07149
03387
04965
04232
07111
02447
05843
06421
02685
07252
02285
06959
05593
00909
06864
00019
05498
06139
07210
00039
00216
04689
02465
01347
05023
03865
03366
02200
00790
06676
04866
05182
02959
00951
07003
03284
04673
00153
00702
01664
03241
02060
02189
06924
00177
05856
04920
05859
03170
03279
00238
05965
00654
04784
01794
01074
03672
06147
01511
00528
02748
04769
03002
06084
06235
07049
00758
04326
02655
06082
05947
01865
01999
04457
06572
01556
06683
00311
01230
00444
06975
03281
04794
04628
00910
07228
06210
03490
07286
02404
03550
00830
05867
03980
04702
01536
07165
06671
01029
05170
02026
05626
03460
04272
03121
00906
05663
00244
04470
00795
06141
05308
01392
04083
05207
02998
03053
02422
02222
05363
05377
01898
06402
00372
05632
02942
01114
07065
03089
07163
04177
05417
01886
02878
02502
00143
05374
05131
01073
00607
00351
01092
05611
06552
00673
01419
01696
04662
00967
04093
00940
01429
02733
02102
07015
03468
05438
06098
02154
01728
06176
00307
01152
00554
05182
06198
04337
01844
02558
03756
00275
01725
00074
04569
00410
03995
01590
04920
03598
05069
04923
04522
01469
04075
01630
04617
05502
00061
05595
06213
02266
05497
06221
01562
00533
04357
06475
05977
01689
06944
00190
02029
01168
05190
06462
01294
02224
06003
01283
06613
03132
04817
02950
05816
05737
00474
01168
06409
01922
02147
03731
01278
04594
03284
06711
03775
00709
02950
05337
02799
06314
03963
02916
01918
04204
00690
04444
00012
04111
01666
07020
03068
06359
01173
03656
01400
06212
06046
03164
06508
02668
00291
01384
05302
04634
05485
04484
01532
00895
01714
03340
03205
00748
04237
02818
03835
06928
06646
01936
04527
01984
05061
00018
01828
03557
01081
02788
06269
07006
06574
04813
03377
03203
03704
00844
03592
02333
06647
03463
06804
03544
04240
04015
06299
01151
00574
02223
06432
07239
06249
02293
02686
02371
06944
07208
03488
04873
07034
05119
02500
02874
00876
00214
01983
04220
05806
03207
07189
02485
01124
00417
01926
06423
04212
00234
00608
00538
06189
04750
02742
06366
02328
01880
06970
03960
06195
02577
01498
06928
04446
04648
00376
06594
01286
04017
01560
02621
02234
00899
06841
05524
06733
04796
06052
05292
06162
06835
06345
01587
01615
07054
04363
05960
04501
02573
01634
05387
06337
03671
06393
04336
01816
00536
00170
02340
00221
02470
00743
04393
00015
05214
05002
04304
06713
04474
00165
02768
03055
03816
01901
05517
01456
06816
02056
04902
04914
04051
06771
01028
04595
07278
03225
07105
01681
05551
04994
01238
05208
01895
03763
06145
00057
00712
03855
02387
02639
05129
07069
00510
00802
00853
03317
06791
03759
04925
05093
03674
04211
04491
03596
04563
05953
05004
06050
01126
05551
02257
01543
00622
03881
01121
00610
06239
01920
01483
05254
02206
06770
05931
02656
06050
03451
01256
00324
05366
02378
01994
00498
04219
06490
05249
00082
03683
04783
04790
03724
04843
01109
05061
04585
03213
00894
02545
05863
03791
04953
03524
05904
02445
05519
02763
05974
06417
04963
03463
00799
03630
01811
01345
00652
01226
05345
01280
04696
02514
01080
03989
03522
03689
03367
05844
00573
03399
06708
07086
04270
05352
06355
02494
00608
02548
05258
03050
00187
07123
05053
07270
00169
02059
02831
01368
05785
02722
04187
06669
05243
00934
02713
02952
06038
02987
06253
00465
02643
07297
04547
05520
00714
02574
02906
07087
00338
06475
00079
02426
00443
01059
05117
01502
05451
04157
06730
01622
02590
03656
03064
00580
03726
01677
06182
04383
04511
00885
03896
04133
00506
05708
00619
05179
01129
00194
01530
01748
03451
00914
02297
06052
06814
00065
06699
04815
04213
05512
04559
03696
06816
04166
03641
03216
01382
03897
00655
00182
07257
05216
02643
00112
05979
04303
04107
04619
02522
02315
04712
01069
05147
06517
01821
01781
06164
02177
03112
05733
03153
04044
00747
02764
06729
00439
04093
02274
03611
00691
03544
06673
00012
02663
00579
04845
07237
02457
00132
00976
02689
07142
00903
03953
01573
01003
04403
04860
04325
06936
03951
07291
04314
03209
03650
01947
05515
07172
04104
01725
03124
01891
01016
06260
00917
06819
02726
03801
01417
01266
06934
05983
05606
03421
01244
04125
00670
05194
02211
05697
01157
06342
03192
01278
05558
02198
02072
05838
01800
03464
00931
02158
06821
04333
00348
02780
06230
00911
06442
04108
06250
03649
01161
04003
00777
05691
00597
03364
05757
00188
01773
04148
03216
06190
04400
05962
07078
05993
05537
01100
05346
05204
06320
04705
07063
05073
00660
06720
05636
02080
05202
07094
00977
06348
06905
00568
03198
00174
03332
06172
00867
00550
00756
01033
03898
02696
07182
01910
01065
00120
03676
05757
05075
07099
04941
01858
02054
03571
05948
03888
05467
03021
00231
05410
02661
05909
01365
04858
01189
03634
04544
02558
02955
00525
06757
01261
06563
04100
00810
03535
05819
06361
00903
02201
02233
06245
03974
01088
05961
05715
02992
02252
01635
06754
04016
00332
06471
01953
00778
06253
06338
01379
04522
06033
03278
02103
04536
00686
06307
04867
00928
01832
06181
02498
07071
00368
05498
07147
00005
03852
00176
02976
04611
01524
03908
04460
01717
00234
00270
04437
06772
07001
05553
06282
00929
04795
02544
04489
06757
06482
03183
05253
00829
04807
06415
06384
03159
03831
04004
05308
06740
00493
03033
04896
01702
00572
06815
04942
06662
02730
01471
01303
01974
06699
03694
00031
03861
05389
00552
01651
03615
04740
00961
01137
03468
05185
03240
02539
06238
03104
06814
02989
04618
06980
05729
05201
03673
07113
04590
06008
06496
05644
04142
06216
01610
01389
01746
05764
07110
05706
05058
00821
04036
04232
02386
05399
03397
05865
05229
01171
04571
04801
03831
02381
01196
06501
02515
04712
06492
04153
01938
03643
02650
01262
05234
03284
03350
06325
02935
06832
06881
03199
06283
03742
02650
00898
03795
04976
05637
02997
03477
05432
02003
02701
00085
05204
06525
04740
05804
03618
03406
03638
05052
04963
03476
05542
02923
02978
03147
02290
02426
06532
00540
06596
05603
06564
03385
03115
00446
02863
06371
06058
04393
03522
03162
00044
02943
03559
03257
02696
07239
02501
03576
04967
03834
03646
01590
03772
06842
03888
05761
00096
03419
04290
04778
02525
04113
01670
03411
04209
01592
02336
00215
05567
03768
05412
06908
04470
01252
06397
04644
02109
07057
03870
04250
00760
01237
07187
06301
04574
06199
00353
01747
05592
05679
02937
03456
00945
03893
04303
04110
00382
03242
06576
06169
06226
07215
02608
02064
02719
00002
04222
06214
06813
06317
00913
03884
05837
05754
05863
06080
04954
04345
05044
02163
01028
03952
03110
04404
00528
02952
01209
06232
00061
06770
00462
04106
00400
02641
02500
04063
03656
05020
02843
01528
04434
06721
00185
00698
03959
04167
05444
03411
00320
06249
00243
06295
04446
06075
01097
03225
01344
05938
00530
04018
05662
03294
01567
01369
00496
06375
00350
06649
03792
01338
06496
02637
00501
03645
05020
04903
01161
03506
05846
01959
02373
05938
00884
04448
03636
05637
02620
01875
05867
06254
03339
00403
07145
04288
03414
06066
05912
06385
03584
04082
04618
04544
06236
04758
07165
02142
02501
04852
03374
02917
03935
05795
03973
03305
03656
02117
05400
01996
06257
01115
05066
02765
03036
02738
01002
00682
06756
01378
05833
04114
00635
03706
04316
02446
01847
04442
04403
05012
04919
01037
03828
05934
03390
01687
03376
00521
07136
06220
02029
00222
05480
04687
01220
00198
05509
04238
00670
04706
03444
02907
04970
02986
05535
00668
07062
04684
03662
00377
02223
01566
05660
04002
03078
01464
03740
01467
01953
06303
05958
04287
04664
05353
05283
02762
06974
06874
02626
06672
00912
03318
02978
06399
06764
04846
01709
06789
04030
01098
02960
06967
01196
06068
06842
04430
00780
00922
04927
00608
02881
07102
02627
05599
01187
00815
06733
00905
02364
06904
05679
07248
01255
00513
04351
06590
04551
00710
05322
02765
05809
06532
06813
00968
01359
01203
02903
02434
03191
05290
02187
07257
00604
01855
05266
06516
02120
05298
02243
04118
00629
03493
03724
07150
00681
00422
05958
00934
03950
06341
04021
02932
00016
06318
06926
06169
02032
06523
03653
02106
01253
00259
06810
01306
03921
06737
03053
00842
07205
03908
05247
02600
03610
01736
04160
04633
00261
02075
02679
01465
01746
06068
07141
02633
07198
05876
06006
05457
00446
05431
02133
03790
02068
05404
06919
05804
03749
00529
05199
03140
05064
01575
06077
07087
05611
04898
05509
02858
00116
05631
03747
04626
00595
05594
04738
05106
06223
05962
03490
07073
05110
05988
05383
00810
01747
00455
00971
05406
01011
01350
06904
01047
06872
03377
03336
02555
05563
03591
07085
02281
05460
02234
04349
04586
01736
01115
01211
01661
06375
02508
05753
04723
05720
04049
01555
00813
04350
02023
05488
05220
03796
00249
06175
04679
03993
02237
02600
01053
05803
02246
00058
03550
06611
06843
03378
01028
00878
06333
05774
00271
04298
01627
07207
02733
06603
05686
05697
01624
02957
01292
03346
01238
06648
00806
04101
06216
07284
07262
04934
03296
07239
00075
00774
01884
05355
00920
04889
01624
02429
05757
05681
03219
01964
06565
00105
05763
06332
06889
01144
02467
01824
03762
03052
04713
05975
04340
07195
05453
02659
06082
05757
03297
00346
02023
00546
00025
04514
06452
05379
05926
06548
07026
03117
06259
00946
04851
06715
01323
02839
07184
06854
01590
04520
01408
03638
01172
05280
05847
06651
03932
06780
02008
01973
06258
01741
05718
04574
06515
00455
04135
00119
06603
06860
06057
03350
06009
02755
02305
04959
01379
04627
02055
03065
03516
01647
06944
02529
03723
05024
02016
02718
00871
01345
00952
02539
04985
07043
06507
04618
04147
06039
02881
06049
02834
03633
00509
00441
00038
05471
02296
03223
05670
00261
02371
06347
01943
02159
05129
06228
01807
06510
04199
00220
02634
02856
05166
01950
01438
02002
01935
03158
00556
03128
05342
00378
00699
04954
05976
01444
01721
01830
04590
04775
04136
05020
01863
06426
04917
00483
06515
03683
06926
00791
06991
04613
05955
02145
00533
00971
02175
05932
00077
00114
03652
05831
05270
01753
04590
02644
00610
07059
03984
01260
04772
00710
05958
06282
03512
03995
05310
07211
06722
07019
02283
06947
04029
02645
05440
00566
02551
03729
01702
03989
00045
04933
04265
07205
04617
01831
07148
01099
06204
04256
06225
07273
02111
02748
03955
04896
00893
00207
03568
04848
04734
02303
00139
03549
04344
00420
02127
03952
01735
02501
03470
00122
01709
00861
05044
04029
02143
04067
05180
03578
00858
05254
06269
01514
03005
01574
04795
03317
06911
05300
05321
05156
06251
06112
06936
03639
01425
03793
00578
01796
06133
00718
03051
02267
02178
02965
06633
05707
00612
01657
01810
01478
05767
05113
06704
04193
05216
04607
02251
04811
04062
02003
02139
06976
01154
01001
03540
05978
05455
06614
04337
03324
05165
04456
03198
04900
06915
05336
01275
05591
06632
01998
06951
02886
05135
04512
03146
04400
01874
06620
04341
02071
00481
05671
02432
00697
04017
05975
04990
02989
05983
05049
01094
01562
05211
06808
04906
02188
05309
07063
01704
03669
03743
07197
06710
03032
00251
03389
03798
00990
05857
03659
04303
07265
02153
06966
07080
02290
01889
02433
06271
05198
00448
05548
06887
01193
02279
06821
02707
03872
02007
05371
05226
06278
00754
05759
05663
06309
03107
02126
05969
07099
05951
00535
02753
01936
05981
03203
01409
06835
05074
00099
06445
01725
01559
03941
00909
05150
05673
01728
01293
02219
01935
01830
00774
04940
07219
02159
02326
07108
05122
05884
01191
01947
06782
03970
06717
00585
00853
01382
07137
03488
06328
05310
04867
04528
06400
06589
01188
00455
04889
01055
04101
05106
00361
03789
00291
04469
05411
07257
03684
00311
02601
03051
03760
03795
02833
03936
00329
04507
04170
03070
02381
01770
00804
03641
00833
06385
06629
03460
04344
01537
07108
05201
04018
02105
06198
02372
04735
02144
06950
01290
05960
04391
04967
06771
04916
01049
05875
03677
03424
04767
00320
03236
07285
01343
01616
04344
05284
06896
04605
00542
02844
04809
05228
01652
06368
04008
06157
06399
04404
05009
06805
04850
00610
04292
05608
01440
00390
05291
01890
06782
06139
04913
01066
04745
05045
04233
00901
01156
02135
02559
06418
07259
04257
05710
04982
00976
00616
07282
05579
05621
04943
02092
06966
00259
04195
03341
03506
00298
01607
02028
00957
06843
07153
05988
01737
00307
04360
03963
00648
06045
03510
06420
06268
04459
06595
03864
05642
03637
06993
02764
02424
02940
00836
03554
04346
02059
04733
02255
00138
04921
02687
04924
01275
01402
05938
06294
05920
06599
02591
07141
03227
03561
05805
01851
01536
02650
01398
01155
00225
03108
04995
07261
06043
05523
03395
04029
04938
05158
00335
00333
01851
05113
00258
05455
00054
06954
06822
05324
02056
05517
03130
02767
00631
03879
06609
03898
04182
04727
06674
00211
01525
03189
02503
04914
05645
00761
06251
03287
01804
04095
05794
03284
02103
00953
02879
01058
04197
03320
02413
02865
02001
01757
06089
01637
04473
02592
04681
04403
01781
05172
02714
04261
01591
04771
07127
04063
02357
01783
07257
00263
02778
01402
06996
07136
05290
02239
01067
05927
07184
07034
00732
04175
06129
00595
02492
06567
05143
03098
03918
05506
02102
07067
03423
06251
06588
05270
03717
06563
03279
00194
05929
03301
04694
02544
05468
05292
06637
04737
06078
05068
00711
04556
06346
04967
06599
05175
01334
01614
01327
02597
03066
02621
06956
05670
03625
00479
00862
06306
05057
05775
05373
01428
04283
07237
02734
01104
03826
04721
00971
00320
04340
07016
04386
03729
01028
00920
05121
04304
05968
00821
03623
05319
00959
03521
03504
02095
00028
03840
02170
05628
05757
01127
02800
04990
04338
02827
05088
03582
05294
07275
04057
06937
03309
03323
00713
06937
03665
00803
03583
00508
00314
04548
05173
02467
05164
01529
00481
03527
04967
00846
01529
04960
02811
02922
04859
03532
06712
07188
00506
06011
04061
03210
05219
00682
00660
05193
01088
06444
06369
07272
03426
05533
01184
00339
01308
04334
01210
00943
01968
01682
03560
03545
03825
02093
01174
06469
01291
06338
01655
07099
06090
00574
03546
04377
05520
04872
02258
00326
04399
05175
03276
02426
03982
00425
02869
01230
01183
04954
06303
00024
06096
05032
05833
04078
03784
01219
07250
00640
06959
06348
03056
01691
04582
05896
03217
00864
02988
06287
03803
01903
00966
06650
03514
00942
05350
03290
06286
00665
01992
04311
06393
00484
05082
02405
03074
03719
06968
03651
00484
07218
03944
06170
00734
01802
03765
02468
06019
00721
00389
01918
04727
01634
05093
05392
06616
01528
07159
05193
04543
05185
05478
03023
01928
00654
02509
02633
00341
02566
03819
01804
02739
01768
04901
01455
04883
06147
02271
06619
02035
05810
03448
05431
01145
04201
02324
06045
03969
05579
04948
04526
01200
04857
00500
00817
02278
06327
01586
01732
06196
00770
05632
00826
00923
06294
06144
03293
03417
03319
04887
03516
06185
02359
06675
03165
06063
03019
05235
03770
03042
06772
05877
01325
02621
04576
07112
01650
03601
05286
02200
06921
01409
06143
03982
01994
00821
06559
01281
04126
00717
04396
06507
02195
01086
00598
03826
04331
05595
00516
02794
04490
06949
00211
04784
02854
04213
03480
00609
06120
02584
01785
06600
05082
05881
04517
07083
02231
01408
06228
02545
01136
06931
02248
00610
02641
01556
03021
07084
01939
01233
03160
03269
04117
05652
00551
01846
03733
06093
04497
05455
02447
02083
05869
05062
03413
04287
02548
02274
00338
06628
06337
02400
06945
01858
03329
02868
01133
02394
01001
05610
03327
03883
07204
01832
01092
03947
00145
06350
04994
04957
01585
06550
06974
02311
06577
05905
06855
01826
06393
05814
00910
04909
04785
02017
05598
02311
00773
02469
01395
05917
06833
06175
03700
03283
04142
01368
04786
03072
03788
04057
00004
00777
02501
03085
04137
00051
03339
02473
06621
05913
03282
03465
06912
03820
05681
01164
03447
06850
02683
04252
05224
03466
03862
02412
00459
03315
01084
01387
01920
06821
04254
02890
01613
05836
06962
06162
06629
01475
04728
02132
05757
01613
00757
04886
05318
04792
00297
01558
04172
02887
01720
00483
02392
02102
03503
03484
06234
00033
02057
06342
01057
06229
01381
03411
01975
04808
07271
03016
05049
02644
04727
07211
04348
04370
02345
01109
05199
00717
04368
00051
04561
04078
01430
04621
06106
02948
00750
00200
05134
02533
00381
03586
00154
01840
07293
04204
05108
02463
06592
04859
00865
05505
03961
06876
02150
03131
04386
03174
04704
02364
02459
04510
05866
06774
04230
07042
01686
07061
00461
06312
03367
00005
07284
05289
04138
06471
05271
05826
00186
00526
05117
06011
06470
04270
01914
03155
06579
03062
04996
05361
06268
03519
03225
05340
05574
04813
03881
00446
05732
06372
02840
04587
03088
04651
00526
03917
03581
06397
01555
05844
02962
04912
02738
00512
01375
05751
05670
06015
01662
04361
05364
05757
06048
04544
02896
01196
01303
05577
03006
03669
03537
05613
07060
01113
02239
06608
06472
02036
06472
03326
06213
01295
01428
06299
06879
03774
02269
04321
00816
03821
00717
05757
07044
02136
04690
06919
06246
04547
06608
05278
02065
01884
01609
05876
01353
02443
00983
00888
07268
05243
06874
01723
00520
01435
07248
02597
03805
05698
01611
05819
01488
00036
02363
00966
00438
00989
04625
05882
06127
00768
00920
04318
01462
05845
02615
06482
03907
03365
03395
06239
04528
04895
02467
01234
00917
04107
05678
05139
04255
01050
04726
04157
06484
03797
06435
00975
02669
03024
04482
03631
00120
05036
03596
05675
06609
05241
02079
00749
03393
03946
02317
03872
06859
06566
00452
07085
01127
02003
07022
02236
02221
00495
01897
00347
01090
02587
03934
03194
01737
07193
02316
01397
04165
04362
02941
06514
06935
02284
00481
04680
03328
06090
05179
02976
04845
03746
07021
00232
00100
03640
04263
02890
04207
02085
05916
06494
03299
02891
00749
03713
04630
06169
02108
00941
05726
00119
04345
04323
07030
02034
05595
03468
07172
02478
04570
04959
00891
04554
06344
00021
05313
05078
05339
02911
00065
01412
01208
03457
00134
06081
06186
01001
04005
03430
05253
01830
04990
07166
02949
00874
04460
01892
00286
05459
04672
05334
00154
03421
02307
06773
07276
04014
06649
06708
03476
02372
06231
04109
01428
05665
04428
03095
04182
05057
01180
07189
04931
03912
00986
03248
00877
00359
00500
04672
00832
06256
05381
03805
03743
00810
02803
02085
03870
06858
05146
01535
04884
06949
04822
03618
06344
04668
00185
05408
03049
06883
00345
04054
02747
07103
04641
00965
01632
02653
06722
05119
03852
00331
02718
04972
05821
00865
04433
05453
03624
06590
03497
00070
06413
04898
04688
01660
03421
02180
03396
01418
04115
03733
00287
03665
05956
06000
04824
04700
05272
01901
00354
04985
00327
04604
06720
00386
07060
05075
05291
06904
02577
02777
07241
05974
03300
00162
05635
05875
00847
02916
01830
01385
06256
00064
02674
03506
07011
02553
02059
01373
06092
00975
04593
00783
00408
03892
03879
01264
05904
06044
05368
01872
01234
05527
01907
05258
04505
06891
04294
04848
01912
04713
06827
02411
01944
06240
00570
02414
02855
07037
05213
00969
05692
06274
03193
00103
02363
05906
02959
05733
01585
04856
06593
01936
03850
00604
06179
04591
07057
00962
04597
04065
06995
05697
02886
03533
06870
00256
01943
07259
00768
01361
03643
04856
04351
03068
05748
07155
01905
02759
01755
00926
05458
04602
00300
00804
06286
05320
05333
00560
05653
06974
07276
01608
06069
04890
06572
05429
02328
04030
03058
01494
04023
02879
03745
00053
06630
02603
01809
04585
01745
07057
00640
01255
04765
02163
04974
00220
02573
06008
04888
01882
06992
01606
06264
03635
04588
04108
04388
03743
00692
05124
02617
06768
05987
04854
06391
04241
03742
06752
04604
02503
01208
04874
03901
04718
02324
07251
04976
02639
02711
04323
06024
01777
01365
03169
00243
02280
03004
05597
04192
00446
00987
01119
07290
02283
06689
05506
01504
03011
05881
04858
01657
04635
04901
04054
02555
03078
01356
03998
04085
05047
06561
02754
00931
03288
06208
06352
06871
00249
04279
01763
02462
07295
01854
01222
06524
04849
00176
06324
06108
01256
07144
01451
07296
07103
00301
03623
03354
06497
01314
01664
04237
01035
05867
04836
00955
00919
05068
05551
01855
02444
01560
03645
04406
02765
04879
01831
04055
06280
02392
06350
01565
02911
04247
06625
01318
06161
00887
05519
06985
01019
06452
00992
01872
03619
04995
01829
05929
00615
05403
05178
03635
01267
03428
00020
05641
04033
03099
05780
01803
06958
01442
04547
03029
01873
02386
03113
03734
05515
04399
00053
00589
04661
02379
02819
02070
01779
07191
04453
00912
01052
05227
05976
06079
03868
03977
06355
01347
00226
01358
07094
06264
03165
02925
01968
01592
03081
03441
06271
04935
05704
01658
05989
04346
00239
01827
06857
06112
00367
01487
00380
05913
00977
02917
01755
06832
01210
05455
04806
03880
01873
00324
01369
04583
06035
03810
04719
05216
01372
05523
01243
03519
00359
02327
00220
04059
00244
05384
03558
02612
05259
03101
06347
05500
04362
03078
07069
05084
05580
03388
02893
00635
06941
04289
02760
04615
04294
01824
05587
05367
03181
01774
04548
06709
01030
01354
06553
00057
01129
01085
01105
04696
01971
01532
02609
00920
06265
07156
03490
04333
04576
06623
05880
04125
02399
06460
06309
03552
04712
05995
06420
06329
04853
06253
01695
01670
04324
00008
02640
06624
00481
06148
04755
01227
01704
04385
01975
05898
00323
05124
03664
02614
05033
06381
03332
03513
01471
05727
00666
03646
05211
04340
07266
01744
02667
01471
01528
01608
00681
02549
00617
06007
00049
04252
00577
05941
02464
01202
02331
00881
06926
05310
02441
01547
01123
01368
00384
02205
04983
02440
04156
04513
05341
01467
00906
06126
00580
06769
01183
02053
03460
00267
05049
05871
04416
02184
00260
03734
04172
04967
02291
04239
00442
05741
03922
06716
02046
01108
05569
06838
05338
00705
01783
04109
01277
00266
04467
06723
04344
02244
03232
05783
02095
04540
03967
03292
06679
03173
03123
00999
03780
04375
03295
06630
00822
05947
05119
00741
01553
02704
01873
00151
06774
06976
05842
07039
02815
00883
00758
01093
04122
05410
01446
02500
02021
06544
07032
03025
00513
04680
06880
02314
04028
01870
06825
05798
03947
04455
01356
06431
05154
06168
03450
03542
01424
04038
03658
03869
01854
06014
01977
05721
04955
04572
06842
07155
05578
01358
01914
03023
02295
00087
03616
03589
06825
03545
04623
03673
02952
01012
03225
05060
00688
00477
01048
05180
06239
01979
00487
01581
04368
04678
01246
05914
03458
06122
01236
03461
00930
03270
02367
03482
04324
06395
05707
01459
01053
02211
04728
01296
06218
06408
03053
05050
00019
01254
00765
03556
05367
04992
03337
02746
03868
02279
00409
00822
06611
03856
01000
04460
06449
04449
05674
01581
03037
04756
06213
03384
06853
07236
07108
07170
04561
03993
02489
04960
06819
04251
06103
04555
02965
04070
01212
05864
01842
04934
04800
01646
02155
06902
01461
05981
02087
03962
02220
06301
04425
06130
02270
01752
00986
03393
01672
00009
00784
07172
06889
06986
02064
00049
04957
07193
00677
01952
05375
02075
04262
03594
06305
04726
05658
06179
02304
07205
00744
04370
05091
02042
06853
03665
02133
02472
07014
07182
06919
02882
00731
02893
06280
05464
01998
01379
02495
02798
04086
02481
02671
03020
03592
00427
05611
05401
04247
00625
01589
05951
01628
01820
00013
00711
05269
01400
07235
02194
05871
01065
02269
06497
02539
01096
01128
00895
00493
00658
01734
03593
03409
03777
01132
06285
07176
05406
04310
01364
00067
01526
02780
01143
04075
04808
03302
04965
02012
05765
02096
02360
01247
05917
02079
03477
03860
03973
05067
05113
05777
05065
01557
02118
02365
03479
04394
04300
00026
03691
04307
06038
01885
05556
01525
05341
02493
01491
07104
07276
05586
05418
03392
02612
06416
02547
02195
02039
04217
05880
02150
00524
06511
04525
05456
01927
06303
06641
05025
00744
03938
02720
04353
03433
02694
04325
06191
06049
00270
03680
04617
05043
02608
02253
00078
02212
03764
01829
02891
01198
04586
05657
06701
04199
06873
03021
04292
00250
03182
06501
05392
03541
04156
02072
00048
02534
04593
00666
04735
05484
00962
04056
04020
05431
06470
03844
02619
03108
01725
06162
06535
01087
02872
01956
01987
01518
01368
00481
03967
05832
02931
05952
06732
03095
02716
06144
03632
03980
03535
04188
06045
06424
06150
06594
05966
02059
00795
01748
00175
00642
04865
01579
02497
01698
03135
04432
01101
02345
00972
01886
06767
06804
02046
04199
05785
03950
02346
03026
03470
07101
05988
05517
04953
00835
03256
03254
00913
05968
02648
03458
01150
05887
07222
06791
04035
00235
04186
04131
07015
03633
01301
03451
03412
02927
02718
06436
04571
01727
04478
06549
01337
06466
00463
03574
06734
02548
07293
05065
00715
03874
04780
01792
00531
02208
04839
00727
04776
01485
06170
03143
01873
01560
03276
06424
03680
07093
04463
02948
01613
01197
00436
04206
02849
00374
05916
03090
01021
02027
05734
00247
02824
04505
05740
07167
05612
02992
01959
00370
03321
05277
02270
06154
06427
04616
00007
06418
06297
06677
05714
01963
02840
03451
05172
05908
01551
03822
07008
04067
02502
01696
01493
04006
06426
06844
00471
04238
00031
00578
06464
00572
02781
05426
00311
02866
01960
05544
01583
00361
06231
04044
05571
01572
03552
00015
03879
04368
05282
04654
02347
05652
01077
07156
03231
01180
05007
07284
03066
02163
04617
00993
06273
06922
04268
02269
04904
02220
00742
07248
06105
06259
01568
03838
06677
03117
03513
02136
01463
04817
01650
00638
07220
06964
03770
04837
04641
05513
01246
03988
05804
01545
00093
02122
06078
02807
01454
01318
02970
01020
02779
05260
01303
01455
02850
04498
03280
06281
03103
01331
02581
00543
03812
06625
06783
00821
04928
04661
04033
06408
03727
07121
02614
00055
01529
03910
02006
07244
00208
03612
05856
02422
02747
03804
06939
05082
05864
00737
01533
03003
00701
02758
03090
07011
06930
02396
02825
04357
03228
03807
05617
01581
04103
03639
00307
03883
03103
00038
03555
01188
03940
04472
01095
00726
01564
00332
00627
00266
05314
02910
06532
03053
00720
04839
06564
02216
01894
03122
03686
01490
04590
03591
04975
04785
03305
03638
04332
00243
00076
01224
06900
01095
05213
02778
03395
01427
00500
07113
02009
06283
04609
01651
05484
04621
00580
00213
04220
06315
03828
04428
00557
05266
01978
01237
01189
05727
02461
00921
03056
06793
02872
03910
06249
03658
05292
02510
05662
02579
01872
00182
03847
01595
00444
00118
06370
06960
04085
05544
07175
02175
01850
06270
01047
07074
06812
02097
05453
03419
00976
06672
00720
06035
01194
02467
02690
05164
01931
06371
01995
06801
04180
05243
02307
04165
02687
01103
03185
01463
04526
05096
02535
02876
00478
00939
04947
00790
05011
03312
07185
02866
00045
00041
05120
05038
02088
00579
05351
01546
01641
02061
00212
04204
00740
01044
01715
04930
06782
01064
06670
04780
03404
01525
06786
05863
07239
02224
03446
00214
06524
05981
05391
01035
06036
07146
05947
07042
01512
06215
03160
04639
07098
06334
06462
06717
04671
05041
00165
06316
03370
03926
00080
00468
01567
03883
07266
04904
04357
05273
05075
03114
01819
04159
01761
04563
03569
05180
05830
05023
02967
03865
00001
04559
05230
01800
03216
01833
01675
00742
01088
01511
01130
01484
06936
04886
04067
02195
04025
05501
01509
06445
05955
06193
02643
02368
01382
06001
06457
04490
05916
00869
01525
06055
03178
00543
06890
02983
01922
01942
04090
02388
00671
04210
06166
01232
01209
00128
00892
06035
05841
00912
03866
07261
00985
00089
06642
05691
06305
00638
01887
00709
00357
03876
06069
04107
02275
04411
04217
05909
01825
01189
01240
02417
00100
05301
02695
06571
04404
06189
01757
06289
07144
05017
02436
02657
06962
03769
03602
02277
05976
04121
06663
00749
05250
06435
01200
00499
02372
03381
01876
03536
03469
04082
01835
00567
05542
01148
02463
01041
02413
00573
04127
03212
00161
00843
06096
03284
00614
05960
05068
00268
00082
00390
06697
05665
06959
01288
00374
01174
02317
03087
02481
03836
05977
03505
04165
03741
02249
04524
04809
00177
00467
03647
05690
01860
06379
02042
06389
02539
00348
02455
04156
02958
01755
02982
02022
00926
06751
02097
04123
03373
01235
03053
03270
06523
04074
01290
07252
01843
00161
01889
05458
02136
00066
07212
00774
03894
00712
00431
05543
07222
00676
00771
03697
02257
05943
02076
03069
01140
02875
06072
01867
05678
03104
05102
03443
03551
03463
04308
04353
01610
07129
01666
04336
05549
04503
02345
05854
00176
00191
03817
01458
06776
06939
01190
04165
01447
00385
06473
06442
04206
02094
04483
00989
02811
06929
04570
01234
02436
01365
04737
00899
03356
03727
01971
06030
06061
05914
01836
05608
04316
06564
01000
07087
05398
06073
04717
05366
05531
04771
01664
05714
01469
04401
03235
03454
04942
06510
03690
06649
04955
02703
02680
00569
01531
05498
03233
01580
06316
07074
03614
06814
04397
04310
03613
03745
06159
01565
03948
00965
06285
03416
07065
02848
03337
00660
02192
02762
06421
05768
03545
00895
02132
06058
01444
01194
05026
05774
05963
03634
06153
00519
00623
03589
04835
01971
05915
02192
06913
05204
03531
07133
02154
05256
03229
03548
00257
02213
04150
07217
00907
06781
05527
05228
01831
06450
01766
02227
05601
02091
04625
06065
05494
03922
05847
00132
01402
03642
01059
04601
00074
06177
06266
06420
05536
00819
01639
00938
01018
05819
01013
02847
02400
07246
04037
02365
06935
03609
02871
02052
01416
06133
04308
01560
07024
02079
05830
02441
06418
00731
04836
07062
06850
03396
04200
03744
04237
01557
00239
03483
00643
02060
03061
05643
00877
04832
06362
06493
02317
00578
02101
01092
05563
06652
04679
03212
04294
05857
01188
02598
02891
04534
03343
03257
04322
06335
05287
05674
00984
03054
05854
01302
04866
07076
05841
00826
00272
05189
06915
06600
01117
03179
00237
06297
00970
06584
04055
01895
01498
00853
07132
05032
00690
01867
01099
04458
04142
06487
05493
00026
05569
04462
04584
03611
06093
01768
00931
00616
01831
05751
04399
03459
04534
04824
07299
00309
05558
06229
03407
06795
04461
06470
06120
02327
01678
03770
03464
01139
03726
02647
04916
02827
04776
02538
03700
04191
02116
00732
00774
02100
03337
01612
04075
01376
05945
02550
06779
04989
01550
02992
05128
06355
02578
02045
00362
05282
00807
02667
02307
04326
03005
05640
05082
01479
02893
00020
02310
05681
04744
07159
03261
02520
04414
06018
01862
04089
01889
05293
04504
03965
06153
06727
05973
00844
01102
06041
02640
01406
05673
03002
01999
05102
05088
00441
04540
01012
00045
06669
05475
04561
03573
05261
05753
05702
05422
02251
06180
04990
01667
01172
05192
06412
01790
02883
00126
06833
04821
02307
04792
02615
07108
01827
04876
03100
04870
01848
01758
00355
07298
01629
05894
03843
06119
01176
01475
06003
06661
05029
02050
07237
04615
01924
06014
00596
06534
06928
00648
01890
06350
05191
00159
02921
02056
06366
02443
05795
06508
06073
00153
02539
07282
05248
02135
00272
05441
05337
01533
01815
06167
04891
05955
05552
05189
03304
01221
01767
00266
01258
01122
06395
00362
03608
05601
00748
06290
06527
05952
06099
01946
05161
05826
07166
03440
04643
03255
01163
01452
05326
06660
06561
05117
02496
03028
04802
04920
07277
01483
06729
00639
06430
04860
01065
00121
00546
03762
01531
04524
04750
02049
00304
04436
02963
06692
00310
05580
01012
01189
05760
01579
00439
02648
01663
03746
02766
05348
00660
00693
06278
01266
05876
05127
03742
05839
05803
06566
06450
05170
05812
00264
05800
05429
04307
04685
