05177
00148
03913
00162
00979
06568
06539
05794
03811
00779
06718
03484
01813
00912
07414
01384
06048
05925
05825
02272
04923
06748
05525
00900
02156
04969
01074
00181
01489
04710
01338
04163
03562
04908
04677
06413
01537
02723
04202
07407
04259
00546
07035
01636
01411
00496
02213
04742
01620
00707
05315
05080
05856
03767
04729
01142
03963
04003
00002
00528
02771
04429
05471
02365
01597
06408
00875
03183
05582
04348
04439
03404
07370
03441
00759
00599
00265
01075
01383
06078
07152
05910
06757
00132
05606
02543
04981
04159
05287
07012
02739
03768
01859
07010
05464
05231
02204
02216
07494
06554
06042
00435
01510
04710
00040
05584
05870
04325
04628
00250
05393
01675
05397
01643
04667
07296
00489
07370
01205
04939
05157
02472
06712
06801
04377
02764
01219
00552
03892
06795
02380
03104
06709
07232
03752
01017
00382
05625
03919
07431
02706
03593
02430
00634
00922
01827
02545
06628
02037
07315
02549
00630
00956
03171
00470
05124
04621
05975
07151
03126
03347
03115
02647
05944
01515
03252
03660
03644
07447
02763
02067
05175
05753
05746
06794
04554
00544
05860
06818
05149
02710
02119
05514
04051
00553
05228
03805
02983
04267
02432
02504
03330
02201
05431
03295
02750
05248
03699
00258
02928
01956
04250
07490
01815
03343
05727
00234
04384
04403
02787
07135
02585
06000
04933
06831
02518
03563
05209
05421
00192
01923
03499
00519
04451
07253
04074
05582
04818
04573
07492
06059
02113
05721
03449
03967
00450
04086
04880
01492
06104
00986
01819
02124
01762
01655
04354
01032
00157
03447
02428
06193
06602
01241
07250
05983
05967
03128
05345
01030
05860
06100
02359
01230
02122
01665
03801
00716
00428
00852
06048
06583
03702
06317
01786
06909
03363
01851
07224
02157
05522
00908
02187
06123
04997
00969
00947
01640
06939
01486
05833
06556
00961
04078
03544
05059
03908
00245
06383
01435
04485
04679
01755
05840
00041
06149
01251
01093
06692
03428
06602
06299
06362
06903
04196
05193
05705
03487
01590
00150
06102
04353
00688
06176
00679
07171
04564
01182
00402
00520
05869
04657
05277
04413
02938
07316
01578
02854
04725
03910
02845
00131
07453
01397
04484
07359
02952
05552
02867
00079
05642
03682
06522
03684
07147
06734
07128
03835
06579
03756
03341
02422
02596
07346
04609
06512
05180
02568
05024
00523
04426
06722
01046
07466
01780
02667
00873
02913
04987
06859
03977
01857
02247
03111
05396
00565
05986
02510
04327
02935
01980
03336
06045
00769
03432
06965
04015
06399
03690
04444
05080
01325
05876
03306
00636
01346
04300
07170
01653
02857
01509
05864
02033
02957
06354
02022
01667
01804
04981
04791
01680
02009
03075
06406
01810
06282
06985
04504
00417
00101
00575
03158
06894
02363
04337
00317
04869
02128
02972
02325
03151
00582
06442
02921
00210
02091
05406
02941
04997
02190
00711
05198
05711
07134
06009
01375
04607
05048
00123
02981
01494
02528
07135
07000
05942
00886
07375
01557
00575
00262
00068
07216
03016
03108
00186
07079
07384
00224
05460
03378
02479
00603
05202
07339
04589
02935
06053
07198
07157
05584
05794
00101
05186
01555
01643
03617
04855
04665
06503
00660
00973
03701
05601
05676
04820
06904
02833
05326
01391
04102
00739
00316
04624
04710
06721
04385
00908
04722
00099
06991
03603
06445
02490
05775
06493
06994
06654
06545
05246
05113
00773
00087
00703
01914
01286
02231
00882
04678
02362
04253
02183
05914
07411
02140
00097
04311
02303
07150
05302
02013
02488
04602
04358
02988
01770
05273
00619
06596
04717
00969
01274
06309
05713
03946
02054
02059
03424
00371
04527
05425
00127
00758
01908
06837
01749
04016
05806
00768
01401
01780
05066
06594
00051
00228
01290
04680
07228
02721
02473
03623
05983
02959
06452
07046
07003
05888
06508
02518
02794
06172
01095
00042
00778
00283
02055
01781
06768
00174
07290
05686
06588
01960
02668
07047
05365
02508
05359
07303
04622
06716
07178
03002
06640
03562
01452
04652
05563
04031
01347
03985
05840
01536
01497
04248
05225
04509
03259
07423
01289
05174
01434
01639
05790
02949
02108
01794
04829
06886
02224
02253
05881
03378
04365
03441
04657
00947
01093
02646
03400
00461
02713
01162
06519
04561
04734
01463
04586
05639
04676
04672
04643
00182
00418
04767
07400
02425
02326
03813
03120
07006
03337
01363
04350
03678
02204
01652
04993
02824
02540
05584
01816
00143
03124
07415
06858
07214
02953
07461
02586
04319
05074
03470
03930
04192
02382
05837
05486
04586
03055
06778
02953
05893
04752
01837
04639
04366
00743
04211
00237
06712
00177
00363
02049
04740
00851
05242
02926
06416
01008
04967
06573
02463
04229
01303
02203
05035
04145
02250
01192
02137
05013
06519
06756
02998
05519
00162
03525
00048
06136
03086
05300
03507
03987
00323
05121
04154
05915
00034
03822
01361
02404
02880
06643
04720
05505
04033
06009
01488
06583
00105
06742
04442
04106
03498
04394
00090
00771
03302
02208
00633
04600
01505
00574
02842
05763
06015
04778
01623
00374
00866
02838
03431
04628
00094
04744
07474
03127
02666
02997
03897
02598
05811
02928
02609
00165
00605
05374
01451
05003
04606
01299
07020
07248
04028
04224
02063
07133
03975
00453
04172
01582
06484
03607
07138
00038
01241
05864
04053
00634
03332
03470
05620
05720
01532
02109
02101
05434
02787
06828
00627
05576
03142
01844
00263
03295
04535
02121
01808
00544
02085
03326
03457
03049
01339
00100
06028
00527
05694
00423
07480
07142
05625
00985
04740
03533
00175
02327
06667
05305
06176
04905
00737
00066
04509
01158
06068
07189
05230
00566
02157
07477
04358
02397
03229
06721
03050
05878
05907
02627
03472
01580
05096
06471
01860
07380
04710
03087
03480
07204
06351
05351
01763
04764
00522
03092
05616
04496
07160
02094
05397
04762
03825
05632
05568
06166
02002
03805
02219
01372
02270
03465
01512
01657
02965
06245
01444
06778
01753
00580
06740
00946
01617
04586
06066
03578
05309
00851
01338
05600
02615
06606
06709
05818
02031
01508
01443
03913
03346
04305
00341
04346
06410
01562
05562
02524
00391
02692
05159
04212
03153
06692
07026
02975
06225
06664
05396
05118
02026
02011
01700
06712
04977
01549
01524
06001
02166
04130
00250
02050
02134
01338
01836
02373
06881
01253
02361
05442
06237
06972
04616
01349
02306
00780
04939
00984
06550
06276
06713
03217
01765
07459
02825
01125
04349
05948
04911
06983
02179
06330
00294
03108
01858
00218
02088
01520
03289
01267
06505
04536
05101
01670
03110
03922
04249
05304
06419
03345
02897
04226
00937
02018
06059
03788
04762
06756
05880
02670
00398
02821
01908
06691
01779
05005
05593
06595
05133
05244
05433
02004
00911
03156
04469
02589
05711
05853
04505
04404
07133
00006
03886
00086
01692
06325
06650
07110
00986
00483
06518
01766
06742
01126
05144
06222
05247
00107
05748
06111
05063
00972
01534
04467
04795
00979
01121
04029
01886
03405
05706
06279
06930
06399
04109
01965
05158
01907
00665
04256
00926
00487
01307
04763
05389
07494
00723
01298
02913
03152
07455
01152
07486
04929
07151
03030
00660
03453
06631
00514
00479
05607
02533
07422
04493
01368
02565
04597
01707
00027
05901
03239
05110
03736
02806
07454
04496
05754
03866
06057
01559
01666
06894
05673
04294
05670
01292
05126
07247
00218
05953
04500
06410
03162
06184
00321
03695
06960
07275
04756
03851
07266
00304
05202
05832
07413
01201
00544
01140
06469
06736
00725
05425
00522
06705
07115
01191
00451
04365
02006
00543
03377
07417
02628
01279
01735
06561
00643
05279
06909
06207
01741
06510
04771
00613
02063
06803
04428
00974
00758
05155
05932
06549
01162
05872
01012
06535
02956
05417
05921
03523
02836
07313
05152
00393
02008
01842
03316
03976
00801
00446
05749
05197
03428
02852
02798
06336
03548
06621
02784
01794
03638
02579
03002
01754
04673
07172
01960
03585
00834
01104
02919
03089
06549
05668
05178
01533
02966
04151
05820
02831
05902
06935
02854
05629
06457
02861
06036
03314
04441
04602
01736
02240
05398
03902
06564
02849
05674
00840
01174
00583
04523
05364
03917
05491
04136
00529
05630
02875
02349
01510
07309
03280
07027
02471
00878
04642
05012
04161
06920
07397
03803
00516
04518
03762
00177
04226
04017
03245
02505
04872
00414
01793
00373
04101
02680
00110
02406
05311
06201
03913
03497
04575
00139
03291
02836
02949
03586
04973
00910
07124
03919
02112
07098
01048
04604
02806
04259
00445
01661
04547
03077
02005
03811
07271
06899
00927
06079
03852
06023
06411
00956
00344
06042
07310
01498
06802
02353
03318
00795
03470
00721
01291
06328
02448
00630
02892
05031
06293
01976
01229
02469
06484
03223
03951
05955
00356
03145
06339
07059
07479
02562
05268
07333
03128
02900
00011
04671
00739
01693
07181
05523
04165
06707
02960
05719
02235
05238
02764
05515
02967
05125
05101
06156
02817
02526
03713
01664
06041
06688
00939
03403
01359
06796
01671
05273
04421
00948
05482
06422
00405
00209
02283
03343
00301
00523
04708
02013
07232
05415
07075
01880
00715
06440
01312
07179
03026
04411
00844
03952
01298
06218
07444
06632
05082
07049
03288
03156
00922
07409
06539
07065
06644
00372
04436
00006
01659
02701
06075
01942
07207
04976
05710
03418
02550
03807
03492
02401
06341
01214
00111
05153
04114
00457
01658
06777
06234
01392
04142
04602
06796
06942
05723
07071
03681
02687
01791
07290
01371
00849
01714
00044
01444
05451
04840
02021
03481
02785
01616
01814
01556
02899
02367
05708
01251
06516
07306
01674
02354
00430
02633
01679
05155
04317
04576
06881
04871
06230
03908
03062
01961
04976
07467
00705
00120
03725
02494
00801
04561
03390
03311
03395
06878
05221
05179
05705
01055
02627
01518
04024
06239
05203
02814
07490
04523
05893
04931
05029
02986
04217
05556
04361
01005
00384
06412
02517
07018
02949
00127
00222
04525
07210
06727
06751
02247
00924
04848
05220
06887
00654
05328
05134
02676
04178
04545
03209
07308
04855
01928
02915
04762
01423
01659
05113
06014
01675
05531
06387
04671
04117
00188
04459
05144
02498
01047
05371
05016
04850
01909
05533
03715
01769
03334
06433
04129
02992
01089
06987
00141
02829
06464
05577
07480
00000
05292
02588
07257
02708
00797
06715
07317
03338
06776
01498
03429
01892
05255
06642
06939
05517
06263
01232
07206
05613
03302
01848
04210
04093
04239
04811
01099
05257
06949
02582
05547
04850
04864
03912
00542
02723
03831
06390
05014
06747
00816
06693
01549
02714
06511
06288
03719
05010
04770
00285
07218
02488
06894
06067
01247
04132
02490
02706
04734
06386
03740
06651
03783
01519
00490
01315
05973
00056
01223
00923
06098
02045
06564
04461
00748
06239
01367
03282
06461
07300
06453
02168
05997
02896
01488
00223
02677
04706
00931
02561
00670
05719
05914
03158
01245
05472
03814
05878
04654
04307
04295
05462
05387
00184
06811
00195
03721
02859
05243
04299
03195
03724
01652
04496
07340
03340
03326
01287
04403
07398
03441
00038
06030
00243
00377
00067
03100
04904
05062
02725
07436
01641
00902
01964
05823
00231
06057
00913
06202
00002
01503
06968
03248
02638
07432
02919
01890
02788
02902
05652
02870
05414
06809
02010
03524
05799
07387
06636
07100
02020
04551
01056
02968
00296
04639
01256
00969
05331
00007
05124
06793
02696
02975
01512
01676
01429
05049
02215
03113
00332
04918
02773
00545
03976
01750
00181
00654
06952
03322
02916
00197
04412
04484
00431
03806
00382
05488
05747
01153
05692
04181
01624
00275
06358
05239
04835
03524
02710
03470
03897
03259
06076
04536
02054
01488
02112
03141
04639
03236
05187
02036
03604
01312
01251
07483
02833
04045
00638
00556
01004
00884
06318
03926
01765
03547
05590
06747
01038
04406
00569
07047
04482
00825
00317
05163
07424
01403
06039
04117
07120
05120
04846
03460
06558
00596
04918
03724
02212
02799
03256
04170
00276
03141
05620
03803
00458
07339
02046
00915
02688
03300
06945
04241
00796
06243
00542
04211
02318
01294
04005
04923
07031
04020
06879
06729
00462
01941
00221
07452
05871
07226
05544
03608
06606
05148
02626
05407
05241
04481
04573
06195
03526
05098
03067
05368
06572
06561
00575
06547
01209
04050
00974
02590
00098
00729
00245
01921
07139
05836
06271
04858
01041
03299
04647
02077
05314
05282
06422
05510
00425
05022
02479
04675
04015
06847
02567
02675
05666
04710
03152
02469
07076
00574
03213
03403
06651
01403
06740
01506
06477
03167
04473
07219
04735
03698
02883
06189
01037
06585
00866
01010
05329
01554
04936
04603
07383
05594
06748
04239
05413
03911
06529
03980
06035
05811
05631
01398
07212
03146
02337
01366
05661
03432
07407
02767
04442
02214
02574
04336
04926
07443
03918
05080
01174
02805
02149
06236
00195
03694
06943
01819
06411
03220
07226
00516
05207
00055
07459
01610
07103
06934
03290
06316
03642
01723
05380
02261
01768
02457
00871
06645
05262
07304
01428
02567
07461
02370
01920
05664
06191
00504
00168
06108
05543
03953
01803
00145
06183
07252
07038
01783
06061
00594
02209
02564
05328
06674
01377
05185
05782
01505
05222
00306
03019
06446
07282
01984
02824
04766
00615
00080
07489
06430
00514
03233
00228
01309
03013
01767
07348
07098
00152
06198
01674
02571
02537
02105
02032
03215
05561
06072
00040
05699
01547
01062
06056
04731
06672
01962
00508
05141
05333
07296
00747
02335
02082
00083
06252
07077
02559
06566
04093
06015
03613
00255
01666
03577
04554
06957
00945
03902
02846
07318
02422
00918
06491
01021
03451
04110
04908
04627
01833
06563
02034
05961
07309
05551
00019
01218
03033
03277
04713
01482
02275
01941
02192
03861
04273
00863
04996
03235
04804
06201
06901
06998
01692
06808
06644
03451
05152
05528
02115
01211
02111
02063
05414
04289
05402
04507
06343
05340
03220
04793
03631
06731
00177
04127
03301
05449
05295
02399
00079
06015
06524
02626
02441
06417
03625
03603
00292
02332
05299
04456
01328
04527
02058
04591
04525
02326
04902
05762
03251
04380
03577
01593
05045
02437
02771
07365
01782
00738
06148
01979
00995
06541
02674
03572
06236
04210
05215
04664
07478
00376
01589
05538
00697
05215
00785
07049
06372
01442
00978
00404
04338
05572
03636
03584
06044
02424
02726
06768
00473
03813
05352
04448
04981
00213
06917
03339
02019
00922
02828
06203
00834
05935
04058
04186
00111
03178
05694
07081
01729
00734
04485
06502
03698
07096
03145
01411
03690
01916
00597
02171
06711
02613
00202
05094
01280
06923
02089
07304
03306
04600
00614
01363
04400
01413
04777
06876
02886
00216
06723
00517
02386
04383
06040
06118
04620
01921
02152
01034
05509
04285
03400
02150
07235
01535
07084
01856
00792
06023
01303
00050
05100
05309
06635
05350
06444
05899
01562
02861
06449
05014
06154
06112
07034
04964
02454
04535
03676
03847
00549
00805
04828
01375
03440
07254
06190
02094
01428
02656
07173
07289
02682
02281
01302
01400
03920
01258
07366
07283
01573
06264
02565
06824
02893
01861
07357
03592
04679
05382
04261
00813
06680
05364
05283
07466
07072
02106
00592
04347
00295
03848
00063
05369
04683
06933
06251
02814
01002
06548
06271
04138
06912
01150
06881
00689
00093
07409
02976
04949
03192
01836
05056
00204
07296
00550
02070
06407
04541
01114
06108
04077
00010
07041
03414
02115
04969
01847
05904
03639
04179
04887
03158
03560
03676
06029
01131
02794
00087
00115
01789
06429
04808
06022
05916
06007
00227
02024
00877
00904
03526
03254
01939
04389
00471
04130
00947
01327
05152
00822
01997
06697
04760
01469
04987
02494
06339
02083
07356
00718
03057
00333
05530
05418
01607
00416
03610
03787
06911
04290
00453
00318
02080
04515
01545
00567
04523
05901
03056
01510
05977
00827
01914
01787
01672
01400
05270
00022
05172
07376
04387
04633
01068
00137
03213
04743
02030
07128
04450
00955
03314
00060
00148
04465
01626
06507
04361
01838
02978
06012
02407
06574
00867
04144
03582
05199
06681
04273
01515
02325
05340
02078
07482
02873
00087
01268
02836
06251
05025
05876
04267
01540
07334
07241
05156
02682
07180
02001
03644
03906
04567
05236
05363
01800
04918
03639
04441
05597
04846
02012
04718
03272
01954
00303
05226
04507
05684
00914
04694
02572
04147
06179
07174
05181
02632
07082
05980
03491
07099
07358
01578
04740
06552
05673
06364
07056
05495
06939
06053
04627
01974
00933
05356
06653
05774
06922
04262
00766
01438
00223
03075
01993
05580
00005
02483
05751
00508
07031
00524
02238
07010
00344
03214
03424
03292
00622
05235
01831
01994
02997
04128
03666
05967
02695
01756
05077
07245
02756
07348
04812
02988
06806
05188
06526
01108
00535
01150
00961
01638
03808
05493
00061
07382
00114
00381
03617
05882
05456
00342
01451
04098
06215
05351
05728
03467
00819
04638
07393
04414
01711
02969
01713
03856
07397
04607
01739
04140
01775
01526
00448
01810
05989
02497
00710
02518
05736
01923
05284
05700
05016
04487
02669
00887
00251
03065
01001
04796
00073
04238
01415
05542
01217
05912
07310
01488
02682
04258
05919
00200
05244
00247
06731
03739
01801
01514
06119
04466
01363
01407
03324
02120
03764
02584
02678
04457
03845
02863
03272
06280
04205
04672
07357
03832
04069
05611
00382
06230
01810
03172
04120
02639
01551
06819
03911
05311
04341
03918
04294
02411
04598
00962
01566
05295
04636
06543
02820
00949
02803
06429
05410
00740
01674
00220
06481
00169
06276
04639
05274
04776
05296
03317
03217
04909
00002
00628
00592
02009
05037
03203
05009
06976
03737
06635
07181
00938
00574
05175
00329
01955
00039
04338
05926
01648
01081
03775
02629
03716
00909
05923
05650
02291
00637
05613
01314
05758
07356
00791
02633
02124
06293
03588
05446
03458
07464
00828
00590
02123
04412
03801
01719
01114
04384
03875
03041
01256
05207
07411
07412
07281
05656
05376
06409
02863
00586
01220
02551
03691
02637
00979
00334
05953
02176
01850
01423
00988
05384
02803
02956
03715
04903
06183
06304
07442
04831
01672
04422
02400
05281
06146
05981
03377
05973
01218
04107
01732
01220
02755
03960
03740
01314
05061
04300
04657
03695
02043
02342
05550
05804
04716
04912
01233
03187
04882
06770
03364
02938
04756
00446
06159
05634
01035
06266
04507
03901
00136
01610
04634
07482
02128
05837
00464
05393
00965
02827
06090
07450
03317
01726
00689
01576
04372
01521
05863
00263
00955
06563
04959
01815
00940
00964
04011
01064
02626
03574
05503
00923
04939
01651
06492
03371
04133
00439
04947
00648
04206
02638
01169
04893
01486
06343
06124
02933
01811
02732
00996
04841
06737
03053
06507
01377
02488
02149
03667
00129
07403
05629
03126
07435
04783
04304
02356
04530
00425
00416
06542
04295
03289
07218
03354
07056
02424
01260
06764
05802
03161
04660
04508
02591
05884
00142
04137
06661
01011
03605
00018
04675
01139
06954
06232
02405
02299
01721
00997
03612
06012
02261
02792
03985
00714
02418
06853
01978
05894
03479
02252
04619
06765
01566
06294
05858
01420
05705
00732
04990
05442
05683
01121
04674
06716
04711
03331
04514
02892
06853
04402
05525
00402
07398
06809
00901
05524
02495
01646
02068
07016
04203
06580
05288
01244
01902
01667
06382
01525
01377
00481
05176
01105
06939
01581
06604
01976
07119
02685
02261
01750
00397
06616
00460
06792
01931
01682
07078
00240
04772
03120
06254
03919
03744
05533
02358
06365
04923
06160
06790
04404
04484
02055
01723
06787
04830
00564
00435
00346
01982
00934
04814
06264
05156
06992
06603
07264
07280
07334
07145
06497
01902
03453
00716
03961
01954
02102
03180
00109
01501
01263
01331
06300
07097
05003
03436
06229
06956
05331
05712
00270
06652
01761
06622
05351
05927
01232
07376
06440
05902
02122
04792
05073
00176
00508
04817
03316
01697
01216
02358
00432
01854
05149
06445
04000
03184
02143
04862
05851
03988
00338
02591
07424
01945
01746
02968
01959
00321
06441
05056
03227
01263
04713
01818
02446
00843
03888
00415
05450
04201
00550
07236
04982
07339
02234
00168
04878
04317
03622
01937
02712
03350
02261
04872
05397
02905
07194
00644
06863
00647
00519
05887
01429
06016
04428
02507
06620
01938
04786
03252
06081
00690
06061
06787
01866
00454
02390
02064
06085
06631
01349
00134
06545
00936
00928
02382
03747
07092
06668
06863
05040
03413
03470
06152
01698
00038
05102
06620
06372
05214
03875
01660
06620
06100
06840
03630
06205
04099
07369
05356
04858
03516
03831
05047
00869
00255
05838
02115
00476
05406
03281
01727
02790
06926
07242
03808
01194
00643
03355
07420
03402
01415
01693
04977
04500
00835
00635
02694
01662
05593
04247
06349
01699
06107
03801
04878
01498
02613
01093
06213
03427
00155
04448
00910
07028
02182
06534
05868
04054
03489
01940
00287
02378
05724
05065
01353
01583
00551
07011
02469
04038
00173
06283
06047
04674
03900
04769
05223
02157
05378
03535
05600
03600
02623
06805
02628
01147
01518
06252
01341
03749
05034
00196
01570
05363
04061
04659
05770
03307
05664
01911
06965
05045
00178
03635
05210
02853
03579
01110
03256
01357
03033
00530
01074
03343
06734
05481
02319
02966
06494
04107
06086
01050
03600
06271
01259
02250
05419
02555
00606
01314
02814
00807
02678
04162
02165
01889
01074
02098
06200
02065
02599
01164
07351
00748
00237
05712
05048
00287
03593
01627
01985
00070
07465
04907
05837
04026
00373
00778
00530
00624
03989
07358
03477
06772
03630
03102
03969
04511
05670
01140
04351
06993
00556
03043
00472
06682
00882
04451
03429
03156
02741
05959
02083
01182
01656
06016
03683
01625
02281
02357
00017
03716
02389
01510
01905
06113
03731
02409
05639
05199
00759
00535
06520
03179
05625
07289
03454
06112
01029
03253
05877
02699
06560
00653
00369
00708
01713
03635
03484
03126
02268
03004
00157
07298
04628
01970
03658
03195
05844
01686
04375
03214
01377
00976
01771
01450
05428
07228
05648
05374
00614
00969
03237
04476
01164
07007
00307
02238
02208
02881
03110
04064
04891
02470
02253
05645
06371
01355
03389
02413
06621
01886
06779
02060
00052
03933
06501
07178
03624
07209
07232
00156
02668
04419
04771
01220
05463
05258
06032
03757
03943
02891
02176
05756
03134
06709
05157
04771
00954
00319
06812
02876
00959
05485
05122
01133
00043
00440
02444
04912
03113
02467
00410
04854
03317
07151
02060
05527
02384
00218
01429
05301
02800
03368
01809
00040
02203
02186
02351
04466
02241
03404
00096
02459
07417
06626
04962
02489
05399
05516
04597
01295
02364
03584
03243
02772
03151
04981
03469
04391
04352
02666
05617
01910
01180
02003
00035
07252
03900
06036
04664
03531
04235
03845
06754
00790
02447
07394
00639
01316
03684
00529
03168
05396
06056
04301
02127
04398
03979
03505
07284
04530
00574
04671
00785
01399
03703
03930
04933
02734
03328
07312
03587
00750
05217
03770
04244
02350
02549
02701
00906
04230
01262
00259
03069
06786
04389
03197
02857
00655
02156
05224
06170
01840
02226
07344
00412
03166
03269
00693
04235
07420
06791
07126
01690
04587
00319
03235
01324
03498
05032
01710
04255
04718
07477
07078
04941
04677
07191
03913
03045
02269
02420
03101
07052
03528
06336
07398
02007
04106
01517
05714
00528
01118
06014
00077
06137
06258
05793
00384
05180
06175
00551
06934
00665
03170
03812
05651
07030
02514
05059
01137
05621
04102
02433
01032
03864
02702
02233
01469
03474
00770
05793
04415
01214
02167
05915
03843
01077
04303
06719
03154
04441
05120
01142
00937
05549
03640
05672
03396
05697
04564
07260
01148
04418
05611
07020
06693
07220
06167
01692
04036
02103
01343
06935
00082
06568
06768
01749
00581
01965
05774
01532
02507
06972
06969
06258
00990
01338
06762
01769
04103
01163
05672
01466
05556
04582
01273
05000
02852
05050
06638
05425
05892
03477
06150
04443
02709
02686
01767
03437
00970
01606
02162
05273
07345
04152
00371
05570
02486
02877
04186
05187
00899
06546
01453
00658
03106
07481
00030
03491
01265
02664
00055
04901
03221
05562
02573
05583
05599
06260
04419
05833
01532
02792
00465
07078
04667
07240
07033
04038
06373
04053
06669
05777
06072
04448
04355
03743
03137
02190
06607
01619
01721
06485
05019
01778
06487
05962
01825
04969
06572
07474
03705
01584
05819
02658
02966
02411
06741
03262
00068
01246
01774
01399
06191
06988
01678
00799
06923
06461
05539
06902
04748
02189
01982
07000
06173
04439
02305
03958
05866
06670
03625
03992
05935
02750
06929
00120
01212
00279
06843
04400
01455
05707
07226
07450
00568
02212
00850
04445
01052
04448
06624
04936
00969
04853
01734
05727
02418
03477
04639
02658
06376
00922
05184
05694
06089
01792
07308
01251
02972
05931
00037
00692
00578
06876
07096
06075
02304
06101
06166
02360
01619
07325
06102
06289
06181
07155
01404
04568
02105
05033
04799
05329
00971
01189
03879
06524
04654
04212
04568
05567
01826
04019
02528
01637
07418
05785
02565
00189
00267
01143
01508
00806
03191
02315
06707
02025
04590
02770
00804
02765
03675
01608
03867
07252
06879
02931
05844
05530
03254
06852
01275
01275
01626
03647
03423
02458
02502
01091
01641
06721
04329
00429
05359
04490
05168
05574
05687
00963
04106
00247
04206
01237
05775
04078
05008
03102
00711
03939
02805
05960
07117
01764
02699
05416
04408
03223
06142
06377
05291
02589
03200
00851
01273
05404
00627
03883
01155
00755
04888
03599
03631
02590
00363
06480
01061
02625
03485
05392
02789
01714
06581
00719
00597
03567
01588
01609
02968
00434
06293
00993
06412
04203
03097
03033
01093
03732
02676
01571
02092
05072
01204
06434
06111
06807
07277
01450
05298
05023
06887
05201
00467
03964
03869
01005
03303
01444
02256
02975
02094
06213
05008
05070
03405
00513
00045
05174
00443
05181
06246
00601
01805
01871
00231
04679
06708
05246
05978
04850
06617
05511
06306
04578
00407
03440
02911
04019
03021
02122
05197
03325
03442
05252
07191
04840
05243
04388
02283
02616
00060
07422
06454
05848
01044
02988
01026
02263
05996
07430
05317
01058
06099
06229
00909
06154
07011
03400
03889
01017
03826
00922
04399
01104
01235
01783
06706
06243
00230
00247
07460
05488
00485
06813
03678
07054
05077
04701
01761
00622
00572
03760
03346
05745
01547
05066
05077
05246
03992
05714
05177
01115
03483
06922
01204
03283
01075
03873
01554
00411
05712
05114
07492
01273
06820
00772
01868
06018
04847
02544
05956
00603
02140
03896
00053
01603
01437
01389
07449
01465
02310
05679
06105
00242
06991
07129
04905
05655
05028
06432
05170
05215
02119
00174
04743
05715
06522
05756
06191
02356
00270
01253
05142
01527
03464
02541
07083
03952
04026
01102
05447
00724
02997
04347
02876
01652
04615
05495
00245
03359
02612
03874
04678
05061
00235
02946
07036
07323
01835
00476
04919
05584
01959
06814
05344
07081
06783
02157
02666
05708
01349
00937
05477
02694
00337
06201
06858
00039
01673
06773
03194
01916
03053
02112
05802
04316
03667
04226
02840
01889
02015
02954
03772
06297
01769
03865
00678
01818
00319
03326
02928
07235
01570
03755
02339
00548
06154
07190
04228
05033
00648
05942
04037
07218
00128
01889
01082
02561
05371
05850
05818
07164
07293
01336
04623
01385
01980
05181
06227
06577
01219
02461
04624
01093
01146
02211
07355
01970
02492
00474
00808
02435
03897
00390
02194
01024
01393
00495
04011
02734
06868
01055
06315
03165
06815
01179
02066
00835
06413
01722
04596
03030
06798
06294
02622
04246
02429
06597
07242
02447
03642
01917
04824
06114
06807
02462
06780
05010
03228
05228
05859
03396
02865
00328
06059
02555
04740
03254
01115
07223
05508
03217
00868
06875
03042
05109
00042
05294
00830
02478
06319
06927
01642
06203
00791
05536
05191
01440
04932
02285
04945
02337
04244
00851
05258
02153
07093
05179
00855
02079
04849
05113
03543
04093
04409
01570
02465
03245
04284
04166
04569
00329
00056
05515
02594
07083
03821
01679
02315
03887
03085
02177
02688
00005
04509
05919
06060
04042
01430
04764
02801
04892
06428
05561
05845
05970
07180
05115
00872
04287
04696
01500
02171
05178
05402
03807
00723
05955
00678
00249
05986
00832
07244
02973
02805
04922
03458
03072
03351
05756
01486
03831
04971
00490
07084
00736
05343
05221
03168
00819
05491
00947
02559
07177
02339
00417
04557
05046
06290
06733
05226
03364
05057
02384
04649
07321
01771
05934
00167
03274
03581
00922
06568
05772
04147
00933
01510
06624
01295
07164
03091
06917
02282
03969
00744
02593
00153
00927
03824
05365
07253
01277
06445
02315
02355
00340
06728
03619
06864
02102
02920
00538
05092
01788
02725
04114
06082
06013
05984
03614
02356
01277
02058
03222
01513
06468
06431
04580
06538
01059
01864
05971
00337
05785
07192
05753
02761
07464
01152
03576
07310
00874
03302
04274
01756
01023
04181
05589
01924
01413
03084
07330
00051
04516
00676
04122
00544
01069
04520
02871
07417
07469
06056
04441
04898
04079
01062
06060
06974
01662
06122
05371
05170
03566
06947
03067
04184
05294
02315
07070
01321
02999
05889
01600
01063
01135
06270
05368
02455
04108
04635
05556
02903
02550
00433
04106
05988
04168
01351
00183
01982
01092
04365
06617
05345
03057
01989
03094
00324
03601
00772
04549
01857
05073
07087
03364
02753
03052
01612
07420
03770
00465
02880
06000
02727
00821
03279
00251
01371
01088
06435
01162
07350
03749
04698
02929
04237
06904
02143
01405
01657
01649
05332
06801
01999
00099
04798
06475
01016
04402
03886
04799
03968
06816
06244
02340
00149
07070
05814
04531
06050
05179
06226
06012
05169
05489
02969
05148
00915
02259
02617
02177
03446
02448
01798
00890
06861
03951
02758
07231
01904
04754
04687
01329
06595
02476
00530
05322
01906
01101
04677
03575
03175
00296
07012
05111
00296
03149
05357
03521
00039
01002
05460
01191
04572
03372
04747
00801
04766
04375
02427
01105
03294
06110
02551
00573
07025
05682
02366
06516
04337
06527
01441
00806
03676
06640
06226
06790
02822
06219
06391
01890
06136
02497
03338
00109
02030
04641
04751
05818
01297
04916
01754
06406
03961
01808
01316
05404
05199
06058
06832
01132
05963
06779
01865
00485
03767
00891
05722
03561
00091
01406
00543
02811
03296
06483
03909
06825
05216
07165
05517
05680
05635
07130
07214
04944
01762
02724
04652
00337
01034
02036
04700
00072
00831
07461
06978
05175
07394
07237
02158
05516
05620
02955
02189
05681
02966
06577
02207
02693
02915
06754
04582
05080
07485
06289
03451
04160
06516
07464
05288
04072
05000
04667
06110
06046
05406
02401
00456
01041
04182
01934
01489
03263
01132
02836
06776
07051
02093
02071
01742
02059
05478
04839
03230
01489
07233
05584
00249
04771
03348
01762
02163
02175
00162
06261
06359
00812
04543
01324
01142
00959
04831
01997
06435
03778
06316
04392
03672
00110
03099
04269
04349
01298
06266
00029
07336
00236
02112
06933
01900
04539
05116
04017
06454
05287
03104
01276
07101
03777
03098
06757
07329
00456
05521
06611
00441
06737
07103
01991
01779
04666
03038
06862
01453
02853
05574
01846
00349
04800
04238
03442
06608
00330
05179
05578
04589
03103
01313
00973
01098
05032
04124
02357
00513
01877
01664
06800
07301
07080
04093
06042
06411
04534
01820
01584
05032
03258
03950
04020
06376
04562
01335
01668
00994
00415
03626
01635
01891
01773
04383
04503
06557
03207
03844
05874
01853
00965
01604
05240
01269
06091
06671
05963
06040
04283
02799
01213
03311
04180
03891
01311
01355
06417
04211
01682
03613
01617
01891
05098
02401
05441
02889
01256
06166
04221
00922
01986
05738
00728
06017
01094
07084
06618
00173
03324
07272
04324
05260
05157
06895
04750
06792
05681
04399
06754
02861
07389
06152
00286
02258
04523
05879
01704
00142
01810
06133
06697
02919
04968
01332
00963
00574
07492
06094
01809
05225
00229
06969
02529
07107
04686
05159
03146
03894
00400
06219
04389
01215
04602
01681
05064
05126
06040
05040
00781
07492
03718
03359
03001
01963
01233
01558
04726
07141
06320
05135
07376
00549
07129
07415
01824
00128
05118
00463
01871
02276
01391
07301
03453
04967
04491
05164
03901
01923
01975
01125
01245
05273
05564
06874
06188
01332
00360
03717
01000
05732
04923
04407
00895
07189
00071
06128
03354
03099
05858
01063
03849
07346
04627
02294
02522
00355
06892
01307
02652
00974
06771
02938
00888
00550
07199
02544
00898
02613
06933
04297
04110
02177
00652
02906
01523
02684
00690
05049
01662
03199
06494
04139
06480
00585
01510
04289
07065
07165
00211
03991
00548
02330
06904
02126
07385
02600
05148
06164
07179
05031
05744
05417
00143
00518
06377
03261
06542
01342
02307
02513
05145
01698
06554
06172
02652
01281
07190
06040
01038
03834
01098
00401
00451
06095
06347
03490
01192
01201
04800
03190
00827
02944
03874
07358
02008
05176
01752
01623
03737
04248
05012
06802
06642
05370
00794
04045
00456
05816
02882
01892
00116
04690
03846
04440
00888
00862
06831
07269
03850
05098
03504
00590
00306
06987
06545
00832
04001
04611
05986
05739
05596
01109
06976
06613
01263
03949
04417
07273
03714
04600
00715
06124
06907
00021
01315
02888
06731
06990
00552
04905
05611
01991
03171
02213
00924
03985
00880
06486
01764
00279
00830
01271
05284
07453
03183
02302
03324
01213
02348
01242
02017
05805
03528
04950
06856
06199
07257
07397
00920
06556
06731
00704
03678
02879
05320
07425
06941
05729
04900
06245
01152
07296
05602
03915
03499
03053
02242
06120
00946
00351
03971
04599
00561
01134
05305
03123
02275
04572
06527
02671
06915
03143
01758
05350
04772
00440
06166
00236
00397
05292
06735
03845
06531
05802
06484
03213
03255
00365
02620
04668
07240
06612
05773
03197
04702
00163
04802
01834
05179
07172
04806
01711
03752
04044
00499
02284
06748
06625
02486
04313
04352
00397
04888
02537
02049
00181
02121
04346
02834
06083
07169
05054
04171
02130
01220
07118
03969
04949
05012
01408
05881
05375
06742
01755
07363
06562
01790
03626
05155
06513
02100
01060
04402
07284
03295
00102
06327
02960
03825
00791
04578
04809
00594
06381
03207
00346
05822
05528
03016
00171
02174
07469
02552
07340
01307
05813
04576
03613
00829
01064
01880
00650
05875
03517
00423
06710
04749
00288
01329
00293
01536
06919
03941
01439
04389
00150
06679
05095
01328
06569
07116
02933
01568
06412
06545
05701
04836
06036
07155
02154
05366
03989
02996
05798
01928
02040
05367
00438
04717
05130
01550
07114
01489
04710
01881
03164
00673
07336
00603
04291
07074
07383
00329
00600
05559
03282
06515
07472
00467
03828
06428
01976
02293
00302
05990
06810
07416
07489
04694
07293
01975
04721
00830
06921
03693
01756
02180
04256
05647
03568
01653
00981
02951
05321
02799
04844
03621
04691
00675
04622
02218
00449
05251
05239
04180
04998
03899
01914
07189
04845
02524
04242
04967
04412
03003
03724
04352
02229
04324
00384
06756
02742
01122
07441
01428
05631
04254
01227
05568
01846
03385
06864
05066
07055
00228
02596
03449
00890
07067
00338
02339
01499
04702
05410
04314
03244
03938
05384
02766
00290
00979
00583
02105
00494
01776
05090
05241
03990
06555
02299
04052
00717
03928
05840
03106
01587
00247
06659
06015
02314
02212
04222
06348
06103
06078
06527
02119
05829
05545
05473
00807
01865
03935
03022
02898
00499
05871
01369
03398
07056
00224
00276
02227
05005
06924
02151
01080
06571
05068
05043
05402
02246
04741
05238
05786
00613
02489
02724
03982
05051
01368
02051
06334
05352
03627
05232
06513
00425
01998
00399
07447
04767
00898
02417
03531
06469
01278
03569
01614
03113
04155
05144
01667
00925
05576
06442
01866
02073
01060
03842
07276
01129
02782
00586
02096
05558
05026
06525
07068
04770
00686
04934
05443
01466
04834
07014
03783
04191
05022
00681
04885
02072
04133
00786
04177
06740
00905
01130
07284
05707
05681
07155
05695
03592
03888
03582
04437
05011
00030
00950
06074
00252
00094
07031
00648
05661
01422
03220
00200
03495
07471
02045
05349
03316
03244
02362
03516
03210
00713
06389
01075
03288
01357
07403
04005
02647
01997
02794
04529
04047
05798
02838
07395
06540
05671
03118
00828
02472
02803
05466
06713
05170
06945
02300
02649
00354
05993
03232
01708
04176
03052
03377
04917
02275
00817
05169
01150
06651
00134
01472
02779
06987
00946
04654
02048
00069
04165
00683
02827
03555
04210
06801
04922
03180
02357
06349
07227
06200
02085
06171
05826
00698
05953
00476
01416
05436
02359
00697
00240
05048
04519
03366
05432
04717
07282
05469
01811
01508
04834
00850
07335
03571
01737
04240
01151
00393
02991
07246
00713
05240
07430
06283
03693
04807
03601
01959
01629
07311
01249
06248
06581
00850
01155
06974
07048
06275
00210
02887
02151
01725
01577
03183
02434
00274
03758
01963
01229
02184
04318
04065
04140
04840
06625
02812
06901
05712
02159
04326
06992
03732
00657
07465
04125
06164
00718
00602
04895
01296
06769
00265
03205
04027
03396
01377
02153
00746
01111
01655
02518
02114
06803
06855
01063
03626
07087
06603
04903
07317
03788
05518
02236
04335
03449
01064
04682
01038
05993
03611
01057
04832
06937
05618
01571
00111
03083
01182
00684
04762
06474
03595
00641
02035
04185
07189
01408
01877
02154
05516
03710
04137
05111
07137
05426
00425
06959
04570
06998
01374
02608
00037
00637
07171
04729
02511
06708
04653
02155
01500
07007
03078
06970
06452
04183
06362
03809
06193
02929
03586
04912
02862
03450
05625
04205
02456
05330
02716
01729
03927
02020
04130
02114
00276
05180
04261
07489
04467
07396
03940
07440
06985
01537
02526
07310
00453
05250
02336
01430
02372
05159
01787
03603
03313
01603
07001
07113
05874
01448
03898
00322
02953
01068
07011
02219
02116
04482
01174
05465
04526
02616
02333
00273
01439
05476
03114
05772
06094
00705
00388
05365
02925
05690
06290
05749
04406
02594
02140
04160
05865
04080
04718
00837
00270
06427
01260
05716
00773
05175
05639
05438
05493
06658
04804
04847
01231
03530
07143
04143
04596
04456
02796
00117
05190
06309
01641
00336
03552
01174
00063
01809
05520
05569
06444
05384
02938
00164
06562
06765
06719
01758
07315
01802
01883
06240
03172
02813
04925
01839
07416
02470
06802
01379
04810
06107
06782
03238
03438
06954
03147
05071
02738
05801
03342
01513
02184
00334
02692
07467
01757
01817
06978
06293
06526
02854
03841
06030
04034
04743
03789
00425
04024
06431
04645
05931
05350
03267
03769
00379
03316
06722
00652
00206
07224
02208
04477
02198
02691
04779
06804
04637
02660
06545
07453
05538
05088
06622
03034
03675
00386
05347
01099
02186
01989
02737
06180
00103
02881
05532
02546
06213
01951
03403
00950
03077
00894
03949
02791
01176
07375
03474
04447
07128
02868
05112
04874
07365
04501
02510
06999
05950
05679
03778
05763
06224
05099
03720
05151
01476
05515
02722
05278
01128
03372
02059
02738
00390
05788
00024
07249
01493
02310
04541
02068
03938
03349
06395
07471
03064
04885
05526
02758
05558
01650
04674
00685
00820
06216
06308
00071
03649
03724
05410
06746
04947
03833
07137
07191
03477
01785
06634
03324
03711
01475
07059
00624
03467
01906
06065
06629
07357
03169
02139
03970
01944
06743
04075
04912
00137
06697
04028
06680
06361
05799
06156
03480
04159
05528
02160
04717
00364
05138
03031
02622
01395
00806
02196
07230
04701
06304
00751
03620
04522
00132
06547
07060
05814
07029
01605
05450
03806
01663
03942
06272
05239
04160
07455
04973
05820
01132
01894
05877
06497
02095
05074
06128
04129
03195
00788
00762
00290
03207
01504
06901
01069
04406
02103
05563
00571
04281
05118
00837
02070
04173
03769
06797
05864
02117
04703
05897
06030
06832
06510
00795
04452
04439
06223
04917
01713
01215
01083
03433
02433
03278
04829
03142
03582
00867
03480
05736
06299
04907
03293
06615
06994
03575
01037
03543
02762
02620
00057
01340
01973
05127
05732
02533
06487
04587
00827
02395
05414
03164
00693
00702
05459
02838
02737
07343
07307
00243
00540
04033
06623
00374
06216
04722
03474
03701
03370
02925
05820
03826
03681
06294
02176
06962
00928
00521
00968
01782
01198
04745
06825
07048
05878
01834
04127
00938
00569
04106
00498
05206
01072
01057
04658
06127
05551
05931
05985
03271
02760
01811
03227
00502
01222
00531
00745
04670
03938
00235
01414
02850
00835
05811
01070
04558
02002
07028
02801
00496
03509
07242
04324
04645
05353
00401
02992
07193
04391
00194
01005
04869
04015
03466
04297
00277
00973
02858
06902
06748
05942
04078
01845
04656
06439
04784
06597
02781
02597
00936
05425
04842
02140
00215
06233
06102
02885
05404
03702
06750
02420
03415
01592
00108
07396
06861
00832
04255
01185
02729
05063
07199
05564
01226
03150
00727
03365
04469
05750
05052
06563
01683
03791
00628
00014
03492
07313
01807
07122
00715
03951
03799
06377
02394
06091
01271
01037
00924
01475
07063
04699
05614
00222
07414
01276
05964
03908
03621
01426
06615
05904
02476
03976
04636
03168
07095
01000
04282
00619
00571
03302
03329
07035
03479
01038
02011
04326
01850
00395
05396
03659
01067
01023
02699
04801
03691
04926
06335
06907
03147
03726
06876
06384
04890
05977
06556
04739
02711
05810
03998
02960
06518
05831
01542
01842
05532
03736
04101
03932
03153
02886
01213
02735
01156
02687
05282
01233
02486
06862
02844
03968
05009
01043
02921
05814
02827
02116
06382
05125
03508
05731
04250
01424
06592
01067
04863
06812
00539
04395
01942
02631
03860
07454
02165
07415
00469
01150
04036
01746
04213
00904
03006
00641
00082
00072
04538
05174
01810
05842
05658
05289
06697
04060
00295
04179
00634
00804
04411
05630
02631
03570
07444
04281
01391
00612
02238
05767
01476
04670
05753
01984
07290
02392
00413
03684
03719
06715
07291
00551
06723
04331
04041
03006
00575
01828
04845
03721
07402
04269
06703
05044
04018
07486
03349
06286
04743
04038
01848
03948
03945
02087
02369
06430
02603
03174
05390
03405
04939
00612
06752
05655
02282
04568
04238
01687
05317
04880
04864
05133
03502
03849
02181
02324
04565
03982
02591
03616
04262
02633
06186
02784
01390
06818
04240
01313
04986
07451
01920
02430
06391
03784
01153
04556
00211
01067
01090
00989
03509
04503
03528
01388
03865
00902
02544
02764
03679
02219
03815
06338
03710
03926
05504
07226
01269
00803
06842
03369
01878
05629
05760
03537
07107
07183
06909
00010
01706
05793
00284
05558
03652
02446
06725
05086
07023
06427
01254
07347
04862
01940
01486
03363
02294
03951
00743
07159
01182
06581
00371
06494
02359
04853
07265
05325
07378
01772
01954
05251
03492
01479
02156
03997
05585
02600
00663
06955
01200
05680
07443
04921
02779
06214
05330
06060
00954
05969
06582
00357
03283
03300
07434
04180
06357
04431
03923
04787
00817
01367
03163
02705
04036
00375
00663
02847
01906
04366
00981
00662
05397
00561
03615
02583
07261
05976
04715
00573
00715
01061
05094
04011
00210
02077
03161
03358
07261
07196
04083
04277
06444
03246
06311
01394
04301
05671
01773
01490
00164
01331
00601
03572
01624
04917
02679
00023
05349
06827
01747
03657
03931
00409
00950
02857
01007
02176
07122
06733
02945
02318
06200
06325
00867
02270
00203
01788
02846
00429
05600
05764
04910
01224
01241
06517
04303
04590
07431
01480
01835
05131
05517
02429
07072
04671
01822
03060
06599
02076
01731
02057
07375
02426
00023
03047
00617
02789
06567
02867
06876
00751
03910
05684
04361
07405
00770
05533
02901
05371
00182
05699
03042
04071
05613
04518
04964
05361
02227
03551
03358
02790
03930
06450
05414
05569
01535
02453
00802
07291
06012
02585
00080
06047
00287
01059
04021
00813
00780
06924
04234
07056
03208
02362
00055
01511
04282
02201
04561
02997
01080
01650
02584
00249
07212
06311
05098
06809
03764
03757
05600
01143
03472
05856
05474
02595
03502
07368
02077
01696
03436
05921
00510
07097
00974
01316
04238
05720
05354
04177
01650
05902
01882
04993
05168
05146
04301
01333
07175
07300
02831
04974
00469
05778
06199
05833
01243
02109
04295
05139
01890
03759
00844
04413
03589
00218
00063
00765
06590
00322
03571
02125
00528
00155
04520
02129
05819
06232
06437
00048
04070
05024
07359
03377
01209
04515
05707
02704
07058
03727
03335
05128
00308
05998
05665
06860
03228
01815
01627
03274
02712
05300
02778
04900
00137
02378
04498
01717
06729
02092
02588
04680
07389
04295
06037
02836
02574
02035
06639
06105
05023
02028
05753
03960
01595
02288
06130
03390
03093
05024
04859
00721
06196
00598
03908
02327
02354
06282
05137
03381
04449
05761
05262
03477
04526
01715
04484
04221
04406
02638
05951
07023
00486
04408
07473
02458
03054
01161
03857
02026
05562
07185
00274
00188
02421
01181
06891
07022
02352
06930
07196
03570
01748
06468
02191
03698
04948
00770
04120
01536
03001
06742
03482
04259
04567
00438
05284
04438
02285
06855
07217
01949
05102
06250
07261
02567
05040
00505
00208
03240
00494
01804
03972
06995
03693
06389
04486
04048
03415
01655
03046
03203
00609
00642
03170
06729
03723
01188
02070
04952
06138
01079
05945
03184
05361
02608
01643
05417
02049
03077
04767
03299
01516
02071
05168
03284
00605
05187
02277
06539
07019
05345
03513
01468
04408
05436
02409
00937
06764
02213
05861
01697
05883
05455
04627
03464
01603
01997
03528
00106
06919
05098
07307
01145
01794
03979
03333
07377
00440
05462
01354
07059
03868
04466
01614
01454
03758
04960
04356
06714
05064
07325
04996
04444
01996
02243
02745
02760
04221
03026
04893
00618
07355
07019
03546
05187
05988
01528
00829
02991
04190
04555
04190
02336
03707
06225
00320
05917
02209
06215
03379
05298
06158
00828
06272
06565
07255
01475
06520
01782
04405
05447
00358
07333
06405
02501
03011
01256
03535
03189
04171
07377
01862
04962
05002
02085
06938
01818
05812
01954
06342
02969
01559
00671
03110
05862
05443
04173
00786
00365
05221
05319
01177
00737
02569
05844
00456
01583
06781
01106
03901
00444
06180
06319
05533
00774
01348
00463
05715
02492
06289
00288
02500
04437
01705
01690
03348
04198
05093
02147
00641
02112
02294
01727
04552
01802
04352
04594
05737
00790
01794
06651
00544
06716
05926
04686
05478
07451
03021
04054
05801
03025
03255
00979
00541
01656
06176
00178
01372
04366
06936
04335
02530
05946
02328
03110
07234
06627
03371
01483
00348
06582
01900
03192
02887
01365
03781
00788
00266
00195
00377
00105
00832
02672
02787
02452
02574
03597
01923
07101
05731
04133
04831
01586
00102
06371
02091
04032
06835
07397
00725
06516
07092
06198
06232
00473
04502
06451
03636
03135
01893
06387
05492
03266
03169
02513
03328
06201
06431
01792
07282
01057
06424
03283
01791
05098
04108
00624
00842
00304
01823
06718
04282
01524
01306
00574
06082
05294
03090
05646
01879
00915
01230
01641
04929
03843
06326
02644
05154
03064
01607
05163
01836
06411
02926
04733
04074
02073
04118
03552
07227
05363
03943
03867
03111
07287
02113
01411
00770
03238
01733
01046
01895
04574
03646
03153
00870
06733
05761
02241
06646
05369
06303
06335
07331
00631
05475
04253
05212
02215
01137
06128
01381
03277
04770
00761
00907
02322
03142
02533
03252
01750
00809
06264
05527
04394
04809
04234
06554
04780
05492
02380
06004
01794
01110
00263
03825
00316
04139
06572
04811
06530
05361
01916
06731
06026
01443
04502
01391
06232
02485
02567
03288
05106
01092
05454
02439
06043
06663
03989
06640
06375
02801
04841
01862
04877
05434
00069
00956
00700
01148
04138
04074
04156
00965
04543
00459
04173
01868
03512
05477
04245
00078
07121
02926
04510
01040
03217
06772
00883
00067
07350
03977
05067
04987
06092
02338
00406
05480
01953
03214
00313
00611
05371
01402
06196
00026
04406
05739
05663
04904
05970
02512
00649
02104
05520
02582
02177
04120
02397
01694
00564
06129
07295
02434
07389
06906
05777
02896
06219
02487
03272
01760
07240
02633
04763
03993
02663
05839
06988
01372
05508
07324
