05788
04844
04408
02112
03975
06190
04151
03671
06084
01873
06194
02155
05596
03444
04433
04846
02759
01099
00814
01495
03128
00383
05231
04298
06087
00850
05696
03255
03832
04704
03468
01695
05549
03873
03928
04720
02949
03979
01628
06033
01807
02068
06687
05465
02959
04948
06542
04218
03980
01545
03416
02843
01267
05749
06537
01188
01324
02082
00289
04082
00023
02854
01936
03722
05346
00705
06065
01866
03338
04643
03776
07035
01291
00171
02361
04355
02343
02986
00431
00503
02799
05093
06565
05613
04080
01625
01612
02511
00156
05049
01434
03116
04884
03379
06499
00168
03824
07090
06423
02772
01515
05180
04696
02904
05229
00411
00758
03597
03158
05368
02696
05831
01988
00547
00201
05199
01282
02831
02829
04719
01389
02363
03231
00359
01155
03052
06008
01565
01002
02101
02622
02192
02715
02169
03223
06349
05769
00839
00104
03802
00882
05059
00142
00592
00833
01350
00280
04135
04828
05084
01151
01385
04977
03499
07172
02344
07032
06291
01892
06731
03173
01425
03226
02851
02478
05085
07025
00381
01395
03540
06372
06576
03182
03056
01717
04789
00728
00562
04902
04823
00756
01090
02039
01504
04157
05325
02204
06259
02600
05613
05434
07096
03893
01767
03775
06193
01720
05614
00443
02220
05982
07077
06302
03633
04382
04193
02607
01307
04637
04204
06631
06755
04702
06182
05992
04088
01348
05606
05533
06731
06821
02719
03503
00423
01966
01246
02656
04382
01133
00687
01768
05726
02175
01215
04682
04194
02422
05883
07155
01957
05830
04152
01614
00049
02668
06540
00966
02422
00091
06010
03513
04214
04069
03819
01653
06652
01251
04599
01651
03949
04449
04580
02317
02775
06473
04229
01084
01671
04234
03395
06258
06103
03492
06105
06417
02435
07123
02713
05318
00092
06358
00908
06854
06806
01307
03927
00739
03580
05321
06969
02058
02820
06953
06512
03197
06620
06641
04028
03752
01283
01614
03099
06626
05909
02766
06004
05570
01086
06600
03055
06779
00784
04200
00161
01046
00848
05115
02981
03466
01450
03251
04006
03931
05125
00695
06457
05452
01520
02987
02631
03266
02428
06871
05673
03926
05092
02262
05420
05942
05862
04574
04244
00666
06870
01127
07196
01150
06440
01465
05019
04641
00746
03638
04898
06808
00628
00321
01122
04079
05528
02858
06603
00733
04916
06872
03407
05443
05094
03281
02502
05954
07199
00137
02186
05654
04688
01860
06498
03922
03681
01033
01531
03737
06945
05318
03538
01910
02263
07034
04079
03193
06391
06147
05228
05071
05968
06949
05075
04060
00322
01843
01573
01720
01357
05213
04406
06403
06276
00374
00854
00038
00800
06368
00747
01160
05554
04022
04282
03113
01264
02070
05700
00127
03409
04138
05165
02858
03923
04210
01208
00470
02201
00303
05262
06509
01843
05262
03997
02934
06197
03215
00829
06702
05193
05201
04270
02849
05121
03099
06269
02245
04772
02826
06629
05492
03946
01138
02034
03588
00323
00083
05633
04452
03697
06874
06020
03157
01302
00368
05025
01666
00967
02499
06810
02366
02944
01455
04647
00953
03890
03401
06975
05726
00983
01736
04182
00844
06662
00112
02976
01583
03426
00316
01012
00731
03149
03048
03372
05092
03226
04632
05064
05852
06175
03496
00050
02538
06217
00400
07164
03299
00714
01684
03493
00200
01901
03814
05915
06844
01450
03256
00539
06112
06581
00610
03188
04237
02225
06508
00009
04782
00322
06937
05877
01463
01504
02928
02504
00869
00487
05447
05232
05044
03308
00367
07123
03735
02410
06871
05432
06647
03321
06013
04518
05963
04672
04184
00100
04977
00738
06011
02656
03046
07028
05862
00075
05352
03694
04079
01665
00069
05824
02345
02438
01919
03676
01454
06988
01758
04241
01614
04210
05842
04728
03284
07142
03684
05543
04657
06346
05688
02626
04040
01140
00770
05650
04693
01392
04481
05358
02107
04769
01276
06869
01384
06628
05592
02974
02919
05397
05203
02855
05282
06891
06688
00809
06225
00062
07167
04941
01059
04361
05240
07160
04488
02634
03284
02977
00314
01159
02745
02339
02342
02026
00256
05133
03066
05837
01940
02487
00844
05841
01001
07024
06084
04136
03926
04434
04103
03667
05552
02615
06114
03589
02597
03045
00111
01542
05778
06660
02727
06099
06913
01073
05828
04611
02179
04363
05457
00965
02278
04650
03985
02853
01075
00367
02601
05613
00550
00119
02827
01672
01579
06921
05760
02786
01362
01967
03057
05611
00494
06401
01649
02106
01807
05436
01387
05422
05338
00690
07011
04848
03202
00731
01996
04116
03590
03562
02278
01246
01959
06330
00689
02594
06243
00103
04274
02756
02291
04729
04865
07005
03709
03226
02061
06751
06903
00105
01356
04016
01529
01799
02595
04882
07197
00111
06639
04899
02294
05027
00717
01408
00202
05089
02028
00996
01582
00724
06445
03118
06973
03015
03252
07073
03475
00372
06414
00134
02508
03195
00222
00492
00852
06382
05670
04079
04587
05129
01550
03829
04471
05407
06900
05781
04166
01775
01361
01235
01086
05877
02756
06310
07139
03325
03261
06395
02117
03731
02472
04178
05986
04662
01267
02918
02879
03307
03550
05131
06719
06157
02686
01071
05085
00418
02414
02050
06060
02408
04788
01554
00745
00686
05547
04975
00601
04160
05585
01934
03844
04635
04751
02569
02734
05950
03168
00547
04302
07105
06784
01962
00045
01855
01491
02485
01084
01679
06736
04012
03378
03825
07048
02342
05473
01539
00950
04973
05748
01939
06724
01151
02887
05039
02487
04910
02211
06616
02105
04775
03989
02613
06209
04080
04809
04708
00321
05321
00648
01195
01772
03029
04171
06573
03522
04595
04827
06520
03673
04036
01223
05019
05801
00017
04833
04084
07156
02341
05686
04935
06961
02101
03015
07051
03156
00865
02312
05887
03643
06866
03989
00090
05879
02339
02444
03008
03413
02268
05899
01168
05960
05401
05831
04442
02677
06569
06982
05230
03771
01938
03961
06064
06301
03858
00410
03559
04717
03969
02366
05236
01334
03282
01110
05344
00134
05560
05704
06959
01846
05061
01733
01680
03576
02126
05703
03190
06108
04234
03017
01505
00031
04249
05187
05845
06032
03265
03136
06989
05984
05300
07070
04392
03046
01454
02753
02049
06636
00602
05300
04796
06937
05331
05597
02652
03196
05288
05596
06610
05458
03897
04288
02513
03604
05822
00742
07164
01696
03847
03214
04128
07009
02750
01052
00638
03678
00073
05704
03360
03389
06187
05699
06957
06514
03178
00455
05048
01160
04523
03257
02099
01162
03321
00701
01633
04302
02469
06102
06440
05982
03463
05497
02245
04037
02275
03212
05114
00979
01287
04001
02915
02221
01553
04809
06246
00180
01069
05111
05672
01872
01883
04274
00764
03832
01871
01333
04470
00641
04178
06535
03134
04737
03110
00339
01824
01054
04071
07075
06688
05880
05581
05438
06635
05008
04526
03387
00169
07028
00736
00288
04815
03528
05788
00028
03537
00626
02206
03005
01524
00801
05449
05518
03329
05243
06696
06001
04149
01122
06831
06357
06773
05219
01215
05876
00671
07099
06088
01900
00956
02533
02217
06744
06546
06980
00659
00938
00470
06090
04587
07015
02942
04867
06446
03807
01845
06433
01968
01511
04487
02564
06877
05493
03196
04005
06560
05495
04866
05248
05250
02769
02018
06652
04105
06161
04341
04633
06882
02320
02480
04884
00026
03240
04378
06361
01446
00140
05246
02726
03778
04009
00636
03736
02902
00823
02233
00821
01333
03163
04759
01301
00159
04093
06432
05805
05543
03072
03196
04121
04654
04067
04418
05030
00078
03444
02218
03225
05171
02636
02657
04863
02691
05002
01046
02066
05535
03696
07025
04005
02625
03540
05763
03821
06245
04452
01273
04460
03044
00922
04426
05978
00668
04855
07056
03570
00907
00862
02387
04374
02586
04848
00768
05856
01335
01344
01721
06759
00186
00563
05127
04266
04841
05686
01226
04284
06871
01755
02865
01452
05799
03953
03012
05487
01870
01470
04286
04524
02198
02940
06521
06308
02239
02606
03490
05021
02049
02430
05899
00233
00300
05812
05727
01207
00272
06932
02736
00566
04728
06965
06380
02305
06641
04186
05230
04652
05865
05871
05937
00298
06707
02625
02943
04056
02887
02809
06856
06345
04357
01463
04238
04718
01786
04584
03997
04066
04827
06692
00632
01135
03406
04646
06766
01185
02825
01417
04204
06629
01938
04891
01452
03038
06277
00352
02987
01604
02676
06950
05720
02936
03272
02145
06056
06729
04966
06114
06534
02940
05357
04568
01575
05596
05628
00611
02812
05406
03601
03857
07074
03759
04171
01208
02387
01980
04177
02511
01855
02878
02091
05225
06805
06752
07182
01582
05018
03214
02102
02935
04701
04220
01291
07078
06273
05744
04774
01760
04985
05229
00141
00808
00179
06717
00538
05850
03531
02713
01882
03040
03680
03256
02865
05716
00387
05747
00442
02803
02027
05969
04268
01434
03974
03892
02393
00512
06666
04702
03024
00656
05226
00193
00194
01953
00388
06914
04385
03539
05271
02377
00581
07144
05425
03368
06152
00061
02503
05478
05809
00420
04062
04870
00334
03168
02662
06425
05402
03355
01414
06588
04990
01991
02610
02703
03060
02095
01017
06068
01990
03418
05403
03168
00789
01308
03480
00545
01174
03992
03267
06604
03062
05429
04406
06690
06334
05852
05887
02910
06642
00555
06488
06462
01556
00410
03893
04555
06694
02984
01782
03366
02508
01824
02427
07089
04623
04174
00599
03608
05213
05559
03518
05210
06766
03354
03000
02872
06722
05090
01015
06424
04102
02245
06981
04182
01206
01500
03255
03304
02556
00190
07038
05548
00502
03355
05340
04753
01782
05907
05683
00127
04291
05393
04345
05060
04028
01703
04776
06331
00189
06887
03058
06843
01594
02746
01009
00121
05384
05793
03420
00475
04283
00167
04918
00507
00650
06911
01761
04084
06895
03038
00016
06508
05546
04663
02170
02685
02053
02736
04138
03233
02162
05950
04786
05114
04081
02817
06432
03132
02766
03102
04553
03064
02919
02581
00738
01669
04139
04286
03502
02669
01789
00357
01170
07025
04280
05663
05316
02202
05580
06664
06913
05981
05767
05915
04861
01706
05136
01005
02965
01746
03276
01446
03809
01746
02115
06685
04614
03168
06844
00719
04936
00657
06437
04731
01884
00036
05519
02237
01691
04655
06070
03269
04786
01284
05759
00275
06742
02463
06010
06322
02070
03311
03558
01518
01001
03006
06580
06675
04742
03455
01987
00323
06738
04307
00810
03124
04915
03448
05141
00196
05795
06959
00935
04121
05633
03240
06334
05177
03074
04908
00147
03075
00773
06503
02144
06153
06659
04080
06013
05163
01189
00918
04931
06928
03888
06344
00401
04547
01051
04513
05613
04072
05793
06735
03554
00954
05522
00447
02343
05922
06660
01734
00545
04790
05671
05998
06847
06475
06229
04027
07138
04409
06504
05625
05600
00170
01350
01444
01086
03101
04344
00820
01242
05694
01976
05923
00331
00218
06248
01979
06848
00225
06144
06881
03109
04381
05023
02296
03557
04745
03747
00404
01737
01904
04979
03164
02750
04068
04601
07099
06484
01559
01709
00419
05250
04537
05229
03134
06311
00942
02921
03442
05484
05995
03002
04144
01126
02189
01299
01562
06199
01591
06191
03631
04788
06918
00490
00692
02496
00210
04588
01248
05783
02627
01664
05156
06952
01517
05122
00469
05370
05578
05207
04887
05039
02611
01623
01384
03909
03546
04293
06439
01593
02791
02399
02239
07015
00397
00976
06643
02348
05833
00643
06536
05676
04854
06547
00361
00848
03599
05789
03931
04647
01250
00471
05759
04173
05069
00858
05149
04713
03769
07194
00691
05552
02095
00182
03833
06439
04571
02763
06255
04069
04348
00675
05350
00055
03684
04042
01224
04894
03538
03906
06758
05939
01098
02668
05756
04138
01742
05159
03266
05332
02620
00949
07186
04990
05827
06552
07024
04087
02722
04061
03739
01903
06463
04462
02127
02715
00129
03307
04309
00117
04107
06707
02344
00065
01398
02684
04323
04330
04681
06690
04236
04362
03863
02908
00792
00040
00694
00714
04826
01436
06359
00522
06475
05966
06311
05323
01783
06589
00193
04216
06754
02363
03693
06518
03381
05685
06809
00617
03945
01201
05459
06512
05391
01296
03424
07089
02201
06515
01724
05807
00968
06457
05391
06808
01748
01190
06119
05147
00721
06208
05592
06135
02628
02643
00333
02510
00802
02965
06985
04088
01889
03555
07135
02708
04926
06826
05834
02937
00394
06113
04010
04971
04945
00755
02364
04073
04456
04123
04724
01444
06419
05353
03289
06346
01008
03201
00318
01631
05379
06562
04153
02413
06943
00804
01569
02770
06670
01851
06409
01464
00765
02040
02931
04451
05255
01070
04467
06659
06524
06994
00193
00456
02670
01307
04346
03061
01304
00105
06484
07054
02668
06787
04764
00811
03095
01400
01262
06735
00946
02663
00240
02610
03336
02874
04172
01785
05023
00333
06215
07048
03429
01421
05635
00590
06937
01115
00685
00798
03026
00783
02180
05694
03728
04121
06215
00632
06813
06435
06585
03982
03616
01555
01173
01546
01150
04493
02887
01939
06157
00981
04430
01692
06070
05649
06061
00855
01574
03212
03368
05511
05393
02487
01313
04659
07076
02763
04591
06358
00326
01962
04247
00307
06409
05763
02250
02053
02579
05075
06043
03541
04228
03209
06235
01637
05667
06882
03603
05033
02889
05555
01533
00917
00522
04421
04928
05361
02619
06683
03622
04042
05732
04431
00891
01250
03652
01402
02692
04039
04571
00146
00378
04449
06425
02253
06242
03077
01504
04772
06762
04903
03672
03476
01153
02668
02415
00925
06707
02205
02666
00749
04865
03799
02285
01815
05977
06016
06307
00477
00695
00468
05675
03085
04216
02013
00927
02662
03126
00545
04994
07068
02117
05781
00389
05777
00552
03504
05141
02180
04113
01306
00773
05318
01204
05859
00596
02278
01510
06352
02587
01455
05111
04752
01781
04807
02217
03340
05483
04120
00012
06813
01979
02732
03480
05080
01220
05617
04230
01764
04145
04828
06988
05356
06368
01097
06419
03792
00045
01185
02934
02582
02464
02420
03000
05598
06607
04646
01026
02291
03025
04038
03577
04893
05921
07097
02200
06387
01451
02230
04367
06637
03702
00298
00760
01144
05102
05627
02321
00867
04844
03978
05435
04695
02053
01906
05358
05699
04492
00525
00695
03765
06884
05589
06543
01412
05575
02952
02105
02250
00460
00964
04023
03311
02168
03762
05801
05121
02596
02464
03268
01536
06534
04262
03211
06325
01407
01482
03821
03747
04384
05439
02074
04758
06490
00360
03843
04247
00385
01307
01549
00737
01755
01248
05266
02446
02763
04537
00948
04907
05141
04603
04991
02283
00141
03130
03834
05207
01057
02595
02153
05442
05599
02050
06018
06618
01572
06436
04233
05818
02787
03607
02923
04605
00814
01838
05747
05070
04899
01505
01005
01403
02262
05553
04437
04615
00663
05288
00795
05406
04096
04095
05941
04515
06750
03001
03008
05029
00505
06125
05269
05201
02657
03361
02724
07137
02967
06705
01712
06898
05589
06767
06023
05491
01435
03237
02395
00953
00023
00118
06594
01232
01040
03330
01095
06507
07119
04872
00138
05276
05931
00741
01435
06048
01999
06107
01262
04754
05386
04366
03899
03007
06163
04936
06934
01945
02199
06203
03430
04037
02497
05702
02500
06032
06820
04721
06385
03294
04200
01907
01876
06754
03695
03795
07087
01226
00354
00075
01597
05970
00221
06728
01226
00793
06003
00302
00206
06417
01247
00857
00936
03503
01257
07166
00308
04642
04945
01391
03400
01376
02108
00958
02129
04508
05560
00441
00740
03156
02797
03411
05667
04391
02177
06948
03215
01732
01992
05670
06308
00893
05095
00512
00374
05146
04995
04352
06374
06410
06699
02401
02593
05781
00479
04077
06133
01741
07131
02267
06576
03682
00676
00057
04535
05012
06413
05061
05215
02435
04422
02805
03820
04387
06178
03607
06660
03500
06308
00402
05743
05997
00774
02123
06222
05856
00805
01860
01364
03545
06348
00158
05157
05688
05019
05984
04554
06526
05811
00496
00398
04540
06529
00189
03737
05574
06341
05983
06534
02791
05663
00566
01858
04942
02901
02416
07012
06886
06818
03687
05507
06372
01342
06342
03833
06489
07142
02251
01714
06215
00616
06824
03696
00049
00334
00996
01919
02282
07140
04703
00848
02128
00423
04434
02900
03889
02060
06804
00599
01547
02283
07130
00342
00274
05030
04470
05374
02570
03577
06496
04611
01301
05824
03314
01593
02566
01599
03980
02931
00980
07090
03640
00918
05354
01714
04585
02072
07099
04577
05405
02138
04339
01394
02785
05152
03304
05400
04563
02249
04111
03049
01058
06223
05900
03502
02545
07037
04225
02506
05435
06504
05799
03844
00849
06603
02331
05331
06399
05315
00783
01254
03436
03651
03201
01421
01696
02389
06825
01831
03008
00014
03948
04809
02292
05389
04910
01927
01674
04848
01156
07138
04852
05042
05671
06286
03340
01605
01349
05951
01559
06600
05777
06351
04903
06885
01211
01807
01435
03274
01274
05736
02113
03009
04613
02636
02204
03118
00609
06814
00832
04357
01205
01243
06554
04326
01401
06019
02669
00374
06509
02440
04855
00475
05574
06482
04914
06867
03203
03020
06966
06738
05789
06703
01212
03766
05085
01704
04029
06472
02952
05353
06616
00754
01493
01641
01747
00599
05440
01336
07161
05300
00279
02852
04866
00433
03312
03777
04944
04611
06493
04312
02005
04705
02104
05871
04530
01857
03705
02673
01083
02831
06471
03577
02550
03849
07115
03264
00322
02266
06848
04513
01684
05969
06534
02725
06108
01565
05814
04145
00102
04167
02607
06216
01020
04172
03183
00829
06346
03574
02941
04985
06362
02294
00899
00101
00349
06687
06746
03509
07082
04578
04029
06929
02401
04130
00607
01825
06665
06003
04217
03861
00759
06644
05755
05166
06192
02022
01540
05356
04325
05096
04685
06837
05501
05361
00991
03647
03953
05897
01669
03642
05585
02564
04572
04381
03076
01947
05478
02443
02476
02600
05534
01506
01640
05311
06343
00704
03283
06084
02141
02258
01386
04781
05292
05722
05802
00629
04191
02620
07128
02329
05073
00485
06042
05458
02432
02873
06178
02608
05535
02520
01451
04944
01098
02731
03260
02650
01845
02641
04586
01081
00189
01761
05883
02743
01056
00283
00996
04661
01384
03887
03795
00932
07074
06601
02377
06787
01421
01176
02303
02613
03502
05690
07049
07198
07104
00614
01368
04986
03529
04629
00954
02330
06856
05069
06748
02460
01675
04620
05391
03333
06333
01357
05672
01918
04891
01466
01378
02312
05032
04687
06014
00222
06102
00102
04490
00390
01381
03045
02272
04979
03657
01536
02405
06266
04675
04651
00338
06862
02290
03553
01007
03546
00130
00650
02331
05563
02562
06028
01673
01976
03219
01649
03364
00030
02749
03505
00722
01180
02780
03516
01079
05848
00055
04998
05201
05421
06545
00431
00064
02466
04792
02062
02376
01223
07003
05530
06287
03854
06553
05012
00545
04996
06420
01172
04756
01515
01093
05102
02629
03221
06761
01280
04673
06143
05528
04924
01952
03144
04598
02957
01163
05772
06179
03207
05310
00609
03597
06224
02601
03565
00869
03204
05616
02626
05583
01418
04403
05944
05618
01841
04328
05381
00080
06405
04259
03387
00912
04788
01207
07006
01719
03544
05335
02400
00181
04833
00406
04475
05979
03200
01932
06731
05098
06994
04921
06757
04422
02023
00228
04504
02698
05806
05021
01087
02134
07167
01121
01663
03427
06692
04315
06499
05974
02565
03271
00370
06707
04367
02226
03754
03273
00640
06365
06043
03947
00337
01568
00930
00351
03648
00204
01312
01135
05849
05449
00919
02013
02817
05022
01025
04756
05823
05102
05228
03513
00679
00959
05142
02336
02085
01335
02241
03771
02114
05631
01810
04398
03317
01705
02956
04381
02825
06542
00485
00614
01127
06960
04673
03340
04608
01758
03763
05160
06905
02102
03501
01316
06068
01764
02911
01442
00823
05929
01332
05398
07099
02359
00581
00565
01458
01849
03576
00389
04246
04111
05017
03347
00522
04822
03923
03332
00336
01766
00170
06467
02823
05430
05144
00345
02493
02842
00771
04059
00121
07148
05016
00733
00158
02921
04422
02437
05501
05330
05497
00314
01434
02514
00465
01274
03128
02176
04350
02155
02980
06010
02074
05801
05723
06865
05220
00638
06425
04932
01012
00784
02495
02021
05856
01877
06400
05751
01130
03233
06696
02105
01155
02080
02602
03196
03809
06463
01156
05936
00440
06436
04625
01885
02295
01982
04299
04941
06594
01814
00282
04935
06248
03461
03550
04886
02880
00352
04917
05672
06725
06831
00521
00978
04267
06619
06265
02001
02460
01157
06466
05643
02772
02067
01130
01972
05173
06469
01289
04461
02824
00582
03445
03558
00593
04766
06920
03364
00461
03396
02736
04574
02347
07153
04595
06337
04644
04304
05724
04212
06936
03025
03814
05845
05383
04188
02564
02914
02696
01123
05323
06004
00905
02929
06685
05062
00644
00222
03795
01491
00347
04644
02758
01469
04976
04332
02074
00714
05603
01857
02183
04745
01096
03463
02885
05203
06788
00644
06803
02380
00964
01724
03876
01000
00154
03035
02215
01802
05013
06891
00338
01896
04540
02405
03659
05003
01000
06500
01650
05490
00091
01525
06701
06229
04992
04586
01169
00551
00511
04814
00395
04341
07069
01620
06409
06124
06734
01640
04007
05495
01145
00678
01017
04613
06471
07177
00722
04361
05766
02076
05231
03835
06752
02285
01667
06684
05619
06144
06240
02903
02125
04031
04767
06626
03622
00782
05292
00132
04314
06172
05969
04624
00097
00054
04252
06576
07181
04854
02544
06269
03776
03450
02662
01098
07015
04367
00157
00321
01142
01547
03589
04293
01953
06777
06532
06647
04629
05007
03746
04212
05041
06588
01752
01402
05572
05918
06704
02283
01828
06576
01016
06667
04264
01856
01385
06724
05859
04254
00431
05321
04286
01744
03572
02935
02576
01794
00909
01046
03068
01883
03712
02719
05415
06667
03824
00697
03477
04001
00391
05468
05376
00057
02080
06870
06867
04243
01198
02411
02921
00190
00844
04567
04605
04050
03201
04847
04013
05150
01199
00134
03216
07062
01209
04683
01713
01166
01359
07152
04552
04068
01111
00581
05395
04727
03194
00835
01782
05046
00136
05669
00460
05332
01160
04208
05352
06615
02688
01203
06797
06095
00638
02569
00582
03876
01153
04347
05187
02696
06535
03715
02704
05483
05747
01676
04692
04397
05306
06485
03459
05231
03467
07156
00224
02146
00121
05815
02259
04257
00166
05797
00419
07035
02797
03043
05488
04488
03020
05619
03311
03037
03021
06327
00803
03386
02031
01299
00756
00064
00565
05041
06991
02656
03051
04702
06682
03567
02065
06993
06226
01781
03878
06187
00579
05253
06705
04473
04547
06311
02574
03575
02539
04081
03412
00912
03219
04884
03359
02848
03593
00371
05535
06778
06830
01966
06812
04485
05389
01820
02020
01569
05593
01463
03699
04808
01506
03537
02270
02415
03251
01125
05532
03819
01867
02472
06097
03761
01493
03263
05816
02230
04359
03242
05356
02773
02356
03229
05331
07087
05326
01135
05480
07180
05979
01867
02915
01087
00371
06404
06183
05960
03700
03558
05192
03571
02369
05767
01784
06750
01086
04349
02220
07032
02688
04969
03759
06437
06069
02672
01251
05182
00880
06315
07151
00309
03790
02388
05929
01270
02634
01377
01409
04809
00985
06061
03560
01491
00708
03345
03548
01277
06304
01586
05009
03948
05387
06388
04989
02639
03684
06061
06944
00184
02887
03284
06093
04097
05093
06007
05242
02064
03772
05484
05664
04597
02584
04063
00239
05232
03141
03787
00754
03279
06928
04740
01402
03509
02489
01840
02697
05047
06007
01014
05246
04063
02024
05614
05240
04819
03155
02136
03144
00305
01053
05129
00279
06065
05636
05857
04497
00396
05722
05399
06381
06842
02850
02485
05499
02583
04256
03328
05769
00287
04640
04432
01265
04217
01255
03454
01986
05680
02829
04635
02601
00796
01183
01405
04155
05248
05488
00852
00066
02348
02199
05467
04931
00930
05001
06794
06024
00470
04724
00457
05678
05006
02101
04287
03181
05417
00534
04903
03615
05628
02120
05348
02575
02519
07192
03211
04704
05287
07025
06591
01719
03988
04271
01307
04102
00042
03771
03047
05077
01365
02152
04685
01551
06342
05704
06150
06439
01555
03563
04142
03717
03674
04502
06518
06800
03557
00316
01080
06361
03305
00124
01060
01474
04904
06742
06969
00618
01207
03499
00144
03351
05626
05968
03538
03166
05772
00142
05866
07089
01178
06650
03893
02917
03407
04940
05782
02463
04298
00446
01254
05115
06475
03971
01960
06169
05101
04417
06267
07045
02956
06892
03497
00960
02440
03201
04636
00176
04195
01563
02159
03297
02308
02422
04450
00150
05534
06238
05832
05713
02250
02578
04059
03098
04944
05627
05647
00431
04709
04515
06564
02056
06766
02196
03957
00454
04867
00334
05549
00760
05455
05220
05465
01418
00500
05043
00025
00906
03787
05696
03760
04024
05033
00493
01850
05321
01693
00056
02301
05048
06613
06960
07096
01642
04449
02773
00793
02332
04975
07083
05003
06635
01557
04666
00108
04736
06542
05990
02428
02166
01051
00454
02961
01161
05547
02914
06184
05853
01365
06574
04726
03144
03874
04541
00700
02301
01160
06436
01433
05718
03536
02637
02361
02653
06393
05748
04971
06775
06550
02370
06865
06606
03442
06339
02800
00089
01588
02214
06471
01674
03517
01041
04701
00916
03950
06014
05491
05782
02983
05493
00824
04936
02794
05383
03515
01122
03390
06469
02171
04964
04336
01115
05595
04997
00083
00749
00049
01659
05160
00396
01053
04227
06297
06804
01431
01294
00671
01349
04161
02633
03907
01244
04060
02023
02017
07150
06806
05005
02665
04257
03616
01721
03840
01702
02782
01872
04067
06934
06200
06883
00299
00968
03374
02205
00140
02701
05608
00556
04375
05833
02795
00457
04928
00589
00039
02245
03129
02677
05933
05522
00029
06811
00606
05356
05226
00055
03103
00482
07109
00468
03273
03653
03905
03247
01148
00812
05146
01454
06932
03328
03932
02683
06003
05259
01217
02044
02942
04792
04087
00497
06564
05767
00383
05545
06841
05040
03730
01472
00481
04977
00894
03481
00007
02357
01166
01300
02445
02083
05928
01261
02174
00608
05776
06033
05887
05986
03946
04957
03461
03571
04669
06005
04032
05246
06930
05757
05652
02777
03644
00536
03688
06222
05073
01306
04727
06600
00086
04172
03620
05367
02778
01660
03627
02176
04185
00190
04435
01955
04768
00292
06687
03946
01072
03733
01411
05996
05947
03948
06100
03355
01804
05808
06584
00944
01443
00716
01597
04240
00638
00394
06694
05819
04563
00816
00319
06610
00825
02647
02737
03394
01639
06212
01137
01713
03924
03078
00755
00580
02078
05131
01597
04106
02534
01886
00310
01705
06072
06497
03869
06179
01896
05186
02197
05860
06648
02878
05278
00715
03830
03375
00127
00339
06466
06675
06399
06813
05933
05307
04212
00091
04510
06764
04787
01531
05262
07061
02757
03758
03763
00078
02938
04884
06617
04937
00407
00294
02028
00376
05163
01792
03091
00763
00800
01417
02294
05123
01293
03456
01120
04584
03976
02309
03103
02788
05913
04289
02408
06282
00169
00338
01624
04198
03065
04599
05974
07027
03696
02133
02900
06739
01036
04164
02995
02350
01977
04985
00902
00458
04991
05168
01743
02178
04149
05589
06790
02343
01524
02703
01624
03024
01959
05226
00460
01823
05502
03040
03873
06418
06722
02692
01203
01378
00611
04554
04924
04252
01197
03094
07159
01242
05400
02624
00735
03229
04319
00384
00567
04424
02344
06683
01347
01308
05538
00298
02675
04204
06477
06884
00479
00412
06995
00552
05678
00059
03189
03721
02289
05914
00192
02517
02476
00520
04510
01316
04245
05099
05096
03322
03925
00989
04761
03512
05931
05825
03838
01510
03856
07072
06634
02549
01973
05509
03462
07156
01800
02897
02565
01586
00086
02683
02902
03850
03370
05160
05651
05808
05651
04291
00790
05174
05956
02073
06923
05243
07029
03667
04288
06897
03303
05553
03640
07145
03269
03424
00383
06909
03046
02423
00825
03578
07182
03988
05620
06568
01684
03374
04219
03608
04511
06998
03564
05641
05065
04431
03681
02614
06246
00167
03018
00320
05853
01393
06396
04627
02069
06529
00931
01495
01323
01635
06227
02262
06527
06040
03932
02020
00047
04974
04604
02352
05083
00858
05390
03110
02440
02741
05824
05183
00000
02672
01442
05990
01142
01366
03194
04455
06407
03741
03957
05302
00476
04007
06200
03192
03340
00507
00917
03378
00767
04763
02648
05197
03661
00003
02401
04099
04836
05949
01740
02377
06312
04003
04108
06264
00661
06930
02518
00729
00257
04871
04665
03309
06972
02905
02988
01942
03577
05490
05216
06150
01446
04907
05140
05858
03351
01955
07016
07154
02082
06172
00105
04840
06787
03635
02602
05930
02911
05434
03860
06589
03013
04595
04180
03440
06896
05643
03218
04067
04522
06032
02851
05331
01227
05329
00852
01475
01567
05137
04519
04743
04517
02311
04634
07120
01235
03156
06370
06767
00887
07010
05815
03912
06137
06774
05865
02677
04092
03794
02160
00691
02051
02282
04257
01997
02928
03104
00572
04580
07079
00894
06882
02168
02834
02672
05700
02261
03134
02171
03255
05148
04066
04222
00100
02381
04735
01635
05916
03374
03747
02914
02792
04411
00488
02131
02782
00042
07194
02669
01391
03865
00981
03264
03614
05334
03532
04172
01419
03947
06470
01308
04653
06853
01283
00290
03903
06431
03293
03727
03121
03056
03338
01487
03935
02253
02717
06303
02078
06108
05292
00077
04083
03670
04300
02443
00318
03320
03928
04334
00019
04487
00145
06729
03017
05629
03551
01985
05099
00724
01142
02509
02669
04558
02708
02605
04985
06879
04582
06947
05766
04855
05418
06226
00906
00624
05871
03634
05318
03856
01689
04908
02560
04091
05025
05752
01486
04377
06169
00849
06798
04223
06285
00178
03763
04093
04357
04080
04697
07043
05319
03891
04409
02641
01113
03921
00408
01945
05124
06537
05307
03475
05972
01049
06325
01629
06492
06013
04992
03469
03030
02309
05066
02613
03560
00241
01831
04113
06178
06059
04292
05711
06404
00513
06940
02908
07069
04030
03171
00807
02574
00772
00447
00405
06861
05321
02103
02240
02821
01899
00484
02892
00058
03504
06916
06920
02602
01598
02061
00701
02831
00244
00798
06358
04833
04355
03953
01068
02105
02445
01005
03949
05073
03576
01401
00361
06535
06447
05706
05912
01791
00726
04925
02027
04808
03783
05184
06574
03095
06894
01802
00214
06031
00957
02923
01357
04675
05453
05950
03863
05394
05010
01404
03007
07153
06713
02570
06436
01542
03744
06930
07194
04368
00115
04367
05406
00388
01375
02977
06521
03827
04820
00161
04944
03175
01916
06255
00678
02508
02386
05607
05935
06283
01952
06001
01906
04465
03770
03896
05049
02671
00241
01874
03832
07131
06037
03582
02808
00787
01770
05837
07071
03137
06085
01462
05374
01370
00899
04749
05079
04481
03302
01230
06984
02793
06061
02643
03640
03031
05871
00390
03773
01254
07092
02640
00872
04068
06096
06991
05966
04537
06781
06694
04467
02311
03988
02702
00533
00909
01575
01994
06258
00742
03294
03545
00119
05743
00748
02085
05895
01286
06701
05816
01892
00814
03934
04174
03773
00110
06137
04485
00083
06073
00268
03985
03017
03112
02005
06412
01865
06500
06364
02858
01805
01760
01549
04331
01200
05858
06928
03178
03698
00962
00935
03890
04577
02987
04771
06417
03595
00543
04931
05444
01949
03480
04331
01553
00950
04872
00701
04820
05901
05633
06774
01521
02811
03857
03527
00616
02375
03910
01550
05447
04941
00943
04945
04761
02634
01186
02295
01436
03942
06010
06787
06065
01310
01241
00238
05068
00300
01867
00415
04874
04662
03563
05865
00931
03760
01182
04481
02741
00911
06173
04699
06048
00620
06609
04480
03184
02832
00311
02062
05909
02914
02019
04204
06158
04810
00064
06440
06372
03457
06293
03503
06355
03607
05924
01129
03651
02465
04396
03310
02261
07069
05838
02473
04728
00259
03308
02663
00476
02858
01869
06044
07134
01555
05310
04595
01825
06614
07123
01199
01406
03880
05034
06946
01362
00454
03344
00969
05974
04096
01597
01987
03340
04869
06171
01165
01653
06374
01220
00475
04383
04138
05609
05364
02460
04174
03695
06731
06414
05462
06259
00597
02206
00949
00686
06156
05675
05845
02580
00127
02592
02627
04119
06323
04671
04346
04232
07003
01945
05418
01149
01743
04863
05285
04078
01388
03699
00262
03162
02184
00567
05598
05159
01936
03271
05180
00358
05664
02851
03704
01620
03102
05764
04381
01948
01491
01680
01809
06810
04839
05481
00898
02492
06520
00831
02926
01761
01686
01766
06255
05731
01887
01186
05889
02448
05202
06175
01297
03380
00786
01501
05124
06451
03545
01352
02114
06130
02166
06181
01085
00981
03012
05513
06209
02851
02921
03876
04698
00869
01800
05146
06941
06894
07011
06322
03732
06997
04752
00872
06057
02013
01943
01725
02541
05333
00229
06158
06022
02491
06480
05634
05459
01564
01992
05788
04702
04471
05590
01041
00925
06847
06676
04275
01828
06399
05160
00332
01354
07000
05918
06311
02614
03941
03490
06311
05799
02752
04983
06459
03037
02301
05110
06121
01351
00692
00166
05640
03690
03420
02196
07018
00554
01587
04015
00437
03448
02618
02595
00563
01048
06717
01873
05695
02478
06768
00711
02720
03493
06837
03329
06515
03131
04891
06203
03936
03949
00416
02193
01647
06586
01686
03734
05107
06294
03908
02285
03780
06158
01955
03624
05899
05138
06441
03578
01398
02628
05955
00667
00843
04924
00666
00504
00825
03317
01720
05748
01066
06072
06501
03103
01333
04227
04778
03920
04049
01493
06486
06242
07107
00056
03998
00809
03352
02764
00767
05008
03918
06060
01344
04753
00044
02047
04883
04912
04083
06462
02106
00884
00108
05085
04678
00770
01760
04375
06234
04695
04167
02426
04270
06722
06936
03884
00656
04701
00191
05017
02052
00614
06444
03994
06412
02686
03720
03556
01795
02941
04003
03338
01284
02863
02217
02703
02696
01519
06611
05260
00843
01855
04217
00570
00368
01537
05413
03709
05883
02197
02082
07182
03612
04336
03572
02019
02124
04917
02306
07164
06287
02514
02990
07149
02105
06138
06085
07043
03150
06874
00785
06005
00226
06299
00331
06697
03039
00147
05070
02911
02404
06951
06408
05886
03466
03329
04106
00281
07010
05994
04030
02750
04122
05317
05975
01531
03231
01352
01476
05453
01885
04023
05183
01126
06401
03167
05986
04442
05663
00779
04985
06343
06703
05383
02354
04350
06579
01551
06481
03634
01844
02450
06144
07068
00649
00745
01156
03080
00697
00366
01707
06912
06328
05626
04513
04083
04654
02079
06881
00194
05045
05535
03752
03751
06945
05735
05030
04354
06330
06316
04270
05313
02532
02624
04173
05867
04448
00977
00631
06217
03211
03327
04604
04401
04004
04599
02298
03441
02059
06416
06092
02773
00357
04129
03648
04917
05628
00958
05735
05789
01443
03693
00901
01626
01144
05033
04744
04030
01090
06291
06165
03409
02809
01487
05118
06420
06884
02594
05871
06098
07166
04454
06472
00550
03314
01767
06149
00995
02086
02013
04729
04996
02740
02247
05114
00081
06450
02560
06965
05354
02675
02177
02882
04403
01575
05299
01426
03708
03357
00687
03045
03404
00489
06387
06648
05994
00193
01027
01659
01703
06433
04922
00609
05771
01006
02508
06832
02202
05976
01786
01593
05475
05944
01904
00897
05893
04537
02366
01438
03647
05939
00017
04285
04210
00754
01774
02048
05332
02581
03754
01829
06132
03122
01129
00993
02469
00727
03665
04717
01162
06796
01418
03318
06972
04565
00596
02616
04859
05939
02725
02053
03662
06601
02110
02462
02456
04411
02888
06724
01690
02963
05072
04681
06207
02686
00797
01664
02471
04339
03530
03539
06195
03572
02180
01106
01258
03181
00385
03977
02791
04153
01275
00139
00768
02435
06664
06347
06834
02698
06167
02473
02510
04638
02953
05705
06138
00519
02442
02047
01893
05158
02059
00134
00107
02034
04605
01169
00161
02404
05099
05433
05534
04047
00852
05716
00455
02406
01188
05031
06453
04962
05263
05330
00932
05595
03305
05514
05914
04595
03236
06532
03826
03698
04711
05676
00837
06124
05864
05973
04437
04415
06822
01835
00021
04793
01381
02789
00311
00470
06118
01655
06003
04838
05827
03875
01617
05485
06724
00143
05876
03877
03937
04306
03395
04702
05012
06535
06773
01509
05913
02468
01433
03490
06374
06181
00959
07099
06241
04065
01158
02422
01250
03455
05602
03100
03815
00513
03881
01273
00302
01789
05595
02912
02162
02573
02412
02188
00196
04893
01040
00801
03557
06402
02817
04752
00670
02921
05584
06521
00445
00397
03910
02795
04428
02562
03125
02791
04911
07151
02400
05987
05210
05145
02467
04330
04877
03577
06304
06208
01517
06608
02152
06787
03104
04049
01763
01806
01668
03964
06940
00695
05740
02827
06027
05112
06552
03974
00512
02795
03440
00273
03657
05742
03134
02373
03232
01606
06565
04507
05972
00447
00769
04132
01267
03281
03100
00439
06609
06527
01866
03746
03095
01497
05027
02241
05482
00034
05914
05933
02071
06892
02622
03435
01945
07006
05932
02981
02598
03383
06287
00278
01628
03149
02198
07071
03619
06286
04976
00343
02463
00040
05702
02047
03477
03940
02580
00435
06647
01036
01126
03772
05102
03725
04684
04834
05411
02648
00345
07039
04234
06435
06750
04975
05419
00653
03006
02755
04206
00894
00173
06197
03043
01068
00714
02326
05739
02778
01014
01987
06182
06651
06928
06518
05818
06292
00174
03577
06204
05984
06490
00437
06527
03149
00582
00776
00278
04163
05998
01749
07079
06693
02377
05110
06095
00848
03083
04748
05100
00160
05626
06199
03914
01170
02123
00513
04781
04324
03801
01780
01720
06585
02081
00492
02552
06265
06812
05287
04401
01364
01786
00025
05570
01799
04663
04989
02007
00375
05245
01189
03019
01690
02455
06834
04728
02838
06700
04991
01597
00129
02848
00632
06955
03399
06819
00136
01771
06698
06036
00272
04911
01828
03670
01715
02964
03560
02700
04494
01617
05478
07188
04965
06846
03533
02046
02520
05860
04810
02984
05429
04573
03055
06967
01159
05736
02192
03284
00973
03467
04102
04768
01669
07109
06710
03381
01094
04879
02380
01115
06381
01582
02048
00868
07151
01689
00123
02501
04366
04833
01715
04177
03847
03169
00690
03987
05576
03587
00725
02536
07198
01229
03120
00822
07116
04582
00239
02797
04184
04681
02455
06713
02367
06021
04714
05057
01289
04526
01130
02783
02135
00644
00469
03164
01081
06877
02190
06087
03836
06354
05180
06354
06944
03971
00428
01002
02568
04328
05458
02289
01323
00949
06253
00825
00967
00104
05832
01855
04149
00978
06972
06881
06423
01824
06995
03677
06862
03046
00103
04520
03561
05159
02761
06408
06391
04995
02910
05455
02717
01117
06340
03860
06883
01191
02578
02287
04617
05964
07037
04945
06808
00730
04823
02206
02803
06571
06097
02664
00715
00622
02209
06025
04721
04439
03871
00125
05991
04639
05482
05817
03344
02425
02120
02892
03590
04691
02346
00912
04778
03525
04685
05165
05429
02297
03197
04651
00173
02038
01300
00817
05364
04491
06848
06591
02651
02741
02563
05380
05523
00461
01748
06973
05988
01329
06787
02923
00982
06733
00441
02543
02765
02470
06173
02501
00050
03811
06996
06107
06123
00504
03168
00300
06349
01392
05897
04125
04008
04310
04025
03794
06113
01984
06400
03310
00093
06969
01208
01478
04632
02730
05827
06241
05590
00100
04401
05615
05521
01292
05502
02402
06705
04259
01560
00141
01721
03921
00702
04599
03518
03342
01251
03964
04659
07053
00754
01889
05823
07077
06604
02737
00816
01436
02605
01561
06217
06034
02796
02589
04407
00328
06081
03317
05153
03148
04961
03591
05118
02562
05220
02082
03520
00304
01608
06420
01102
01702
06926
01801
00655
07144
04354
03360
02082
00377
04953
03212
03211
03430
03987
02116
06696
02316
02271
03591
06785
02694
07198
02416
04190
00568
04927
04561
04242
06801
05322
05935
03189
04000
07000
05402
04272
01655
00863
04743
07057
06356
00236
06700
01631
01809
00553
02936
01703
06442
06846
05036
04596
04391
00275
05114
02014
05797
06708
01880
00473
02885
04013
00577
02574
05200
06933
03529
00423
00133
01447
01178
06531
05473
02730
04016
03753
00362
00563
02573
04506
01272
03809
07065
01471
04096
02054
03738
01377
06719
02149
05516
06328
00223
05270
00222
03675
06313
00295
05929
01846
00519
05181
05453
02458
04916
02072
00137
02222
06435
01620
05687
01347
04041
05803
00034
07045
06120
01496
02021
02573
03416
00439
02945
05747
04564
04841
00090
06305
02623
00307
02255
01923
04433
05125
03348
03995
05186
06232
03597
04112
03665
02033
01002
00583
04849
03362
02170
01290
01201
04752
05805
05060
00102
05167
06922
01391
02744
03081
03497
04836
03462
03261
00686
06705
00310
02308
02530
01097
02173
04848
03056
04054
06439
01773
04121
04617
05156
00073
04885
05746
01680
00272
03847
05483
03709
06703
05595
05774
00606
00986
02654
05095
01202
01386
05786
05349
00491
00734
07181
00906
01627
03138
05381
06049
05755
04141
04346
00143
06487
06084
03591
04578
05624
06140
01351
06118
06447
05757
01384
06294
05851
03233
01903
06128
05592
05244
06440
05249
04900
00054
02087
06752
04175
06035
01504
05591
04798
06164
02143
05947
06620
02967
06149
02716
06718
06361
04481
05496
03025
02523
03430
02091
05667
03106
06190
06881
05898
00376
01707
02411
01301
05905
04357
02992
07181
03880
06710
00347
02887
01767
03774
04562
00201
00326
05059
02439
02134
04938
01480
04743
02840
04303
02921
01455
00265
03456
00528
05503
00318
02627
01176
01479
04593
01266
06652
02109
01513
01699
04122
07089
02216
05866
01961
00088
04401
05524
01396
05636
05715
00884
03634
02869
00183
05275
00451
01288
00066
00288
05450
00269
01895
05567
00770
00855
02668
06430
05182
02349
03991
03050
02656
04925
04470
06528
00117
00304
03464
01735
06892
01657
04522
01403
02993
06087
04418
06981
04427
03769
02337
05957
02094
02609
03065
03954
02717
04417
04188
04056
03936
04226
00044
07168
05373
04836
03556
06669
07158
04256
01730
00674
06496
06889
05807
00898
02427
00032
04461
04399
05874
04903
03068
01972
01489
02829
01000
03518
03358
04232
02675
06213
05622
01953
04410
01320
01221
03369
07175
04822
05344
01578
02099
01161
01987
05624
04693
01741
00994
05894
06156
05311
00750
01428
05861
04464
05063
05126
06345
05769
02872
02577
02917
01320
01075
02606
05175
02696
03786
01873
03891
02559
06247
03987
06384
02048
01673
04074
01841
02369
00604
00123
04787
02136
06035
02438
00208
03358
02404
06400
02222
05397
00000
06238
04776
07078
02989
06445
01270
00835
06274
04958
01819
06667
00127
00830
04395
00587
06439
03684
03863
00866
03771
05732
01271
03517
03444
01121
06034
04673
05948
00095
04365
00168
04873
03573
02286
06690
02071
04385
06955
01468
01921
00438
05620
04830
03164
05041
01658
03663
04976
02025
03418
03571
05780
02277
04522
04212
00613
00967
02911
05406
04322
02406
03545
01348
00199
05113
07083
00385
00356
05871
02603
03097
03642
03836
01362
02782
03185
06638
02832
02862
00953
05534
01775
03225
05051
05089
03586
06656
03162
03390
04107
04409
01548
06522
05734
00719
04847
02767
06869
00166
05706
00891
06184
07005
00577
02837
02088
00844
00500
01594
03041
04557
06997
01861
03434
00887
02180
03230
01554
05413
01321
02153
04297
04501
03468
03295
06024
02700
00436
00410
01342
02422
06459
06601
06584
02988
02603
02308
04907
04430
00375
06169
03105
05392
06040
03140
04926
06930
01955
02942
03566
01702
05283
02092
01166
03158
04280
06585
00147
06078
02891
04990
00282
03509
04268
03197
00237
01865
01195
05901
00527
01672
01520
03471
01765
01403
06327
01855
01632
06381
03819
02886
02859
05577
03646
01260
04813
06401
02882
03371
03644
03211
07175
03263
05087
01446
02098
00986
07133
03482
01110
04628
01671
03582
03121
05503
03327
03315
04902
06520
00004
02669
01458
06265
04763
03601
05741
07084
05851
04154
02591
01722
01909
01238
00957
04930
06015
01837
05087
05605
01243
04482
00383
04925
01544
00114
00271
00846
06341
01818
06647
04373
04381
00725
04714
02845
05332
00354
05125
00496
02668
01412
05955
06059
00436
05507
00320
06378
06094
03344
03048
04098
06875
04485
01562
06733
04966
01835
00062
02368
05994
03413
06656
03225
04992
04746
06889
02484
02409
03424
04313
03965
02420
06019
00963
02399
03596
00022
04708
06011
04417
00496
03521
00981
04434
02055
02588
00520
01204
01931
04466
01113
05698
02248
02101
03720
04705
00847
03585
06147
02414
05775
01757
07062
01990
01309
04624
04317
01713
01490
05662
06682
00364
01651
03901
01473
01874
00076
03448
00304
04391
03510
01823
06876
05345
06008
04489
02055
05875
01385
05863
05358
02391
00755
03430
03775
04087
04947
04353
01927
06967
03453
06273
04265
05507
03933
03538
03211
06001
02200
06467
04555
04083
01329
00281
04911
02139
04359
03920
01657
02923
03228
04144
05529
00600
01680
05544
00860
03994
04651
03081
05475
02707
06714
03169
03790
02745
06385
00851
01623
04866
03023
06096
04316
02891
04031
02932
02708
00709
00347
06367
05570
02972
02187
05390
00647
06085
01514
01237
06226
03620
02761
02620
04659
02583
05933
02931
00749
00579
06388
01619
02505
03961
04917
01363
01799
04068
06373
04355
05616
03601
03190
04521
00007
00763
01882
06870
06781
03091
07013
03939
05924
03401
02064
03949
00315
03833
01306
03787
00328
07092
03145
06792
01893
03210
01902
07137
00177
03569
00903
00860
02694
05141
06526
05154
01610
00476
05902
01052
05439
05941
06821
00038
03766
06044
01157
00594
00129
05900
01573
00091
04165
06946
02645
05956
06382
03401
00767
05453
01084
00904
05896
01169
06140
00388
03221
02751
04209
01779
05675
06227
00593
03326
02383
01009
03596
03634
07084
06909
00295
04100
03826
03769
01767
01022
06619
01148
04009
02763
03082
04940
04463
04922
03373
00824
04596
06994
00257
02452
00704
00595
07124
06929
00375
04292
03301
06872
01035
04319
07111
01123
04274
06069
04453
05305
05267
01023
04448
03300
01210
06658
01812
03665
05515
