00986
05001
06686
00918
02272
04099
02512
05896
05534
04729
04765
06634
07170
00721
03575
04096
02984
00767
00010
06161
06643
03190
06242
03463
05161
02327
06836
06162
04427
04426
04906
06380
04208
04074
00974
01303
00093
07003
03249
01635
00195
03191
06841
00844
05941
02437
02757
05855
00964
06891
00062
06653
02424
05882
02877
01017
01902
02888
00947
03675
04745
02940
03672
04839
03990
04641
03955
06263
03680
01309
03587
00069
03596
04028
00872
00037
00722
00069
04721
06063
02201
05678
03331
06298
02574
06027
06594
02884
04577
02210
05343
05198
05596
04250
03550
03844
01632
06898
06851
05051
02557
01038
02457
06034
03214
06059
03198
04635
01968
06036
01199
06963
05437
05613
04651
00525
02632
06765
04262
01357
03863
01737
03053
00879
06040
05770
06384
01960
03010
04833
02001
06629
06217
00881
01928
03088
05981
05002
05584
01777
03296
00342
03538
06704
06786
04236
03947
05592
06523
03490
05213
07127
06276
04608
00303
05603
05138
00144
00994
03831
06448
06737
04465
00250
06776
00202
03235
04064
01421
04987
05041
03338
02008
02576
01422
03113
02685
02319
01208
04128
02298
00400
02266
04647
06172
02412
05627
00940
00541
01230
00007
03188
02398
00871
05431
01983
03452
01086
05087
06729
03378
04227
03029
03404
05483
01668
05465
04195
07139
06553
06661
00074
01337
00602
05682
06081
01139
06961
06660
01519
05102
05098
03156
03011
02399
00871
01752
05590
00043
06159
05168
01996
05056
05542
01872
06106
02382
00824
02661
00545
05862
02863
00806
04824
01581
06341
04473
03624
01116
03539
03198
03440
05368
00487
06172
04553
01289
06868
03654
02852
00473
01284
06666
07120
03754
04840
03574
05975
05076
00048
02279
04616
02011
00405
00911
06351
03625
06132
03394
05792
05517
06358
00445
04788
05007
05546
07092
03850
05102
05492
06359
05230
01689
01534
05344
02359
05414
03404
05435
01801
02034
00878
02450
05947
00726
01711
01972
06964
06754
05675
03170
04911
00536
06045
04950
05821
00168
03253
04368
03273
00484
05641
02334
00278
00735
03907
01959
01669
01447
06392
00820
05779
00283
06104
06331
00031
04779
00321
05514
04233
00875
04174
05581
05270
02835
04941
06363
01008
03990
04142
04675
01771
07165
02392
02767
03650
01920
02902
02642
05919
00128
06382
00435
05273
06627
04209
05750
05560
06637
01134
05219
02228
05304
01730
02230
06843
05872
04778
05282
01554
04942
01561
05794
07123
03118
03364
02494
02004
05551
00283
06294
05416
01894
06930
00750
04575
01951
06398
01942
05801
04562
07035
01109
05303
03294
04233
00242
05410
01189
00856
06174
02757
01635
00440
06977
00645
03083
04179
03679
03154
06080
05718
05991
06629
01677
01098
02776
02761
05059
05025
03728
03094
00909
05164
06771
04504
05360
01098
01364
06894
04644
01658
07043
05167
00265
01713
04979
05639
00040
00327
04135
01054
04008
05548
02808
00218
03754
01848
03397
04955
00417
00288
04952
03396
01617
05861
05073
01370
06659
02534
02322
00516
01730
06677
03301
05970
05941
03911
05709
00282
01593
01285
01832
03550
04954
01632
06142
00490
04335
04546
01706
02297
03727
00415
04385
03191
04883
02473
06851
04448
05610
07107
03421
02055
02451
04813
06809
00980
01626
01279
06307
05861
00882
03121
00472
07157
03275
06678
02605
02233
04465
01321
01177
02055
00705
06880
05953
02386
05832
03965
02590
03920
05721
03204
01996
01308
02795
00230
03313
05143
05037
01179
03848
07146
04295
05263
05194
00934
07054
03987
06489
06220
00611
02932
01224
00393
01674
00873
06569
05177
00770
05958
04788
01933
05605
06669
04465
03143
02397
03300
06787
02113
05377
05633
04753
01101
05771
02914
00082
04631
06552
03642
02165
03591
00475
04486
01322
01891
05790
05213
01359
05169
04246
04709
06843
06234
00993
02339
02273
01770
05247
04746
00290
02132
03210
05781
06194
05011
02868
07119
06661
05483
05852
01711
02773
05197
03372
00162
03411
02265
03569
05408
01479
01246
00472
01633
00838
05181
05858
03880
03504
07116
04164
05725
00834
03990
06845
03161
04254
03615
02836
06170
06005
00646
00494
05399
05711
04835
00745
02157
05687
01743
06585
03575
06213
01091
05180
01404
06505
04729
04219
02947
05713
01423
00191
06753
06327
05578
03310
05171
04362
01366
06081
05479
05176
00107
05187
05044
05333
05644
04360
06763
06954
04938
01735
04965
02492
03781
02966
02299
07064
01906
01312
01045
01145
02391
05350
01530
04469
04275
06959
01382
03210
04156
03981
06042
04320
07136
05902
05932
06011
06029
02299
01727
02368
05420
07025
02670
02977
05607
06713
04482
04007
06284
06086
06532
05755
06153
01099
06059
01585
01687
02646
06998
02385
00500
02381
06102
04547
05992
06724
03555
03671
02153
01079
03343
00750
01050
01514
03799
05256
02126
01403
05013
04171
02602
01024
00403
04140
00137
04675
05850
02878
06457
06743
00776
04916
03906
05013
02816
03924
06375
04056
04923
07067
02469
04689
03517
05127
02264
02727
07011
04420
04957
00046
02968
01462
00562
01283
05478
05952
05914
03682
00873
02863
07133
01765
06751
02663
03851
00569
05468
03751
04513
06238
02234
06587
06948
00955
06286
02558
06539
05947
02262
00042
05273
05608
01870
00766
04167
03106
06017
06570
00929
04700
05661
01146
06855
01556
04127
03165
05267
06061
01038
05937
06266
01483
02947
04172
01515
03434
06086
04233
07093
04698
01108
06542
03270
06907
04028
01142
04077
00370
07145
02080
00225
00549
06553
06130
04154
04473
00045
00747
03101
01381
05017
06020
05846
06802
01851
07074
06974
00882
03784
00188
04411
00377
00066
02051
01062
05661
00902
00882
01320
01382
01889
05075
04350
05393
01571
00332
02972
03015
04844
05284
00910
04213
03170
05046
00505
03623
06789
03953
03584
06502
01113
04521
01186
04972
01635
02014
00160
02336
01967
04838
06364
05170
02638
01050
04350
03860
06109
02266
02032
06386
03744
03166
04137
03120
01613
00570
01063
07135
00005
03916
03093
04412
02366
03813
07052
00965
00987
05842
03638
01913
04349
03847
03693
02795
02866
04295
05186
02081
06796
01842
01786
05167
03405
00267
01939
07052
05758
06884
02180
03470
00607
00936
05954
06887
04440
02597
03039
02747
05550
01397
03852
00060
03058
03015
01440
04868
01171
02287
00369
04398
04628
03974
03422
06290
02488
00927
05007
06171
00409
03560
01620
02823
06519
02265
06251
05434
06446
06332
01789
00447
04161
01976
06183
07005
01715
03676
05431
07057
07028
05733
06092
05806
03512
04364
00032
02925
02563
01391
00578
03794
01249
00666
04667
04254
03666
01714
01875
01099
06370
01278
00780
02535
05527
03698
02955
02063
04804
04985
00791
06567
03610
03614
05082
02804
03389
00439
01348
03255
02325
03535
02831
02214
06683
06255
02782
06536
06067
05064
02238
01228
04186
02527
03150
05734
03604
05461
01595
05896
07016
05138
05348
02777
00328
02926
06909
06869
05672
03067
06798
01121
02927
04723
02043
00329
07083
00825
02207
05016
06239
01198
01201
01874
05784
04275
02057
00593
00861
04566
05308
06139
03940
07195
03106
05020
04322
02216
03609
04325
00186
06573
06210
00065
01911
05198
07018
02352
03029
06350
02467
01282
00985
06746
05136
06321
01152
06927
06368
03899
06933
01768
04145
03515
00476
06312
05014
05667
01196
00481
01971
02488
00218
01023
05701
02122
04624
03253
00670
07183
03452
02177
00462
02011
07109
03293
04190
04893
00568
00453
04470
06681
03264
06977
02239
01310
01844
03182
03554
06307
05483
00845
01518
02723
04842
01895
06457
02769
01982
02427
01598
06106
05669
00710
01413
05846
04071
06990
04608
02122
06274
03403
06065
00094
05123
07154
02281
03318
07184
00576
05931
07119
06210
02367
03631
03863
00688
00472
00451
03145
05958
06485
05548
04996
06548
06193
02890
05512
01891
00639
00441
00108
05955
06484
02580
00318
04256
00946
03924
05336
00787
03217
05974
02747
02101
00204
04698
02443
07022
03398
03111
00487
04619
05879
05772
02115
07021
03031
02850
06116
05278
05381
05262
06999
02719
04212
05570
01422
01085
05459
06659
05496
00771
03735
05189
04476
04520
03528
01554
06546
01448
01861
06154
04510
05809
03444
00227
03754
01556
04874
03410
01086
06875
02803
05474
01247
03130
02495
00577
01985
05630
01642
04379
01802
00130
00102
00285
03045
07008
03782
05307
03904
03076
00713
04430
03618
06940
06817
01621
01612
05228
05984
00924
04747
06751
05950
04122
05687
05111
02250
03092
04364
01765
05994
05375
06178
03988
00848
03331
02027
05152
03899
03707
04392
06212
05799
02648
06632
00913
05234
04037
03487
06682
00556
02950
02718
03404
05754
01753
04949
03836
02791
02463
03234
02616
02728
06548
00180
00095
06282
06553
04129
02956
01659
00083
05440
05261
02193
03149
03843
02803
04731
03224
05141
00610
06818
02706
01516
01064
07067
00868
05291
05099
05836
02406
03735
04890
00568
05117
05908
02021
06921
03717
07067
03049
03097
02537
06202
02915
06269
01935
02728
06374
04335
06705
01731
04360
05558
01798
00424
04598
01524
01631
04910
03112
03468
05133
01568
02384
00397
04351
00117
04843
00064
07177
06574
01178
06570
05409
06059
05578
05758
06403
02698
02863
05026
06293
02461
05616
01372
02948
06663
05307
06938
06125
05875
01145
00187
03800
06896
00284
06652
04926
03661
04629
05154
01227
06861
00547
01409
06334
06151
02502
01800
01838
04061
01585
07114
04999
00503
04957
03017
00370
07132
01114
02848
06898
01740
04832
04525
06443
00540
07108
05689
05117
04814
04327
04966
00174
03917
02056
04788
03941
06018
01402
03791
00370
00694
05456
00377
03820
05445
03892
05551
00498
03355
04695
00379
00979
01934
02018
05814
03434
06615
05004
03127
07168
07118
04036
01181
04597
05473
00206
01365
04025
00752
06923
04456
07157
00361
03152
02115
00135
01787
00313
01700
00138
05337
02134
05919
01108
05773
06947
07146
05817
06197
06518
00651
04748
00031
04370
03644
04742
01149
01272
02456
06367
05861
03901
02373
00409
05032
01526
07070
06333
05741
04175
06875
06397
06025
00316
01151
05304
02653
06503
04094
06620
03211
05672
04681
07077
03286
00755
01016
01092
05910
03946
00786
02779
01109
07155
03036
01860
03177
03301
06652
05937
03822
05116
02024
01967
03199
03468
06448
05796
06161
04466
05637
06487
02509
00037
00324
01582
06951
00363
02531
06226
05407
05641
03895
00048
05204
05747
04256
02265
06336
02785
04945
04072
06068
03074
01312
00259
03248
05578
00294
02235
01919
04871
06579
05902
01453
05585
02321
06796
01702
04992
02931
05622
05133
01112
01243
02658
03605
05311
03941
05499
00256
07119
01747
06118
04529
01862
04597
02271
04176
02394
00436
06625
04505
02123
05980
04773
05729
01937
05188
00674
00103
03220
00283
03507
02003
00187
00017
02198
05902
05948
01951
01392
04893
05873
01172
04718
02139
02636
04861
00102
02001
00033
04239
00028
02293
00418
05236
01856
04861
07176
03152
01845
05790
04557
00079
01389
07013
02230
03534
00655
06289
04493
04642
06747
01548
02190
02760
02564
01924
01815
02186
06076
05194
02498
01611
02093
05221
03919
03055
05347
05204
02170
06922
05736
02463
00684
04036
04679
02616
04750
04549
05458
07124
02648
01251
02495
05920
02631
00997
01389
05377
03309
03666
02949
05580
07042
04475
02811
05247
05752
03746
03507
06138
06700
03814
00992
05981
01528
05292
03079
02624
03046
03755
06531
05929
05183
07124
00866
04909
03362
05020
01741
04006
06384
04872
06756
02605
03843
01428
01992
01205
00479
01856
04050
03012
00001
06615
04256
04334
01172
03037
01072
04271
00290
04436
03653
02277
04519
04683
00007
05672
04290
00260
02855
00583
04037
03616
01823
03968
01323
01578
06264
04316
00265
05757
02437
01701
04765
02834
06893
00740
00803
01930
05030
01723
04615
05620
04605
06876
04308
07131
02130
00292
05547
00559
06111
04504
04015
00367
05561
06138
05373
03984
02096
01160
05914
03693
04113
05489
04548
04107
00842
04981
00906
03430
05165
03544
06775
05278
06286
05314
07146
01048
03815
06934
05473
01362
01851
02861
05492
04487
00150
02478
06846
06107
05747
00013
04245
03716
07192
02973
06843
00437
05788
04819
01133
05000
05353
04473
02008
01382
03580
04043
05708
01782
01130
04369
04233
00513
02556
06842
04534
00446
05434
00273
00272
03487
00742
00543
01247
07190
01407
00508
06053
04229
05831
02547
07119
02849
02910
01810
00494
06402
00461
01387
01343
03818
03966
03754
05958
04399
06664
06706
02234
06663
02601
05014
06809
05359
03309
04945
02364
02392
06059
06755
01286
03374
01614
00713
00086
05542
05872
01688
01979
06500
06914
06901
04487
01798
00393
05748
02396
01553
05571
05707
00772
00950
01416
02769
00925
00000
04747
05177
06960
00956
03102
01413
02146
05413
02453
04041
01476
01580
02339
05790
02629
03841
05922
03967
03656
02880
02862
01059
00400
02266
03632
02167
03191
05503
01433
05975
00350
00581
03428
00809
03071
02936
05598
02391
06750
02814
00929
04423
01278
02214
03324
03832
05840
03180
02606
04571
00549
03435
02289
02668
06981
00352
03860
04139
05977
06934
06977
01371
01762
00532
06909
00407
03436
00255
06669
06828
02685
05613
00566
07095
05096
01191
01661
04315
03454
01722
02989
05183
01668
00923
05046
01826
06975
05364
04499
01116
04876
04304
03652
03282
04748
03262
06362
05237
04956
00677
03697
03448
06691
00037
05847
04300
06949
00197
00619
00507
01813
01407
00801
01149
02119
00388
00066
07193
06051
05229
04911
01980
04117
03999
01958
03759
05601
05658
05598
05944
03187
05054
04877
05520
04245
01179
03497
04124
02907
00564
06634
02442
05912
03918
02318
05514
05363
07003
05463
03302
01523
01021
00335
00160
04343
00313
05387
05831
05923
06170
01454
05812
03317
01055
04068
06279
07062
01154
06895
01082
06668
06470
06622
00350
02027
03772
05049
03130
01259
03698
03770
00637
07093
06457
04565
03324
02424
05361
03480
00620
06296
04787
01197
01502
00422
06522
03868
04082
02890
06863
01741
02105
05180
00336
00044
02347
03699
03517
00677
05953
07157
02943
04335
03761
00717
00532
03077
01508
03642
03291
04975
01525
02692
04952
05055
03944
01097
06501
03800
02116
02038
00982
02313
06350
01137
02983
06230
04612
02995
03076
02583
06995
02067
06741
05978
02870
06237
02627
00356
01259
04258
04011
04245
06387
06281
01855
01194
01446
03139
06803
03483
02673
02236
01867
04292
03757
05870
02430
01953
04925
01871
04646
02963
01380
03498
03495
03583
03904
01387
00602
04214
06055
05940
06390
00943
06556
06061
04217
03120
05742
03480
04536
02251
03502
05986
04129
01189
02411
05622
04297
01330
01835
06827
03383
02812
05576
04766
04396
01475
00324
01882
04525
03326
03435
06483
05710
06079
03780
01875
00317
00213
04883
02284
04232
05707
00366
04940
02668
05966
04762
00622
06556
06251
03297
04140
05706
05815
05234
02866
02101
02536
00182
07055
01263
07104
06410
01445
02281
00747
00926
05247
00701
02782
01192
06498
01976
06495
06726
06812
04098
01987
04815
03129
02699
03858
07188
00245
00788
06311
03704
00972
04311
04115
04392
06796
01876
06370
04825
02508
02426
03861
06462
04950
03118
04686
02019
01407
04538
03563
00425
01592
03253
03593
03005
04733
03915
03529
05687
02667
02441
01104
00428
04494
04679
03977
00273
01239
03634
05893
05069
04717
04533
07011
05785
04347
04067
02794
06390
01255
01060
03890
03115
04163
03002
03203
03706
02364
05614
05078
04734
01520
05212
01495
06052
02365
01912
03084
02626
03828
04603
00175
01976
05388
00142
03287
01570
04626
06257
03893
03767
07102
01289
00250
07073
06786
01252
06870
03321
04987
06634
00955
02558
04426
00930
04768
05842
06044
02814
01922
01681
01413
01476
02052
01615
02156
03289
03287
03181
06240
00268
00116
06392
07112
02429
02790
01502
05239
00936
05926
03789
01182
00530
06014
04234
02748
02639
06990
00267
04081
07021
05069
00082
04912
01632
02663
00390
02482
00235
00677
05487
02600
02888
05323
03950
03080
00116
00698
01239
05128
02010
05942
03116
07145
04090
05025
05911
06283
00438
00678
03203
05310
03417
06194
04792
02136
03620
02461
01265
00643
00086
01383
05883
07022
06552
07037
06029
04227
06978
02042
06591
05081
05421
06602
05384
04416
01398
06954
04696
05881
06028
03819
04430
02056
06902
03958
05143
00962
00132
00489
02404
07040
04944
01056
06694
07126
01552
06030
05417
00637
01180
05386
03914
03084
01846
01415
05686
04198
05371
01308
06145
01772
07140
06850
07072
03763
04345
05532
01091
07088
04243
02384
00691
00752
02604
05843
01155
01189
02950
04292
03574
04122
06868
07022
01293
05351
06697
05841
04267
06912
02235
01562
01095
03016
00083
04559
01165
05443
04213
06183
05330
02760
04550
06550
04945
02581
06686
04198
06183
06206
01804
06720
03527
00765
06976
06666
02459
00717
04089
05515
03417
00882
06924
07178
01085
03503
02477
05237
04328
00731
01725
02429
05397
00270
00529
04830
06196
01461
01146
01244
04389
03493
01366
04040
00146
01804
07187
03267
05033
01090
05691
05946
01621
06175
03937
02703
03096
03847
00742
00248
07015
03232
06407
06240
04258
04516
04071
02220
05934
02002
05493
02072
01713
03806
05978
00992
06442
05129
06177
03867
06442
03403
05827
00833
02419
01517
02094
06989
06315
05363
02929
06557
06044
06166
05063
01974
03308
06512
02013
04485
03765
05648
01185
05504
05312
03406
04490
00331
03138
01337
03294
00567
02195
05739
01700
02885
05478
02238
04615
06376
01418
03991
01315
06567
04541
05793
04719
01762
02216
04533
03431
01740
06811
00533
01396
03319
01861
01624
05082
03086
00079
05599
02303
05435
05174
04902
06003
05545
05412
04983
04992
01315
01930
05656
03279
01371
02748
02948
03380
02120
07049
03063
01976
03366
03605
00771
01857
00961
03509
01696
07008
00844
06502
03009
02166
01835
00106
00513
06916
01714
05408
06171
05134
02820
02559
06617
00746
06621
04174
05669
04747
03659
06755
07195
00741
03671
03575
02975
00956
00514
02755
04075
06990
02506
04089
01473
01049
06668
03968
02143
03498
05795
01325
06640
06563
00462
05243
01822
06216
01936
02856
01894
00551
01681
00907
03716
03201
03330
02677
04493
05529
06846
04931
05020
04184
06475
02749
03172
03451
05376
04815
03588
02234
01665
05185
01528
00821
03877
00340
07180
00893
05049
05020
06091
05756
03869
06389
06902
01890
00748
00227
01329
03405
00473
06890
03127
00404
04148
05574
07117
02224
04876
02952
05716
00455
00687
05870
00184
07031
05837
02814
02246
06780
00795
01375
01210
03774
04051
00147
03958
01754
01080
04565
02478
05930
01143
00555
00768
07156
05065
02312
02274
07148
01173
00193
05812
05671
04690
01193
03988
01725
02314
05868
04784
06298
01627
05348
03061
01089
06775
00347
02439
06941
01323
05630
03402
00710
02844
03995
00124
02636
03789
04791
04069
02211
04541
06541
03943
06828
02542
00006
05936
01083
01024
01234
06670
02378
05116
07009
00738
02265
04557
03969
06541
02464
01320
05620
06407
01428
05036
01325
00686
04593
01700
00326
06491
04938
06090
00897
00817
04778
02982
03130
02575
05158
02259
06693
00997
06337
05250
06281
05923
02043
02777
00120
02828
02199
01843
02794
00169
06184
04683
04565
01946
03991
00787
06155
00456
02324
03358
02992
02486
04630
01310
01335
06518
04496
06535
06072
00760
05715
06611
03983
00892
06874
03807
06452
05705
06422
00434
03923
02678
03798
03389
00616
06501
02258
02174
06905
03472
04276
01823
06383
03003
04196
02235
03825
05865
02927
01505
03647
07083
03891
06577
06089
04723
00906
02787
01930
05382
00496
03111
07044
00848
03186
02022
02617
01650
04213
00360
06659
02262
00992
02159
06801
06947
00872
02209
01598
01932
01302
03011
04143
03746
03030
00736
00425
01770
05791
06377
05741
04810
00090
01654
06290
03964
03121
01130
07165
05157
05941
04853
03646
06847
04363
06836
03146
00466
01589
00595
04081
03842
06297
00018
01884
05442
01200
04613
02917
04870
03405
05973
04690
01878
06471
00644
06831
06494
06245
04718
05735
00354
06950
02250
07103
05935
01802
00592
00463
01805
05472
01461
05149
06545
02924
05138
03128
01678
01652
00547
00463
02411
06184
05675
06412
05744
00076
02228
07056
06490
03972
05044
02763
06766
06907
00971
01752
00106
00655
05737
04819
02519
05020
01005
03352
02779
05251
04167
03129
01419
00055
03391
03804
06461
03077
06831
04815
01179
02333
00203
02089
06643
06689
01697
06398
03660
02729
07131
06334
05972
06640
01218
04714
04276
06366
05404
02772
02405
04979
07190
01459
02171
04013
00316
00832
02335
00598
04549
01872
01883
02126
03405
00270
06543
02704
00634
00499
05632
03491
06623
05637
00272
02655
07134
05385
01193
05178
02760
06471
03506
06479
06113
00857
02212
03849
06687
01679
02614
04081
03057
00098
00789
01330
05085
04658
03632
00197
05985
04511
00015
04190
02842
03265
06051
02226
02755
06212
03544
03011
04853
04323
00296
01834
01357
01567
02697
06176
04524
03101
03238
03401
03640
04570
02764
06302
04479
00299
03803
01301
02843
02133
03068
01678
01969
04229
01457
00412
00436
04142
03623
04303
03591
01309
06537
01210
07199
01018
03567
04326
00614
04605
02323
02450
04636
00299
03652
02917
02520
00524
00019
03698
03117
00009
06795
02695
04775
00327
02590
01874
01749
06491
06682
05103
02784
06729
06074
05138
06617
03805
06904
00974
03442
00005
07041
05857
00706
07113
06177
02716
03148
01192
03358
04242
07193
03920
00288
04828
07169
01818
02861
03174
04489
04543
04243
00154
01895
04155
00191
00775
01473
02077
06058
00461
05619
06311
02419
03080
06447
00841
05480
07159
04446
06452
06078
01704
04741
04702
00704
01121
00291
01361
01059
01197
03062
00783
04664
05410
00030
06407
00507
02795
03097
01805
06985
00567
06893
01337
00110
04413
04293
05598
01564
06985
01938
05861
07064
03880
00371
05349
04814
03564
05808
03105
03460
05564
03103
04543
06476
05308
05289
05921
06259
02420
00455
07169
06551
07135
01798
03053
05238
04050
06569
01981
01921
01127
05422
04173
05295
06726
02217
03003
03982
06159
04460
02463
02612
01350
03656
05698
06964
04219
04429
00188
06732
04277
06797
02126
03066
06650
04479
06616
01391
07133
02656
05305
00028
05829
04435
06721
06345
01974
04649
04692
06533
04991
06748
04349
04919
00511
05653
05708
02866
00948
04365
01742
00904
01889
03633
01479
01461
04444
06622
00463
04668
03345
00172
07174
07120
02422
04232
04533
06440
05293
06137
06019
00725
02127
01827
04176
01872
01051
02346
06802
00684
05787
05198
02505
03915
05423
05749
03201
00301
04536
01351
00804
04803
06819
06131
06009
00769
02159
00430
03549
03313
04701
06203
04028
05380
01300
05990
03084
03204
05454
04939
05991
07046
06243
01876
05699
01083
02768
00255
03055
04997
01539
03326
05100
03494
06789
06391
04229
01907
03748
00876
02541
01128
05980
01941
02228
04566
01186
05865
05829
03735
04461
02524
05887
01986
00321
04418
00046
00538
02521
02866
02597
02945
03344
01413
05435
05033
03213
04094
06943
04907
05896
05028
05400
02609
02365
01546
06814
06573
06508
04591
05679
02189
04651
04865
05359
05382
02601
02909
06399
06733
01631
06001
05560
01285
00021
06659
04516
04210
06701
04938
01690
01388
00656
02394
01812
00527
05012
04573
06158
03471
03495
03165
01950
06441
06971
00638
03178
01141
03950
05064
06314
03640
02740
05154
04443
00757
04355
04026
04125
01027
04187
01505
00682
03194
03984
06419
00084
02983
00725
01972
00569
03071
06951
02806
00101
02417
06835
02967
06501
04723
04837
05639
00227
00478
03214
00296
06531
01046
01553
04942
06137
06145
01162
03110
01412
06202
02299
05138
02539
02141
01365
03826
06643
00002
06239
01567
05722
01543
04454
07024
06163
01989
00578
06816
04958
06661
03584
03559
04355
04267
05521
06372
06315
04944
03790
03292
00443
03278
04038
03612
00654
03861
05478
00475
02190
07131
01732
01179
05935
00399
04777
06766
00232
06382
00792
03252
02095
03631
03550
03107
04239
06745
06520
04960
04297
03796
02428
04265
01380
00541
04645
02613
02546
00787
04190
05555
02465
05134
03914
03471
01882
04303
05838
00179
05337
02258
03132
01386
06762
05377
03645
00191
05852
04386
02745
07045
02309
02769
05350
00176
06130
01864
06379
05984
01225
06970
02224
02557
04957
04287
03300
00510
02573
03753
01706
02628
05914
07190
00578
01699
03618
00414
07151
04737
04670
04780
01834
03127
02292
04586
02722
03573
02906
06229
03661
06177
00392
02063
03344
06559
00696
05139
04871
05357
00989
01891
04978
05509
06653
02205
01245
02534
04941
03212
02282
02252
02855
05659
04028
00891
04042
03812
02594
07163
00815
04871
03103
03133
06627
05654
06066
04476
01510
05549
04519
07071
04318
00959
03385
02939
07192
03659
01922
02453
04093
04653
06016
05892
05773
00625
03750
06357
01755
02115
01596
03400
02117
06722
03156
03864
01614
03794
05291
03928
02905
03377
05239
07001
05764
05057
06899
05672
04191
02404
03972
02324
04711
00390
00103
00237
00868
03348
05658
01768
03195
01226
05828
02463
02865
07114
06753
00757
04637
06089
05901
04887
06343
04035
02220
04094
06691
04335
04180
04689
03749
00973
02040
02792
06048
02523
00307
04107
02015
00327
00461
00569
03422
02495
04876
04932
04678
01508
02873
03001
02883
03677
01198
03485
03588
03368
02394
01779
02575
03851
04849
06715
04030
03817
06002
05268
07066
02736
05526
04322
06354
05358
01586
00011
03384
06788
06633
02299
01336
05587
06098
03527
01878
06323
00993
01198
04355
00163
04404
00924
02556
01274
03388
00968
03903
02012
02054
03869
02698
01352
05413
04278
03890
01486
00734
00259
01276
00030
04048
02056
06364
03483
05374
03108
00680
03695
06970
00654
06136
03896
01391
02716
00093
00768
00715
05278
05499
00810
00199
02055
07108
01192
01269
02763
07154
01802
02501
03716
04000
04945
04372
05647
05030
03169
05489
00243
00815
02357
06989
03650
03512
00748
06463
06519
03912
00289
05393
02335
04038
06072
00330
02837
06012
06356
04760
05414
05510
05574
05626
03347
05655
06624
01992
07188
04296
02824
02752
00089
00541
03048
00526
06796
03799
04002
04823
03250
04367
04896
06754
04017
00373
03785
00034
06123
03558
06352
02692
06441
04323
03335
04018
02035
02228
04017
01058
03931
00216
06772
06367
04633
05479
04973
03026
04241
04679
06814
04204
06929
02439
06914
02418
06486
02492
00961
06533
03983
06101
00511
01452
05753
01693
04783
03649
06121
04460
06182
06038
02280
01546
00042
01634
02008
06786
00136
00491
04341
02526
07076
03473
00215
02949
01643
01525
00724
04846
04133
01412
06754
05663
03943
06181
05242
01126
07012
02682
03384
07059
00516
04886
04223
03409
04044
02684
02489
05344
03581
02863
05532
05904
04537
06395
05385
06011
04639
01055
00686
00895
03960
05846
05674
00662
06314
02945
00432
02868
05034
04210
01605
03741
02542
05719
02436
06401
00032
04482
05857
02646
06767
02513
01195
06703
06272
03550
01930
06142
06498
07109
05127
00803
06494
07117
00235
03632
06189
04181
04032
00667
00643
05981
00116
01182
03978
03822
01979
07119
02922
02535
01684
00215
04323
03365
01956
06226
04413
00878
03487
02722
04183
06394
03525
01231
03420
00030
06728
01279
06035
05878
05132
00398
02133
01550
05832
01930
02362
03854
01737
03630
03948
02304
04757
05529
05565
06175
03756
01226
06069
04318
00459
02651
00131
01106
07147
05815
03572
05468
02566
06360
06978
04631
07097
00929
04772
03130
05989
02325
04355
04171
00752
05203
01868
01665
03976
02639
02497
02804
06184
04781
06474
00675
02867
06620
00394
03969
02876
01773
02156
03932
04680
07055
01692
06060
03020
05097
06162
00661
04432
01299
00265
06681
02229
03185
05677
00541
02098
05964
02195
00982
04090
04047
04611
00240
06714
03259
02800
04123
06302
02440
00232
00594
00051
02648
05382
01417
03815
01401
00901
03154
01677
00472
05423
00684
06204
00988
06452
02025
00919
02118
03190
03227
04712
07043
05249
03226
06373
01515
05112
01172
05172
05049
01290
01522
06923
00231
03588
04578
00912
04390
03968
05254
03583
06871
02907
03161
06026
04585
04995
06361
06362
07087
06159
03958
01972
05789
03946
01909
00151
06751
04903
05217
04002
03446
00280
04111
00434
06448
06457
00268
01705
02243
01959
04293
04522
05766
05199
06546
02305
03499
06049
00641
00832
02141
05666
01339
05507
02002
04641
01236
06933
05229
01633
06772
06284
03507
00341
05405
04303
01447
03563
05817
04056
05604
04415
05890
03380
00503
00048
04141
05222
03799
06063
01300
02796
07106
03091
02750
02746
02709
00298
03149
00195
05159
06122
00995
02134
00930
05894
03666
02660
02304
06748
05407
03519
04670
02442
05714
03998
00223
01921
07069
04958
05408
01106
00006
03427
03571
03781
03475
00476
07066
04361
03217
06628
06530
03302
05505
02372
00506
05101
04064
05237
01934
06641
06737
05060
01700
00559
04681
00399
04274
04392
04822
06923
04954
06543
00237
00008
02884
06174
06255
03276
05238
02467
06071
02908
06322
02200
00578
03514
06220
05776
00252
03431
02983
01549
03203
03337
06411
07055
02650
00648
06500
06343
04396
04627
00538
00073
01723
04864
03657
01600
02820
00720
03837
01147
06321
01424
01323
04901
04411
00252
00110
05811
03481
00734
03645
03318
03465
00500
00486
01872
02042
05648
01737
06883
03060
06328
03187
01701
04228
03662
01110
06512
05192
03242
03073
05685
00564
00644
02401
04497
04030
05710
06516
00952
05868
00957
00325
03342
06104
01672
05161
04885
02876
04328
06677
01440
05824
03136
04282
05477
01118
03607
02398
06929
05710
00384
03224
04950
04915
06075
06984
04512
07105
05268
03409
05253
00745
04328
02579
03642
00802
05576
04425
00130
01174
01911
00988
05217
02598
06990
04930
06671
00091
04094
04407
03273
06314
05813
01142
06945
06403
06489
03764
01461
03607
01170
06169
03613
04707
01829
05820
01726
02717
01882
06009
04508
05017
03167
03506
06476
00633
04677
07040
01639
04911
06440
05268
02362
01968
04397
02094
05946
06520
05283
05688
01589
05587
01068
06465
04452
02063
06837
05938
03261
05788
01793
03534
04485
00636
03108
02186
03075
03949
03115
01542
05391
05456
02201
01640
02441
06645
01515
03860
01414
06885
00541
06122
04548
03596
04614
01852
06271
04705
00734
06217
00381
01011
03361
02331
03396
02417
00875
05370
03787
01878
06978
03851
05869
03504
03508
07016
04986
06987
02581
01469
01639
03423
00106
01628
00294
01843
01316
03934
05041
03244
02212
06871
00032
02582
06141
06549
03866
03597
01784
07156
06344
05608
00560
04320
01348
02595
02461
06441
05776
04072
01838
00380
06756
00154
03375
05892
06623
01341
01387
07004
04638
04133
05226
03375
03787
02425
04827
03022
00045
04963
02542
01454
06973
05752
03640
05115
04408
06527
01753
03613
02800
06335
05978
01190
03998
04393
06223
01300
02386
03775
02045
02377
03947
02527
06773
01957
00194
02257
03006
04061
04064
03945
06129
07130
05935
06488
04958
02992
00078
03286
01452
02937
05439
01764
06269
04430
02266
01761
00399
04065
03844
06123
00575
02330
00763
05136
05801
02156
04744
02192
03978
05875
06903
00720
05670
03981
05154
03198
07173
01106
03305
02748
06841
03473
01406
03019
06875
05096
04189
01110
04947
02207
04089
01815
06581
01954
01170
02986
04488
01626
03106
02956
04771
00006
01878
03055
00497
02619
01434
01085
04915
02517
01997
04966
05956
03865
00788
05321
06776
06217
02858
07163
02941
06434
02453
02294
04644
03126
06964
01601
00985
01249
04020
06328
01517
06698
05634
03896
06837
00408
00987
02697
05067
00750
03423
05896
01010
06885
06692
04560
04216
05412
03334
05061
04916
02270
00956
02012
01934
05609
03046
05546
05278
03062
03298
01256
01196
06674
07070
06176
03703
05240
03080
00023
06193
03504
01314
02134
00199
02760
02225
02934
01119
02414
07188
06663
02138
00039
04977
00030
02521
05647
04811
00857
01403
04685
00304
06224
03876
02450
05263
05146
04058
01486
00550
06201
01353
03024
05050
03651
02822
01048
00896
03438
05041
03706
02968
01591
07187
06001
03257
00846
05639
03197
04711
06210
04373
02010
07073
00293
06361
02815
05175
01179
02115
03056
04697
03941
04215
05024
05003
02756
00276
00199
04053
05004
06962
02172
01654
06887
03236
01775
01240
06402
02653
04358
06974
03384
03088
00689
02970
06969
00463
06188
00508
01655
01429
00977
02981
06605
06239
01111
02074
05484
05300
06731
05875
04932
00230
05545
01171
01931
06257
04791
04530
05933
03072
07038
01525
07184
06639
04742
02687
02370
00106
03085
06241
04609
05525
01476
01454
03175
02469
04615
02825
06513
01163
02678
00063
04074
05201
00884
05201
01784
00765
05307
00202
05507
01427
00026
02127
03229
06262
06765
00116
05011
00367
00535
04619
05774
06310
00095
07191
04454
07053
05572
05119
06372
03389
06493
04638
00051
03319
06834
01559
06466
03116
03313
05125
04792
05625
01422
01072
00853
01066
05242
07133
02592
06848
00382
03517
06866
01517
00980
00165
04062
00155
05218
05885
00572
02028
02804
07122
06929
05853
01334
06502
00989
05956
05003
05831
05248
05944
02252
04189
04041
02735
05024
00445
05149
03778
06100
04219
04481
02093
06296
04572
00228
03507
01174
04905
06571
03775
03952
02591
03642
03909
04244
01476
00540
00454
05630
04148
04304
04434
04938
06105
05168
02568
06805
06137
01054
02809
01296
03657
05230
01067
06783
04128
05002
02649
04500
01926
02310
02264
04322
06315
02049
03764
05569
00820
00500
05496
05630
04783
05498
05517
04636
06024
04764
03898
04107
06069
06136
04074
00963
06220
04333
01611
00445
05940
05638
05010
02990
03544
00000
06075
04833
05944
04346
05518
05168
01722
06552
05438
02527
03422
01908
04940
01045
05263
03042
06888
02935
06772
05054
05751
02435
02887
05908
06576
02438
00445
05931
00576
00827
03108
07119
01069
01568
01163
00281
06072
05238
02682
05213
00923
02357
06979
05809
00274
06473
07184
05397
02807
01518
03036
06979
03397
02531
02302
01205
04126
05582
02367
06381
02504
03596
00237
07044
03026
00531
05128
00691
07060
06694
06073
04279
01940
00084
05251
05893
00837
02189
05457
02826
02634
05826
00431
00093
06873
02904
06293
05700
03354
00681
06590
00160
05358
05143
00983
04982
06509
06925
05458
00922
02632
02580
02810
03322
03693
03471
04577
02692
02824
05812
05622
04661
06950
01384
04754
02175
02133
06837
05137
07126
03528
05706
05150
00856
03159
02800
04038
02903
01794
06660
04335
00708
06070
02069
03170
03609
00648
06044
01667
04802
00703
03347
01953
05769
01902
01940
01353
03230
06431
06991
00501
06015
04427
00199
05954
04074
03205
00041
02943
02076
05974
00106
02689
06020
01411
03837
06515
03977
01612
03917
04619
01460
00686
06013
04152
07132
03399
04858
03031
03788
01465
01881
02597
02131
01128
07026
02511
05800
01885
03225
01029
05976
05005
01397
01453
06254
01460
04894
02771
00125
01659
05560
01310
02221
05432
01158
03230
05823
06037
01997
05890
05599
06953
03079
01446
00357
00194
00161
04681
02696
04740
05105
01276
07168
01610
00823
03447
02870
06443
04974
01958
03114
00825
02831
01024
05984
02531
02979
03960
03433
05659
07011
05676
03753
07153
03598
01915
03978
02941
05766
05396
01085
06396
05639
00009
04840
02514
02469
02882
01712
02574
00833
06318
02628
06571
01031
06708
04291
00242
04103
05192
01676
05437
04495
05946
05536
00887
02017
02376
04118
01855
03254
05651
03419
00363
01999
07183
00387
05864
07155
02195
04049
05888
04266
01617
00894
03573
00052
00768
05450
04745
04103
06516
03100
03040
06404
03727
06231
03389
01973
03057
06972
00617
03141
04907
01110
01843
06331
02738
02054
06961
00309
05902
05131
00708
04317
06866
05133
06394
01930
02726
02727
06124
07062
01952
00687
06632
03863
02769
04579
03945
02589
02043
04689
02402
04487
05280
05826
05754
00546
06166
04645
03120
03743
04087
02484
02816
07183
03029
01093
04958
01693
05739
06991
03679
05865
05070
05143
04440
02301
03874
02294
05598
03245
01705
01608
05676
03984
05718
00340
02018
06517
04416
01811
04778
04868
02802
02399
03255
00627
02111
05818
04326
05665
04467
03511
00166
00754
02916
04136
01268
03016
01223
01510
03263
06266
01087
05335
05963
03860
03185
01311
02513
04586
02963
03685
03587
05722
00258
02912
00844
06461
05171
01119
04918
07018
04705
04338
06150
04200
05093
03480
04129
01581
03844
05349
02002
03031
02114
02224
06820
05350
00980
02871
06697
00725
01939
00271
00957
05555
01677
05259
06181
01634
06709
06856
03985
00428
03258
01972
04801
02940
06197
01945
03459
02976
01245
01385
06938
05657
04501
03367
02874
05436
02052
02928
02832
04041
02661
05988
03551
02853
07029
05429
01989
00022
06985
02091
01276
07130
05890
03153
06012
05028
06137
03135
06365
03157
06069
03493
01659
02163
01564
00465
02162
04776
02661
05982
05929
02394
04651
03385
05739
05666
03134
01264
04560
01548
06324
01082
06458
06730
03869
02269
05691
04020
04372
04192
00244
02400
02801
02061
05848
00634
03291
01506
00400
05984
01531
01717
04215
02077
03212
05282
00837
01024
00014
05714
01289
03544
06937
04265
00336
02446
05967
04812
04930
01695
04810
06094
01451
06676
02293
01174
06199
01088
00791
02158
05143
05942
02793
06090
03552
02725
04585
03154
01554
03601
00871
05966
05174
03534
01821
00942
03713
06235
06171
05491
00854
04473
06912
00157
01319
02983
02757
02482
04667
03196
01203
03528
02571
03039
04981
05551
06823
05158
05672
00926
01750
06506
00654
03256
02778
04323
00802
03451
00306
06789
06854
00933
05785
06775
06809
01122
02731
05516
06404
05111
01640
01631
03571
00357
01681
02672
06465
04218
05296
04853
02988
06777
06484
01567
06343
00484
03065
01195
06190
05348
05414
01408
04340
00662
05264
05676
02425
04977
03164
03158
03319
01591
01570
01183
01980
03288
04589
03355
03730
05726
02175
05637
01529
04697
04241
06788
04502
05063
04471
01272
02916
06654
07074
02496
04937
05754
02207
03788
04164
04798
02014
00890
03778
02536
00749
00016
00368
04694
01090
02709
05451
01679
01943
03979
05875
05392
04880
05324
05822
03283
01016
01697
01609
06301
05321
05433
07177
04613
02667
01708
05759
06300
06900
00429
01385
05245
06861
00517
06550
02707
05589
01841
05106
04481
05854
03674
03583
01554
02837
01741
01572
02654
03424
02295
01727
03413
05248
06239
00343
04395
02166
03680
06861
03360
04546
06593
03280
06091
01926
04402
00847
05442
03081
06949
01993
04169
04343
00263
00896
00788
06054
05466
03596
03611
06323
01840
04652
04761
00171
01382
04792
05025
00902
03514
02770
02366
01997
04875
02394
03844
06908
02572
02305
02168
02307
01348
01973
04569
00998
03909
06490
06090
07076
02342
04058
04894
06453
00224
06772
03134
00717
00097
03632
00377
00029
00657
02194
06761
04665
00319
05133
00830
05843
01542
02798
06345
02406
05793
04985
06119
03599
00232
00210
01576
00214
00775
02642
05851
04010
03257
02073
00856
05098
04454
04706
06761
00129
05622
04946
01494
05001
06641
00458
00523
04047
03956
00829
07176
05335
00178
01723
03846
05622
03397
06315
04129
06718
05615
00503
00262
00151
02706
02849
00186
00903
02567
00500
01892
02580
06751
00469
05240
00545
01780
03896
07009
06613
04075
06767
06155
04249
00841
03037
03370
05759
03951
04969
00234
06880
00147
05358
06484
04318
01500
01935
03513
01256
03674
04360
03390
01244
04479
05503
01188
04166
06494
03546
06259
05191
05759
01034
03619
01553
00540
03748
06119
05838
03419
06065
05046
00449
02567
04795
02711
02788
06765
03880
00968
06608
03345
04739
04203
06491
05227
01237
05902
04476
03810
07059
00310
05994
00770
05617
04039
03138
04733
03540
01553
02279
02300
00869
06234
02756
00959
06210
00421
02893
04729
06126
02557
05348
04961
00425
02656
03223
02550
06586
04042
05062
00787
06728
05692
00002
00299
04328
04969
05009
03585
01009
07165
06351
02182
00843
06346
01870
04911
06214
04721
06910
01683
05703
05833
03591
04574
04829
02287
05171
02613
03314
06763
00329
00391
03389
06490
06580
06251
01172
05789
00354
03868
06046
04734
04392
00878
00871
03930
07107
01675
02733
04239
06361
04911
05911
05763
00830
00892
06949
00654
00210
06427
00034
04774
04328
04912
01590
01893
00642
01240
04120
00761
00184
06946
01025
04199
06551
00807
04027
06909
00326
00583
07097
06963
02755
04865
04256
06621
02380
05295
06211
01712
00218
04444
01196
00814
06664
00451
01110
03504
03441
03301
06808
06255
02423
00711
06716
02510
06688
01093
04013
02504
00411
03191
05006
04178
04481
04031
00712
04076
06070
04555
06748
02537
01838
05197
03158
02008
04044
02164
05058
03471
02054
03335
01304
04115
03780
03486
00019
02119
01991
04605
06048
04078
04263
04078
06866
05342
06933
05754
02898
02563
00735
03619
05299
06605
05842
00065
05348
05880
06777
06455
05470
05462
05379
06673
00029
03483
01155
00541
01868
00900
02961
03203
00761
04772
01166
02498
00391
02765
05348
04232
01602
05591
00364
00781
02062
03569
03945
02541
00440
00033
04434
01184
06030
05913
02542
05656
04458
03705
07031
05622
00841
02746
01248
06090
05979
07006
04499
04453
00211
00434
05267
04124
03165
05340
00480
06908
06447
03751
00281
06244
00600
00808
02172
06275
02390
04877
00201
00207
05220
06465
04005
01343
05455
01502
02617
01478
01802
00271
06458
06828
05464
04833
05124
02795
04454
05542
02784
03619
03739
06757
03717
04314
06727
03105
00346
02292
04473
04420
03130
03850
01389
00584
03504
01194
01826
06947
01025
03083
01546
05900
02441
06028
02298
03054
06141
06408
00769
00456
01840
01015
02422
03390
01265
06756
00010
04768
01585
01862
04316
05908
05091
06878
06507
01954
06588
02060
03590
04957
04698
02606
02207
03625
01953
04983
06079
02413
03008
04839
00307
06615
02963
02156
00899
02118
00577
06069
06499
02488
03077
06959
03043
01616
06218
00766
06657
04739
03087
05210
07198
04608
01642
04291
01550
01145
06281
05922
05129
06963
06323
07133
02079
03430
05549
02295
04392
00337
02297
03522
03576
06141
03193
04193
01586
02924
00017
04639
00980
07198
06218
04230
01136
03136
06355
01053
07162
00305
05282
06785
04541
01938
03257
01246
03689
06410
07011
02858
05703
02195
03805
01918
05101
04325
07089
03314
02892
00156
06366
03476
06758
00648
06964
03749
04606
06513
06811
00496
05192
01029
02995
03527
04767
06816
05237
07164
05397
01591
04761
00474
05989
04513
05233
04157
05188
02114
00691
00212
03510
01781
01076
02929
04829
05525
05647
03403
05773
06632
03652
00113
01946
01192
03710
01162
00435
06704
05709
03277
06760
00928
02290
01114
05541
02157
06009
06676
03683
05352
01152
04732
03220
01225
04310
03723
01405
06200
01375
03275
02944
03511
00052
06451
00822
03535
01863
02717
07132
05494
04356
02661
04005
02746
06738
02720
01965
04077
02617
04599
06509
06445
03294
03998
00010
00398
05866
03509
01000
01094
04265
05499
04604
04020
02478
03466
01696
05390
03347
05459
01471
02246
05149
00919
02864
06009
05343
06751
07071
03572
07157
04056
03750
03715
06737
05582
03964
03607
03347
00676
07044
00882
03632
04718
05126
06962
05141
04651
01498
05400
06789
04898
00288
06325
06110
00247
01421
03344
01786
05002
04672
00086
04658
05773
04339
02558
06140
02848
01325
05912
00021
04235
06644
00113
03641
04567
01696
01317
00399
05001
01802
04066
01442
00540
00195
00533
01002
00986
01345
05236
04746
04663
00788
04039
02130
06826
01687
05076
05188
02984
04610
01861
02707
04991
04220
04919
02632
04812
04718
07170
04607
05753
06995
05824
06350
06038
02475
05692
05989
03955
05231
05273
04752
02584
05855
03612
05146
02050
01846
03510
03404
03258
00383
00946
06451
01714
01601
04920
05184
01151
00918
05275
05512
00590
00249
03301
03724
05189
02302
06813
06963
04631
02715
05362
05971
06690
06436
05191
02734
05737
03573
00923
01433
04969
01064
02868
02520
03003
04102
01639
03909
02693
03290
05670
00496
03261
04097
00806
00640
06555
04222
06124
04888
02553
00106
06356
03508
03850
03400
04862
03666
00980
05143
00309
03278
06123
03520
05565
01350
01963
02735
07161
01596
03026
05695
03862
03578
03640
05294
02199
04207
00525
05776
00381
05528
02573
07007
04435
05050
05378
01903
02004
01867
00150
06688
03161
01232
05330
04045
00387
05761
06008
02081
04641
04777
06426
05033
04479
05194
05238
06436
07083
00541
06959
02935
00741
02583
00424
06110
02658
03111
04479
00509
05981
02331
05923
00532
01883
00322
00308
05233
06585
00813
02838
03327
05908
02383
02801
04284
06837
04932
01288
03272
03351
06669
02388
05177
06358
01145
02045
00267
00534
01567
04981
04949
04461
05160
04240
01304
04526
04265
06499
05776
02515
02990
05880
01421
03782
02643
06027
02875
02060
05931
07109
03005
00879
03844
00914
02712
02758
01090
03521
05451
05123
02759
04343
05661
01496
06068
06672
04975
06791
05161
06772
01424
05445
02568
06066
02191
06666
04664
05020
00747
05592
02405
00542
06407
03334
05829
05980
02009
02024
00470
01383
07073
02140
01858
06043
03895
00499
00324
03608
00157
01209
07109
01915
06547
05924
04479
06873
05930
00469
03491
06999
06672
06190
01461
06537
01066
01233
01397
02117
02240
06960
00985
01859
01105
00694
05333
06772
03720
05936
06973
06651
00454
04122
06561
03852
02175
06498
01975
06144
02049
02747
05015
02386
03950
02817
01407
02585
03787
01155
00247
02659
00432
02674
05487
02250
05760
02244
05860
00085
01555
03397
02465
05646
00527
00604
04898
02395
02038
02453
03668
05915
00088
02672
06809
05792
02312
01861
02247
04067
03788
00817
01200
04424
00431
01730
01276
03855
01905
00828
04626
02100
04926
02405
05238
01156
04667
04819
03148
05372
02524
04208
00571
04799
00211
04871
06604
02548
06116
02510
06321
07098
01652
04751
03683
