03258
06712
01882
00779
04608
06106
03480
03619
06504
06408
02551
01258
07084
00409
03310
03748
02585
06577
01915
03295
04455
03879
05029
02038
02679
04978
05021
01015
03960
01404
05142
06428
05621
07257
07454
03573
05007
07472
04072
05655
01554
06456
03160
06206
06854
00174
07578
06670
00069
06674
01023
00759
01715
03362
02805
07031
06959
00334
05729
05209
05157
06603
03244
03355
00958
00211
03079
06413
02405
04681
01213
06741
01158
07450
06596
07440
01685
07167
03038
03923
07207
00015
01186
06192
07217
00450
02498
02739
00092
00208
00714
00076
02450
01303
03796
01847
01896
00619
00186
05031
01847
07208
07433
05697
06440
03636
07182
04036
00892
01951
01744
01495
07253
01820
01865
02427
07493
07561
03586
07151
02129
04762
01002
04467
04689
00917
03699
07428
04231
01494
04810
03429
05561
07202
05537
02415
00044
03000
07498
05903
02063
01587
05346
04269
05778
04509
03607
07262
04434
01278
00456
07055
06546
03634
04520
01314
06982
05592
07438
06085
04255
02406
05435
04573
00750
07578
04617
03618
00551
00716
07405
01364
02900
00703
05145
06891
02370
01910
03953
06012
01676
04371
03927
07463
01395
04042
01157
02253
03015
07237
06647
07471
07092
03025
06562
03458
00763
03157
01381
03311
01740
06018
04970
06839
02461
04294
07465
02739
04538
07467
03786
03833
05401
03309
02388
01578
04088
03944
06887
06281
00629
02543
03059
03718
06714
00441
05203
03592
01844
06630
00697
03898
04990
05840
00326
06460
01327
04509
02262
05450
00156
07152
05718
00649
05291
05951
00980
03934
03077
04895
06290
06601
06023
00539
01509
06670
05446
00580
05504
05460
05052
03986
02120
00326
06243
01929
04612
06680
00077
03687
00036
00100
03182
02425
02218
05777
03590
04557
06681
03285
02399
03634
05097
06161
03343
03772
06355
06235
05018
03652
06703
07257
01992
05868
02920
05561
04942
05424
06249
00334
02316
07592
02151
00100
02610
02442
06090
03988
07280
00892
03528
04883
02072
00711
06224
01846
05890
06039
03152
00208
06060
04351
02212
01979
05132
02185
01548
06581
06196
05467
07160
02850
06976
03445
05650
01391
00686
01879
00328
06999
03227
01504
07253
05086
07462
05777
01211
07226
00644
04496
03760
07458
07567
00680
06674
03823
01051
01645
03063
01935
01543
04413
06757
05384
05820
03410
04379
01593
03365
03396
01482
03196
01547
01324
02868
04104
02796
01092
03343
00996
00168
02106
00838
04645
01575
02322
05709
04104
07114
01403
03774
05467
02173
02842
01237
02325
02725
00418
01796
02022
02540
03046
04388
07209
06646
05061
02425
03639
06190
06916
02096
04501
06451
01017
05031
01837
01625
02707
03994
06154
04685
00887
04566
02652
06584
00198
02443
05436
06447
02554
04243
06394
06693
06959
04377
00242
06014
05070
03799
05308
01697
07492
04993
00051
00744
03442
07400
07069
00247
03150
01788
00089
00663
03126
06977
01528
01438
07204
01020
00417
06381
01133
00874
07112
07238
00756
03981
06809
04247
06844
01780
03662
05527
05258
06950
00993
04156
02153
06715
07547
05719
01351
00487
05546
01597
05612
01412
01633
07314
02890
04955
06857
04756
02272
02270
07029
05729
04873
05781
00660
03542
02594
07363
04224
02230
02729
02084
05539
04643
06785
07477
05545
06524
03009
06464
05152
01202
02252
00867
03036
05656
07035
06556
02503
00760
07223
00067
01797
03100
02291
04292
02518
04639
05557
00503
02181
01937
06741
03198
00685
06640
05246
06794
03996
05386
06706
01162
00735
00220
05131
04674
02428
06021
07211
05556
02815
04764
02340
01117
01100
02730
05508
01342
05571
04566
03433
04421
01970
00844
05442
07032
03316
00169
06405
05310
06679
02373
06397
03962
05612
06397
00044
03573
00343
02763
02942
03366
04837
03829
00158
01936
03006
01087
05617
01752
02240
04606
05696
03474
07323
01835
00004
03095
01499
02255
01370
02677
06752
06289
04518
07475
00137
01817
02035
06783
02911
07040
05752
03798
00526
00934
06359
01904
04318
07408
02447
02229
02480
03932
03105
05376
03731
00578
03583
04126
02679
02633
04736
06851
05865
06674
00513
06266
05868
06581
03174
03878
02377
05719
02365
02889
00365
06021
03395
05760
01393
01935
00528
06698
02023
07524
02462
03076
07424
01365
07335
03650
01450
06521
07356
05787
02887
03181
01106
02962
01129
06053
05126
03292
07449
06484
07185
04451
07590
03396
01655
00518
02843
04706
01098
04570
07146
00617
06731
02754
00356
01177
02656
04694
01034
05268
06449
00531
00110
01189
01677
07023
03010
04205
06218
02231
03922
04347
01801
06903
03886
04343
00087
06709
02831
05452
00015
01002
05835
00864
00573
06110
01556
03489
03759
00495
05434
06733
03188
07117
02513
05310
06150
02518
05325
00672
02131
01369
06026
00672
06743
04697
01256
03507
02054
04592
03731
06929
03861
01709
03872
02332
06360
04267
00244
03056
05526
01600
01743
01129
01496
01551
00053
04556
03441
02506
06861
07555
03864
06903
01347
04152
06336
05838
03816
01868
04856
01004
05529
07333
04126
07047
05213
03634
06719
03935
03159
07389
02506
00285
00924
03244
04194
04987
06558
06755
02994
04159
02775
00937
06555
05589
06530
05669
00952
03449
02482
01110
02947
02878
07254
03628
01552
02717
06052
01670
03863
00973
06691
07049
03983
05083
02309
01689
01974
01526
03424
03047
02237
06906
00638
01911
07280
01032
00698
07053
00147
01182
05371
04564
05032
02328
02142
03674
05070
07426
00411
00444
01395
03512
00794
04793
06537
06205
00062
06677
05319
00932
04383
00893
03958
03775
04470
05441
05564
07105
06209
02099
03654
01058
06486
03307
00541
05087
00676
07508
06203
03179
05429
02791
02744
03798
06336
01794
00029
05575
03900
03508
01641
00393
01486
03143
02945
01424
07443
05451
05154
00295
05065
06763
02659
03080
04535
00014
04838
03543
05966
07117
06301
07563
02919
04732
03225
00361
01147
02598
00781
00686
07042
03145
06337
02633
07267
05179
07475
06308
06554
05864
01927
03309
01879
02969
04847
05157
06419
00547
04918
07012
05198
05689
05207
05078
03620
00382
05547
05478
03838
00107
04318
03974
00916
01257
04595
05784
03664
01004
05038
04268
05261
02333
01487
06135
02687
06802
07263
03788
07597
06075
00370
06137
03977
05036
04236
00417
07536
06002
04177
02721
06364
00516
06581
04882
01430
01192
01010
05978
05865
01774
00263
07294
02067
02205
04813
05672
00757
00648
06037
02001
04697
06877
05485
06972
04146
00042
03746
01407
02847
03532
00752
01166
04090
04949
00116
03478
00925
00713
07522
00658
02516
01174
03362
03038
00989
00109
04998
01910
07452
04145
00855
00761
05179
04059
03804
05472
03791
06151
07276
04933
04518
01279
02107
05105
06668
02626
06913
02614
07164
07425
03016
05526
03763
05110
01540
02014
00385
02129
06013
01299
01641
05008
06663
01031
07000
02154
04019
06120
02962
02024
02462
01622
02935
04400
06503
01534
07525
00912
06014
05335
06567
05508
00008
01448
02491
07476
00559
07493
04978
04156
05398
04980
04224
05865
05483
07392
07043
03181
05333
05738
07344
04160
03692
00934
05577
07267
00903
04921
00474
06097
07057
03981
03347
04341
05429
00878
06704
00482
02233
05748
05220
04419
03959
04334
04373
03440
06357
02087
04576
00665
02198
00712
05805
02578
03258
05834
01677
04779
07120
01558
01968
05819
01164
04810
05811
00441
06996
05578
02262
05094
07124
05457
04108
07402
04929
06851
05915
03017
04651
02257
00852
02114
04123
02391
06812
03700
06924
04325
06953
04078
05750
02296
03592
01009
04037
03173
06283
00579
02392
00129
02880
05395
04405
02064
06348
03236
06218
05128
02088
02473
03103
01249
04865
00219
04312
03179
05107
00714
00790
01244
05648
03437
00172
03909
06345
06983
01822
00095
00831
06569
02678
06823
06772
06046
01345
00324
06763
03478
05702
03825
06350
01234
00103
05435
04205
05801
02816
05432
03172
06070
04796
02578
05782
07471
02502
04191
06502
03953
00317
04798
05236
05277
00545
01408
02676
05337
01946
06641
05242
04660
03001
01538
02401
05802
03029
02932
02732
06544
06823
01842
04372
05965
02098
07547
06399
00598
06297
04443
00370
02388
05253
04070
01741
05875
02686
01600
02037
07081
05302
07115
04959
06129
06709
00766
01495
04900
03839
01487
05520
02148
03954
01853
03494
07476
02780
03004
05296
00198
01369
00829
05634
01186
02265
01034
05742
00288
04736
02555
00282
07587
01320
01736
06205
01266
00113
04763
00994
07492
03432
02336
04207
03800
07301
04189
05040
02702
00078
04248
04444
07365
05753
05177
06186
06065
01999
01518
05740
05992
07004
02165
01720
02730
06211
01481
06152
02283
02895
00939
07256
06271
02980
01292
07085
07200
04419
00213
00132
01455
02892
04212
00728
04181
01022
05651
02781
05092
00634
04822
05402
00175
04486
05393
02372
01170
04285
01380
03284
02495
06291
00212
01419
05975
01190
05079
01852
05250
02961
01371
05767
07163
00122
05747
00582
05322
06219
02463
02913
03647
04766
01575
01788
05560
06529
04965
04704
01839
07465
00076
02902
01139
06338
05640
04639
02866
04916
03747
03874
07312
04370
02849
05293
07462
02732
02906
03964
02217
01941
06913
03288
02118
00143
00101
04102
07192
04705
04771
01440
07189
05914
05174
01745
03659
05296
00973
06698
06882
00625
06823
00530
03006
00315
00413
05866
05492
01783
03915
00558
00838
03519
01469
04823
06029
00608
06019
06557
01746
06107
01024
02938
02025
01142
05429
04746
01722
03200
02661
01118
01069
04337
07092
07280
04258
04367
00721
02641
03514
00653
00525
04494
06037
02958
06263
02945
02361
04871
06117
07396
04907
01091
04561
04544
05566
06992
03405
05043
03925
02006
02453
01072
02518
02584
07472
02529
06318
02643
03970
02551
06651
00579
02369
06450
00585
03893
01538
00716
00140
04647
07136
03391
03895
05484
00312
04599
06807
05228
02659
03730
06128
04583
05297
01412
06593
04202
06574
03944
06470
01930
01508
06704
04506
04429
07358
07229
00743
03529
02115
02762
01980
03492
04135
00099
00922
01866
03882
06579
07578
00957
02715
01771
00158
05591
06173
05870
00963
06075
02531
00121
03040
03721
07227
06768
06717
06288
00517
01875
04979
01949
07199
04512
01884
07474
00238
05186
05079
01699
00651
00600
00122
07097
05303
06224
04308
04201
03532
05889
07310
03407
00994
07064
05821
00387
07227
07594
03176
03342
00108
02425
00480
07286
01960
02866
03760
05173
05882
05683
07442
03112
06223
02441
07436
01571
00749
00919
04965
00978
03428
03923
06920
02922
01424
02810
02708
00909
03272
01060
03085
02621
03654
01490
03811
02216
07299
03604
00684
03249
00862
03767
03409
00367
03769
03531
04930
06303
03617
06771
07303
02965
02984
06966
04532
05376
06160
01410
06791
04059
02950
06896
06289
01679
04696
00034
01855
04854
04356
00569
07237
07578
01023
01108
03094
02972
04287
03218
00898
04897
07046
01592
05228
02455
01115
04414
07254
04885
00182
05060
05019
06112
04168
05907
02985
05546
01445
07166
06314
07508
04031
03222
06989
06228
05456
01644
03270
01506
02228
01794
04462
04253
06272
02667
01688
05371
01699
01985
02722
00941
03447
05045
06724
03584
03540
03856
03848
05952
06978
02440
05733
01575
04360
02287
04298
02963
06934
01046
03316
03910
00187
01246
05964
07335
01764
06191
04320
05814
01266
01825
03004
00380
02582
02472
05493
04288
02764
02941
01058
01543
00226
00822
02135
06611
06547
02376
05663
01484
01700
05619
06949
03932
03001
02668
06399
03555
03141
03000
04232
00523
00077
05539
04153
00982
00232
03921
03571
07076
07062
07100
01931
01857
00889
01404
02434
01835
00356
04372
05936
02193
02350
04617
04285
05494
02019
03006
06876
06325
02888
02506
02852
06767
07544
01403
05995
06432
03120
01636
04769
00383
06276
04098
05895
05988
06924
03532
00507
04116
06062
05129
03553
04215
01721
04619
02703
02811
06875
05113
03493
03921
02864
04506
03175
07589
07351
02925
06936
02860
04723
04630
00325
01270
02139
02147
04283
01570
06286
06156
06693
06977
02951
04969
04759
04210
06168
02109
01360
04621
00486
02368
06575
05211
03537
05275
00726
01378
06158
06476
02387
05407
05459
06634
07392
05420
00783
03202
00249
06193
04691
02767
02950
00438
07537
00665
00900
07127
00591
03460
00612
05136
03656
04121
03871
01448
01200
00018
04564
02250
01121
05246
06560
00189
02071
07060
00377
03318
06468
07349
03687
05444
01056
00970
04143
01001
07281
03516
03774
05576
02115
00531
00814
04089
03541
01110
01832
04970
03200
01649
02054
05200
06884
03765
02547
01755
01936
01961
03394
00551
00734
04958
03544
01118
02537
03184
05031
04427
04716
07000
06343
02986
02664
04030
05507
06508
00641
04988
07582
02534
03334
01950
00592
01528
04923
07126
02897
03851
01076
01787
04288
02740
04929
04786
00176
01669
07297
03589
05600
06595
03284
05727
04389
07218
06481
03402
06503
04636
04688
00831
07333
02192
01717
00284
04181
06071
04649
03300
01788
00867
04391
02513
05798
03280
04464
04244
04499
05276
02636
06349
06479
05843
00078
03414
01452
00466
04898
03865
05069
07325
04005
03490
03025
07245
05393
05744
03418
06161
04980
07157
07306
06885
04076
04252
05866
06864
05457
01770
00726
04695
06190
03469
04615
00271
01134
07169
01454
05296
03855
00337
05978
05188
03142
03355
03879
00799
02271
01772
03187
01145
03982
03627
02654
01670
00935
01330
07373
07335
04326
01942
00779
06874
00892
03543
01869
06508
00648
05939
04800
01166
03869
00854
04274
03397
05797
07036
00169
01803
05682
06598
03092
02420
02940
01579
05420
06875
01821
01766
06166
03546
06181
04525
05688
03065
00010
05730
06933
01613
05679
07218
03031
01426
03792
03514
03480
03875
05223
04810
06701
05238
01775
00754
05776
02949
05427
06888
05336
07142
01265
05100
04967
04013
04384
05651
04144
03495
06075
03119
07314
05959
04729
01168
07478
01502
05370
04195
01761
06259
06145
04552
06214
02818
05529
03602
04971
06881
01621
00600
07030
02621
00039
00728
04133
06675
00780
02315
02919
03274
07123
01172
05929
04990
05256
00962
05985
04616
00066
05476
00480
05160
06581
03564
02584
03173
03620
05292
06411
07291
00311
05453
03691
01763
02404
04639
03235
05584
04269
00635
06913
01717
00999
06068
02078
00165
03282
05819
03292
02290
03049
04578
05611
06855
02936
01336
06327
04769
03285
05395
01346
00440
07357
00652
04745
01259
05996
06852
02934
03625
05831
07493
03282
01916
06522
04003
07284
04528
04761
02129
07563
02770
03813
06623
03188
00867
04654
07473
06456
06972
03935
00396
05428
06203
03482
06633
06774
00747
02241
03516
06546
03154
00302
05774
03695
00963
03136
05013
00144
02356
06691
00614
05842
06507
03274
01057
04927
04833
03739
06299
05677
01496
06247
04617
07479
04857
06772
04840
01141
03334
02569
02601
04730
02798
00454
01561
00906
03918
04702
05935
00950
04645
03522
06623
07254
00592
01419
07548
05121
06996
00883
05850
07484
07499
02176
06768
06285
00853
04510
07580
05834
01887
03992
07201
01939
02449
00467
00284
07577
06946
02279
01252
03689
01718
04011
04976
07513
01159
03708
06418
06254
01905
02313
06737
01064
05559
05198
00804
07082
06484
03659
04170
02602
05660
01841
04791
01873
00529
02072
00185
03903
02225
05808
07033
02398
04860
05506
00972
05857
06227
06321
04745
04250
03276
04195
07173
03589
03090
04742
06266
01764
05385
01793
00678
07575
05760
01368
00528
02855
01007
07515
02533
07584
04448
01820
00272
01993
01450
05659
01273
02769
01368
06448
03620
01032
03560
02259
01770
06503
06111
03035
04645
07565
05097
04066
03572
00151
02975
06002
06063
02010
05761
03246
01940
07008
02387
03103
05775
02509
03445
01322
04681
01117
00825
05834
07127
05677
05289
06287
06148
03426
05825
01698
05561
06537
06696
00083
00264
06716
03532
04466
00456
05166
05419
00855
01546
02884
04638
01294
01210
03727
00976
01938
00545
03162
01900
00069
05735
01420
06852
06697
02726
04091
02078
06542
00666
00110
03993
06857
05157
04108
03309
03613
00047
02054
01393
02552
06346
00222
05590
02381
00099
00499
07200
01289
00516
01402
00468
06724
02055
00058
04621
05878
01429
02916
01513
00724
06477
01902
02144
05222
04448
03338
05493
05606
00312
01879
00069
05942
06793
05124
01277
02478
04752
01996
02888
07105
01928
06707
01141
06636
04075
06251
03495
00442
01654
04771
03606
01751
03317
03853
04243
05375
02461
03498
06776
04481
07160
06405
06350
00181
03435
00873
00808
02359
00324
05631
00445
02176
03135
01224
07059
02800
07032
01475
05798
04634
02058
00395
07001
01147
06038
04960
04211
00888
04608
00273
01802
06595
03235
06195
06638
03641
03220
06273
02107
01564
03971
00400
05570
06824
05902
02477
07202
05636
00545
07173
02960
06711
01384
07520
03717
05269
04517
03099
04422
07028
07276
07585
06463
02703
06411
01510
06473
03862
06263
04144
01755
01520
06018
05874
03868
05134
01881
06646
01910
00381
03306
00358
05814
06584
04370
01382
05328
06472
02116
04386
03584
02761
02438
02560
06283
05994
02374
01938
01012
07280
05162
03818
00986
01479
04740
03690
04575
07143
06932
00183
03907
03855
06151
05113
00910
05024
02718
02130
06685
00136
04121
01256
05940
07370
05826
03905
04498
05319
02007
07306
04866
04475
04511
04196
01630
04774
05101
02827
05582
07269
05106
05364
06381
03244
06237
05491
04140
07171
00590
04054
07168
05946
02456
01234
05591
04938
07060
03768
02040
00106
01826
03235
05880
05754
04491
03136
00953
07536
06802
03674
04573
04685
01800
07058
01784
05626
03583
06664
07219
06580
00614
07080
07357
03074
01699
00179
03132
04767
06368
02617
05409
05768
06332
03488
00410
03395
04657
07524
03969
07433
00437
05211
01953
03651
02426
05156
03720
04877
06433
06571
07080
02297
01276
01979
07400
02354
04704
05569
06456
01531
03657
02680
03794
04772
01751
06327
02203
06840
01671
06067
07128
01030
00012
03090
02846
01098
03676
00109
04770
07304
01735
06017
00575
01188
05250
01891
04261
00400
02162
00845
00974
05603
01588
04826
04477
04227
02842
07097
02928
07439
00159
05665
04980
01947
00619
01618
06039
03848
03474
07427
06584
03103
02182
03822
05354
03642
01789
06868
04424
03216
06158
06062
06211
04299
04501
00689
01463
03224
01286
04365
06540
00938
07166
02211
00711
01259
03524
04976
04576
05680
00063
05274
02431
00727
05169
02117
02032
04272
04337
01619
05861
02773
07479
05558
03803
07175
00288
06899
07364
05239
00913
05013
07571
06478
01864
03819
03623
06090
03117
00975
00031
06229
02184
05636
01611
04195
03421
02987
00531
00744
03362
04338
04369
05795
02465
03242
01529
06923
05864
06099
05273
05157
00238
04150
00539
07199
05472
01727
00215
00396
06009
05428
05749
06380
04145
02647
01601
03656
02924
02676
03479
01767
00099
06439
02318
02527
02320
02045
06097
01515
05698
02661
03336
06277
06401
00548
07173
03569
06939
05281
06810
01238
00205
03923
02328
05514
00413
00965
03907
02840
04740
05571
04033
05985
00985
04245
02465
05532
01497
07461
04856
00475
00978
03805
01718
01468
02062
02210
04792
05496
02062
06647
01062
01996
01372
04400
00124
04865
01666
07012
03462
04474
05128
02605
06533
05449
06776
05712
02734
05679
03102
06355
01970
05263
03596
05600
02776
04349
01082
07333
03909
07176
07082
03444
00766
01376
06330
01150
04197
00294
04658
00023
03647
02176
02525
06646
06246
07045
06516
01356
03050
03131
03382
05774
02066
05498
05412
03824
04896
01900
05144
04352
00659
00436
07526
00764
02822
03625
05691
02578
02165
05405
05746
00002
03408
05006
01350
03297
04264
06024
04065
00093
03447
01652
00066
03512
06940
04722
04237
00019
03523
00478
07229
02680
05859
03842
01013
00756
03201
00344
04612
02095
03619
00522
02038
03593
04639
02072
07335
02979
00352
05669
06882
06359
02442
05455
02648
01382
00485
03161
03004
03436
05590
05047
01643
01025
03532
01092
05050
02510
02069
00051
00359
00458
03633
03089
07233
03745
01214
04723
04740
00688
00770
00210
02300
04223
03976
07007
00875
00043
01841
00340
06949
00527
02123
03497
01464
03694
05456
06432
06810
01440
00149
04878
07435
06359
02035
07446
02553
05052
01395
00499
07121
01915
01953
03201
05203
05032
01939
06345
04223
04684
06003
05272
03676
07344
03928
02122
03960
03444
06739
05544
00137
00269
03045
02507
06353
03545
00638
03052
03904
06800
04368
01307
01539
05913
01090
06663
02779
06662
04208
07584
00281
04013
03008
05559
05445
07315
03727
02094
00637
04711
05722
06817
04634
03529
02265
01969
05631
06789
05109
05177
02683
06704
04523
05983
01693
06766
04440
05609
07239
01101
03860
01992
02715
00849
06827
02790
00435
03645
02694
00104
02237
02379
03641
05439
05442
02440
07045
01841
05944
03407
02717
03775
01325
03280
00310
00467
06164
00941
04632
05337
00108
05009
03121
06358
00204
00173
01929
03561
04235
03472
04976
05228
05483
00931
06387
04662
00230
03966
05181
07041
06336
04458
06954
02804
06220
05812
03975
07196
03339
00075
02741
00700
05182
02342
05213
05629
02541
04485
00973
04723
00257
06066
06112
00671
03867
02899
03404
01658
06840
02560
03749
02261
02491
01547
06751
04714
01242
00225
07393
02030
01078
04763
04724
05221
04705
03905
04282
05618
02916
06716
07196
02138
07368
00086
04620
05860
07026
01137
07257
05775
06236
01712
07089
04384
07006
02118
03409
01126
02348
00521
02759
01996
02825
02194
04712
03834
02169
05333
04030
02824
06964
04343
02889
05969
02518
03008
04183
06111
02723
01839
03374
07497
02824
07156
02741
03158
04988
01534
03219
07484
04470
00178
05647
00650
02952
01444
01366
03038
00921
03829
04156
04436
03537
02010
00729
04923
00317
01781
05733
04789
06178
05794
07502
06012
01454
01471
03621
01548
04250
03912
01753
06400
02395
04255
04364
00876
04552
00757
05154
06901
01510
05847
06983
04104
04351
03512
05232
02030
01506
07447
02585
03050
00116
01773
02814
00059
06547
01589
03414
07237
07066
01096
02601
07574
03537
02996
01570
05896
04572
04936
02159
04002
01972
03887
00421
02267
05955
04870
02465
01980
06393
04844
02809
06160
04347
05157
02801
02012
01979
02314
00650
07061
03154
05361
04308
06050
01338
01909
02900
04847
03625
05778
07489
03258
00871
01503
03817
05822
03408
04936
02848
03834
03573
03814
01448
02222
00173
02302
04172
00817
05753
03523
07158
07249
04630
04232
00289
01096
00715
04998
05208
04903
00961
07110
07469
07442
07475
04556
02358
03959
07003
02017
06594
00461
07116
02795
01338
06117
00174
03035
03954
02031
03107
03442
05694
06140
06664
05585
00913
01083
04136
02844
03745
01347
03770
04617
03351
00988
00827
01435
03986
05498
03638
01750
00091
04823
00624
04126
03171
06283
05968
06497
06184
02170
04187
03805
05943
01003
07422
06431
03579
03425
07540
00057
05123
06632
06568
04639
00290
05485
03012
02031
07392
03370
06935
05482
04126
00717
05638
00435
02743
03444
04313
05267
04353
00839
04278
01783
02003
03985
07019
01415
02913
07420
02500
01331
02610
02201
06141
04044
00483
03609
05922
00700
00804
00619
06402
05715
02367
05394
03841
05279
05018
06802
05916
02423
03106
01688
05048
02052
02039
05027
02739
06844
02151
02818
02108
07117
00706
05898
06767
00163
00397
05300
02648
05574
03154
04946
03241
03587
02660
03436
00903
02180
06720
06892
00990
03983
00623
06337
06868
03320
01480
01428
02059
05060
01106
00453
02608
01179
07559
04224
02273
05177
05796
07410
05644
00241
01854
01954
06018
05774
07534
01422
02698
06456
06877
03891
01681
00703
01210
06696
03984
00007
04264
02552
04934
07201
01941
02442
03876
03601
05509
05551
00663
02241
06702
04263
02304
00738
04891
01120
03152
05961
00660
02332
06191
01150
05157
03693
00715
06237
05754
02080
06702
07526
00092
01732
05992
04471
03861
04885
02459
03108
07008
03129
05142
03424
00012
02934
00313
04811
06175
01230
02983
04024
06423
04569
00714
05802
01164
06542
05648
03658
03537
07133
03666
06008
06233
03499
01238
03339
06694
02362
07434
06726
02188
02580
00225
01034
06405
01125
05563
06098
06365
02867
07164
02719
02318
07195
06046
05568
06550
04168
04658
06541
06787
02258
00162
03552
01121
03473
05618
00337
00635
02013
05237
04541
04909
04516
00652
04898
07130
06182
03481
00810
07097
02465
07458
01985
05354
07284
00737
00596
04759
05410
02455
04808
01558
00773
07504
00756
06778
03531
05394
05549
06296
02194
02080
06316
06568
06172
01868
01997
00226
06495
04760
01287
01335
01180
05629
04691
04994
02713
04501
01579
04435
05453
05538
00240
00811
04456
02850
00855
02999
07277
05626
02290
04211
05612
04863
06967
05327
02464
03523
00735
04143
06834
05645
01181
02636
06872
04849
02696
00392
01742
04079
01815
03246
05583
05896
00137
06904
07552
03754
04622
07531
01129
04860
05141
02429
01761
03013
00450
01943
04485
02296
04379
01269
05588
02665
02272
02922
07386
00211
05413
02352
05399
04082
01070
04493
05644
02379
07206
04465
02513
03996
05403
03228
00501
01390
02409
05900
00467
03479
04001
01956
00286
07404
01526
05641
02921
02915
02485
06518
00630
02086
04526
00575
00856
04116
06723
05714
06902
05313
02204
04969
06415
02798
03380
03660
02309
00611
01795
07316
00280
07289
02249
05179
07536
03172
00388
01486
03237
04510
01246
03572
02110
07487
04663
06984
04389
04311
01018
01298
03492
04222
05742
06277
02894
05106
02011
04241
02572
00096
07399
03304
02994
06767
01917
00110
02942
06229
05416
04649
00220
05613
02865
00600
02089
03616
03331
06960
01202
07504
04455
03474
00887
07236
03649
01896
02770
01933
02342
00782
01070
06168
02569
06541
06646
07132
03648
03042
07100
00691
04071
04414
05314
05925
03185
00646
01864
00927
00247
05259
03234
06323
07135
06804
03573
05497
00505
01127
06431
01299
05704
00615
01376
04607
02988
05238
07305
04021
02136
04076
04575
05856
06261
04752
05451
04106
07538
07411
07281
01007
00086
06172
03307
04259
01092
05533
01442
01104
05130
05109
04057
01880
06678
01567
03445
00329
02916
07528
05533
06622
06361
02510
06426
06162
02853
06115
03658
01551
03673
06769
06632
03541
03221
00584
02832
01606
04284
05666
00721
06973
03383
06071
00515
02719
02706
04380
02722
00715
06215
01511
07239
06379
05189
03917
04449
05260
06604
03053
04901
02889
05944
01749
05359
06931
00232
01266
02292
06334
03162
01445
07254
00309
01685
00528
04979
00590
02354
03985
06570
05015
03719
04389
04954
05983
07073
00846
00249
01058
05086
00335
04478
03309
07573
04324
04285
06463
05506
04222
07244
04336
04306
01740
02550
02203
03335
04325
05771
02711
03176
01122
04017
01092
00153
05785
02508
05472
07026
02211
01366
02729
03102
04287
06043
01692
04162
04656
02259
06173
06168
01809
07436
00336
06744
00905
00724
03667
03010
00778
07296
00126
06890
01731
01308
07539
06784
07077
07152
03136
06987
05570
07195
01828
03969
00129
05614
06877
06133
02783
05895
05583
01982
00527
01849
01393
00512
01650
00724
04690
07354
02562
03975
02041
04939
04968
00942
07050
01329
03933
04809
03988
04352
04974
02716
03991
03627
03192
02332
02627
02129
03331
06333
06843
01335
05019
01701
04120
03839
01514
00843
04027
00498
05169
06434
02506
05423
06645
05900
06012
04944
02102
00269
00063
07429
05258
02157
05174
00271
00233
02201
05185
06731
05585
05927
04452
01672
01242
01284
06778
01031
06052
00365
02562
01983
07324
07590
02567
00026
00206
04569
06829
00016
01812
01838
02695
02670
06268
01667
05542
04370
04055
04409
04332
02533
06382
06476
01679
04229
07264
04860
03592
01806
00662
06892
05755
06837
04343
02295
05505
03489
02167
00906
04145
07238
05866
01761
03646
02687
00455
05378
01834
01431
04263
00560
05272
06501
02541
07261
01838
00770
03855
06176
07497
01975
03618
03822
07163
06791
07045
04920
01119
07399
02500
06689
07133
02038
06700
02779
03417
03725
06718
04765
00086
05572
03805
04962
03688
03165
07313
07488
00711
04849
07278
01908
05167
02806
02670
02247
00789
03066
01771
00351
01316
07311
04473
07077
04836
07587
01200
01662
02348
07530
01527
02312
04079
03594
00779
03091
05154
06163
00976
02681
03613
06201
00367
02011
00752
00016
02989
02682
04909
04770
02380
00623
07347
01455
07386
02375
05931
04370
07399
05791
06347
03788
02373
00920
01991
07296
06776
01606
01688
07322
06556
07483
02197
01356
01094
04811
01598
03911
03091
05851
04135
00258
03916
07323
04129
06154
03419
00189
02932
04535
07271
06050
06425
03718
02908
07216
06229
05192
02342
05585
03151
06518
01563
04810
00674
07407
02536
05030
01997
04929
07428
06543
01096
03343
03361
02329
01634
01429
07264
01627
03877
03733
01988
01370
01947
02524
06559
01396
03658
00983
00793
05974
05082
06396
01232
05659
01768
02230
06025
04433
00915
00720
02067
04153
03651
03149
07084
06651
05225
07186
05790
01428
06402
00913
02961
07245
05941
05459
01588
02345
02524
06864
00806
00794
00239
01502
00447
00673
04219
06004
04460
07184
06722
01786
02550
04558
00780
00079
02404
01734
04108
04023
03511
07052
06141
06063
03411
03326
05675
06189
01470
07426
05102
07353
07249
07170
06768
04098
00299
02448
02080
01406
02325
03928
03327
01298
01024
05393
03864
07546
04282
01151
01277
07414
03168
06040
02172
02162
01678
03760
01344
00480
06017
06324
07060
00995
00157
06864
04594
06459
07194
04365
07226
04136
04345
02699
05518
05628
02197
05942
04170
04322
02581
03352
06289
03029
02702
01995
03490
00575
00996
01753
06969
06031
02929
01906
06290
00933
06015
05033
01913
01869
03247
07355
00541
02517
05596
02429
05987
06269
02201
01874
06086
05434
04503
04406
06764
01623
04771
03161
03571
05049
07164
01611
03611
05069
06178
00304
05293
07473
02922
05185
02825
00812
05454
01983
02366
00394
02929
02804
07377
00791
00192
05768
05520
02839
04452
03565
00721
04848
04548
00743
02356
02326
03976
02331
07447
00161
02872
04611
02200
07388
01442
04716
00117
05084
06923
05228
07279
01691
04973
02963
06157
05520
02654
04269
03949
00397
03617
06048
06997
04821
05382
02681
07192
04183
06748
05245
01204
03772
01815
05967
07192
01049
04941
04797
01138
06721
04122
02919
00150
06411
03299
00782
00059
02587
02391
03924
03008
07071
03874
03461
00348
05320
01595
00033
05987
05635
03725
06886
06516
04387
03779
07350
00639
05965
01852
01530
07012
07088
04991
01379
02407
00719
01656
06424
05919
01084
03423
02513
00798
00866
01626
05279
00218
04815
01609
01141
02266
02156
04655
00183
00381
05803
05728
01262
02867
01020
06742
03766
00047
00636
06974
06868
07476
00650
00207
07462
03853
04167
07466
06217
05945
00106
07197
07217
05315
04525
07186
03113
03039
05223
05557
02951
02945
02999
01970
02907
00071
06057
03308
05988
02551
06472
06491
06527
05155
00145
03117
00813
05048
06656
00717
02799
02407
01802
07424
05825
02442
01238
03260
03696
00840
03672
04051
07561
04532
02762
00781
05424
02560
05465
06149
02409
07167
06554
02314
07495
04295
04424
01317
02447
06453
03676
02330
03960
03835
00503
01495
02497
02229
00190
02681
05646
06057
02770
01246
01665
07404
04474
02582
00321
00561
06320
06387
05130
04828
02182
06271
02449
06965
04243
01420
05073
05656
03453
02742
03735
03385
03428
04885
06678
06678
01033
03407
01208
05684
04922
07274
03154
07515
02187
07471
02243
02686
00801
04218
04057
04386
02670
00286
02224
00976
01813
06229
04135
02773
05689
04437
00560
06806
00294
00751
03716
03617
03867
04144
02545
02783
03219
00234
02498
01254
01247
02925
04105
06427
06305
02767
07547
04148
03128
07019
00232
01244
03027
02085
03621
00287
02563
04315
01560
03285
03985
07352
06031
00156
01465
04242
01054
07245
03634
01347
06451
06865
06683
00900
06408
07149
03796
00533
06196
03448
02902
04634
06974
07309
03296
02112
04367
01036
01391
03293
00866
03594
07385
06452
05515
07033
04662
01896
01586
04275
06859
04840
02123
01568
04644
06089
01811
05415
00766
03729
01368
04768
02654
06271
03765
04840
05473
07193
00601
06238
01521
00221
00835
00010
06081
00985
01644
07213
02182
02278
07041
04820
05681
05838
07340
06758
04701
01086
02046
02365
06193
04711
02603
04145
02915
00943
05217
02143
03610
00052
06678
06697
03886
03472
03886
01256
02222
03400
01846
05484
04733
07215
02528
03876
05562
04184
06779
01896
04714
03577
02798
05219
01700
05978
01969
06591
06041
07372
05815
04921
02990
00022
02828
01827
07288
04699
03735
06520
02435
00632
05853
00058
04143
01161
05330
04887
00599
03147
06108
03642
02799
01004
03494
04846
05657
07519
00765
00173
06420
01579
04059
04663
00499
05859
03069
06990
00005
01312
01763
06014
01621
06587
07124
01898
02352
01527
06604
07314
01135
05418
01763
04208
04448
02076
05690
01585
03637
07097
01637
02033
00841
05105
02688
03311
04666
00030
04143
07040
04552
02629
03510
06303
01688
03461
03153
01074
05109
06509
02337
06311
06916
02154
02964
03678
01282
06510
04911
05104
02876
07516
03899
04349
06378
07008
00650
01892
07146
01836
07476
02603
06389
00348
06370
02110
07120
07275
02790
04948
04672
06623
07365
06157
07130
03343
04611
06631
01031
06036
06025
05856
02865
05117
04244
02598
05149
02221
06877
01962
00021
03920
00257
01123
00128
07083
03453
01855
07136
04144
01048
03348
03351
01441
01021
04901
01351
05260
00755
06992
00853
02324
02331
03508
02169
01632
02885
06048
02325
02445
07150
06806
05999
01119
04826
06046
00525
07332
03403
01767
02428
05401
02684
02824
05869
02070
02988
02469
05021
03445
03466
02173
03487
06497
02425
06192
02872
03688
04592
03310
06822
05362
07153
05163
07422
04780
06195
07358
07185
05597
05583
02584
07354
05818
05652
00322
03558
06996
02823
04224
06273
00815
05562
03698
02425
05774
04791
06008
05777
04794
05258
01333
02340
03362
03977
02413
05428
04620
00432
00024
02446
06201
03805
02616
02092
07478
06485
04599
03383
02318
04353
01594
07398
03246
04697
02434
02855
06449
07066
02657
03113
07513
05063
03721
03428
00895
06042
07168
05718
01490
06213
03776
05978
00491
03994
04955
01255
04145
05507
00331
04626
05192
07470
02151
06513
06101
01049
05122
01390
03100
04566
03326
04835
05322
06379
02878
04408
02415
02169
00585
01079
04979
07110
00858
05704
05257
01337
03139
03278
00881
02258
07122
04429
00375
00371
07004
05958
04920
01727
04550
03664
00037
01342
04403
05829
07409
03290
03464
00230
03316
01337
02603
06172
07442
05111
01705
02044
02118
03215
03126
01750
01751
06613
06527
01435
05661
03187
00300
05704
03212
02975
02546
06755
01823
00022
00549
06097
01793
06039
03722
01857
01908
02078
04810
00105
02148
03963
02242
01083
00725
04670
02216
06723
07113
04866
06040
01424
03439
00595
02140
03580
00901
04637
06586
05834
01390
05747
07431
00027
04110
04024
06681
05261
05474
06349
05210
06177
00652
00232
03465
00103
04908
00621
05067
00072
03355
00332
00959
04416
00481
06534
03742
00422
07526
04525
05313
07049
07077
06664
02541
06328
01997
02367
00361
04094
04817
03913
07504
05385
00463
00224
01394
04998
01854
04590
05589
03178
02176
04598
06793
06863
02199
03361
05336
04441
02948
01459
01404
05156
01610
05209
01403
03484
01649
06738
02318
00248
03575
07239
06431
06612
02913
00344
01440
06890
06895
05381
03817
03309
01181
01877
05401
07457
01141
00791
07582
04746
04962
01795
00287
07471
06304
04587
04822
03899
02479
03651
03483
07520
01719
01738
05244
07192
02149
04452
06425
02297
02787
06150
01899
03332
07109
04206
05301
07323
06400
02428
02594
06060
05013
05664
01822
04751
06715
03713
01329
06696
00699
05767
05958
00744
00549
01159
01817
01527
02191
01768
00047
05782
07182
01542
05984
01412
04621
03747
06671
02687
03658
03509
07082
07173
00464
03392
04444
02678
05007
04880
03152
04167
03288
00818
03729
00342
00532
00896
04396
04693
06421
01960
05031
04469
04852
01321
05115
04145
03576
03497
02428
05219
02408
04853
03881
01799
07528
02981
06767
02506
04912
03547
05304
01710
02363
06937
02049
06285
02026
06844
05497
03031
01448
01688
02420
05291
01945
00193
00976
02046
01467
03796
01535
01514
05551
02736
00819
04806
02241
06852
05657
00110
03122
03302
07275
05583
04215
06845
04505
00513
00938
04348
06018
01217
00958
06236
03772
02730
02257
01205
06387
07040
01546
05912
06750
06681
04705
04539
02173
01271
05758
01698
00159
00502
05913
00502
04112
00047
02896
06277
00223
05943
02472
07431
04717
01303
02555
02648
00481
01176
03328
07334
02665
07226
04152
02233
02939
07282
06931
02489
02842
04494
04531
07521
00148
01094
03849
03775
02088
07105
07036
00996
04325
00465
01384
01854
01725
04204
01042
04591
06392
04152
02346
02458
06069
04354
05385
03834
06891
01130
00282
02799
00078
04479
03013
04966
02830
05491
00678
05251
07305
02106
05036
05278
07328
03765
05998
04487
04118
03301
01848
06535
03877
05614
02355
01413
04011
06698
01346
03425
06098
01782
02520
05296
05790
02445
01656
02677
03711
03407
03844
05272
03510
00526
05527
00662
07539
06421
05934
06693
03469
03238
03744
05458
07435
03422
05727
05689
03632
02310
03383
05280
01220
00985
02947
01233
07468
04989
03919
03778
02940
03136
02759
06114
02419
01920
01774
03426
02836
04999
00108
06493
00917
03842
02415
05910
01680
02428
01522
05565
06343
05083
01387
04573
05796
02231
06253
01653
06878
04034
05966
02449
02088
05241
03427
01140
04516
01414
05064
05540
00453
05870
01596
07570
02914
06622
03544
00613
03782
00301
07200
03954
01316
04653
04402
00410
01959
07412
07356
03744
06056
02786
06202
00437
01673
03374
04573
00066
06670
05633
00727
07233
06203
03598
06850
07593
04344
06301
06176
04260
00962
03843
00573
05726
07195
02752
00449
05180
07361
04868
00514
05831
06204
02702
05223
00724
00913
00099
00247
03265
00548
02712
06287
00478
04842
04188
07298
04613
03900
02836
00443
06903
04184
01060
02158
04629
00929
07383
06636
00728
02054
00956
07349
01757
00816
00445
04248
00816
00325
02924
07014
04580
07370
01069
01029
02013
06086
04938
06832
03658
04609
06855
07500
03202
00347
00931
07013
02106
02537
03639
00486
07456
03930
01902
06280
04519
05143
03889
05506
06175
02361
07038
04270
02016
04661
04308
06156
05331
05122
01086
02144
07597
03900
00585
03847
03641
04832
03508
04743
02769
04807
01715
05892
03561
04112
02624
07438
04472
00486
06351
01656
01859
05969
05820
02004
05752
02680
06547
05977
06564
00644
03035
00791
00721
06815
06208
00545
06816
04283
03787
04521
06766
05072
07185
00137
05670
01901
07333
07517
06452
06032
01242
05039
06289
01168
00633
01770
03584
05255
06012
00944
01091
07310
01621
02103
00075
03088
03293
07470
00602
05120
01901
07277
01479
07047
06098
04506
05645
05941
03121
05832
06976
06809
05383
05162
01197
06027
01707
03478
03229
01447
05923
07460
05574
05572
03984
04037
05550
05490
06215
05969
00525
07011
05020
05720
06717
03680
02333
06442
06017
01676
04120
03315
06975
04997
00490
03358
07243
03414
03397
03530
05058
01210
07438
00330
03920
00716
03056
06805
07374
01594
00208
02190
05755
04631
05054
06079
02630
00687
00052
01614
06981
00469
04478
04546
05894
01257
05575
01230
07391
07157
06492
01563
04003
05846
05726
02853
06996
03928
05866
03660
02960
04682
06477
00234
05290
04801
06886
03236
04277
00265
00940
00922
02799
03781
04536
03496
06552
02055
01873
07567
04941
03212
07426
01166
04837
03839
05770
01497
06536
06621
05152
05148
05495
07192
03729
04217
04876
02981
00568
01581
05807
06225
01192
01344
05089
05504
03209
06251
02025
06806
02572
07300
04665
06350
04013
03989
03068
03687
03284
00748
00062
02447
02856
00731
00968
06968
00241
04494
03878
02663
06200
03132
04999
02411
01309
03767
00977
04746
04213
00622
01598
00823
04686
04882
00055
02208
03984
04262
00571
01588
01217
00415
01083
04002
06005
04315
06998
06412
04545
05774
03900
01722
07466
02727
03809
02859
01759
05905
00241
01479
04352
02965
06362
02784
03561
00749
05274
03542
03918
06835
03478
01433
05269
02008
06436
04233
03195
05441
01877
06618
00020
04924
04034
05156
01363
04336
04242
05654
03713
02642
01462
06042
06654
01444
01618
07540
03537
00008
06216
00756
07422
07106
02257
06875
03091
05963
03403
02378
02702
07010
05210
05973
02079
06605
00876
04775
02357
03693
01710
02543
04168
07199
02884
03992
04563
06111
03353
04007
06204
04663
00419
05933
04113
02726
01793
06220
05456
07532
06453
00807
02835
04688
03208
00034
02374
04980
04910
05208
00134
00961
07527
04811
00856
03708
00799
00981
05523
03818
06867
00445
02524
04912
02352
03590
04508
01650
06010
02114
07552
03581
00613
03508
06492
03857
06196
00419
03196
07574
04924
02442
07385
06831
04692
07500
05301
01996
03563
03717
04131
02649
03893
06619
01141
02980
05731
07379
06500
02748
00607
05617
00454
02773
04097
06967
04783
04968
07505
03086
03894
05814
04874
02515
03138
03853
06694
03832
03682
04644
03387
05739
02278
06736
05506
07492
03949
03673
04369
06872
07499
07079
05124
04571
02311
03270
06508
00930
04719
04552
07491
02614
04232
06985
03931
00869
04661
00110
07427
06242
01587
00119
05957
00221
02448
03155
03023
05053
00662
02083
01116
03785
04919
04615
03614
01462
02774
04884
06378
01675
03168
06055
04591
04224
00517
00547
01156
06837
05415
00790
05166
02303
02942
00138
03276
04781
04373
02375
03743
05288
04484
04437
07064
02489
00651
02639
05968
04069
07336
02516
03566
00419
02918
05431
03145
00959
01426
04471
06378
01799
06858
05016
06092
04274
05077
02992
05779
07456
02489
04174
05334
03579
06669
00516
00411
01517
01611
02069
01870
05549
05393
05769
02013
03073
07365
00462
02803
03895
00035
01657
01791
03262
00692
04298
03744
06671
05292
01102
02480
06841
02080
06237
01561
03034
05315
04323
06872
00281
05676
01436
02429
04320
00741
07368
04572
01640
06210
01167
03923
02268
02763
06942
04248
05231
04856
02047
07071
05626
01545
07047
00293
04702
04911
02424
01996
02151
04170
00855
05059
01025
04912
04872
04176
04340
03143
01989
02989
01051
03327
04446
00173
02179
03519
07546
01737
00383
05018
03531
04444
05672
03838
02224
01879
03393
02665
04980
05633
06392
03512
06723
04511
06856
02765
00493
00780
06956
02268
02243
00853
07407
01186
04943
03636
07007
00995
03584
03654
02223
01710
04226
01035
04843
02527
05004
02522
03575
05522
06883
00286
05792
03086
03596
03986
01780
06214
07519
05316
05821
04903
00647
07320
01800
05950
01445
01180
02372
05978
01684
02483
04534
04361
05208
03953
05082
01842
01904
01522
05299
03070
03786
04983
01251
05523
01477
06302
04247
00174
01410
05852
00378
06845
00020
02474
07498
02231
01382
00714
02439
02057
06988
07204
01719
01773
05457
04737
04486
07560
04543
06419
00347
03985
00510
01343
06438
04809
00355
01896
07318
03276
01562
00521
04151
05266
07167
06735
01192
00417
05653
05169
06810
06147
04153
00557
03045
06608
05473
02912
00325
03256
00798
06001
07505
06735
01121
06762
00476
02101
03594
06836
06100
00129
07403
05215
04520
03145
01563
02395
03831
04513
01254
06005
03443
00253
03186
02497
02709
05941
06284
05409
06394
05044
01217
02575
06986
05421
01401
03421
00521
01227
02285
00486
03911
01362
06505
04880
01682
07143
07004
02705
07259
02889
02637
00363
05974
04459
02328
00246
01307
03648
00502
02840
00937
01905
06619
02019
06362
06045
05768
01499
02178
07278
02304
06082
06657
00724
05896
05730
06568
05872
06312
03495
07320
01151
02062
01527
00133
01105
01234
03134
06458
04901
00963
06682
07111
06355
06752
02816
01445
01397
03747
01721
07433
01363
05032
03212
06423
06873
06844
02873
04734
04376
00401
01615
00401
06630
01837
00571
04774
00978
02481
01391
01239
04696
05335
00282
00358
01037
05749
06553
03038
06024
02607
02346
06004
02173
03257
06664
00973
01207
06377
04568
02904
01794
04363
06255
05068
07426
05342
06894
04108
06163
06636
04779
07335
04846
06695
01357
01533
03924
06174
01203
00826
00682
02367
06258
01479
04129
02550
06266
01014
00113
04388
00211
07547
03746
00667
00457
05595
06071
00709
01921
06748
06535
00501
05223
01739
06041
06373
03718
01773
05979
00478
07139
01389
00559
05494
05542
03188
01683
03844
04693
05767
03164
04319
05775
01850
00046
04292
01906
01443
07513
07062
05642
00985
03428
01808
06839
03002
02047
04374
00745
03948
02536
03994
03547
00603
03228
02778
02185
00769
00791
00470
03279
07572
03546
05679
04495
01226
02024
06763
01326
02871
01709
04789
07180
05815
00635
06562
01439
07479
03603
05166
06283
06573
04972
06885
06560
03176
07171
03053
04703
03249
05168
02177
02186
07121
01312
07304
07208
02125
05748
01060
07089
07357
01430
01751
02028
02874
03987
02510
03059
06677
00905
03794
02527
05364
06430
02100
03670
00151
01898
00853
03629
06841
04387
05736
03227
00338
02083
03231
00333
07417
06600
05713
06751
05095
04839
04878
00381
04999
02670
06873
05159
01113
07557
00596
00650
02917
06704
02250
04609
07309
05172
04677
05207
06028
01619
05632
00055
02746
00614
00326
04594
06529
03286
06649
07276
03306
05686
02575
00484
01505
06161
00247
01822
01303
01692
06473
04959
05621
01527
04476
01060
04142
00021
05937
05824
05038
05221
01916
02048
02767
03021
02978
06716
04378
01458
01198
06604
05722
00199
00574
02260
00652
04207
04923
06718
02466
04512
07046
04883
04583
05350
00317
01301
00158
02337
00796
00540
06307
01917
05953
05611
04915
02156
01592
06830
05975
03890
00613
05250
06682
02812
07536
01681
02156
03117
02121
00825
00880
03463
07245
01656
05248
06147
04722
00663
07264
06237
03260
00095
04304
07166
01794
03228
00618
03303
02042
00317
03436
03784
05553
00356
05408
02650
02423
05504
00454
07119
07399
02277
04115
06660
02836
04133
04994
03503
07022
02813
07401
04059
00564
02478
07319
05277
05028
00727
07450
00275
05742
05516
03581
05400
06374
06660
03038
06278
04280
02628
06461
06440
07110
04692
02608
02747
01437
07531
00947
01409
00534
02941
06029
01537
02024
02061
06575
01822
04666
05343
01509
01826
04454
00447
03422
01559
06186
03320
03337
01811
00088
03266
07573
00093
03260
02507
05739
00128
04286
02768
06439
02827
01085
02617
05520
05394
04636
05055
05257
07333
04601
06010
00384
02314
00280
07483
00740
00473
00958
06322
01668
06549
05417
03149
05523
01266
07197
05086
02551
04119
05001
05288
00320
07442
01208
02950
04918
00482
01812
01032
00907
01349
06805
06075
06767
01230
02390
06963
07058
03298
01801
01223
04501
03472
01121
00345
02826
04955
06988
00241
02185
03109
03732
04006
04436
05561
00267
03992
03330
03125
02692
03004
07032
00450
04993
00549
03974
02882
06870
05052
03197
00613
03804
00043
01406
04888
06354
06043
03534
02283
07214
06648
03797
02316
04369
00254
02742
03493
00649
00387
07417
06511
02736
05441
06052
05746
03633
00813
00552
02186
00875
03657
04280
05319
07534
03426
07556
06129
04706
06519
04115
06982
05222
03991
01247
00386
01590
06805
00378
02362
02583
00443
01887
02949
04988
06120
00179
05991
02474
04760
00475
06427
07288
05086
04423
03564
04384
06112
03419
02320
01939
02015
06766
01986
07305
02322
03755
02442
04950
07038
06549
05515
00136
06324
02840
07449
00220
04631
00442
06661
05760
03912
05905
05255
05891
00400
07422
04199
06857
07129
06534
02247
01707
00089
05026
00513
02043
07100
02748
04280
00917
02078
06010
06365
00080
06530
03495
06705
05348
07313
06588
02754
04566
05698
02686
00772
06143
05474
05521
07053
03387
06689
05243
00220
03068
02393
07027
01063
04751
07483
05127
02800
05814
04184
06493
06260
01972
06280
04338
00720
02680
06091
03358
07152
04529
05818
05528
03797
06960
02793
01333
06177
03690
00203
01564
01762
05084
00562
06021
04234
07081
06657
00400
06407
04943
01360
02803
02307
05032
01660
07451
00890
06492
01096
04770
06211
01140
03940
02961
00462
05113
04856
03389
03768
02507
00413
06702
01006
00062
04728
03213
07163
01390
04276
05243
01279
03315
02267
02302
04575
01919
02144
03286
04643
01477
04780
02222
03409
02532
01332
01311
00307
01872
04579
06142
00230
00578
05529
07461
03010
06373
01856
04078
01761
00673
01670
01708
05406
02006
01244
06516
03324
02846
00298
03913
