03840
00961
03725
03572
01857
03525
00038
06859
03606
04140
04263
06373
02271
02523
03233
07023
02482
07526
03589
00536
07560
07487
05317
05693
00281
02049
02328
07591
04558
00322
02269
03612
06148
02649
02186
03326
05694
05412
00380
01308
03857
03762
07475
06739
07119
01141
02597
06832
02449
06384
04920
01865
01727
01976
07263
03561
06914
01077
05306
04094
02986
04900
05618
03134
01670
03579
02016
03462
05064
03873
00183
00752
06498
01744
05237
02727
00599
02521
05211
01773
02448
07575
00225
01893
01286
00389
01609
01850
01176
03030
06184
03373
03954
07043
01567
00355
05550
04992
03451
04799
03376
01687
03132
02647
00882
00626
06509
04557
02013
01300
03992
04303
06334
02184
00338
07536
01833
06765
03933
05793
02347
02646
06846
07231
02148
04582
03924
04826
01167
01696
01351
07673
05667
02882
05666
02327
05092
05976
03526
06870
07179
01557
03811
02753
05963
00333
04245
03102
04112
05897
05165
01514
07690
01051
05388
03299
00847
00590
07025
03793
01366
07403
03827
02280
02243
06071
07765
04566
05029
06526
00481
04616
07871
04844
07324
04204
05196
07579
05531
01947
01247
06840
07805
06344
07065
01487
01437
04878
07286
05530
01747
00446
02042
00633
02148
05649
03078
05050
03693
04108
01452
03336
04738
04113
03011
02702
07223
04748
06893
05470
04096
06447
05406
03606
06379
01192
00445
05472
07167
07437
07843
01214
07261
00089
00012
01182
04050
06574
01970
07385
03871
05891
05222
05334
07704
03076
01458
06678
03785
00336
00869
06190
00276
06819
00225
03012
04573
04958
04778
00703
02444
02865
01569
06055
02743
01987
06652
06906
07592
02465
06433
04142
01330
01485
07854
03495
01345
01309
06640
04548
06913
04965
00685
00770
00023
06638
07888
04370
06298
02233
03503
00572
00264
01384
07539
07204
02170
03380
00593
04709
04704
03457
03126
03817
01610
06938
01201
00537
00263
07141
00576
06509
05347
04739
06400
00136
05432
05260
02851
00590
07002
05150
04149
01483
05977
00524
03211
03066
04189
06236
07543
00906
04268
01094
02808
07621
01364
04368
00155
04390
03567
02350
00760
05777
01371
07345
00362
00370
00648
05053
00474
07534
02314
04121
06747
06532
00945
02304
02372
00424
04308
07402
07503
04347
04013
00968
05277
07474
01862
05313
05647
01024
07585
07550
02767
02394
02666
02536
02205
02262
06835
04181
00197
03938
07653
07329
07226
04595
00646
07072
05970
00494
02547
04463
01648
02142
03638
05183
01136
00453
01523
06997
07341
01761
00096
04299
05629
07599
06787
03164
04882
07422
05412
05124
02928
07237
07451
04491
00757
01868
04905
01205
07640
02909
00303
07750
04475
06773
00233
07372
05096
01185
01868
01142
07626
04742
06246
01183
01938
03853
04815
04408
01524
03480
00285
05919
04424
00895
07193
01795
04049
05866
00881
05405
05236
00513
05643
03684
01060
07842
03348
01793
01951
06558
07251
01133
01230
05179
05369
02017
02249
06890
00384
03521
06753
05906
03632
05245
04631
02349
05042
04692
00597
05635
02265
00490
05029
05884
01995
03385
02318
03106
07604
01924
05788
03773
02403
04197
01956
02760
03262
04469
02640
05249
01664
04027
04097
00957
02810
02970
02814
03322
06154
07727
07698
05109
05984
07395
07155
06536
04268
06177
01238
00417
02641
05092
03343
06757
00856
06584
06180
00545
05904
06460
01302
07007
04666
06505
06257
04557
07755
03578
05810
02298
01029
00368
06051
07294
01995
05167
01422
00181
06432
03679
07419
05911
00023
06101
01752
05635
03986
02107
00520
01954
02533
01468
07579
02327
00199
05296
02900
07438
06390
05381
05201
04282
02232
00510
05037
01128
05154
04361
07790
00174
03573
07619
06169
05040
02573
00179
05719
02690
05222
01978
04121
00307
01211
03435
05359
05610
00573
03620
01743
07572
07496
03347
02176
04945
04822
00458
03128
01984
05880
06634
06479
05479
01143
03627
01922
06844
00568
03547
03455
04891
07691
03556
05857
04895
02651
07156
00758
07567
06118
04904
05386
03966
04433
02473
04368
07268
04095
04603
06975
02058
04215
04207
06721
00001
03996
00785
02947
05842
00208
01995
02426
05277
04969
01158
03348
07372
06841
01027
03293
04890
01350
07673
01488
06654
05573
01261
01043
07826
02123
00450
03882
01866
05941
07841
03136
00503
05490
05282
07503
06340
03953
02929
04767
06632
06869
02015
05153
02356
06264
00180
04558
05996
05323
02346
04253
00026
02332
07445
00363
03664
05571
04479
04746
07052
05531
03003
01541
07381
04585
05753
01311
05852
02270
03624
04802
04425
02738
07185
05217
04604
04974
04623
03002
02816
06731
06265
01602
00536
05913
02232
04426
01357
04410
01854
00995
06664
06149
02716
01706
05084
01427
00391
04822
06284
06269
03756
03347
01299
00340
00669
04548
03073
03617
04421
07225
00615
07301
00755
02111
03482
06913
07778
06770
04329
00988
07426
03788
06357
01598
02894
02864
01572
03142
04976
02686
04978
06844
02185
07559
07366
03192
04306
06208
05165
07254
03616
02711
06896
07246
00167
01319
06361
04464
01431
04882
07197
04430
05728
00166
07693
06528
01805
07899
04935
07037
04095
02723
05619
05020
05464
04060
00007
03340
06330
04964
01133
05140
06418
01560
00396
07276
05487
00523
02305
06814
07364
04393
03856
07119
01411
00300
05807
04837
03971
06659
04511
02032
05565
02814
04171
07708
04799
01567
05774
06458
02278
05766
00973
06789
01258
06365
01249
06909
04684
06130
00679
04527
00427
02801
00827
05515
01028
00866
07222
01757
01309
04413
07536
07644
04550
03554
05398
06586
06248
07292
00546
06942
04369
04234
06213
05659
03916
01784
03922
07429
03841
00496
07033
06970
03082
01413
05669
02111
05507
00850
00835
03098
01896
01831
07305
05848
07489
01712
00628
06224
00710
03863
02891
07462
03220
04825
02788
05967
04780
02350
04236
00406
03492
00035
00391
07088
05512
06612
05798
06205
00116
04565
03278
01239
00363
00310
00982
04240
04051
04804
00857
03027
07788
02936
00533
06216
07579
04999
04480
04717
03707
01804
05665
05218
07514
03797
06315
00501
06653
02280
02551
04147
06530
02242
02388
07851
05946
03271
06948
01036
01128
01825
04333
01283
03329
07704
05765
02803
07854
07171
01884
03476
07379
05072
04401
07220
01994
01622
07288
04933
02921
03148
01927
02325
02925
06799
07479
03523
02141
01288
01502
05317
01675
06396
00847
05839
01702
05637
02331
01632
06816
04565
00267
05802
06502
03404
02855
02224
01190
03171
01121
05679
06945
05264
00331
06961
04039
06872
04568
00254
02568
03671
01317
05450
05153
07716
01185
02609
00076
04312
03449
01293
07585
05699
01750
01957
04511
03490
01943
00827
04275
06131
00560
07052
02087
07720
02214
04737
07246
07870
02714
00106
00004
02342
02872
06672
00326
03837
06589
01419
07280
06794
05090
04104
00639
04226
04094
05546
07254
00688
00218
07800
07276
05831
06983
06800
03145
01411
03832
03664
04755
04956
00167
06465
06551
02095
04671
03993
05249
07836
02561
07502
04801
05337
02267
07725
05016
02048
01113
04337
00047
03280
05271
07559
02782
05454
05256
04575
01426
04419
03126
00507
01069
06455
02014
03628
00895
04844
02707
06463
00811
02001
07875
03093
05235
03443
06126
02202
00785
00649
00764
07333
04198
00840
02582
00981
06317
03401
06837
01413
06098
01219
00471
01732
07777
04155
05034
00791
00295
03779
03731
05597
07320
00395
05020
06710
00306
06938
04487
07229
07557
04188
07243
06155
03352
00490
03848
01721
07161
03892
04383
07557
04469
06571
02684
02609
06943
06767
04581
05798
02051
07794
05764
02236
02407
07799
01792
05171
03502
04971
01345
05281
00021
00618
03066
06964
03655
05148
03348
00875
04205
01882
07154
06864
05799
05531
07048
05922
03482
03543
06037
00217
04315
03663
05253
05046
00497
03304
03903
03033
06927
01867
01612
07767
01009
07018
07653
03337
02305
07429
06839
02919
06697
03959
06774
03482
00981
04343
06515
03781
03695
07792
00059
01111
06028
06621
07194
07509
04361
05879
01309
01840
05062
02337
00992
00313
05800
02993
03596
04845
05845
01584
05152
02282
05415
05865
03991
00467
04805
03911
03466
03068
05670
03902
01704
05641
06140
02463
01420
04817
00800
00576
06690
03988
04898
02276
00927
05265
01899
01391
01686
04678
02355
02147
01456
03371
05641
02925
02224
04430
03253
05035
07028
02058
04862
06924
00982
04555
00829
06599
00326
03876
01034
03182
05065
07836
07122
00954
06858
05399
07642
02131
05229
02978
05207
00657
04918
00214
05699
05577
04099
00565
06008
05440
00634
01835
04476
00907
01006
03020
00630
04704
06101
03192
06835
06037
01788
06333
05396
00977
00511
05829
05944
01525
00391
06603
03078
03145
05042
00499
06871
03849
06131
05106
04110
01916
07627
01436
04584
06530
05056
07650
00167
01490
06848
06408
02622
04162
01593
01879
03960
03123
03853
03365
05362
00970
05018
06769
03454
01813
00253
05103
06239
06024
00407
02218
04067
03952
01536
03132
00997
06854
02331
00939
01408
07437
01963
01720
07484
07252
05970
06898
02984
05571
05525
03258
04308
00261
04228
04118
05041
03644
07150
04657
03235
03631
00244
07720
03772
05076
00467
07343
07216
01310
02497
06528
05313
07120
04055
00541
05180
03468
02781
05117
02373
06017
07722
03652
01573
02075
04498
07752
00458
02174
02566
02473
02913
04597
04451
05446
05259
05300
04283
06842
03237
02819
05593
03568
02655
01809
01964
01702
01163
00114
03919
03494
00784
04184
03580
01728
07642
05908
05416
01652
04641
03251
02288
00268
02255
04639
01598
04310
01934
00953
06001
05132
06243
02084
07886
06905
04328
02055
03968
00999
01917
03141
00105
05227
07312
06270
01912
03149
02790
07399
05850
04618
01878
01847
05492
02341
07881
02056
00630
02793
05584
06033
07168
00517
06847
07310
03462
03317
07754
00814
03773
00325
01042
02446
04157
00316
02889
05026
04254
05691
06459
07753
05732
02786
04502
02958
01679
05312
02129
06177
00783
05982
06357
02401
02745
07313
05516
06876
03827
04173
06544
03154
07699
04951
01089
02812
03632
00779
06199
04340
03560
07043
06511
03897
03930
04211
07575
05348
01432
05253
02777
03254
00809
02147
05189
02378
01454
07025
07348
07203
03970
06613
07474
01827
07405
05429
06535
00164
04761
07330
03462
05544
06200
01524
03658
01592
03411
04699
07723
02849
01280
07237
07009
00786
03640
04010
05724
02794
06910
05876
03593
00531
06879
04761
07716
07657
03091
04119
04275
00633
01674
06935
05378
05674
01778
05930
04793
02321
07661
04480
03909
00741
03862
06767
07210
07833
02107
01924
04755
01939
00486
07566
00203
04111
04415
07332
04135
06928
06662
05466
02042
06747
03314
03692
06380
04858
03421
03197
01076
06176
06583
01342
01161
05352
05918
04283
03596
07684
02668
02613
03349
07819
00641
01359
04595
06327
03792
07639
06233
01180
07521
05505
03996
03756
07220
02417
06071
05848
07365
07042
00463
00551
04948
03011
05091
04922
00081
02514
05791
04703
02474
03513
04589
00608
07364
02760
03301
06156
07470
07158
06060
06666
03228
01480
01904
02090
04594
01864
01955
02044
04255
02915
05721
07152
03897
01117
06507
05635
05682
00115
01526
05401
02444
00215
07361
04904
00326
07880
03141
02002
02103
04461
03287
00968
03752
06471
01015
02969
03202
04891
05796
01054
03478
04987
00315
05171
05175
06045
01390
06795
03710
06946
01302
02590
04343
04732
05492
04637
00071
03227
07270
07608
06534
02219
03874
00963
03661
01355
00437
06234
07410
02671
03790
03142
04631
02403
07120
05689
01076
06699
04734
00283
04540
04111
01595
04243
07304
03952
00747
06337
07000
01790
01453
00602
04462
07050
01865
00215
05021
06151
00425
04516
03312
02608
07345
01416
01709
02601
03137
02229
04705
04939
01069
00177
06964
01687
06452
06240
07101
05911
03372
01182
00436
04248
06329
06830
04313
00144
01976
01044
00342
04868
00500
04900
01805
06474
02394
04112
02580
02568
05610
02396
02974
01704
07454
02806
00147
01829
07022
04988
07731
04561
06997
07371
05091
00277
07727
07541
01453
07450
01500
00947
02212
06592
01830
07209
05641
03608
05939
04454
05133
06804
07303
05818
03207
05456
01821
02551
00964
05097
00720
00156
00246
04761
06380
03487
02426
03578
03319
06193
07484
02215
05216
04474
03498
06305
06454
04948
04820
06303
02506
00318
00611
05666
03123
02918
07207
01145
05534
01502
00088
04224
00991
02843
07070
04208
06375
00216
00197
00593
00424
07006
05576
04001
07519
03262
02764
01050
04861
02061
03622
01443
06570
03921
03667
04529
01263
00884
02168
02700
03466
07440
07598
05297
05587
05214
03842
03986
06417
02209
07035
07120
06592
06804
07314
06046
00487
03448
07879
03692
00963
06831
00982
03520
03831
05565
06900
04377
03294
06437
07329
02956
07443
03142
04274
05732
00008
06860
02488
07655
04051
07614
05444
04887
02096
04497
03158
01359
05631
03194
01078
07209
04671
03279
07346
00206
00782
01347
01730
04558
07105
04077
00113
01091
03671
07646
06445
02609
07305
01682
03911
07574
00631
06234
04456
05828
03911
05932
03444
00112
01184
07822
05558
00935
04570
02280
05072
07316
03345
07696
00638
01417
03668
03735
00833
02491
00129
04154
07747
05313
07146
01808
04262
03156
04134
02615
00856
05297
03823
06871
03664
02496
01360
02118
05042
04538
02988
00026
03570
04423
02290
03446
04287
05085
06434
01015
02322
07457
00277
03388
01778
05315
06893
04109
07142
03289
05841
02264
06384
07549
00261
05066
03730
05452
02617
01524
02374
02784
05576
00527
04262
00495
03147
00010
05742
00974
05352
06723
04718
02764
02691
07078
04296
04619
07636
01773
05420
07509
02235
02877
03083
07373
00840
00142
03869
03297
05834
05198
02071
03703
07027
01688
04269
03056
04542
06537
07486
01357
03146
02888
05786
03254
07179
07266
07145
02410
01748
02617
01526
00940
00684
01170
04129
04495
01177
06874
02155
07481
00290
07442
00660
05538
05345
02879
04492
00761
04398
04545
03491
05093
00627
00633
01702
06665
02146
03182
05656
07698
04644
07556
07393
02973
07368
07659
01531
05733
03520
06999
01206
07784
01760
02618
03798
02090
04469
02952
07117
03488
06908
01376
04862
05114
04136
01883
06454
03218
00998
06536
05305
06285
07457
06667
03633
04377
02647
06892
05280
04619
01740
04033
05796
05108
00153
05984
03424
01438
06900
03711
04681
05159
00902
05152
07654
05696
00877
04565
04718
06093
06509
05190
07037
01947
00475
02498
04990
01536
01494
02741
04984
07015
05318
01995
03807
07391
00786
01043
02794
01334
05405
01010
00056
01022
01358
05455
07220
07428
02605
02553
01401
00466
05470
03091
06391
01318
05333
01680
05920
01066
03732
07026
02200
03559
06814
02250
07308
06226
05740
04330
02381
06398
05406
05004
07141
06551
02050
03911
07195
01137
01085
04455
03605
01288
03789
05726
06791
07688
06180
02194
02731
06126
00456
02715
07807
06006
02127
01129
03875
04557
00045
02487
05940
01982
02932
07455
07262
05564
05140
07106
00847
03447
04633
05540
05509
02976
01090
04857
02302
04824
01252
03171
06682
07542
01732
06452
02318
06588
00818
01780
02576
06207
01307
05813
05368
02615
01050
06967
01106
05626
05299
04087
00481
00599
06236
07255
06372
02234
05754
00611
02136
00291
02592
02452
05127
01184
00079
00013
05432
05170
07151
04161
06007
07326
05553
02648
06360
02640
01774
03809
05288
07693
04427
07117
00528
00159
04111
07701
00807
07702
01251
05056
02815
05272
04313
00996
05344
04152
06414
01535
03937
05983
01101
07129
06004
05668
00643
06652
06212
03442
07685
04421
06270
01201
07677
06758
06617
03622
07130
03970
06171
01176
00439
02132
02326
01839
07595
05780
02951
03364
07039
02720
07490
02103
04581
05667
03983
00122
03966
06796
07473
01111
02102
05306
06046
04758
03375
06933
05283
00221
06844
01161
01030
05095
05633
05670
03186
00952
01257
00163
04234
02802
04055
07381
01411
01551
04483
03024
01659
04179
04024
02358
04603
02357
06991
06416
04441
05759
06439
01206
04379
00026
02418
05558
01333
07036
06293
06568
07165
04664
07088
00470
06550
01176
02291
07886
05430
03634
01498
06091
05666
01073
04255
06885
00356
01916
04933
00972
01131
03029
06683
03224
04452
02292
07012
02670
01428
02031
04883
03189
06935
04930
01744
06108
03283
02916
07722
05868
04929
00172
04547
06210
07382
07774
05165
00745
06142
03770
04043
00554
04308
03568
07157
03517
03210
02259
02485
00549
00315
06615
00512
00037
07802
04182
02096
03358
07829
03206
02012
06213
01920
06909
07721
06413
02368
04607
01092
05814
07013
02105
05379
01253
02832
00875
02037
07220
01114
03139
07734
03618
05354
06058
00630
04648
04884
02236
06401
00775
03452
02348
01529
01078
02662
04254
00913
00389
02701
02376
05840
03096
07200
04060
07654
02786
03271
07252
05985
02049
07391
06409
03610
06270
01760
00542
02307
01594
05209
03073
06235
04832
03188
04996
02750
05240
00631
05010
02343
03873
06131
07649
00255
01019
06915
00311
02407
07220
06729
04241
00438
06260
00841
01396
06967
01980
06151
07404
05682
04883
02312
07644
03173
01469
00841
07235
03177
02349
01768
01841
05211
07238
01427
03165
04550
03967
07227
00211
02459
04400
07169
05531
05285
05349
04613
00264
03287
02289
03925
07272
03719
02343
07557
02025
01556
07229
01486
02129
07344
07851
04632
03171
03784
05032
01753
04093
03230
05204
06451
06735
01526
02305
07469
00386
05329
03288
04107
07090
04742
05152
06308
06146
05318
00215
00461
00577
01044
04860
07329
04822
07746
01180
01027
03057
01415
04134
01625
03009
01833
03371
03983
05875
05783
00600
00604
00573
00261
04005
05613
00849
06337
01810
01014
06833
01003
07125
06724
03443
06644
03799
03004
01085
00147
01390
06642
04118
03423
03100
07303
07585
02437
07762
00484
05264
00371
01100
05349
04494
00095
02696
03289
02481
01328
03066
06776
01642
04419
07674
01524
07171
02213
01862
04832
06439
06363
04155
00613
00030
06650
03536
01606
00488
02257
01150
03498
01284
01758
04110
03685
05495
04967
01237
04683
02819
04271
02445
06871
04605
05976
04750
04787
00773
06282
00836
04930
03208
06074
03845
04643
00114
03469
02439
06928
05904
03922
05879
06783
05437
03655
03005
05816
01341
05507
07724
07274
03357
07061
01206
06905
01430
05028
07001
03481
07006
06696
00162
03912
07012
02516
03487
07848
01805
03347
02787
04611
01151
07342
07749
07745
00135
06559
03242
02270
05303
02964
01865
04918
03617
03683
04786
02499
07020
07718
04152
03860
00377
02219
06071
05551
00231
00150
03088
06512
04163
00466
05204
07829
03078
06298
03929
07300
04096
02386
01057
07775
02279
07559
06892
06384
07607
05368
07049
04016
00280
02546
05857
06495
02786
02779
02072
04395
00800
01599
02506
01112
01809
06531
04781
03676
02616
04235
06401
07395
07870
00051
01561
02351
00267
05295
06938
06911
00689
03961
00202
01730
06930
00304
04261
02519
03542
00611
02928
03260
01160
06531
01528
01660
06097
01937
03771
03253
05843
01164
04602
02878
06217
06147
03254
06510
01172
02528
00525
06296
01685
07526
00349
03836
00414
02437
05045
01386
04655
02624
02892
06113
01743
03046
02481
01162
01329
01401
03721
03644
01257
07565
06929
02618
02255
02342
00237
05212
04826
07622
03170
07822
06374
07530
02731
00161
05176
04175
07875
00844
06068
06069
04483
03220
07641
05572
04279
04689
07197
07419
05468
00345
05975
01918
04880
02406
06838
02983
03306
03213
06264
06293
06401
03349
02457
06366
01060
05683
03999
02036
01941
02204
03546
00771
04722
04664
03317
04149
01933
04022
01155
04135
00480
00612
00529
00127
01453
02087
06621
06959
04584
02984
01700
01386
03443
03394
04088
04038
05755
07804
07388
06495
03797
00386
02567
01678
05548
02104
03816
03730
06043
02855
01393
00932
05663
00357
07782
06205
03438
03948
05416
05002
00539
01539
07436
05063
01858
05136
01994
00850
01649
05470
04123
07732
05592
06515
07374
03265
00558
04502
00410
04577
01725
05376
03826
03946
00624
07360
03268
04922
05929
04989
07712
06587
03933
05684
00465
05354
04167
07308
01188
02653
07521
07339
04528
02799
01099
01782
00315
07658
03616
01128
07155
02412
00499
07047
07531
00635
02121
04329
05013
01508
00036
07123
07087
06843
03663
05816
01586
06674
03015
04397
06939
02595
02828
05184
03470
05452
04185
00859
04954
06314
02489
03383
06955
06766
02965
00079
06806
04673
01594
03671
07758
01670
04417
00381
05820
04654
01396
03751
02037
07207
03616
05207
06488
03986
05781
01149
05651
07868
07729
00239
00324
04664
07657
06115
00537
04091
07155
01833
04585
04373
00276
06624
01862
02112
07406
02612
06836
00155
01861
02157
06936
05697
03456
01967
06538
00792
07657
02446
07885
04965
03249
00514
05736
03366
02445
02040
02222
00160
03609
00183
05208
01854
06175
06690
01443
00262
05949
04031
02197
06047
02117
02398
04424
01573
05157
03292
06490
07273
06103
06599
04293
00213
06995
02486
00934
05777
02237
00562
02414
07331
03275
02809
02953
02305
06254
01082
00259
06825
00765
01866
04082
03633
03573
07602
07877
07505
02521
02959
05514
03747
02444
06475
03898
03999
02561
04121
03127
05628
05940
07841
03285
02518
00841
03322
01234
01086
05073
04968
03923
03263
03181
04002
03207
01583
02116
04429
06238
02123
06459
01567
01732
07416
05071
07680
02750
07471
07746
07875
07894
04916
06302
04421
06326
05588
04495
03110
03842
00980
02074
07689
02711
05870
00327
07278
03237
03922
03112
02415
00285
01750
00818
05633
01532
00260
05677
04421
06179
04361
02282
06223
04911
02217
07084
04493
02938
02296
00057
04246
07377
02532
01830
06655
06898
07673
04974
03867
07382
01641
02601
01667
07024
07094
05200
03403
07192
00625
03078
05233
03578
06910
00688
07053
02931
06026
07114
05187
06965
05349
01231
01753
03940
07786
01395
01138
01950
01224
00542
06872
06953
02986
01280
05287
00160
02815
06347
00052
04750
06717
04945
06449
06995
05184
05910
05770
06952
00012
01103
01573
01131
00428
00857
05303
02094
00057
00821
00544
00777
04567
07422
00362
06983
07310
04353
01641
04285
03953
01601
05061
05157
05752
04854
04558
04865
02449
01143
04101
07717
04391
06656
00413
05484
03710
00268
05917
02679
06206
04447
02240
05004
01242
04732
04251
07362
04876
00999
05163
06518
00069
03721
07776
00901
00276
02446
00758
05269
07724
05319
05331
01327
05030
03332
07765
03611
04464
00722
02746
00680
00756
01038
01910
03051
00082
00263
03486
02289
06998
05646
03799
03244
03545
06611
00889
02455
04263
05973
04910
00104
03697
01826
07775
04451
05558
06500
04374
03485
02152
01136
05403
07376
01941
00946
06953
05625
06921
02203
00912
06444
04385
02807
00478
04491
02679
03322
05999
03034
00041
04738
07034
06983
04124
02928
07225
03910
03443
07848
05752
03594
02792
03170
06523
02459
00863
06377
04235
02483
00669
04640
07675
01627
06296
00174
06856
05503
01838
07408
07862
05498
00471
03869
02442
01525
00742
06285
01762
00415
07128
00334
05099
07746
05223
03745
01091
00521
04530
04494
07162
05885
05937
05358
04967
06795
00933
04970
01497
02856
07198
02156
04259
05156
06621
06459
06234
02349
02497
00157
04357
05679
07682
05049
05991
01521
00757
00099
03474
00935
01855
03031
01699
07651
03069
00865
02471
03595
07377
05036
05293
04413
02632
04718
01101
02047
01607
03564
06817
02006
00963
04912
00659
06213
07300
05755
05112
04986
05307
06810
01680
04704
00014
00792
05198
04877
00997
01689
04023
04876
05495
06291
05879
06947
04410
02822
00653
05799
00876
03423
02533
03233
03307
03330
03471
06781
05388
04904
02382
04054
07139
07292
07190
05616
04643
03850
06591
00562
06686
06274
06532
07460
02776
05836
01181
06866
04538
02484
02197
01812
07421
03453
01232
02882
04297
03899
01949
01159
04940
05973
03692
05617
01471
02274
07227
00967
04129
06093
07378
05923
02350
04104
06097
07837
02728
02798
02550
07374
03630
07496
02776
04699
00561
05349
03924
06068
06173
06703
01714
00852
05984
07722
02696
06815
02710
04665
02935
06182
05393
07580
03283
05476
06979
00511
01666
03754
02662
04954
05989
02495
06472
02262
02352
05958
06522
02560
06903
03916
02079
01722
00005
03850
00693
03778
04488
00239
02512
02868
06239
02104
05726
05147
00558
04925
06260
03504
00112
03660
00699
07891
06928
02808
02531
06722
02209
04076
04133
01082
06582
01095
00640
02848
02467
06612
02951
06053
04646
01750
01233
03850
06939
06689
05042
03131
01607
05386
04421
04801
05875
02010
01499
07558
06657
04678
01947
04216
05775
02782
05013
04605
06061
03055
06078
03830
04687
01471
06490
00265
07208
03860
07833
07281
03309
00254
06762
00232
00497
06886
03786
03779
03181
02152
00558
05046
02185
00961
00121
05580
03831
04842
05532
04456
07653
06840
05995
02590
07233
02421
02125
02395
04027
00901
02693
03883
06831
01058
04653
02393
07102
01518
02367
07818
04901
04962
02839
02312
04308
00525
00835
03042
06597
07723
04551
00025
03023
02660
02414
04549
04522
06093
03621
05877
05799
04020
06011
05674
06777
06005
05689
01919
04128
02822
05245
01511
00940
02609
00278
00036
05490
01405
05479
03047
02783
04461
01657
07136
03882
07793
01315
05531
04233
07635
04249
02835
05808
06631
02529
01841
05614
01852
06439
07481
07772
07401
01631
06880
06056
00324
07209
04105
00607
02254
00548
03233
07148
01385
04808
00222
03901
00780
05822
03193
00635
01199
00226
05816
04314
04540
06494
02515
07430
05425
04310
05584
03959
06685
05008
00802
04144
02743
04306
02755
07847
05036
00034
02833
00457
02474
05621
00311
06884
06213
06316
07613
06279
01834
02148
02449
02205
04380
07478
02410
06074
06450
05815
00627
05059
06024
06722
01494
06797
03610
00825
00679
04398
07555
03321
06627
05244
04568
05699
05206
04094
04931
05087
02353
04945
04471
06595
00202
04828
06658
03145
01805
06257
06591
03554
05291
04957
03031
04432
05242
01386
07258
01239
03981
03315
07155
03957
05128
02681
05783
07412
04995
06749
06616
03969
02651
03402
00871
06198
05241
02045
00576
01887
05416
04876
04490
05630
01751
06017
07686
02267
04364
04568
02986
04320
03852
05680
00031
00719
06454
05990
00960
02537
05767
00191
03082
05041
03724
02526
04876
03270
07449
01966
07860
01581
03855
03406
00037
04905
03432
04879
05168
05897
06562
05314
00814
02484
01061
05259
06456
04365
00102
06586
04114
02357
03410
04526
00022
04967
02389
04979
01212
05534
04116
01417
04895
07538
07845
03155
02871
02796
00574
03470
04683
03108
03930
06408
05511
00614
06403
02530
02942
02237
02001
00686
01793
01465
05003
02576
05500
03123
02868
06515
03287
01835
06214
05956
04353
01817
04780
04828
01869
07590
05392
01836
03413
03546
00886
02871
07424
06611
05798
03167
04597
04498
04693
02212
05366
06617
00411
06962
00203
01581
00899
04854
02107
04845
02232
00652
01553
03028
06703
04028
05017
00157
05814
06160
00979
06549
07444
03662
03325
04867
06172
02195
05132
07544
07040
06812
04616
00344
04105
00400
00524
02142
00477
05267
03338
06539
06450
02017
03101
02495
06606
07704
04777
07653
06901
04693
05904
02560
07458
03994
03634
01101
03526
04958
03748
00735
00220
02412
06591
05231
07690
05214
07767
03948
02061
00234
02867
00790
01467
02211
03255
00816
04573
01019
00865
06328
06429
03564
00966
03436
05870
05874
06456
02842
05987
05096
06281
04899
05663
04959
05123
07722
04661
07324
07736
01217
03501
03936
07122
03506
07619
04546
05084
07696
06380
00602
03935
04460
02029
03610
04079
04471
07307
00222
07166
00165
04853
04181
05691
05717
04187
01418
01285
06524
03923
02605
01483
03244
02240
05632
07700
01695
00423
07386
03148
06688
00091
07639
04841
01697
07485
01593
04116
01019
03752
03115
05584
02468
04512
07337
06622
04120
00794
03931
06752
03322
04824
03259
05547
02173
04233
03582
07580
00888
05023
06243
06010
04999
07811
02901
01782
00237
02722
04610
06173
02146
07011
04080
03303
07461
03317
03099
03945
04964
02594
04274
00240
04536
04454
00764
05418
06552
01490
07143
07666
06325
07182
04753
00591
07425
01882
04785
06826
03942
07672
07569
02114
04914
05339
06250
06382
05332
03719
03097
06205
01037
01037
01966
01382
05005
07032
01334
00758
02842
04778
05855
06358
02748
07793
01051
04691
03418
06845
07061
02790
05164
00814
04606
03166
07198
05432
04152
06409
04150
05915
05005
00194
02279
07354
07687
06648
04302
02224
00263
02911
06409
04513
00561
07793
03307
04295
00007
04050
03734
06648
02505
05769
07849
00153
06141
05578
05890
06365
01951
05484
02471
05161
00353
02992
05866
05516
02898
06165
00131
00858
02017
00955
02039
07450
05413
03730
07238
02297
01911
02340
03085
01891
02720
03039
01783
04780
01793
00754
03935
06656
03989
05656
07835
07028
06295
06678
03607
07821
03170
01934
01503
01255
03970
02184
00459
02619
06375
05498
05787
07286
05948
06984
05456
00847
01662
01561
01902
00896
05108
03230
02855
05412
05225
02780
05529
01052
04048
02610
00356
07112
01555
06145
00139
04807
01243
02711
03245
05059
00980
05131
01708
03151
03090
03515
01010
03570
01492
05146
01015
07284
06641
04629
02944
02057
05368
05200
00834
01610
05997
04958
01595
03097
05878
06341
07270
03685
03420
00068
05805
02982
02716
03431
04865
03587
03577
03005
05663
04453
05829
04482
00546
04605
07795
00876
00964
07007
03112
01437
06581
05682
01748
00999
03179
06308
01458
03466
00094
05178
06325
01951
01304
06556
00149
05653
01907
04359
04305
01038
06735
00952
01289
07365
02099
05667
03467
06467
06365
05406
00269
03041
03499
05107
06218
02072
00484
06380
02924
00032
07673
00213
01389
06815
06152
07065
05082
03230
00842
05614
04710
04806
02038
00948
01225
00900
06885
04677
06054
07814
02538
00910
04738
00971
06820
01570
01518
03603
01846
06055
03631
07864
06027
00342
01158
00421
05323
05977
02252
04956
00174
06037
01116
00280
05180
05507
06645
05198
01677
07339
06358
00337
05704
00855
02003
02076
00023
02970
01510
01570
04090
02636
06388
07853
00785
05947
02747
07237
05184
00844
02701
06925
07466
04916
01755
01537
04110
06315
05635
01743
00967
01954
04516
05187
00689
01297
00333
06706
06445
03892
07325
03650
00886
00507
05082
04399
00023
06345
01043
05687
06155
06562
01749
06029
03103
06586
04682
06437
05318
07790
01514
07611
00658
04522
00460
07714
03931
05288
02175
00275
05266
03587
01486
03066
05672
03884
03161
01207
02045
01095
00000
03791
00824
05871
00182
06330
05713
01191
05095
07807
00746
05510
02479
06667
03767
01458
04166
06907
06316
04704
01857
00558
01277
00272
01023
02644
06583
06903
04830
06676
00578
00839
03624
06472
07667
02192
02111
02034
02959
05240
05040
06845
02541
03229
00612
02682
01989
01806
07329
00505
04810
01918
02280
00324
01056
03130
01906
07234
04099
00496
04424
06990
01963
04777
03060
04951
04541
03819
06809
03668
01802
06201
03243
00897
06415
03069
06944
06660
05693
07815
04423
05847
07660
06100
06504
02375
05780
04830
03237
03145
05468
06315
00972
03350
06459
07210
07628
04840
04600
01861
01050
01249
05089
03561
01118
06240
01160
07536
00996
06834
06079
00209
03947
00704
06939
00159
07691
04162
03372
01459
06822
00977
03974
06940
06925
06050
04495
07345
03684
02507
07234
03814
01670
01431
07154
06165
02698
05718
04509
00608
02535
03039
03451
05719
02988
06577
02721
03755
00292
06645
03690
00450
00526
06978
05894
02772
02131
06868
07191
04559
06844
01799
04522
02747
00868
02472
00634
03620
05043
03534
04956
01016
07338
02299
04208
01622
02444
00934
01439
07313
03484
03401
00178
03995
03085
01563
03739
07769
06375
04036
01975
06112
06652
04974
01016
01062
00304
03792
00188
07647
06377
07858
04923
00619
00836
01563
06011
00281
06297
00687
00786
00935
01045
01861
02166
02145
04731
04474
03200
03028
01296
07408
02494
02279
04380
07314
06040
04420
04054
00745
04434
00057
07544
03964
01593
00807
04613
07697
04015
04185
06144
00315
01025
00950
04194
02049
03396
05548
01828
00769
01219
02889
06602
02486
06165
04404
04584
07459
06767
02202
07684
05985
00493
06323
03596
06469
04714
06023
02230
01363
04857
00909
05193
03055
02972
06287
01264
01553
03644
07809
01479
06872
05960
04004
00594
05341
02391
02968
06051
02679
02599
01018
06427
06739
04508
04444
06312
05180
07050
03663
06606
06065
07585
04262
00860
01651
02671
01880
07478
00442
05836
03516
03538
05473
05905
03314
00876
00114
04917
05319
03695
02796
04650
07157
07277
05039
00556
00909
03326
03835
04646
02854
04730
01441
04130
04947
02717
00879
02334
04519
05677
06827
07166
06760
01043
07386
03619
07693
01403
06088
03615
06388
07638
07368
00663
03944
02989
05546
03385
03265
02649
03976
00164
05366
01477
06001
02973
03133
02312
06263
06302
03614
00832
03701
05110
01990
01456
00196
04523
03914
03339
01747
02544
06295
01089
07293
02586
02425
00340
04487
05859
02729
03900
07440
06870
02738
03839
02916
03250
03719
02985
04330
04381
06667
06183
04378
03453
05953
00171
01219
03124
06118
00112
02823
05157
01498
06433
06267
00283
04914
05353
03190
00713
00557
07540
07607
00075
04234
05689
07783
07853
01658
05447
05749
03641
05244
00735
06132
07495
04669
02537
06915
05386
07351
02039
05456
01706
01242
06036
05128
02846
03529
07476
05872
03628
07784
05041
03148
00463
00342
05746
04088
01829
00246
03012
05012
03957
05327
03135
05550
00416
07508
00987
02403
01981
04615
00292
00339
00830
04486
00875
02258
07860
03024
05626
00744
01455
02062
05176
02433
02298
06266
01207
03785
05266
05438
02738
00051
02321
00690
02540
03109
00903
04707
06679
02557
06445
01192
05810
05019
01806
03291
05938
02286
07799
02558
07591
03086
02459
00892
03747
01252
03912
00638
03959
06226
02574
01962
06827
07285
01273
03815
00561
07215
04901
06749
02774
04155
06606
04316
01141
07185
03306
03880
03632
03232
03385
05878
06097
05818
02984
05050
01115
03326
05354
06362
06638
04261
02603
05092
04129
06427
04358
06153
03342
02706
06734
07688
03392
04166
07565
07073
05666
01215
02105
06007
05887
00076
07729
07082
07126
06893
03549
03227
00891
02338
04786
06426
06881
01196
05825
04361
03853
04997
06030
07479
03156
03826
07165
06752
03660
06085
05864
01257
01280
02807
02600
00108
04098
00033
00131
06781
05406
07154
00799
00743
01013
02974
06502
05854
06060
04746
06378
02759
04395
02055
01135
06439
05754
06453
06863
00246
05856
06561
05697
04995
03295
02873
00587
00600
05956
04136
06859
01962
02248
01297
02230
05944
07488
06200
05757
03618
05017
01427
05032
01042
05307
01489
00624
05816
00189
02061
00711
00113
07731
00619
00847
03882
07368
00207
07329
05322
03751
05357
00458
01191
01108
05330
01797
05055
05971
07021
01251
04099
05890
00516
00675
06649
00733
02574
04705
01638
03636
01633
05870
04178
01728
02773
03734
02644
07710
03031
06503
02815
05729
05388
00798
01707
07047
04146
06129
03331
04364
03877
02120
06539
03027
00420
06517
03317
02301
02595
06878
01864
03524
02697
05788
02717
03481
06687
00583
07036
01930
07656
01777
01599
06835
02568
00789
02830
06860
04688
04758
04301
00689
03652
02321
01623
01687
00807
03407
02709
01979
01264
02799
07212
03199
00870
06961
01081
03464
01283
01204
01785
05843
05218
05166
02581
00814
06255
03978
00840
01456
06168
05695
04968
03247
06845
03764
06183
01198
00230
07624
07342
03770
02577
03385
01753
05348
03935
06692
05434
07010
05327
02883
00033
06686
00086
03423
02429
07736
03819
03193
05421
01214
03007
04297
07157
04587
06041
00123
02211
05893
03300
01834
00111
07284
03613
04398
01511
06264
02360
07454
07797
02547
05432
05599
03795
04121
05039
03508
02212
05650
00197
03986
02089
02374
00448
02616
05203
07863
06988
02313
00192
02387
01105
00214
03345
05899
07306
04616
07070
04761
02602
06390
00466
00391
06390
06440
01379
03563
03673
01736
00546
03936
05348
05974
01272
05525
03707
00479
06648
06076
01778
05898
07564
06260
01969
01396
02335
05905
00570
06178
02386
07191
05168
02885
01416
02598
03545
00902
04229
03545
06073
01356
06982
07101
01354
00327
00830
06158
01992
06519
04628
06506
07202
04298
02893
04809
00789
07527
07490
06820
06753
05384
05823
03589
04794
04859
00604
07048
04420
00989
02220
06402
00606
00372
00289
03675
01625
00039
00679
00678
07060
01236
00028
06368
03686
02877
07001
01973
03548
06156
04782
03749
07589
01998
05269
00307
07540
07731
02145
03669
00092
04785
00834
04239
03940
02919
05662
00589
02854
01673
05847
01028
05638
00781
06791
03652
01648
03960
00637
03557
04438
01366
07318
06220
04664
03121
05844
03842
03851
04774
04020
01944
03389
07587
00478
07082
06239
01950
05402
04718
01369
05361
00746
02516
03998
04859
04542
04569
05613
06637
01362
06992
03187
06911
03938
03001
04756
04063
06024
05965
00982
05624
04792
07171
04407
06010
02388
03754
02672
07280
06960
05348
05985
05903
06560
05771
00077
07733
06541
00154
05880
05926
03822
02611
04704
06529
00091
05660
06371
00230
01577
02000
01489
05177
03038
00289
06649
06046
01132
05368
04993
06274
07537
02597
07616
05559
05261
00736
00458
07845
01843
04457
02243
00934
01083
05761
01508
03608
07257
06385
06957
03709
02696
03448
03588
07100
00917
02765
00177
02399
03690
01035
00309
00664
02732
05290
00672
02782
06049
01736
05349
00704
00061
05744
03972
07329
05759
05034
03916
05605
05919
04760
00476
02080
03947
06757
06884
07633
04694
00852
02641
04333
07431
01848
00389
00534
05062
00507
04618
02754
01888
07198
06822
04717
01618
00052
01600
05600
07060
03363
07382
06780
07302
02212
06482
05771
05979
02897
06248
01346
01576
04298
05614
00024
07725
01206
06687
07655
00054
05296
04077
00925
01607
01602
02446
02358
00450
03785
06823
01381
07461
02819
00644
06505
03757
03991
01616
01078
07732
01223
01089
01533
02600
00039
07667
07041
00897
03605
03650
05392
03945
06117
05587
02026
06216
01301
06380
03184
06175
01619
02884
02830
00353
04459
03101
07139
06953
04727
06170
05646
02059
06396
00553
03574
06650
04623
04038
07086
02071
05266
01914
06936
05659
05090
07006
07249
02548
07550
03820
00154
02722
02806
02701
06301
05634
05994
06462
06918
07373
04285
02904
01901
02102
03594
04738
06327
07765
05834
05737
07201
05055
05840
05328
03520
01543
04439
03515
06370
03928
04358
07495
07690
06506
00122
02608
02720
04643
06724
05997
07076
07822
07082
01981
07501
01990
03372
07419
00286
06477
07056
04517
02085
00401
01440
04035
07628
01173
04712
00126
02058
01334
04568
03268
03657
00912
07735
03290
00270
07208
05346
06216
02063
04771
01456
02414
02033
05668
01179
01437
06831
03239
00105
04662
01682
04830
03909
04939
06915
02694
05572
00643
04695
02279
00797
06639
06506
06651
05493
02498
04575
05188
06907
03427
06648
03385
07296
05771
07589
04066
01254
04774
00176
01891
02477
05583
00333
06512
03803
01328
02167
06086
04569
05853
03975
07652
02927
01512
01027
00005
01747
01542
02236
04829
04008
06032
05034
05975
04078
02560
02726
05445
06698
03105
03015
00056
02311
01014
00336
06732
05127
03695
02645
04100
05197
01253
03917
05287
03217
03540
04101
01370
01655
01368
02663
00910
00636
03069
01942
03478
00261
05693
07150
02282
03654
02163
05576
07383
03265
02933
03733
03939
02716
01699
04556
02165
07373
06239
03057
04210
04372
06910
03003
04863
05935
03457
05334
04831
01403
03961
05616
00729
01735
02501
05811
06179
00682
04373
06965
01307
06693
04153
01306
03187
04731
01124
04954
04992
05082
06123
07407
06483
00714
01238
02806
01095
01180
04433
05416
02936
07810
07885
06083
05145
06179
06185
07043
00466
04943
01448
00519
03573
06960
04077
04681
07478
03807
04947
03719
00786
04986
03036
06387
03104
00731
07265
02818
00083
07271
07159
06877
00253
05612
00843
06908
02862
04128
07893
04380
00430
04048
03955
01297
02308
01998
04719
06661
06658
04048
06079
07377
01770
07766
00836
06174
05135
00710
02957
07007
02175
06682
00913
02985
05206
04730
02741
03735
02867
05844
06653
01317
04474
03458
05743
07777
06881
04139
01969
05415
07760
05639
01336
00338
05437
05466
05365
00430
06090
07667
02604
05912
02598
06954
03549
07448
06119
07887
07039
01467
00556
03893
00072
06835
06576
02220
03135
03804
01491
00051
00076
05129
04425
05795
05174
05723
07162
04881
03056
06241
01364
03447
01786
05393
07344
06747
04480
04835
06132
03255
03891
06065
07278
01041
02543
00136
01298
04562
05343
00286
02891
05746
06868
00684
05560
05681
01642
01115
01578
07537
01344
00990
01056
02569
01169
01164
03558
02261
04309
01864
00505
03387
04471
03453
06141
05334
03578
04334
00822
01429
05795
07586
01156
00652
05724
02941
01200
06072
04927
01007
05832
00017
05919
06389
05992
00902
04783
03219
01512
06899
03622
03877
01486
01326
02678
04894
00572
00765
05885
06959
00079
03668
05875
02165
07535
06989
00862
06539
00343
06980
04593
03850
01449
07476
03539
01294
06835
02281
01368
03934
01605
06595
01529
02441
01675
00833
02177
03545
00936
02570
07468
01213
01185
05664
01584
05726
05983
01868
06224
07158
07035
06874
07621
00266
05613
03520
01133
04426
02649
05050
07218
07027
07134
01363
06571
01568
05588
01283
07586
00422
01200
01201
01442
05391
01895
05572
00913
00614
02933
06299
04639
07862
00290
07862
03689
01969
02919
00695
04317
03679
03054
02406
06983
03124
04530
04333
06084
02834
02781
04213
05775
05572
03317
05794
06660
00713
05863
04345
06031
02997
02561
03964
04691
01684
06247
01722
01564
00271
02543
00418
01842
02991
07377
06804
04410
00189
00334
05555
01100
00340
00215
07313
06223
04192
01942
00952
07338
05100
01752
06057
05544
02011
02114
03305
02883
01538
05426
06240
06523
01778
01274
07850
03017
00689
03956
00328
03707
04684
05829
06839
06786
05788
07024
05102
07343
01590
03188
05033
03668
05326
03654
02095
03618
04455
03764
01416
01784
03106
01210
06448
02632
06504
01920
07009
02054
00501
05622
05811
06999
03103
04364
06507
00863
01460
03657
00853
03950
00317
02538
04247
04921
04377
07185
00856
07761
03582
01008
07414
06682
07662
04425
05477
07522
00821
01724
01904
03289
07347
04643
07033
04533
01906
01578
04832
00395
02187
04326
00452
04760
05090
06817
06900
03131
04999
02757
03943
05235
02027
02226
03111
01225
00748
05458
05795
04553
05546
06562
02810
07878
02492
04411
05356
02797
03799
01128
00898
07674
00885
00412
01707
06025
03153
01524
05158
02924
01038
00390
06165
03562
06467
06265
04659
02153
02579
02557
01475
04793
07499
04183
07813
04176
01226
05014
07395
04943
07616
01062
07189
02531
00334
06969
03189
04906
00021
01492
05666
03169
02601
03104
05120
01625
00134
06226
05146
01277
02136
01990
02484
05123
06344
02843
02368
07325
02071
00468
00183
01296
05877
06483
07148
04076
05511
06819
06422
02470
03195
06697
03069
01401
01913
06591
06995
03056
06731
01512
04363
07307
06617
05165
00914
03998
00316
04341
05419
07831
07542
01877
04190
03191
03115
05679
00621
00219
07482
05984
00215
05985
01942
04722
06689
07134
04600
04887
00435
02560
00744
03536
03596
06517
06060
07114
00834
01414
05168
04726
01473
04966
02699
04217
06532
04836
00034
00035
01223
06881
01789
05114
05431
00087
07540
07727
00219
04958
05560
03344
02807
06844
03942
04293
02452
04403
04859
01745
01868
02060
07164
07569
06844
06236
01254
06524
01499
05364
00566
03303
01917
01825
03338
04427
01095
03197
04686
06721
03966
01638
00659
00222
05200
06564
07768
00848
02334
02099
07128
05414
03006
07619
07539
03715
06162
00227
07011
04474
03034
05242
02562
06814
01353
00081
04051
00697
01958
04850
04999
01840
07856
00125
01383
01285
03732
03745
07512
05212
00996
05307
04698
01193
01655
03419
03846
03927
06316
04133
07374
05712
03790
01682
06315
01896
06185
05879
02012
03842
07380
03135
00597
04287
00032
06389
07143
07854
07770
04005
07754
03774
07640
03612
05858
02270
05948
02385
07576
03578
02050
02703
00572
00824
03669
07812
02821
03838
04314
02652
03907
05116
05930
06994
06089
04511
03694
07500
01283
06259
07700
00007
01296
04589
07603
04002
04478
04561
07643
03271
01734
01180
01796
03264
00708
00459
02859
02693
01683
04652
05016
04080
04293
07349
07407
05281
01594
01059
05793
00339
00728
03977
04858
07660
02348
02622
06777
07057
00839
00918
00111
01371
06500
06260
01606
03027
05430
02385
04087
05792
04098
05325
07424
00994
05239
07851
00063
02431
03666
04515
07742
05354
07640
07740
05856
03709
07711
04429
06978
07872
07182
06229
06077
02289
04069
06282
07524
07143
04626
06059
02029
07197
07577
02694
07363
04943
04892
01745
06463
01081
07650
01421
01586
03593
04941
04933
01943
03923
07256
02157
06586
03676
01310
06866
00476
04231
02243
02739
00162
01625
02084
02415
03738
03773
02209
06282
07540
06360
02727
06226
00395
06969
04541
00806
01803
00991
03934
05582
04735
07046
01512
05102
00397
02597
02287
02742
02945
02239
04355
07579
01012
07657
02128
07394
05569
05310
04554
04926
04878
02738
02375
00560
04254
07317
03681
04281
00806
03082
03495
05457
06610
01536
02290
05841
03687
01511
02101
02595
06239
01372
05588
00921
07857
07650
00375
00301
07026
01595
02188
01921
03845
03564
01521
07378
03144
04149
02499
05431
07659
00344
05264
03976
07502
07747
03980
04746
01439
07606
07744
01290
07190
00427
07160
04161
05275
02214
06556
07882
05866
01217
02858
05620
04108
03605
00034
07888
03841
06347
04546
05459
06482
05349
00649
00532
02783
06138
04856
02796
07743
07213
03521
07860
01767
04419
04552
03996
01288
05011
04371
05287
07360
00534
02304
04946
06157
02048
06131
05226
02326
06389
06375
02943
04091
01743
00039
00114
05944
06693
06130
01368
07785
03001
00898
00487
06849
07596
05403
01390
06701
03578
00712
06014
01969
02909
02452
03888
03158
04866
00502
03664
05387
03766
03010
00783
05222
02200
05172
06180
04785
06265
00768
00857
07187
04562
03637
00392
02601
06162
01746
02486
00258
00230
02839
04585
03628
00410
05336
06246
03637
03807
05085
02721
07131
03299
03758
04136
04714
02541
02970
00320
05691
05169
05124
04508
02371
07184
01385
03328
06146
01337
07525
07121
04152
05133
01208
03266
02090
02961
00333
04287
00772
02874
03195
01819
03770
05666
03420
01802
03373
01314
07224
04785
04457
05565
05362
02096
03918
01014
04834
00493
04644
01474
01987
02362
01269
06757
04648
07187
04529
02355
01054
00435
00340
06580
07696
06153
07764
01597
05340
03928
06005
06323
04190
03402
05824
06833
07891
01382
07720
05193
01692
06221
01040
02716
03453
07062
05353
03099
00065
01867
06064
07303
06448
05275
03061
04394
02349
06443
06499
01668
00797
06806
05644
02155
03348
01845
06939
03486
04691
01921
00253
06689
01616
04110
03990
05152
02731
05768
05334
04391
04121
06553
06024
01558
07675
00435
06087
04802
03480
03413
04152
04553
03192
06085
00408
06180
06918
02400
01934
04719
07882
01674
01617
02274
02072
01690
01112
03616
05096
05925
02427
01769
00875
07395
01488
00662
00074
01238
07358
05320
05687
05200
05157
06906
00129
05225
07282
05480
00477
05497
02902
04264
03307
05512
01436
04396
01546
06591
04828
05146
01961
05069
04300
01176
06063
03084
02033
07245
07422
07241
06341
06222
02460
06174
00905
02974
02739
04217
00998
04303
00752
05907
02751
00418
00007
01088
00561
03038
03829
01479
03578
03278
05826
01250
06364
04593
02377
00259
02893
06462
00563
07023
06582
00650
04393
04016
03689
00142
06895
00410
06772
00563
03899
00730
04923
01975
06489
04753
04118
02193
07513
04505
04257
01634
07846
01535
02289
05092
05382
07838
01971
07250
01300
01272
02956
05625
02961
01034
06896
06524
03317
06031
00708
03750
02866
00901
03016
02398
02311
01968
00673
03245
07206
04120
07745
06272
05758
02390
03217
05153
00548
06920
06968
04283
02494
00182
06110
05059
00037
03288
05174
04774
00380
01765
07446
05721
00037
01418
04386
05912
04242
01037
05356
06838
04708
02058
06555
02223
06654
05879
01429
00580
04801
02397
05371
07328
05381
01522
02325
06879
01727
00070
05112
05591
04913
00999
06422
06692
04068
01192
00704
04275
04297
04087
07265
00096
07152
00822
03414
05271
06257
00795
01901
02416
00356
07809
03553
05202
02444
00339
04914
03207
05785
00381
03089
02664
07676
03554
02943
04835
05143
05439
01370
05354
05402
02474
00405
06778
01612
02543
03626
03245
07428
01170
05146
06658
03801
03188
00081
02090
05352
07027
05315
02189
06753
05307
01990
00128
05000
00889
02563
00758
01631
03767
02908
06357
07818
02036
05929
04289
02526
06707
01604
07088
04087
02443
04770
03026
01576
06906
02431
07217
01817
05062
06061
02390
06593
01909
02042
02883
03418
04149
04056
06028
03155
00720
05536
01312
05360
04726
05043
01369
07541
06385
06495
05244
06485
03027
02349
01572
05954
00122
02676
03007
04686
03189
07676
00398
04372
02548
06702
04437
07866
06013
02524
05270
00171
00326
06039
06180
04525
01130
00480
05393
01297
05981
02676
01174
04191
06493
03533
00599
05009
05450
00463
02914
01540
00491
03280
07016
00394
02070
05729
04467
03011
02170
02021
06372
02755
00769
04343
05496
06849
05428
05487
02147
06066
06003
01574
06533
04968
06265
00801
02132
07391
06658
02777
07800
01355
06425
05301
00933
01208
07208
05967
04444
01050
05671
00932
01701
00499
01197
06191
00833
05440
03483
00318
01121
06521
07339
03830
06885
07477
06469
02661
06075
01831
04784
07789
05516
03366
06395
07730
04638
05328
00347
04537
05272
07402
02409
03617
02695
00464
06862
04852
00365
06885
05416
04896
07216
04136
03197
03383
03466
04358
01230
01040
01688
01665
07861
05935
06282
04870
00920
06077
03836
04700
01433
05954
05515
05708
06184
00792
03140
02036
04892
04453
03666
05076
02682
03544
06676
04205
01513
06369
00005
02259
04171
06927
02843
05985
03285
00692
00775
04095
05320
03441
07046
07431
02008
02414
01866
01864
01595
05897
05101
02565
01595
06423
07663
04227
07710
06416
02992
06911
03423
00441
06169
06811
04745
02511
03599
07243
07880
07075
03521
00736
00484
02953
00918
05165
00206
01782
02940
01286
02211
05840
00070
00978
