05242
02776
01461
07424
04723
00358
00640
02597
00364
01561
02461
00230
04778
07528
02298
05764
07079
03643
05833
07354
00622
01332
07677
01296
00717
05867
04082
04091
02818
06088
07702
02720
01177
05312
05645
01263
07480
02192
05121
00316
04377
02519
01964
02184
00449
06320
02391
04330
00290
02031
02937
01734
05184
03292
03640
00236
03785
02333
06488
03946
00820
00058
03726
00567
01554
05020
06871
07016
04796
03036
06091
00249
05537
07591
07281
02273
01227
05957
05045
04744
00167
07721
03389
03025
06522
02236
02781
00228
00599
07219
03594
00122
04294
02021
04126
01588
05859
06326
06302
07735
07689
02157
03060
01321
01970
00888
06800
06937
03211
01277
01551
03125
06604
01179
01992
06729
03567
04283
05783
03281
05275
03357
03063
05379
06341
06659
04680
05807
00782
04856
07286
00952
05827
07703
04893
05567
00170
04371
07462
05912
06230
04231
04426
01037
05102
04911
00914
03168
00359
00113
07520
05722
01113
00755
03546
03429
07364
02146
02180
04922
02096
02247
07659
06071
02954
00947
01326
00748
07606
06192
01965
07586
02275
07052
02422
06934
06386
03430
07412
04276
03927
04059
06725
03163
01368
03128
06596
06780
05960
03225
02368
05312
05889
00635
02830
02360
05815
02407
07558
03876
04430
02147
01767
01360
00266
02542
01402
02949
03878
01608
07432
02975
06198
07592
06449
06741
02002
01233
07370
03141
04200
00760
06786
06239
02570
04668
03773
07655
07722
07685
03985
02117
01598
01667
00975
06888
02952
00659
03575
01208
03615
05304
06248
07607
04657
06392
00426
06844
00905
05726
03825
00146
01369
00248
06970
02135
05765
03917
04382
01940
07797
00645
00297
03906
04286
03778
07093
06939
05396
07303
07500
06171
04673
03028
05350
04115
04199
07844
00461
01411
06971
06127
04259
05816
02094
06504
05902
05181
00962
06436
03456
05435
00107
07869
06616
01333
01346
00790
06557
04630
03851
06352
06590
07065
03688
04282
05104
02235
04320
03630
05281
06271
01030
02683
07146
02748
03027
04404
01392
04109
02787
00359
00575
06397
00345
02547
06619
07142
02257
05259
07024
04715
07468
02724
07441
02051
04131
05843
01793
07326
00993
00700
06623
00699
01243
07135
00997
00348
02881
01352
01688
03558
06311
02146
01219
05928
02089
01730
04425
06903
01429
00923
04544
07719
06984
02406
07157
03893
06288
00810
03469
00270
05705
01530
06599
05116
00298
00595
03492
00633
02687
02601
07852
06496
05614
06223
02724
01525
05039
00055
03539
04637
01784
05912
03795
04171
07554
00218
03357
00365
00926
00601
07769
06902
06912
05258
02485
05102
07059
07479
05327
00680
00994
02902
02874
02200
03067
04508
07174
04509
06421
03096
05093
02386
01308
06540
00804
01365
07714
00413
02677
04886
00972
01966
07255
07610
01951
02462
01424
00708
05538
02275
02611
07443
03813
02863
02138
04950
02976
00146
01450
04086
03198
00831
04402
00122
07159
02416
07767
02955
04881
04438
02647
01506
05904
00442
05193
01674
06142
02821
04440
05734
03458
06294
04018
07172
04860
01077
00142
02425
02779
02221
01591
01029
06827
05240
01876
01636
03074
03031
03812
01139
06282
02889
05657
04889
05908
02237
05550
00670
00768
03012
06687
07345
02981
04409
02218
03545
04364
05055
05316
06226
02333
00873
07129
07559
02574
04313
06220
01401
03413
01476
06967
03747
02285
03839
04424
02864
05777
05434
07418
06709
04573
03177
04495
03108
06894
04488
06838
06400
06776
06145
00476
00300
03682
01457
02876
07298
06387
02848
06725
03932
03188
01270
07817
05881
00343
06043
07327
04995
03679
06403
05381
03697
01126
01354
00860
05216
05096
06663
04206
04284
00097
03796
01511
06120
02258
04443
00144
02888
03112
02396
03869
06438
04123
07486
05496
04127
07535
01569
03639
02265
04398
02166
02083
01573
04438
03815
03820
06693
07401
05525
03394
03148
04778
06650
03021
04493
01349
02961
00909
05863
02928
03858
05116
02178
03554
02932
07366
07788
01802
00417
05300
01414
05258
01004
07053
05729
07217
02398
03681
00622
06391
02023
01019
04422
05431
00101
05454
02660
02907
02147
01408
02765
07868
01468
06996
02177
06181
07020
05334
02951
03647
04500
00757
07767
00715
06608
05277
06754
01228
05377
00335
06760
05231
04893
04751
06769
00693
06108
04301
00472
03108
06619
02744
04420
00714
02492
00491
06778
07620
06145
03816
07098
01287
01724
00327
01708
01137
01392
02829
04886
00670
04767
04476
05074
04185
04179
07188
03472
02867
02884
03371
03166
02576
05207
05396
04598
01034
06710
01393
01450
00574
04364
02769
02716
03033
06128
03406
01012
03987
02042
03800
01738
04312
02952
06942
05072
05745
02325
01685
02565
00790
04052
01199
02314
03670
06725
01070
02970
05271
02532
06104
01009
00441
01825
02527
05797
06205
04561
06737
05168
03015
03863
01086
07746
03321
02521
06869
05200
05119
04734
00786
01075
06773
02508
03311
06315
02748
03891
07634
05479
01893
06156
03990
05718
00619
05536
00388
01549
01544
02841
04921
02911
04199
05031
06963
04978
00721
06953
06083
02063
03219
04587
03823
04774
03452
07608
04668
03577
00968
03973
07542
03299
05001
05565
01151
06753
03501
04556
06990
03079
06637
00031
02150
00886
01417
06650
01884
03962
00613
02324
00974
06460
02061
07068
03776
00042
00536
00469
06109
05777
06184
02565
02459
04065
02874
04875
00992
02119
05927
05003
03035
06893
00548
04999
06279
01972
01659
05823
01119
03287
01001
02331
07834
01344
05920
00565
00378
01771
05252
01226
01676
03055
01966
02257
05910
07269
01032
07135
02093
03912
06905
04003
03762
04382
04074
00918
07597
01906
02898
00019
07794
04779
03899
04885
07621
00574
02898
00769
04247
05156
02829
01227
03946
04358
04635
04050
00138
07170
05112
03608
04298
05571
04463
01653
00563
01442
06843
02267
02068
06551
04646
06262
05940
06567
06413
04478
06116
04196
07537
02250
04709
04571
04898
02117
04878
02458
00411
04276
02679
03066
02161
05274
01446
00616
04861
04160
03403
01521
01486
05542
01275
02260
06883
07548
06785
06208
06855
06794
06690
06878
07802
01978
06695
06055
04172
05807
05081
01361
03110
03639
03401
04532
02488
07710
06966
00045
06079
06858
04820
01627
00959
05819
06783
07252
07017
03108
02769
01500
07864
03230
01645
02873
05770
04377
06685
07368
05886
05809
06311
05992
02928
05970
02412
05468
07768
00070
07034
02399
07461
05897
00292
02000
04934
05715
07864
02864
03960
03588
00380
07268
01912
03193
06458
02612
02059
05533
06019
00198
03128
07163
01284
00241
07117
07522
01329
02522
06930
05321
04609
00000
06602
05614
02334
07280
00748
07309
05781
02176
05188
00718
02223
02737
03096
05327
06017
00212
00994
06200
04866
00066
07123
01618
04779
03772
01344
06399
05562
03066
07241
07624
06012
03996
02588
05173
00246
02667
07161
00357
03079
05463
07428
07363
01873
00401
04239
01988
03997
07197
06903
04096
04792
00866
07602
04893
01996
04464
05895
05589
01665
03388
05097
06493
05578
00982
00149
02573
03564
02465
06464
04684
07750
00117
06866
00846
01781
03166
04814
07541
05939
01406
01530
00247
06851
07227
04049
04628
05413
03470
02204
00643
04057
03008
04867
06790
02589
06387
06611
00812
05448
02750
07477
02037
05353
01499
02780
06921
04701
01026
07563
05297
00754
03319
07619
04081
01522
05417
06301
01187
00236
04874
02697
02231
06538
04894
02078
04970
03538
06975
01932
07472
07023
02299
02672
04188
05093
07849
04056
02950
06344
02939
00221
02228
07287
00589
04973
01520
01569
01332
02489
06431
02254
05362
07584
01119
00352
04402
00983
05018
05276
02116
05181
06046
06103
02746
06782
03657
00665
07094
00472
07246
02951
01876
04618
03383
05874
00816
02962
07642
02496
01756
00102
00215
05342
00665
04386
03408
05631
01728
01300
01044
00033
01277
03738
06525
05490
00956
07455
01257
02114
05255
00065
04365
05160
04544
06070
05169
03819
04691
05940
06192
01716
07518
05503
01684
06817
00841
05459
04301
01488
04972
04484
07259
04830
05772
00391
03463
06283
05073
05178
00327
02152
04043
07571
05146
04537
01137
01681
03026
06853
02683
02825
07378
03679
02268
05701
04548
05339
03146
04791
05480
05790
05422
01185
04367
06066
02985
04284
00682
04962
06230
01803
07635
03583
00175
00786
05086
00753
03866
05916
06291
00945
04691
05579
03356
03663
04451
02007
04521
00607
07241
01458
05559
05124
07595
07607
04337
05482
07117
06401
07371
07207
00585
03347
00970
05950
07810
03062
07182
06895
01710
07071
06134
01038
01392
06087
03453
06918
00404
00549
03222
06170
04830
04488
05499
04968
07793
06298
01980
01114
04736
03605
02250
07755
03691
03933
00199
02942
01065
05623
04415
04125
03647
07644
01045
00717
01001
01981
03514
01718
01837
04444
00596
01768
02684
03805
06908
01969
02781
01859
04472
07362
03105
07218
05423
01020
07305
02761
06214
00098
06051
07712
03020
00739
01268
06538
06040
06258
05627
05709
02671
05379
07095
01027
00237
07384
07363
03468
04425
05452
05223
00782
04985
05217
06072
04286
06529
06104
03745
07172
02899
07899
04277
05255
04320
00019
05853
05954
04805
05440
06797
01227
04352
06871
06023
04391
01459
05099
04764
06139
07672
02731
03280
02678
00540
00583
05835
07155
06709
06894
02109
05533
05735
04693
01490
00658
06710
01515
00941
03638
05138
00940
00520
00543
00573
06115
06871
06907
00142
03284
05951
07600
03979
04192
04082
05371
00424
00966
00007
05379
06599
07362
07207
01333
03517
05411
05631
07587
02659
00833
00014
06754
03706
01122
02772
00369
02837
00208
07185
04803
04028
00953
05983
04649
02807
06586
03447
01685
05961
03560
02878
01931
00603
00072
00381
00235
04017
04267
01264
07548
07751
02343
02811
07513
04702
00418
03512
05021
03737
05133
03583
00996
07407
06604
05965
03136
04431
04492
04089
03893
02312
06186
06860
04103
05984
04368
06373
03984
03415
05546
05028
07330
04805
06460
04524
04975
00172
01059
01188
06846
02137
01654
03655
02741
00042
05569
03504
06950
04689
07849
07361
05619
00736
00259
05328
00951
01432
06811
01133
07735
02368
04327
02019
02741
00931
05948
01261
02624
03298
05533
03361
04134
05397
00643
00812
00783
06590
06617
03829
05975
06999
05878
05148
05834
03985
01228
01155
00143
04317
07015
06488
03292
05983
03048
04694
04641
06607
03380
01098
00593
07740
05114
05115
07203
02384
02048
04433
03341
02149
02388
03207
01347
02410
05360
06476
04974
03411
00797
06588
04891
01896
05242
01929
00396
00509
07602
02489
03938
05194
02826
03695
02218
04880
03252
04689
02034
01371
04085
04556
00303
04625
05198
03159
01154
00198
03396
06043
05844
02019
00237
05124
01827
07524
05307
06530
04626
05664
03868
06371
05716
00583
07028
04248
04510
05200
00383
03855
03719
07118
06767
04584
05014
01602
04574
06528
05800
00898
04792
04312
07391
06744
03813
00355
05690
00411
05930
02726
02626
00870
02899
01912
01499
03984
02588
06565
07681
05883
01809
04011
03306
05653
02568
00220
06457
00730
03109
05079
03544
05156
00714
02898
05275
03402
05565
01336
00238
07127
00336
04412
02521
05406
02059
04134
03459
04759
05004
01170
02804
04057
02896
03754
05411
00728
01878
06022
05049
01651
07646
07084
00044
07334
04805
03419
04885
00734
07188
04023
03169
02513
04731
03578
01707
02641
02191
00230
03195
03141
02815
03824
02222
07679
06088
01146
04734
02670
01016
02233
07053
02404
05875
06086
00763
05253
03057
07093
06828
07478
06519
02969
03577
05636
01417
04887
00046
05338
00880
02803
07201
00234
05926
05889
04591
07036
03447
03347
04883
07716
00122
01401
01081
03426
00125
01681
02740
04593
02775
04018
04757
05561
06498
05097
00656
06110
03452
04003
06476
01701
04242
02990
03619
03434
02123
04810
00668
06152
06791
06384
05698
07794
03829
06742
03702
00755
06655
02630
07384
06761
03065
03753
02007
02628
00400
02524
02899
05285
02354
03518
03169
07834
05964
02394
06038
06944
06804
03623
02744
03964
05880
01998
01399
00576
03763
07159
06127
04305
07543
02273
06067
00390
03233
01222
03191
02413
00306
04878
01206
03474
05750
03160
05920
07894
00563
01260
05590
00561
03091
04737
07064
07687
03795
01068
07369
01329
04206
04326
00029
04896
06382
04313
06438
02444
04858
04681
05739
01266
03511
06962
04945
04301
04636
02017
06873
02660
06451
04147
07039
00009
05818
05406
01583
02913
02048
01227
02966
03863
06589
03430
02067
05966
02863
01098
02999
06151
01312
06897
05902
01326
06897
04841
06768
03518
03713
07584
03681
00984
07667
00709
01945
03672
05052
04107
02686
04358
06651
02539
05776
05292
02832
05211
01550
02881
00171
04390
06095
03191
04471
07436
07753
00330
02746
00794
07311
01908
03131
00587
04855
01274
05176
07358
04948
05657
04833
05773
04716
04859
04667
00967
07432
07609
04519
05173
06557
07332
03318
05750
00421
04675
03563
01025
04099
03140
07782
03398
02138
03601
05828
01306
05888
00751
05457
05995
02484
04238
00650
05262
06925
03247
05113
03379
07386
06077
03682
00096
01404
05423
05832
05345
00383
05976
07552
03232
02833
03895
06450
04452
06044
04979
00911
04891
07827
07590
02284
03027
02117
01417
07785
05308
06650
05582
01997
03364
00090
07726
02201
01608
03400
01299
00048
05848
02432
07534
01027
06385
07509
02723
00514
06449
01879
07442
05292
07343
05676
06675
00495
01979
05267
04946
03648
00785
07530
05164
01706
02398
02836
02118
00521
06710
01460
07419
01342
00718
04655
01325
06263
06636
03862
07005
00494
00240
01945
05912
07211
00110
07228
07355
07138
03823
04385
03551
01974
00407
04921
00510
00129
05620
00448
06674
02397
00116
01916
04711
01168
05628
04238
02461
05379
04777
01121
02808
01973
03034
07160
01295
06560
02052
07094
07309
00466
02730
02336
03907
06463
03064
02152
01779
05489
06602
03738
06965
00888
03403
00521
05484
05244
05157
00027
06949
04398
05808
04401
06856
03612
03198
07690
01552
07448
02841
06855
00693
06607
01649
04933
07225
00431
02402
03971
05955
01839
00253
01114
01157
05028
03751
05398
06152
06335
00995
07524
02370
04669
02393
03327
04718
03902
07841
03856
01095
02973
04805
06206
05327
02933
00659
06906
01254
06554
05579
03224
07167
01891
04289
06147
05684
01277
05772
06000
03345
00792
06062
00919
04580
01717
03408
02222
04900
06140
06158
01306
06204
01033
06981
02843
04696
00203
00084
01500
01421
05880
02093
06046
03118
04897
00129
04191
04015
07061
06215
01854
00403
05832
03735
04921
00179
06891
05817
00494
06992
07210
06790
01808
02343
03779
02595
02615
06739
05762
02206
05195
02692
06878
04091
06874
02228
06256
05102
02024
05806
06637
07798
04909
04264
05971
05073
04918
03794
03741
07865
06692
07654
03196
03797
05814
07819
01575
07548
03034
04604
04445
06974
06299
01433
04291
04200
05762
07194
06144
02643
06031
01737
00018
05446
06984
06858
05012
07137
05866
00494
05157
07810
02635
00596
01793
02018
04744
02137
01497
05753
00850
07852
04361
02207
00832
07825
03251
03794
07233
03146
07499
06753
05545
00091
00135
04580
04655
05104
00124
02731
04549
01955
07610
04713
06540
02624
00026
00417
04733
01177
02178
02348
04477
05213
07470
02250
02510
06948
04298
07224
06124
06070
05235
00363
01560
02525
06884
01070
06107
07655
06167
03838
06686
02613
04884
03394
02150
06453
00362
02383
06615
00938
01304
01678
05499
05706
06480
00242
00884
00258
02132
03485
05326
07338
07273
04898
01833
03215
00621
03045
07455
03966
05288
07890
07763
05120
05395
00690
04473
03100
06162
04764
03448
06918
01701
01408
02311
07288
00514
04097
07132
01522
00689
01815
02708
02200
01284
03109
02156
00297
04158
06458
04452
02169
07736
02373
02074
06035
05348
01703
05322
00143
03886
01835
06446
06211
00776
01128
06437
06381
07269
04127
02485
06670
03510
02245
04041
06138
06657
06785
07233
07103
03380
01767
06205
06636
04451
00216
00777
02363
04037
07334
00156
07804
07757
01841
02491
06386
06141
06472
01454
04140
01260
04585
07086
00988
02509
05467
07109
04119
04032
03554
00951
07420
03565
02310
04218
07868
06344
03877
03162
00888
04588
05156
07336
03207
04288
02933
07144
04230
00052
05266
04977
07133
04556
06406
07868
01432
00408
03881
05813
06216
03348
02103
06836
03345
05415
03201
05820
02151
05668
05156
00635
06850
01536
01719
07613
05598
04655
00547
02073
00633
04069
04168
02254
00960
04793
05771
03903
01044
06802
05111
06013
04647
07270
02836
04983
04326
07241
03430
02042
00676
03550
02484
05014
03512
07141
01969
04551
00411
05777
02641
06178
03585
06697
04080
01570
00338
03034
07892
03688
02710
05751
02273
04063
00398
00518
04806
03319
06099
01967
07772
02837
06272
00180
06674
04836
06931
02407
00372
05071
07765
01003
05028
07559
07047
05982
01272
04760
05034
00460
04264
00649
05504
00656
06075
05745
01533
02479
01281
00013
04439
01125
00042
00020
06261
05411
02937
01281
01959
01823
03110
02536
06885
00309
02527
01700
03563
02942
02271
07689
07508
03355
01699
07179
00303
04943
05153
01043
07246
00583
03688
07294
05879
07436
07834
00267
04970
05418
07842
01809
07804
03307
06681
04247
01893
06246
03472
03813
03277
06416
00544
02736
03093
02415
02086
04633
03950
02510
02863
02784
03831
07083
07739
00020
03200
04362
04287
03759
04319
07891
02713
03459
05962
06485
02735
05231
02715
04243
06935
07509
01688
02428
07173
06294
03648
04903
02213
05385
03876
06904
03177
06816
03911
06633
00783
01720
02951
00017
00036
02527
07221
05791
03352
06965
04776
04008
00394
03608
01379
03568
04189
03590
03329
06079
02977
02318
07301
06695
04571
01014
04464
05481
04883
04135
03618
02505
05192
05530
04079
05976
02855
06284
01586
00902
00318
06730
03751
04768
07716
06591
06451
03740
00053
06354
06916
01059
06776
00852
07157
04205
07781
04863
06763
03133
03021
02279
00845
01939
03917
07838
06874
03351
02511
00225
03821
01115
06977
05609
06647
01393
01048
03892
05789
03708
05196
00779
01025
06982
01905
00701
03486
06443
05046
02434
01849
04400
04752
06101
00647
01454
04899
02288
00621
04838
01128
04246
03803
07599
07481
01784
00592
03235
07509
04985
05220
01676
06814
05811
04252
02730
00678
01868
00650
03129
05623
02033
06137
04362
00934
03699
04612
05143
06273
05599
05276
06985
03562
01052
05910
07177
01911
07153
00605
07863
07589
06288
04384
01027
05062
03347
00228
03445
01530
04210
04553
02865
05011
05289
07881
01752
02604
02508
00233
06258
07636
06021
07883
01173
06820
02110
00293
04942
07575
04337
06844
01260
00147
07217
03114
00178
02280
06911
05082
05206
03225
06334
03649
03877
05039
03643
06787
05045
05454
02625
00389
07790
01223
05024
04434
06992
07864
05257
01312
02886
07264
02408
05675
05357
06035
00727
01213
02205
04557
05919
02162
07413
01595
06628
00128
01113
00242
01405
07272
05588
07417
05333
07844
02456
02075
02270
05560
04452
03493
03248
03607
05912
01879
01398
01859
00168
00189
00830
01185
06511
05681
07199
07200
00615
03836
07485
07665
00902
07297
05608
00248
04791
05543
01300
02146
07356
00928
02713
06414
06964
05551
02460
00371
00518
07059
02475
01647
05736
06368
04147
00355
00465
05243
04447
03571
03378
01640
05736
02665
04980
03444
02920
02186
01506
03541
04003
05648
00733
06436
05539
06336
04620
05886
07640
02035
00349
04084
02831
04465
01310
07882
05177
02794
00282
05124
00487
04220
06364
00323
02317
05971
03975
06770
04044
02775
03875
07568
03394
04969
06440
02230
03326
01669
05804
01078
00892
00780
06188
03516
00514
04699
01268
07162
01852
00834
06868
04635
00858
01367
06828
05961
05813
00507
06406
00283
00082
07232
03267
00958
02407
02989
05276
03196
06551
00543
05221
07251
03441
00660
02149
01076
04011
04906
01876
04852
00685
00087
04061
06589
02078
00432
01850
01198
03936
05209
04982
01736
05237
06182
06391
04021
00481
06228
07831
07734
03214
02068
00141
07426
02046
04289
01669
05719
06152
01746
07792
06416
02060
00254
02249
02217
03461
01051
05730
05578
00101
07409
05291
03057
04528
00592
07566
05231
07321
02559
02770
06913
07115
02341
03938
00497
02767
04998
00363
06270
05320
04082
07350
04618
01151
07529
00705
06632
04660
07835
06300
06049
04028
01280
03464
06957
01649
05548
00548
01074
04865
07661
04264
01133
00581
03418
02303
07401
06685
04652
06144
00476
02778
03891
00941
04146
06373
07871
00585
00033
02352
05201
06717
06424
01482
05233
00534
04364
04482
04504
05617
04088
05636
04890
06451
00473
02514
03694
01552
07110
04139
03338
04036
00115
04863
03266
03989
07368
02343
06289
04457
02349
07895
07221
01215
00537
00542
03449
04432
02691
02056
03826
02745
03567
02931
02467
07564
02242
06237
06002
00753
06560
05766
04920
06146
06663
06235
05900
07059
00844
00659
00357
02464
03276
02006
05511
07696
07889
06668
07847
02420
02594
06619
02310
01593
06002
00661
07659
01118
05271
05997
05222
02758
06924
03977
00250
04623
03593
04646
01480
06405
02607
00408
05002
00435
06056
06377
07826
04675
02444
06145
05631
01099
05048
01191
04530
06735
05540
03175
00730
03383
05421
07884
06346
02240
01940
05785
05857
07879
00100
05729
07572
05461
03603
07003
04556
02677
01656
01168
00399
03004
01775
05660
06293
03376
02410
04592
03612
06057
01535
06680
04753
04408
00239
02988
07318
04846
04061
02081
03296
06445
02569
07773
02434
05874
06345
04151
01492
05467
03374
06018
04046
05215
02792
01266
07081
04653
00735
07398
06913
07538
03402
05000
04022
06516
01478
05046
02421
05555
03848
05313
02959
06298
05036
02353
01396
06976
02289
03953
02313
06305
01006
02097
00487
05893
05780
02646
00508
01795
00380
02617
05301
02402
07464
00828
04795
03433
04413
03754
03857
05941
03631
04754
05714
01602
01012
07284
02466
00587
03972
04624
06395
06058
03985
05528
01014
05952
05520
02332
03021
07765
00076
01901
00188
00361
07683
00767
05708
04208
03461
00480
06636
01708
07071
00067
03046
03244
00629
00822
07246
01127
03852
01700
06858
01287
03235
01894
05062
03806
00670
00345
06273
02860
07632
05221
07777
05016
00890
03022
01091
01784
06217
05992
01494
02062
00089
06941
00366
03729
00993
03638
03966
05745
06778
03674
01459
00940
00195
03357
06332
05386
02676
04436
01786
07056
07843
00535
06570
00153
07277
02364
02570
02150
07838
07034
01165
01564
05243
04483
01002
04701
02177
04014
01203
04607
06019
02301
05609
06697
05854
03279
04248
03152
06684
06642
00498
06289
02350
00861
07113
02606
00380
00713
07480
01098
01223
02570
02059
03731
01919
01949
04283
00747
04263
03928
02845
02215
06149
00754
04200
01769
04363
02409
01886
06504
05612
01702
02128
03510
00693
04644
07822
05502
06423
06230
05494
01863
06965
06871
00817
02894
03079
00896
00848
03908
05563
06233
03192
02920
06369
04228
06485
01212
04103
02379
04290
02738
05490
06433
00813
02792
03367
04493
02895
02929
01614
00638
00102
05022
04800
07783
04515
02016
07617
05447
03985
03943
04520
01277
06320
01570
01908
03307
02975
01040
06989
01777
05143
01951
04016
07418
04944
00766
00224
03034
01742
07695
04273
02598
06166
05663
04151
07264
07893
05628
04568
00147
07806
03738
02807
03088
07212
06397
00324
07628
01930
03583
02858
01987
04486
02581
06104
05397
04365
06741
05325
02160
03716
07240
01696
02505
07022
04317
05446
06380
02682
03311
03135
04463
04320
00251
00299
01290
06117
04062
04495
01199
07250
02025
04717
03809
03939
02466
03476
04835
00004
07069
03490
02335
00157
00604
07591
04303
06980
03473
02778
07245
02416
00242
05872
00191
06342
04286
05045
04911
05307
04107
04483
06382
02852
00628
06375
00879
01369
00569
05987
04323
01730
07593
07350
03943
01885
02200
04482
05817
04122
04995
05623
01040
00525
04798
00710
01660
06796
05692
05517
07819
06633
00930
00470
02215
04963
00014
01455
05372
06462
03778
02673
07273
05750
07382
02286
03843
07000
07079
01001
02143
00115
04914
03212
06469
06177
04129
07808
00721
06111
04025
06198
03718
02221
05486
07687
04798
01227
03411
06026
03534
02548
00682
04021
01846
05208
02196
05985
03873
01197
02005
01856
04671
06263
03043
07158
03376
01498
02113
04116
05255
03594
03393
05648
05547
01561
04067
04681
00130
02413
06705
01244
06455
05160
06555
05941
05502
00248
03306
06927
05707
00977
01338
03667
04059
03807
03946
00292
04885
03286
04109
01321
00805
07617
00719
04532
03960
05290
03793
06734
00351
00503
02482
04120
02145
07770
06235
03588
07803
03779
02929
07590
03759
04972
04210
01342
04127
02090
02190
02199
03828
03559
03725
02575
07731
02824
04452
00341
04363
06523
01280
02541
06782
02844
05390
03950
07798
06445
01688
02826
03552
04024
05473
04819
02991
03965
02101
01457
03826
07472
05416
07358
06289
00790
04238
02125
07138
05244
00003
02296
06702
07026
04305
05317
03686
01433
03763
07059
05555
05435
00036
07383
01046
00948
04337
03949
03169
02794
00736
02901
06516
04270
01008
06494
05699
03838
02630
02741
06770
03324
06117
04405
00835
04577
02346
03608
07759
01416
07422
04623
01216
04978
01566
04814
01235
00525
06842
01562
01183
06965
01354
06100
05962
02435
05149
07878
06556
04054
05227
06118
02445
00784
01918
07119
00399
07081
06989
04817
00246
04412
02070
04241
04881
06483
00242
02097
01514
07665
03648
01998
01086
02527
01371
00363
06591
06471
06196
00583
03426
04029
02052
04220
07189
07533
04906
04223
01358
05022
04649
07096
03798
03757
00909
06401
06262
04997
06021
06731
05788
01735
06110
02630
05882
00408
04647
05623
00783
05578
02109
06592
07575
02744
04380
02795
04666
03993
01116
03460
00848
07212
02742
05709
00344
07575
00732
04133
06103
03882
03489
02172
02936
02592
00421
02853
05115
05735
07750
04214
06011
01529
04359
05882
01285
04683
05414
06439
04855
04658
03472
06498
06745
02226
01148
00740
00655
07611
02819
03598
03832
00032
05536
02132
02951
02718
03289
05668
05297
04345
06792
04289
07598
05651
00655
04369
05005
07049
05199
00228
06232
06148
05580
07779
03997
06005
06768
05788
03268
07608
07273
01850
04884
00148
02781
00399
00920
04607
01857
02415
06959
04562
02786
07889
02009
03156
04528
00760
02035
00220
07020
04442
03946
00889
04630
00096
04359
02365
02852
02711
07470
05118
03195
04041
01833
03662
02024
04478
04691
00303
03894
02449
04739
07378
01038
00160
01883
07196
04547
05367
05631
06430
01986
00517
02128
02767
07595
04024
00661
07286
03050
02996
07377
05382
04216
01914
01949
01853
00189
01299
03121
07840
01103
06474
00115
06085
07066
07136
03409
00320
02396
00155
04405
05300
07144
02134
07230
05978
03834
00420
04469
01467
04809
01771
07418
04435
00990
01662
01925
02935
02600
06755
06961
02452
01086
02175
04757
07218
06641
03803
07294
03035
02815
04276
03801
03358
00773
01539
03685
02308
07888
04223
01969
03406
00961
01068
07228
00281
03490
02097
03134
06114
05522
07802
07576
06306
00956
01136
05111
03014
04611
03339
05966
06189
00671
05617
07062
03019
05179
05593
00321
04731
04425
04771
07267
00833
06102
00712
06895
02889
04051
04381
03522
05519
01333
00176
05349
05919
02140
06324
04502
03501
00456
03475
01734
04755
07737
06799
06206
02253
01454
07416
00024
01958
02988
04136
05144
01925
01901
00097
07204
02209
02847
00849
05522
04529
04099
02749
01433
03457
02428
01056
02774
03475
03753
07550
02965
06028
06440
03445
04568
00290
07424
01300
03612
05265
06694
06655
03140
04297
00016
00372
03695
06123
07179
01271
03542
03494
01199
02426
03654
06202
01273
01879
04036
07108
04292
00218
00880
02928
00741
00619
01839
04194
01486
04210
04981
03641
02883
07883
05627
07487
00133
07489
03315
05751
05362
05439
05042
05752
04237
04197
02955
06754
01326
01585
05458
07131
03807
04902
04422
07672
04600
02215
03724
01267
04785
00272
06666
04129
02846
07861
07373
06533
06411
02168
07180
00783
05437
06594
05837
01168
05261
02779
03365
04211
06469
05740
04272
06913
05181
06061
06223
04086
05409
01006
05047
07180
05152
02343
00155
00305
03048
06825
00942
06408
05197
02469
00242
00645
01916
00236
00761
03346
00660
01045
07546
06083
02055
00838
04572
04894
02186
05449
01812
04752
04035
02743
06209
04012
01899
04964
02929
04369
07097
05650
03586
03636
04110
02485
02810
05728
02395
01972
05737
03157
06440
01673
01858
05961
05935
00183
04809
05286
03702
01533
07120
07094
04242
07508
00376
03308
01082
00029
06127
06194
02696
01597
05176
00548
07727
01750
03520
02781
01069
05778
05904
02719
01703
06813
03464
03353
02759
07600
03846
03868
05050
07053
01660
02886
01728
00473
01693
01035
06161
01528
04534
07895
00642
03409
01662
05598
03249
02513
06510
02742
03154
03532
01827
04118
04868
03811
06160
01056
03420
00496
02453
05001
01820
07549
06419
04158
05307
04631
02835
04271
00637
01523
04281
06113
07815
07282
04034
02160
05277
06815
06511
05833
03168
01195
03447
06431
04047
03641
07215
00345
05701
04680
02824
05833
01170
05420
00525
00229
00764
02485
06244
05086
00012
07248
00496
07366
07858
06101
04418
06923
00894
03234
05020
03078
03261
02541
05734
00054
03196
02905
06864
03304
02827
05767
01313
03824
01447
00952
05175
07080
02862
03908
04279
00457
05060
00713
06488
01968
07440
02818
02448
02082
01276
03916
01803
05891
04050
07330
07837
04930
02703
04553
05811
02126
04886
01746
00054
07074
07835
07692
04324
07297
07570
00644
01683
07720
01656
03016
07592
07562
04129
07812
00797
07471
00559
01931
06728
04338
03070
03553
04024
04224
07565
06739
00261
00190
06510
07685
02956
05594
03598
01616
05053
07230
06976
00712
05490
06719
04944
02911
06057
04013
02988
01840
00737
06684
05623
04624
00266
00022
00274
00903
05263
04897
00768
06773
05377
05376
06814
02091
01819
02921
01676
02512
02845
02291
02991
03932
06054
05674
05156
02936
02382
03123
03366
05469
07176
06302
00844
03328
05249
02196
04082
05951
05010
00678
05578
06814
05292
05752
07310
02164
05179
04431
07430
00360
04476
03334
04748
04881
02528
02256
00093
04906
01547
07818
02686
02560
06258
04409
07463
03970
04469
03470
07093
02002
01221
06654
00190
04113
03585
01331
00768
06654
01984
03972
07494
05800
06283
01733
07095
00283
02605
02238
02245
05192
02153
04282
02977
00657
06675
07193
01751
03957
03140
05994
02916
01064
02187
05083
06416
03764
04205
05580
04190
02514
03485
06199
05974
03132
03389
04367
00183
02021
01607
07396
06414
01540
03491
03677
06927
02843
04138
00357
05967
03539
02515
06248
04023
06520
03586
02331
02088
00070
07135
07027
06808
02954
04164
03606
01965
04533
07495
01528
07441
02236
01887
07573
07787
05765
03430
02221
04652
04966
06733
06110
06517
00702
07548
00706
06037
04646
04648
04936
01479
03182
05371
02376
03584
06138
05184
07287
04395
03853
02944
03569
05597
05351
03901
01311
05272
06683
03381
00621
07295
04907
03946
01108
00325
05812
07130
07546
02571
02071
04507
02202
07899
02878
06666
06576
05972
01189
01100
06467
01992
04045
01201
07629
00546
07235
02808
06952
06005
07074
03136
01293
06253
02781
05659
01095
05773
04292
06998
04395
07457
04118
07005
07067
03910
05073
02223
05878
06848
06284
07637
00741
02401
00413
04836
06460
02961
00731
01206
00329
05090
04977
05620
06582
03873
02225
02054
03318
06254
01186
05631
05577
03246
00656
02619
06677
03423
03591
04615
01630
04650
00050
04140
03411
00488
02941
02008
04211
05634
05320
02854
05049
01180
04574
02781
05603
07276
01671
03276
00015
07553
03977
00173
05057
03815
07321
01525
04973
00986
02032
06001
01781
03364
02612
03991
06931
07075
06550
04510
07329
01932
01933
03671
03714
01081
00048
02881
06544
00854
07454
05078
01772
02017
00271
01381
00742
07511
06708
00151
00567
04891
04264
00501
05482
05706
03485
06339
04466
02845
06322
06901
03562
02928
07103
04175
01618
05851
05779
00494
04294
04283
04371
05442
05329
07066
01191
00767
02756
03328
03074
05833
03211
02955
00891
01152
02497
02786
04570
03396
01151
01022
04170
04878
00030
01781
06041
03380
00406
01829
01271
07584
06376
01678
06197
02617
01204
00700
04649
04785
03744
02860
06714
04859
00536
05048
06293
01453
02262
06238
07743
05578
00456
00798
06115
05835
01994
07069
07364
02471
06538
05087
02468
03590
06006
03664
01517
05566
05459
00439
04409
06597
05185
07735
02505
07364
00880
06744
05570
07321
00754
06926
06943
00657
00059
02009
01095
03039
00345
01438
04860
04560
07126
05289
07246
04024
00604
03108
04274
06023
06080
02711
02143
01171
02795
05894
06006
04018
02561
02830
03582
07023
04600
03707
00914
01736
02329
07368
03620
07899
04499
03988
03828
05464
00277
00460
07041
01379
04943
00803
00460
00571
06477
01413
01023
01986
05182
05921
03145
06396
00807
00938
00637
02559
05968
06041
07493
01881
01658
03994
03664
02586
06900
02448
06816
01437
02596
01202
04005
03082
03986
00749
03653
04869
06238
00388
05253
07458
07695
01536
04000
05273
07092
07220
06015
04498
07511
01136
06696
05427
05258
03602
00333
06985
06837
01098
07569
04555
01767
07445
00559
04849
04009
07229
07511
00471
05197
02264
06089
01392
00468
07742
03025
07426
03410
04004
00896
06539
01380
04479
07746
00609
06056
01742
02905
00795
04309
03694
06511
04072
03618
07816
07205
03781
03836
04344
04794
00175
05700
04061
05399
05967
02768
05324
04808
03316
04602
04319
03384
07371
02075
01915
06463
01092
07801
05589
06106
03468
06868
05199
06965
01563
05636
00119
00104
00266
06936
05486
02035
04359
05660
07711
06019
07808
06184
01565
00842
02429
01492
06543
00872
01405
06600
06592
02448
06885
00377
03432
03858
02345
01559
04822
06147
06791
05659
06618
03500
00010
00088
03322
02861
05917
04777
01742
05929
00614
02262
00146
01910
03402
05112
02114
03246
02893
04792
06509
07205
06678
07020
05777
06743
02069
04917
00978
07339
06670
03157
00881
04465
06059
02509
01517
02065
06570
05431
07279
02849
06637
00101
00479
01689
04207
07237
07039
05059
06496
07514
06303
04525
05108
03690
00442
03372
06156
05082
01548
06190
03646
07163
02289
00284
01861
04549
03319
04334
03726
07769
02408
02539
07434
07765
03968
05983
04304
01565
00026
03220
04813
02750
04909
06517
00647
02310
05909
05292
05351
07675
02496
06114
05377
02012
00037
04667
03319
04562
07719
02437
06625
03704
05667
05919
02500
05791
00304
02843
05472
05034
02095
04647
04625
04557
07212
03528
07279
01097
01176
04213
05670
02318
04305
05687
00817
05914
06364
06915
00373
01371
02098
07894
03119
06492
04171
02958
03716
05830
00188
07401
02605
04781
07503
00665
07299
02202
01400
00871
02875
05959
03270
03910
03096
02389
07629
06405
02323
04211
02480
00277
01996
03077
04888
06320
07139
06001
06548
06458
06745
07654
06579
05966
04778
07589
00848
02343
04535
06289
00729
05801
04481
01992
07344
07019
04805
00460
04417
04246
05903
05068
06752
04987
01255
02198
07800
05820
06571
05191
00539
04888
02947
00851
00890
06546
04778
02352
06136
07075
06662
06746
03594
01431
02144
01943
04400
02231
04941
03805
05456
02537
07573
02625
00105
03455
03467
01816
03799
05213
06433
07869
06858
03337
05627
06966
04841
03376
04618
04276
01878
00415
00196
00206
06335
03309
04799
03269
03795
06244
03029
02586
05128
00828
02241
01145
06225
06195
00003
00151
05429
05791
00179
03708
07191
02371
01356
04438
02319
06372
02355
07034
03394
00801
01151
06244
05218
07186
04955
06358
00962
00461
07477
07010
06286
05907
04859
00993
00326
01493
01179
06329
03737
05168
02811
03228
01816
03831
02535
04587
01993
07460
06239
04981
05260
00287
02129
00080
01969
07430
01073
00654
04376
05342
00828
01486
06053
02203
01982
02326
06319
07159
05128
03748
04340
06113
01154
06013
03739
05702
01211
01554
02375
02745
03223
00199
01104
02287
02298
00867
01329
02602
02059
06997
00677
03167
01650
04308
05178
05391
01536
01978
05799
01895
03821
04871
04198
01364
04501
02034
05395
05398
04560
06074
02008
00034
00307
00718
02687
06967
05197
01443
04257
02461
07398
05798
03793
04224
03160
04722
01077
01468
00131
01229
02789
01427
04079
00327
01194
03245
07454
05845
07317
03813
02167
03559
06793
05188
05383
05459
00255
02625
02638
00386
03170
01388
06890
00550
04720
04093
05649
06692
04425
01570
07205
03933
00974
07181
05901
03335
00441
01740
07758
04548
05463
07869
01995
02969
05322
07630
01807
06058
03902
07419
00590
02868
00312
05587
05543
06669
04247
02174
02645
04168
06783
06784
07344
03588
06535
03980
07575
04231
04214
00043
06361
01723
01011
02468
01341
05037
03722
01986
03954
07003
01667
04596
02388
02359
00562
02057
04761
00811
05641
05283
03573
04940
00419
02159
06197
00399
03493
07143
07494
07587
01563
02149
07278
05788
02527
06548
04664
00086
02810
07816
06522
04413
06542
01051
03392
01305
01793
00099
05736
07879
05269
07480
02244
01659
07528
07506
07500
06334
00146
07344
02205
01007
06633
06924
01583
02761
04033
03975
03992
06652
05038
02157
05022
06829
06311
04162
05227
00729
04941
06568
00735
01355
04613
07317
03547
04417
07547
04469
05765
03996
03704
03526
02041
07580
05883
04572
04487
04707
01904
02876
00310
00332
02305
02124
05765
04739
06299
05324
01849
03108
03937
00793
01452
02509
04176
05326
03981
03643
00144
03398
02768
02215
05634
02681
03249
04917
06355
05178
00613
01694
04520
01402
05321
05108
05476
04094
04460
02867
03604
03333
07008
03041
05262
07021
07845
05909
04995
07212
02566
00440
04030
02162
03145
03937
02856
05817
06469
00723
06638
01594
06511
05226
06594
06955
02250
04755
03351
01843
03584
06153
05788
01813
06147
00032
00592
00629
04028
06893
02180
04449
00379
01912
04686
00948
00300
01747
03011
07469
02678
06664
03687
07803
07747
04983
00692
06162
00564
05630
05789
07354
02255
03288
02854
06983
00971
04965
06678
07720
02527
03419
07408
07874
03580
05760
00856
05673
04620
06192
03425
05935
07132
00042
07340
04037
05346
02292
00960
06243
06228
05743
05443
07559
06258
05701
07382
03485
04170
05489
01965
01935
05819
00377
00476
00547
00327
01383
06911
06500
04587
02810
03448
03230
00873
07677
02730
07601
01068
04310
04164
04257
00981
04493
03949
07467
01605
06040
04336
02586
02416
01147
01653
03493
04332
05841
03655
07633
00614
01645
07780
05103
05911
00439
06278
02206
01131
01903
05300
07171
07017
03081
02442
07102
04107
07464
03066
01438
00596
04956
02857
05246
01795
01427
07685
07047
01490
06083
00933
03722
07189
07194
02154
04294
04513
07176
05821
02123
04498
05806
02624
01934
01049
05152
07534
03089
02919
06928
02975
03255
02963
01843
06455
01013
01093
00645
04274
07180
05073
04813
05990
06271
06235
06395
06046
07858
02866
02701
02537
04229
02041
02541
02511
00067
01308
00677
04206
03966
04284
01618
04191
06235
06985
04463
03248
01335
00926
07598
02380
00697
05057
05437
07487
06365
07528
04619
01480
01478
01792
05318
02308
04948
05276
04492
04476
01545
05558
01814
05019
03973
00266
01285
01668
00125
02668
03597
00047
04944
01209
05709
03094
06730
02666
00256
02950
06822
07545
05198
00700
00127
03920
00954
04811
00020
07768
05636
07444
02433
06250
00812
07630
06506
06466
02261
01260
06002
06986
06909
07276
06500
05714
02378
03257
06214
02435
03606
06665
07060
00157
01932
04933
04617
04498
03426
01547
04073
00152
04832
02023
00482
06578
07411
06978
05081
05512
00159
03851
05005
05261
07403
03719
04632
06942
05994
07705
06953
00902
03855
01011
06389
04964
04262
07688
06691
03766
05314
02986
02860
03680
05004
03956
04289
04725
07810
01982
06434
03810
00334
07838
00623
00747
02142
03020
00766
04017
00292
02861
03292
06569
02858
00112
04651
06083
04899
02260
05981
06576
05746
00162
06051
01193
00473
00936
05205
06694
00843
01708
02025
06306
02174
06745
07359
03841
03691
01324
04199
03613
07212
02166
03011
05209
02920
04584
04308
02310
05711
00055
02517
04183
02957
05834
01099
03107
06321
02963
07279
03330
04400
00332
02198
02624
03908
02484
00094
04164
03358
06973
05431
04740
05018
00379
00469
03611
04217
04331
04926
00284
05875
06890
04984
03541
04453
03451
00584
00924
01754
07008
01086
03737
00642
04044
06125
02799
01986
00778
02299
00754
06871
06537
03022
03930
05071
05849
01887
03205
06913
02849
02288
05597
02882
05056
00752
00088
03828
01275
00646
00582
01444
02972
04435
03063
03448
02001
04694
04223
03090
03484
02535
03240
07117
04047
00721
00081
07446
05124
01824
05456
01100
03739
04309
05129
07108
07839
05789
07122
00071
07275
04254
03453
05373
00535
04630
01848
03572
03948
07025
07233
03000
03825
06738
00325
05733
06583
06702
06040
07555
07648
06133
04432
00929
05640
06315
02745
00142
04484
01346
07793
01097
01412
03898
06928
04515
00728
01094
02300
04432
06200
00295
05416
02846
05174
00851
06903
03239
03841
03198
06292
01291
06056
06821
05357
00305
07124
00909
05773
07366
05102
04784
05190
00784
04489
06371
03127
06258
05032
04855
06499
07657
02609
03226
00749
00134
04307
02910
06325
00527
05706
07026
05587
06388
06537
05393
00634
03540
03979
06402
04359
04766
02658
02514
06013
06382
00318
06238
04971
01056
02679
01142
02609
07203
04659
00539
04531
03227
04927
06608
07850
03445
04824
05700
05637
03433
02498
07080
02393
03158
03289
03440
02658
05074
04484
07297
05410
07716
02791
00325
02339
02251
04672
03139
00418
07497
05018
00778
06558
07870
03799
02401
07272
01236
00965
07210
06705
03679
03560
06015
03965
06958
02546
06674
00203
01836
05280
00181
01269
03834
07748
02206
01840
07298
03432
06713
03361
01589
02575
05636
01427
06017
04083
04820
00341
03377
01784
02870
01543
03860
07739
01661
04841
03385
01127
02304
05432
00150
06177
02804
05662
02923
04030
03955
05509
03513
05803
03528
00396
05033
06304
00899
04769
05047
04111
05110
04079
04872
00477
06341
02940
04723
00418
03239
04895
04807
07454
00746
00453
03887
04883
04869
00965
07641
01503
05110
06026
06893
01704
01954
06957
01326
03935
05220
03053
00389
01806
01166
03656
04877
04836
07616
03479
07228
05111
04097
01937
04340
06485
02680
06932
05636
00060
03930
04558
03298
00837
07533
02812
05132
04144
06600
00197
03327
06363
05032
03086
03824
03908
06329
03733
07195
02745
02338
03460
06563
05835
04442
03940
07752
07775
07122
03608
04467
03674
02231
06156
02679
03003
03434
05042
03881
01059
04601
01172
00642
06284
06589
04120
06569
01555
02834
04426
03120
01837
05074
07584
01081
05473
01902
00260
05442
05524
01028
07162
01542
00150
03261
06885
03635
03801
03455
02133
04897
05276
06258
06970
01061
03734
02933
05516
01911
07021
00750
06851
03118
00518
05626
02779
06125
06911
07806
06597
03703
00341
05662
04612
00785
00511
00952
01963
06492
05591
05566
03208
01374
07464
06714
06359
07601
01262
00438
01149
04783
03410
00068
04264
06414
04626
03140
06663
00831
03766
04642
03871
06075
06200
04860
01662
03310
02874
03035
01107
07312
00134
01902
05479
05031
04330
07762
05495
06478
06698
02022
05488
06599
05856
02865
06900
01843
07048
02014
02358
04100
04613
06233
05190
01514
01455
05050
05687
01031
06315
06598
00213
00628
03184
04578
04847
01584
03972
01133
04854
06227
06508
06312
06160
02029
03117
01836
05013
03175
01064
03651
05952
06659
04421
05799
06830
07359
04405
03816
00063
04339
04305
06971
01834
05432
01007
05700
03795
04850
01883
05193
05916
07822
00031
04031
07382
00317
05857
00038
00982
03216
02170
00451
01680
06596
04466
05981
01042
00615
06961
04378
01335
01990
00869
01019
04624
07831
04886
05739
05032
02899
06994
01686
06568
00225
01471
02261
05888
00053
01738
03111
05558
04835
06699
03153
02926
05572
05035
01835
04344
01778
00218
00756
00074
07305
04303
06092
02083
03023
06705
07711
01365
01910
05931
07021
07516
04501
03972
05232
03373
03691
05506
07098
04262
04372
05493
02375
04519
06857
00161
07468
01538
02640
04429
02954
04388
02963
05058
04394
00617
01210
03972
02611
00959
00384
04903
01022
05518
07058
04234
02482
04718
02458
01165
05207
02403
00554
06426
00052
05546
06718
00556
04877
03682
00069
03075
02173
02614
03832
03467
06528
04437
00661
02079
06721
03196
04943
04861
02140
07424
02639
03958
03270
07345
00070
00609
05967
02983
05210
04201
00548
03528
05188
07167
04573
07274
01224
07853
07755
00947
04481
05597
06875
05991
02652
02883
04096
02027
00070
02987
07087
04384
07457
06854
02304
07010
00836
04460
06178
05699
01545
06630
03751
02748
05476
05983
00937
04075
03514
01093
06245
04076
04277
02918
04955
04430
06398
00230
01296
07237
04937
05394
06656
01411
07328
03220
07647
06504
03067
06162
04739
03083
05732
00065
06177
02902
06943
01416
06469
00745
05063
00157
00195
05548
03012
06992
07410
03900
02368
02370
06993
03132
05188
04025
06387
06173
04236
04315
03825
04259
01219
05932
02990
00799
03210
07027
04890
02851
04504
02781
06699
06216
01827
05264
06578
06036
01126
03723
01183
04371
05950
03886
01307
07204
05288
01190
02803
04978
02853
02279
02697
00708
01357
01922
05484
06319
00074
05874
03766
01430
03428
00899
05798
05072
02486
03978
00532
02779
03000
03192
02100
06848
02484
06326
06886
06068
01340
03370
01049
00698
05754
02381
05947
07302
02780
07760
00197
00362
07303
03872
05597
00632
03886
03553
04508
07489
01215
05456
04543
00085
05153
04087
07565
07111
02806
07106
06454
04016
02313
04304
02004
02272
05664
02727
00043
05022
06888
01193
01544
04062
02022
06016
07483
07732
05966
01765
06873
07011
01839
00936
05393
05867
06145
01376
02855
05948
05203
05507
07615
04249
06397
04541
01089
03166
07263
03631
07841
01402
06949
02638
03626
00485
07175
03782
00100
00402
04016
01877
01514
06985
00922
04232
06531
06668
07396
04318
04866
04747
03740
03591
03413
00138
01014
05425
05007
06203
03575
06999
02985
01561
07108
03826
07122
04353
04033
03842
07520
06091
05573
06145
02343
00349
05380
00887
06194
02776
05167
05982
03473
03896
04633
02524
02092
01639
05795
00039
07711
00686
05504
06941
07235
03573
02603
05723
06881
00736
05569
00764
00615
03362
00119
04902
02751
00265
06084
07873
05173
01192
07889
01539
04488
00455
04098
04657
06141
00753
00077
04856
04228
02877
04369
04828
02247
02766
00909
03226
02695
05419
06168
07369
06181
04712
07501
03176
01858
01359
06739
05290
01423
06424
07162
02519
07724
02200
03963
07006
02054
04792
01967
00264
02151
04182
04219
07788
04473
00444
07255
03210
05314
07094
05300
05367
00627
01556
06356
06419
03658
05597
01793
06426
07710
03686
01811
05979
07769
07566
02431
00615
05148
03626
04213
07775
05667
04402
02114
02138
02029
02892
00615
02077
01629
07402
04229
03064
03387
06030
01286
01306
05208
03644
06790
00766
02560
03132
03195
01266
00854
06919
02919
06704
07439
02858
05403
01948
07389
04213
05526
07160
06223
00166
04364
07504
01746
06120
02749
00487
00302
03191
05530
06130
03126
03888
02977
04700
02951
07386
02790
06558
06536
03841
07003
01034
01324
05701
07622
01443
04961
06535
04550
04076
01488
07092
06258
06022
05969
01199
00426
00384
05524
02146
04608
07782
07872
01137
06632
02994
07334
04499
00969
06812
05734
05633
06574
01684
01125
04553
06621
05754
00586
04732
02103
01485
04306
04233
06698
03321
05107
03030
04841
02587
07742
05372
00200
05827
02397
01007
05237
04791
03916
01771
01938
05451
04069
06008
07510
02485
02135
06285
00916
01291
05876
00564
07773
02879
05458
04130
07095
04374
01484
01421
03890
05917
01522
03856
01383
05189
01274
06618
00345
07351
07287
02099
00903
00088
01652
02308
04317
05611
01783
05790
00239
00982
05804
04019
01696
02862
07580
00781
01073
01324
01143
04119
02264
05128
05674
03146
00476
02612
03835
07685
03595
00050
02406
05270
05420
06907
01392
07762
07760
07581
01683
00327
06459
04896
06858
04532
07352
03938
02401
06898
02692
06713
02824
03158
07261
02358
01884
01063
02840
06515
02510
03022
04885
05572
01837
01193
03575
05067
07588
06522
05891
02364
06733
05417
06823
04393
05977
00257
06924
07768
06507
01979
03341
05570
01872
03076
05659
06770
07529
01267
02609
04283
06402
01615
01229
01478
02332
04931
00914
07830
05853
04432
04705
00150
04967
06831
07707
03049
04078
01548
07085
02230
03419
05795
01143
03314
05539
07507
06427
06136
00494
00184
03769
02447
06729
04998
04964
02183
01474
01608
05128
03233
00415
00771
02092
01085
05775
03977
06640
06943
00608
01711
06651
05966
04446
05247
00654
04298
06976
02433
03513
01728
00913
02956
03792
04284
01847
07577
04874
07634
00461
04337
02614
04871
02089
04553
00014
07191
04519
06244
01881
05304
02151
06028
06894
02015
00870
07829
03011
03282
00220
07467
05288
04294
06108
05783
02804
03234
00585
06793
04286
07813
06804
02205
04126
03698
06659
07169
01280
01278
07521
01175
03478
00228
01101
05064
03785
04985
00493
02585
06925
06117
04326
01293
00941
02439
01202
06344
04095
07472
02367
06710
01482
00848
02419
03369
00354
03290
02694
06662
02213
07433
07147
02007
07831
05174
03983
06483
03205
04584
05849
03321
04968
00400
06935
00139
06372
03745
04746
07155
02532
05199
04944
00776
01440
06817
02314
01096
01446
07549
01486
05925
01395
02945
00403
01003
06277
02691
07104
00173
02166
02004
02620
00396
02612
07567
02942
03461
06593
04798
00434
04665
03935
00579
04716
03319
04565
00489
00953
05087
03196
04829
01742
03443
05248
06612
00192
01919
04579
04154
04150
04646
06912
06738
02436
03471
04022
02893
05896
06698
06168
05293
01561
04889
04541
05368
00960
06799
02105
07417
04036
04588
06654
06394
07770
04414
03357
02684
06125
01892
07461
06597
03253
03234
04183
06801
04971
07708
01621
02067
03457
06700
07756
07406
04642
04863
01533
00265
00544
00764
05619
00580
06320
03862
05771
05130
03283
00495
01942
07695
01496
05053
05916
01086
02914
03064
07794
02917
03459
06591
05633
05645
04079
02173
06019
04897
02447
01812
00219
05118
01907
07354
01428
00834
00495
05122
06775
00479
03453
03638
03247
02415
05652
