02397
00763
00498
07026
01705
05038
05532
03272
05523
01762
05784
00422
00050
06022
01854
03097
02031
02771
06287
03184
03557
01435
02717
01882
03072
03480
00511
00824
05287
03334
04549
02472
02519
02923
06763
04959
00553
00225
04692
02224
05707
03294
00534
04950
04345
02779
02332
06256
01607
02023
04425
02185
02935
04384
04844
04639
01413
03904
01633
01525
01194
04029
01400
05476
05426
02595
06932
03878
03666
01812
02043
03314
04187
06802
07016
01620
01997
05137
02538
06830
01583
03732
02577
02390
03316
03474
03152
03815
05655
01454
03170
05134
05696
06736
02405
04268
02056
00699
03013
04369
06607
05707
00917
06453
06985
05744
04021
01241
04882
05453
05836
01046
06279
01004
01848
00341
02755
03763
06916
05666
01546
04536
05094
05795
03606
00606
07092
03109
06379
03655
03822
01710
02565
00410
04569
05818
03478
05598
04186
00991
02533
01710
01005
02945
03515
01697
05316
03096
02752
00034
01161
01061
05486
05476
04158
00484
00191
06615
03928
03051
06053
03126
04139
01756
00023
05798
03840
05988
01906
04533
05596
03736
06653
02197
06809
00890
02983
00352
04843
02086
02780
04535
04095
04676
03659
06867
02216
06905
04911
00132
06134
04673
03692
06538
05716
04582
01421
04490
04325
05980
00101
00789
04272
00902
01631
03377
01666
03758
02503
00032
05424
01506
02402
02355
04761
00166
04029
00528
05418
03114
04459
00160
01774
02059
03625
02241
01538
01830
04572
03866
03506
06653
05938
05982
01528
06671
05202
00705
03058
06921
00322
06695
06051
01126
06223
00869
06792
01571
04328
00425
05634
04819
06762
03831
05859
03830
04684
04059
03359
03267
04623
01623
05548
03864
06391
03375
02054
05826
00222
01656
01429
06733
02854
03087
02089
05217
01129
02769
02892
05477
01703
05884
01846
04160
01069
01761
00966
00590
06025
04922
06529
02609
03559
00020
01494
05605
00095
00313
06649
07082
04992
03519
03449
00945
05229
01265
02584
02943
00267
02980
01457
07069
06600
01326
04585
06809
02583
02363
06039
01010
04380
00952
05391
06631
03619
05013
01110
05671
00837
01892
03189
05409
03936
05676
05623
06371
05425
00193
01546
04087
01687
00228
05634
05745
06813
03343
01824
01754
02428
02324
00225
00947
01297
00506
07033
01315
00340
06934
00913
06270
04755
03528
01139
04182
06284
04494
02026
01835
01344
04514
02489
03639
00753
04719
05163
07061
03332
06551
03669
01207
05817
01136
01281
06380
04852
05492
02504
06028
05764
03060
05695
01423
02691
03960
00385
00500
00006
01394
00060
06242
04843
00741
00399
01102
02017
04273
02613
00640
06083
00521
06314
02037
04354
04595
02047
06830
02400
06850
00270
00026
01094
05174
01415
01182
06374
02266
05053
07001
03318
03886
07050
06036
06050
03143
03983
06076
02280
07092
03104
05023
06127
07002
05777
06978
04081
04798
03262
00372
06515
06872
00317
05157
00031
06860
05145
03258
02504
00288
01854
02960
02299
04484
03776
00960
04121
02265
03569
05857
06194
01422
01500
06718
00056
07066
06168
06727
05316
02460
06507
03407
03591
01125
04512
05177
06681
06995
04907
05471
02205
04706
02084
06685
01721
02487
02225
02667
00064
02034
00598
01261
02501
05010
01864
05548
01998
04777
06330
06797
06579
02082
05693
02283
04450
00194
06967
00174
02188
01290
05159
03739
00333
04290
05355
06200
00929
06884
04074
04544
01627
01877
01624
04060
00204
04081
02333
03905
03961
00270
05755
01866
03521
07038
02582
00027
01666
03515
04042
00044
04035
06493
01542
06743
02768
01154
02019
00261
00566
04438
02415
05015
04657
06361
04941
00202
04260
06250
00683
02286
05329
02179
06940
05039
03630
01514
00976
00875
02924
04519
03805
04383
00726
04776
03655
04913
04938
03416
00584
04367
02520
00169
00647
01654
01136
02183
05876
05687
02947
04249
01833
03650
02878
02818
01095
03705
04287
06809
05867
01668
00520
02024
06252
06631
02134
01920
06163
03945
07091
06522
01115
04012
04400
06597
06455
03466
06075
05461
02823
06313
01466
03244
01950
02263
03676
04066
01942
05263
00544
01260
02589
02278
01548
01652
02076
00522
05072
06306
03510
02506
04548
04579
00519
06302
01715
01774
02838
00733
03152
05320
01802
05208
03053
06180
00986
04638
00420
04396
03328
01203
05782
01515
03272
05718
02396
05568
02666
00986
01520
06663
04605
04273
04172
03884
00672
00132
06122
04077
05408
01815
00887
06333
06792
02927
06787
02232
03433
04189
03192
03997
03409
05914
01063
06108
00390
05236
01436
03079
06185
05987
05732
03467
00622
04442
04704
02742
02575
03485
01294
04044
04792
00526
06101
00213
04502
05135
04931
03973
05044
07062
06478
03225
03311
02472
06639
05794
06329
06231
01307
03315
06922
03969
01317
02358
05383
02986
05145
06897
00769
02430
05759
05915
04695
02244
05200
00558
03114
05542
03502
03186
05678
01155
01171
03496
04405
00402
02371
00526
02193
01657
00238
00344
03911
05798
03378
02244
06271
07062
06107
07069
01368
04989
00322
00417
04324
00778
00180
03334
01397
01064
03038
02444
03595
02881
03555
01378
07074
04059
01342
03443
00125
05620
06365
01980
01177
06381
03223
03564
02192
02712
00418
00999
06149
04337
02462
02039
05228
06984
02763
04064
04327
01292
00021
06927
06785
02876
01917
06100
00688
06747
00572
06918
04478
01526
05872
02885
05140
00983
03845
01694
01122
01749
06869
05389
03820
02987
02371
03860
03347
00802
03387
01044
04385
01138
03759
02959
02801
02256
02458
03709
04118
02743
05697
03451
01351
05905
02907
05293
06717
06062
01855
04552
03706
01029
04405
06125
01441
06546
04546
04237
02892
01559
01789
05982
02877
01131
05550
03899
02649
04833
03371
04285
05167
05975
04154
02485
05609
03778
04177
05134
04002
05369
04209
04712
06468
00275
02774
04886
01968
04615
04850
04602
03671
05709
05541
05767
03016
04066
02884
02020
03613
03719
03293
02936
03289
06898
01782
03698
02183
05582
05140
04071
01528
01181
00712
06150
04671
05117
01848
01200
04706
01993
04175
07094
00509
06515
06194
01029
01239
03735
04512
00509
05441
05845
06719
01342
01519
02356
00221
04947
01858
02411
00190
05192
04668
00745
00930
02663
05671
04694
05451
06995
01173
05788
01785
02387
05810
02280
06958
04366
03628
02547
01503
01567
01259
00969
02708
01291
02301
02177
06288
05651
04317
05701
06811
06021
05012
05614
01125
00767
04989
05273
06830
06728
01186
06445
04365
02570
02057
04573
00391
04997
00413
03165
00311
04446
05422
04293
01207
02576
05271
00030
06890
06276
02653
00242
04597
06615
05726
02931
05245
07050
05129
05980
06522
03158
05062
01891
01774
00950
06106
06795
01694
06070
06144
01662
01550
04814
05768
04835
03329
05748
01828
01951
00671
02035
00617
02921
01618
05656
00556
02612
05352
04631
05034
02537
05103
02212
05215
06079
06576
00625
00535
06296
02391
04269
06823
00125
01623
00410
01701
00177
04074
07054
00886
05135
02499
02935
00334
02142
01879
03110
02552
05074
06780
03411
03281
04533
04401
01544
02255
01856
01048
06703
04361
00025
04965
02710
05980
06578
05979
06146
00370
02704
04885
06356
01092
01534
04875
00349
00124
00752
00312
02032
04728
01264
00552
01326
02937
05232
00427
07025
03400
00746
00493
02310
03323
03098
00009
01438
04885
01210
03777
03684
04727
03608
00632
00121
04778
00492
01238
06397
00918
05765
02389
06798
05662
06091
01425
05803
03799
00815
06479
02827
03752
02034
06799
03636
06134
01131
02003
03967
04420
03513
05281
06950
06759
03509
01165
00990
06784
05186
01900
01714
04936
04743
05969
02028
01921
02230
03369
04359
05414
01723
00811
03203
04053
02364
03650
01022
06761
03396
02655
01431
04783
03289
05983
05949
01002
05931
07025
00429
04318
03024
01522
00657
06328
03603
01870
02987
06268
01325
02918
06350
00931
07019
03475
00843
02573
06062
01219
03419
00450
05193
01745
00149
05349
02105
00272
00540
02613
01922
04911
03804
02380
03373
06355
05018
04895
07054
01586
00865
04717
02777
02016
02627
01217
04522
06733
03837
03402
06066
02629
04180
05785
04997
04208
06521
06213
01370
04787
02584
04376
05566
05745
01230
01070
04049
03095
07012
04895
00810
06249
01660
06495
03185
01649
06083
04961
03328
02571
05520
05566
06740
05292
04181
02567
01826
02630
05852
02397
04514
05356
06745
02782
00723
00257
00703
04229
01685
01498
01480
01828
04252
01517
05367
01013
06842
06431
06853
03511
03876
02762
02548
01447
00667
01913
02929
06139
00714
04276
03972
01836
00676
02063
03902
04628
04784
02608
04319
01635
00632
00141
01310
04201
00708
00800
04322
04509
01067
06165
05166
00266
01412
03070
03481
05931
00927
06019
00145
05214
06331
04597
06611
02558
03065
05481
06028
03485
05119
05250
02738
05205
03070
02215
05681
03119
05321
01240
00981
05562
03797
06904
00634
06378
06706
03895
00795
05397
05637
05958
04068
03276
06239
05056
04963
06235
03716
04049
03927
01814
05430
03147
06468
05599
01508
07004
02362
06057
03245
05054
00612
01716
04811
03898
00165
05364
02408
06713
03591
06001
01548
00630
05620
02192
02747
05420
04898
00447
00766
06767
03990
04766
00790
04302
02890
00065
04001
04940
05596
01224
04931
03133
02944
05163
01125
04245
02394
00728
05300
06907
05532
00994
05188
05876
04315
04002
06823
02258
05971
01457
06842
03276
03898
00198
04175
00104
06491
01556
06598
06568
03897
02327
03186
00476
04427
00567
06959
04604
00942
00649
02307
02162
06585
02034
01266
03639
06725
04819
04719
00426
03182
03843
04188
06551
05959
02673
06733
02301
02790
05274
01950
02251
02451
01015
00672
02650
06559
01180
05323
05636
04156
03931
04793
02714
05292
03728
00977
01971
06512
06495
01283
01956
04872
02996
07097
06704
04280
01720
04368
05313
03533
03436
04722
06714
01610
01131
00631
05360
02355
06174
02582
05852
05109
00504
00742
05238
02640
01624
00414
00476
00897
06813
00275
05099
06415
03192
05948
02728
02482
02887
01472
00975
06932
04735
04849
05719
05279
04876
03348
02030
00935
03321
06394
03580
03989
02393
03934
00244
00810
00442
01872
03307
06163
06634
03958
05520
02585
03195
00502
05997
05241
04692
02057
03413
03441
01797
03923
04824
01698
02682
01339
04639
06127
04545
03566
03296
02043
00608
01001
03142
06628
00278
03832
02111
06732
03069
04070
03583
06817
01905
01018
04877
05076
00626
06639
01989
05065
03600
04789
02180
05159
06068
02384
05497
00108
02470
06931
01873
05932
04825
06230
01981
01496
02268
03117
05921
05921
00631
01385
07096
03663
03863
04620
03932
00180
03051
03213
02896
03553
05530
02714
06204
06421
06726
00371
00942
06228
01828
06608
00494
06060
02287
00051
03101
04668
03180
05083
05083
07038
05963
03689
04855
04919
05235
06633
02732
02408
06551
00505
02473
03840
00065
06854
02655
06585
03945
06848
05891
04129
04935
01030
06831
01223
03983
06906
00957
04018
01754
03183
00803
04250
00394
02028
05827
01805
00758
05216
03431
06741
00976
01137
02506
01402
02175
04678
01469
03670
04105
05435
06776
01322
00211
02335
06293
05356
04749
00421
06719
04493
00662
06116
00572
05838
01551
06715
00253
00542
03212
02026
00324
04259
03239
06735
03501
06863
02158
04750
04602
00386
06353
01832
03704
00679
00516
01646
05282
06259
03471
04754
00621
01057
03180
05958
00295
03925
02787
02183
00585
06920
03117
06314
01220
05266
06562
02097
01407
06391
01152
01988
04539
06998
03362
04602
05625
03080
03799
01617
00728
04210
04980
05394
03752
05635
02236
03406
00467
04996
03093
06814
00079
05217
07089
03612
00377
06733
05469
06600
00648
05871
01667
00195
06659
04129
00315
01747
05169
02325
02130
03792
00527
05383
02502
05829
06655
05021
02506
03620
01744
06483
02454
05789
04534
00720
06073
02305
02921
06413
02323
01620
02807
03149
03306
05932
06802
04717
06785
02541
05492
03843
03538
04011
01693
02254
03485
01175
05388
02017
06486
01835
02718
02902
06142
00063
03396
05673
01951
02388
04883
06501
00573
04097
00677
01667
06240
02393
01016
00647
06259
04982
01232
04017
01196
02659
02600
05581
06774
01528
05973
04766
01764
05903
05073
04592
02364
02198
02635
04248
05208
02150
04032
03111
01034
04351
01102
01656
06503
03958
02834
01854
03038
03544
05580
00818
02266
04912
03951
02494
02457
06956
00187
06812
01937
06612
03914
05069
04636
06321
01055
03138
03137
06158
01219
06076
06387
04194
03894
00872
04898
06349
04695
05731
00325
03076
02667
00356
01477
04792
05303
05737
00761
05243
02858
01583
05339
02991
06364
03379
00363
05359
03226
00313
01940
03413
04112
00343
07003
05513
01833
01707
01857
06125
03087
06274
05581
03434
02258
04415
01766
04257
04727
06904
01870
05452
03489
03811
05403
07036
06328
06700
03905
05934
04230
04111
06927
06849
07043
05642
06835
05222
01046
05922
05303
00955
06987
04527
02569
00594
06365
05273
05615
02295
00099
03365
06358
05189
03538
00105
07070
00369
06597
07021
04285
02276
04357
02331
06208
06821
02865
00262
03050
05800
02635
05615
06406
03465
00678
05009
04018
00088
06763
04119
04382
01609
01855
04672
03850
05448
04735
02203
05154
05229
03403
01149
07044
01571
02501
03777
05885
02758
01545
06194
01057
03394
03450
03604
04653
06035
06104
06748
00995
05131
04381
00630
04233
02967
00712
01278
03948
05011
03945
03415
06312
04733
00262
03049
06433
00405
04898
07085
00980
03187
02467
03075
05596
05309
01536
06308
00204
06223
00609
05250
01405
00041
06848
03305
05250
02730
03244
05227
02572
02660
03987
03868
03821
05679
06378
03565
01649
06359
05678
00207
01719
03701
00056
06953
00558
01321
02872
06279
00271
04260
01354
02857
02332
06313
04697
03260
06183
06237
01950
01243
03533
03896
04615
05270
04275
03767
03276
04016
04267
02789
04447
01192
03060
04094
01718
07063
00419
02107
04379
01345
03322
04143
02282
02062
05659
03150
04251
01235
03754
02593
01799
03657
05164
04851
03987
03485
02844
06352
03307
01039
00660
01551
02802
04654
01457
01425
01832
02719
02568
03913
06626
06638
01169
01218
06357
06800
04650
06470
06893
01302
05446
00541
06433
02842
02812
03813
04232
04990
00298
03682
04368
05330
01159
00585
01759
01395
05181
02143
06787
04498
06573
02491
06039
00798
01072
01965
05692
06896
01646
00579
02826
04641
00114
04641
04251
00650
05890
05174
02554
03807
04303
04553
05050
05960
02417
00426
02650
00270
03427
05091
02289
04919
02917
00215
06682
06858
05479
04899
00550
02954
02799
05014
06779
01661
05792
00002
06033
01888
06890
04530
01440
01810
03909
06863
01813
03282
04053
06720
00230
05751
06481
02954
03152
01644
06561
06672
04029
00393
04886
03348
06211
02829
01324
02967
05132
00704
01467
01052
01115
02301
00858
01909
07052
02882
00738
03565
02769
01196
05440
00582
05408
04231
02258
06715
02959
04985
03168
06678
02494
02871
06229
06341
01127
05402
05754
06094
02200
00324
06854
05405
03838
01156
06137
03046
04720
00543
01593
05489
03002
01269
01198
04299
04404
03188
05413
05190
06615
04832
01426
03520
05378
05104
00152
02453
05959
06648
02944
01807
02489
06260
03343
01635
01105
02422
00245
02131
03973
00501
04065
06642
04697
05718
05505
00672
04942
06676
04980
07008
00702
00371
04117
05280
03069
05304
05796
06892
01462
06397
05235
04894
03245
02736
06377
03446
00561
04643
00662
03926
04075
00552
01600
03301
02453
04795
00884
02674
02837
05329
00710
06500
01259
00198
03518
00772
03630
00984
01923
00823
04228
04923
00722
02783
05145
07005
04168
01829
01789
01927
01921
00576
00281
05409
01009
03865
02659
03863
01193
03311
02363
06157
02459
00806
02630
03063
00048
06165
06079
00322
06162
04033
06841
01658
01474
00461
00616
03553
05248
04080
00168
04461
01810
06662
03728
03138
06912
03846
04397
00607
03397
02384
04870
04631
00415
02095
03752
02344
04244
06492
01638
05028
05085
00895
02254
03612
02366
06518
05652
01122
02253
02159
05445
07058
01548
06130
05268
00669
01592
06405
03661
05375
03847
05337
02511
00615
01826
01187
03456
03017
02761
05147
01864
04545
04001
02912
02398
04867
02159
04828
02115
01435
00927
06000
02281
05217
05204
03529
06493
06297
01115
02326
02514
03738
06179
03254
03913
00014
02868
03781
02422
06576
00205
01359
00429
06877
02236
00265
03078
04195
01928
01448
04066
00868
01878
02912
02202
04859
04241
01519
05867
05542
00356
00619
01593
05197
05694
03051
00850
02638
05917
01665
05382
06799
05908
05255
03352
02456
03343
03892
04364
00033
00022
04619
06997
04865
05158
03245
05875
02496
04111
00320
05385
06320
04843
00106
04453
02455
06316
02903
02360
00137
03809
01307
01777
00550
05883
03813
06890
02962
03127
00916
04246
02881
01893
06135
04692
06718
05319
04426
04449
05119
00480
06619
04192
04036
01620
01483
06886
02642
02080
01448
06624
00314
01996
05688
00626
02734
06685
01536
05944
03252
05898
04859
02547
03971
02112
04353
05026
00191
03417
06776
06850
05105
03773
02334
05624
01584
06575
02353
02940
03987
07015
06772
04790
01057
04650
03816
03477
04051
07055
04508
02451
07076
01318
04805
02440
00102
02563
00569
00404
03781
02188
03690
00660
03362
04045
05192
04925
01814
03520
04552
02492
05505
00664
03529
03281
07082
03163
01314
00743
05137
03945
00668
05362
05128
00697
01646
01744
02739
02615
02959
05094
00955
03360
06149
03254
01286
00785
04580
03571
06625
06599
05253
01213
05538
00512
03405
01595
01365
03043
00078
01859
03439
06850
04774
05839
01451
02245
00675
02303
04689
01332
02059
07028
05220
06397
02647
05941
04440
05512
02399
04673
05153
00452
02583
00223
01055
06430
04017
04998
01787
03098
06620
02817
03534
04575
03220
01456
00093
05224
06271
05497
01637
05941
04116
01517
03450
05931
03155
05940
00328
06456
04238
03144
00646
06747
06735
00866
03195
05291
00742
00227
00238
06733
04905
02537
01069
05627
06355
01499
01790
02348
00519
01695
02903
04070
01300
03131
00897
00767
00231
02559
03672
04813
02359
06436
02085
04128
02708
01899
01228
03803
04734
01585
02368
02158
03309
06108
01310
01422
01063
03776
01247
00600
06078
05884
05571
01469
05449
04380
02895
02387
04235
05950
04366
03164
00295
04197
00732
02319
05966
04261
03619
04257
00698
06690
06384
04546
03675
05865
04207
03326
05960
03257
03586
01419
02349
05696
03280
06047
02057
05073
05553
04316
02391
06818
05470
04996
01258
07042
03937
05552
06238
04060
04995
04237
03345
02132
04190
02177
05751
01876
05812
06352
03746
02012
02249
06483
02155
04495
00783
06819
02678
03085
03860
04743
02488
01305
02014
01290
03676
02804
04367
06004
04839
03689
06070
01120
00865
05160
06374
03272
00458
05346
05574
05411
03753
02930
06479
00899
01000
03034
03935
01186
00537
01630
06143
01154
04698
05034
07020
00666
05169
02787
06290
04697
02818
00195
05521
05110
03161
03342
05349
06097
03003
05750
01369
05348
05785
01079
03284
03578
05297
00908
03885
00911
02446
06546
02254
01514
00211
05470
01724
00747
03508
02459
04530
05820
02298
03354
02231
03714
06112
01858
00473
04230
03014
05480
02188
05642
06934
03867
04080
03746
02533
06969
03841
03247
06313
02162
01189
01780
04905
06707
03404
05925
06631
03140
00391
06253
00835
01374
04973
03328
03808
03051
04136
00901
01384
02612
01573
03843
00355
04233
04508
06610
05149
03822
02310
05069
06898
01154
04988
00234
06832
04452
06874
00542
03725
05333
01289
01517
01606
07020
05807
03593
01383
02534
00277
05759
02260
03847
02585
01659
04658
06163
03774
00874
03688
00986
00050
04275
05569
01973
06228
06566
04723
00889
02226
01331
01557
06459
00349
01334
03222
01259
01288
06257
05855
01731
04160
01157
03715
06872
02719
01599
05313
04043
04928
07014
00350
04421
06082
00361
06726
03241
06787
06826
02922
06555
00730
04226
01600
01262
04422
03594
05992
06419
04369
00023
06194
01882
06833
03838
04624
07023
01737
03410
01945
07041
03861
04386
05580
03107
04345
04396
00781
07048
06859
04272
02398
00329
05307
03119
06283
01634
02512
00651
00031
01701
05318
00596
02805
00694
03596
05077
00676
00952
02316
00409
00511
06375
05085
04222
04697
03437
00133
05756
07029
01127
04275
02090
00310
04243
00752
02785
01740
05966
04127
00218
02483
02064
01431
06663
00476
01489
06354
02572
02893
00596
03591
01168
06873
05647
04532
00030
05226
06418
03242
04048
01660
00725
00799
01150
04123
02805
00279
04577
01544
05363
00183
03740
02349
04832
00715
03977
05703
04913
05277
05097
01262
04590
03947
05654
05444
04834
00146
04042
04158
00026
01246
02060
04236
02204
03111
04554
00716
05132
00257
00066
03031
02669
04180
00167
06548
00681
02066
02421
05342
00971
02799
02750
00156
02103
01568
01243
02304
04740
04388
03870
00210
05542
01319
03649
06106
06682
06416
00700
03942
02111
04662
00949
04809
01824
02139
05261
02121
04892
01954
04128
01352
01850
00363
01850
00714
04909
02209
00424
04296
06881
02572
05414
04316
06561
01957
04295
02526
05516
01548
06695
00787
05718
02937
00230
04009
03140
04515
02689
04239
06516
03565
00522
06999
03656
05173
00268
03061
04774
03027
05257
05806
03217
02588
02262
07087
07051
04438
00797
06465
03570
06901
01835
00326
00402
01771
03735
05225
06832
06059
05506
06970
06585
01947
04481
03190
05567
05922
02470
02963
02285
03906
02161
03401
03095
05087
00106
00068
04136
04068
01148
00189
04111
03350
06643
02364
06242
01339
00423
02088
01785
01205
02198
02207
05472
04074
00672
04556
05788
05236
00335
04879
03391
03981
05589
04160
00140
01153
06598
00429
04317
00291
06475
04250
03717
03335
01861
02555
03458
01534
06868
05829
01927
01121
04019
02561
01188
06636
04825
04534
04407
06909
04447
00426
06047
03141
06448
04869
05364
01006
01162
02674
01281
03621
01486
01074
05394
02868
06992
05039
01154
06012
00642
04294
03326
06073
02671
03829
04593
05521
00016
01989
04139
05471
04646
05851
03857
01902
02279
04654
02370
00923
05963
00098
03436
04620
01167
04952
05603
06833
03676
03583
02707
02669
06182
03021
00261
00154
01077
06386
01031
06030
06034
02583
00337
06224
06607
01623
00717
04851
06425
01673
04080
06142
04559
01037
05590
04636
03532
05312
03759
00095
06237
03739
05644
05428
01580
03679
06402
01937
06825
04349
00691
06747
00583
01889
04789
05011
01748
05073
01280
00149
03447
02756
06184
06397
05543
05112
03660
03914
02289
01817
06732
00628
06475
01724
00609
02070
03227
01688
00463
01569
00335
06897
06380
06880
02590
03491
01575
01080
01588
06205
03892
05680
05656
06148
04195
03163
05583
05294
06265
06018
00695
05245
06120
01050
05386
01069
01983
06582
02824
01924
01529
03910
03218
00574
03086
00640
06944
02197
04063
02152
05643
01060
01820
04243
01317
00449
02769
01712
06168
01303
00502
03568
01133
00370
03676
05756
00266
00198
05564
04965
01506
00467
00895
04768
05136
01981
02689
01988
03640
01634
01972
02525
05989
02045
05197
00771
04174
04607
02401
00108
04612
05348
04065
06463
05624
03433
02408
03118
01943
03372
00030
03743
05469
02281
02479
01359
04024
01537
04570
04288
00498
02832
05724
02893
02434
03417
06349
01044
06210
06865
04168
00007
02045
03005
03388
00904
03419
05146
07080
01648
00701
06410
01609
00124
01463
05142
01295
03216
05034
03514
00616
04603
06144
04066
01541
06231
02030
02235
01951
02277
05765
05009
02998
05078
04321
06044
06527
03639
04619
01993
04187
00811
05136
05785
02751
04147
01293
01646
03564
03685
01394
05025
02424
02058
02759
03743
04451
06511
00589
06315
01563
05223
03396
05606
01415
00236
00765
02787
00932
02591
00424
06374
04478
04501
03528
00344
05702
00944
05346
00816
05166
01172
02220
02910
06396
01608
03258
01969
04804
06641
04728
05154
06994
01621
02091
00807
01063
01680
06638
01830
02841
01225
05109
05285
05517
04676
03225
04836
04746
04549
02447
03282
01988
05308
03708
06519
06194
01610
05310
02918
04558
06905
01229
06151
02779
05077
03221
03346
01929
05588
01675
00064
05873
00212
00095
00078
05224
00547
06335
00284
00609
00888
03367
07006
01023
01177
07074
05382
03329
00592
05454
05959
00447
05800
01825
01551
04122
04137
07054
05937
06935
06991
00315
06145
03192
05553
01929
01041
06254
02534
02162
02868
05741
04649
03956
03313
06555
01115
04622
05439
04046
00002
02764
03460
01128
00176
00204
04741
00515
00785
06167
05573
01147
00290
06844
02250
04219
07052
00107
01637
01581
00581
00227
00881
00397
05130
02406
01428
02832
05270
02216
02101
05228
02819
04784
06085
04396
03863
00986
03069
04295
03802
06940
02534
02301
06127
06672
00022
01365
03137
05426
02500
06487
05264
04764
00658
00097
03833
00526
01725
05150
03079
06228
05460
04111
06532
02543
01962
04926
05548
02712
00504
01365
04280
05616
03428
03383
02004
05225
02758
01710
02727
03262
04124
01377
04380
04654
01039
03098
02731
05571
05009
04368
00548
00435
05157
04735
05156
04416
02159
01637
05795
00464
05617
06653
05203
03404
06459
06787
00971
01138
05593
05458
05283
02774
03882
06198
06524
05249
01133
06427
01503
01082
01736
00120
00627
01191
04839
02560
06716
06824
05832
06998
04076
02551
03933
01456
05190
00683
01067
05530
00994
06242
04571
03286
04560
02607
00483
05024
06843
03610
01324
04784
06706
00843
04565
03324
04911
07013
03791
03751
00132
02883
06857
05829
03872
02718
01767
02484
00398
04894
02740
02280
00436
03315
00709
05465
05843
01792
06397
02245
04487
02395
02694
05469
06299
00845
00410
05676
03936
04525
02104
02139
01060
05784
04313
05309
03693
05359
05752
03683
01034
00496
03818
02813
06750
00920
03206
04679
03188
06066
00185
04190
02676
06930
01514
00203
06824
06461
03426
04258
04031
00876
02106
05261
01091
03632
04346
02640
03137
03639
06095
02273
06395
03610
01456
02060
03158
04105
05131
05913
02398
04533
03631
03739
06912
06345
05065
00041
06719
04686
01324
03660
06026
05408
02098
06708
06249
00210
05798
03732
01143
06143
05472
04468
00189
00220
05076
05442
04290
01054
02279
05250
06850
01784
03639
00103
06024
06266
02777
02027
00852
04084
03242
05071
06739
05750
03991
03900
04616
04854
04810
00338
02591
05469
02159
06094
01555
00904
00472
05863
03680
00287
00726
05918
06244
03331
05836
01940
04697
03379
01093
00886
06393
05196
06286
06359
06272
00883
05750
02345
03966
04594
00635
00637
06149
03691
01354
05203
00659
01049
00934
04111
01902
01859
04881
05157
04079
05979
06776
00092
03126
06470
03910
00613
02228
03962
06229
01680
01367
01833
04082
04051
03620
00419
00539
03859
04517
00236
04662
00337
00286
03817
00444
02366
05479
01872
01123
01296
00993
02367
06154
02380
03418
04213
05627
02944
00493
06953
05183
03449
03239
02542
04047
00075
03437
06956
06447
00570
01424
04783
00201
00322
01863
02160
03547
05815
06415
01773
06125
05926
06063
01412
01729
02315
02068
03978
05437
03027
05881
04562
06213
04408
05557
05776
06254
01184
00782
06514
05135
06059
01048
05490
05310
01025
01720
02091
00715
04275
00266
01066
05890
06103
03984
01446
06210
06823
02269
06635
02379
04979
05432
02860
01888
05851
01859
05221
00970
04495
06579
01856
04471
01318
00815
04823
06006
05494
06637
01130
01504
04518
02677
02323
00442
02036
00510
01572
04238
01130
05010
06126
03718
01635
04530
06316
06787
06051
06671
05579
04744
05935
02675
00811
04434
06515
02864
00384
04036
05602
06088
05792
06522
03452
04651
02640
01114
02712
02065
04671
05575
00657
06012
06582
03536
02179
05142
04810
01565
00675
04539
05136
02703
04868
01479
02050
01206
06901
00287
04528
02049
04816
02899
05866
05744
05316
04795
04906
04457
00859
02631
04858
00066
01740
06525
00915
00424
03892
02273
01581
02930
03440
06433
02946
05792
05254
06323
00127
03725
05109
02733
01875
00004
03500
03867
03151
00640
04072
05051
04963
00508
00777
00326
06153
04739
04742
02199
01852
05655
00001
03798
06325
06449
00867
02216
02763
02933
02277
03506
05878
01773
02575
05740
06276
02125
01411
02459
04292
05369
06762
05290
01628
05354
05631
00590
03898
05574
03353
06693
06243
02227
03062
01167
00651
05352
02122
02016
03662
06221
06682
05189
05368
06156
03687
06341
02521
02841
03687
01384
06804
06074
03811
00145
04105
05112
07096
06256
04474
06027
03871
03455
04503
00684
01595
02429
04806
02249
05525
06338
05050
02189
02856
01428
00301
05940
01597
00525
04533
03135
02258
00074
06607
04732
02002
06962
02414
03733
05468
00908
05152
05105
03785
04066
05696
03397
06289
05795
02351
05574
01506
00756
01217
02607
00812
06882
02820
04675
02180
00399
06020
00419
03748
00732
02203
03240
04393
04099
05200
06765
04136
04946
00253
01266
00135
05116
03890
01538
02283
00011
02010
04533
01163
03304
01622
05819
04060
06528
03845
04706
00445
02983
05018
04962
07027
07087
02702
05320
02390
02166
02621
02649
05702
00381
01208
06797
03008
03387
03357
01408
07037
00814
03718
05859
04313
06209
00965
00188
03834
01509
06357
00905
05840
00409
05879
04476
02933
06410
03696
04109
01598
01889
02910
03500
00328
02582
05439
03025
04173
00634
02493
01702
03452
00403
05696
00804
02872
05006
04418
05898
06861
01267
00776
06252
02565
03426
02855
04756
01521
04695
02686
02575
01192
02959
04967
02290
02178
01361
06514
06231
05622
06832
04530
06624
00279
03499
00915
03660
03452
02946
05264
02654
04082
05651
00617
06318
01179
05480
04822
01650
00348
06352
04051
03986
04838
01328
05673
04328
06674
06409
00206
05404
01211
01392
01780
05771
01858
04418
00799
06327
03136
05198
03913
02439
04360
04320
03821
02193
00263
02913
03468
04126
01181
04061
06376
04794
05822
00593
03282
01901
02762
00007
02590
01374
01176
02155
03707
02426
03317
04068
01254
05425
01097
04787
00412
04934
02851
01000
02583
02588
00629
05836
06145
01441
02828
01792
00617
03410
03733
06732
00244
03758
03150
02810
00771
06038
00216
00890
00195
05386
05045
00628
05749
00621
04175
04170
03793
04669
06451
02500
00816
02966
00177
05313
02453
04747
04061
05570
07013
03280
03271
01443
05749
06526
03572
03088
00641
00956
01024
05550
03328
02662
02109
02298
00271
06277
03378
01762
00720
02359
01817
00948
02623
04933
06211
03044
06036
06623
03956
05034
03368
04666
00368
02285
05655
06770
03050
06747
00163
01280
03088
07037
03270
00747
04721
02572
02966
05903
04797
01734
00397
04266
01356
00891
00693
05603
07098
07081
01302
04297
04414
00214
01207
00470
05223
05878
02932
02257
04495
00103
02689
05225
05360
05477
03473
07012
01189
02728
02774
04937
06494
00328
01260
03430
06432
02110
03257
05937
06623
01401
01263
02261
03810
05923
02342
00522
02541
02490
00946
00791
06719
02001
05908
02417
01580
00549
04873
06669
01206
01119
00348
04617
05455
05980
01061
03307
00065
05580
00516
02235
04910
06266
06444
03108
07029
00957
01488
02703
01014
02901
03703
04057
05807
06965
05668
05715
03459
02990
01047
06811
04587
03500
02051
03384
03673
00056
06428
04798
04720
06590
01681
05529
05927
02094
00867
06366
01062
00751
06418
03290
03990
00943
05593
00250
06758
06950
04036
04178
00946
01426
02289
01377
00036
00764
02448
05398
04327
03226
05290
00191
06900
04520
04589
03355
06245
01112
01049
02654
00748
04062
02331
00373
00409
04709
04583
04539
03916
00694
07081
06864
02477
01098
02492
05835
00126
03831
05886
02203
01211
03516
01857
02308
03837
03018
00636
03181
01057
03004
00478
04240
06938
02849
04560
00605
05130
05066
01660
03035
00885
05986
02138
03491
01964
00471
05364
01834
02432
05768
03294
01075
03695
04208
03926
01252
05024
02091
07009
01383
06540
03826
02599
03569
02733
00677
04772
01977
02890
00254
02642
05046
06738
00321
06960
02560
04674
03616
06646
02898
05350
05336
06944
01562
06056
05437
02349
07060
00452
01691
04016
00601
06151
01691
02430
00036
03755
02018
06936
00615
05141
01409
02160
01269
06178
02401
01786
00743
04596
02541
05840
00061
03421
04215
01275
01264
04706
05211
01203
01506
00133
01480
06210
03158
03565
02369
00300
01397
05099
00136
02015
05450
03419
01867
02478
06123
03785
03719
04705
03344
06290
06042
05792
04418
00811
00328
04020
02544
00972
04934
05034
04822
01583
03552
01679
06408
06016
00774
05998
06797
03202
02202
04434
06726
03339
05700
06979
02989
02248
02050
01128
02823
05732
06651
03236
01242
02086
06184
05050
02640
04924
00067
04475
05098
00595
02228
02630
06189
03521
04549
00994
05007
03458
00865
02116
04922
02190
04813
02437
01170
00914
02471
03172
03716
04689
04249
05534
04887
02670
02654
05181
05998
05460
06324
02911
05869
03400
00939
04908
05662
00236
02098
04894
00132
06593
03532
00550
04463
03736
05332
01559
02450
00555
06898
01285
01763
01535
00638
00652
00713
05681
04992
06947
02164
01105
00219
02356
00868
02002
01774
01796
04060
02325
00921
03796
02007
05734
01212
05175
06986
01569
03175
02909
03318
02479
02178
03586
00311
06060
00272
05664
00962
04397
06076
01657
05044
05574
05087
07075
06121
03030
01637
04747
01153
01172
06326
00534
02281
04838
02781
01640
05501
03529
00581
00151
03733
03919
04464
06607
04046
00901
03442
03980
06145
04873
02274
05205
04167
00649
02604
02425
01968
01903
05887
06204
07002
01340
03918
01271
03429
01976
00686
02589
03481
03371
01038
01781
02884
05210
03756
00393
00902
02433
06028
01274
02459
02218
06687
01303
06741
02984
04806
05804
06655
04441
00121
06356
06355
01686
05995
04294
05867
04112
06140
03669
04602
03848
05619
03823
02710
02700
02245
04604
03877
00930
05098
05432
06118
05350
06859
00603
04066
03576
03930
03578
02465
03520
03127
01670
03387
00734
02331
02049
04176
03294
01751
02013
03884
04480
05758
01209
03067
00346
03756
03263
04737
02818
01537
04296
05570
05271
05214
03807
05634
06761
01002
06149
05371
07025
06368
06511
03244
06923
00421
06863
02687
06247
06038
02444
06903
02811
02605
05883
06292
03791
00625
03830
00011
06370
00199
01921
03965
04793
04775
02362
00417
05359
05576
00371
00627
03403
01949
05710
06569
06387
05001
05327
04480
06710
02038
00550
02923
05996
01103
00537
03060
04531
06811
05263
02307
00986
04058
03534
05378
02734
06203
04442
03287
06265
07099
01643
03825
06102
04422
00876
00881
03556
01635
00071
05340
04487
02539
03592
05047
04953
05079
05367
05168
07014
04883
04583
06657
06406
03445
02221
06122
04492
06098
01959
04895
06184
05667
06996
03096
04579
00202
01448
04098
04079
00880
04522
00475
03354
05173
03730
06773
03476
06556
05606
04235
03225
01909
05968
00421
04473
03292
05985
03055
01066
04599
06082
01403
00364
04684
05272
00824
01081
01390
06439
02250
04240
04766
01120
02887
01100
00755
02267
01091
01597
06679
07088
05117
00547
06524
03218
01031
06372
00443
00214
01305
02861
02687
01854
00093
04353
05490
02694
04658
06132
02450
01921
06290
06662
01403
05476
03922
02248
04361
01028
00175
02066
02685
05338
06135
01376
01717
03892
03007
01459
07082
02040
06107
06239
04717
03793
05234
06930
06702
04709
04433
04580
01937
06609
03911
00735
06450
05132
02260
04654
01100
05800
02603
03317
06895
01140
01881
06797
04720
06963
06572
06882
00690
02235
03733
04714
05394
05628
04167
03612
02478
00051
04285
03270
05596
00724
04271
05225
05319
00199
06320
04931
05492
00564
05792
00964
06371
00422
02821
00608
06792
06299
05040
05284
03497
05287
01380
03277
01238
05669
00982
02300
05580
00459
05991
06677
01795
03569
03919
03393
01886
00557
03290
03510
02085
00727
01262
04785
04931
04033
03445
04283
06398
01422
03481
04802
03273
02243
05427
06569
01300
01980
05200
01383
06471
03505
04282
00333
03529
01724
06263
04398
00184
04646
00147
02359
01494
02698
06189
06620
01346
03535
02497
01510
03618
02259
00229
01549
05421
04625
03286
00049
06598
04948
03525
03084
03259
01961
01147
03398
06579
04454
00162
02490
00915
05198
03102
03767
03448
05773
01513
00491
01421
01174
07048
00807
03567
05856
06762
06566
02897
06432
03506
03589
02173
06494
06889
05529
06021
00447
00053
05689
06520
00243
04254
03443
00525
05577
01696
00960
04459
01359
02690
05132
04394
05232
00830
00804
05598
06245
02229
01860
02585
03161
00750
01429
06120
02369
06943
03704
06683
00318
01305
05089
02686
04434
06086
06398
02865
05239
01264
04888
00126
01852
05151
05288
01918
03106
05128
03509
04342
03459
07086
02269
03562
00182
04115
01558
04041
05170
03577
02395
00171
07056
05926
00215
05198
00696
01669
04267
00955
04124
03250
03607
01038
01757
02366
05367
05122
04705
01897
02464
06161
01062
00089
03411
04846
00032
06948
02283
01129
01716
02534
00286
03363
05076
06476
06381
06435
06252
05313
05049
03395
03956
02047
03467
04355
04022
06202
04485
02493
01087
02798
00643
00224
05877
03902
01595
00747
03199
05602
04456
05527
00748
02509
00251
01985
04742
03840
04913
06075
02335
06708
02354
05713
06768
04330
05750
06980
02346
00522
02733
02039
02554
04589
05853
00786
04868
06345
01644
03856
06079
03716
01686
01100
05709
05295
00516
04440
00614
00601
03790
04027
01992
05003
01712
06366
00802
00412
06071
06062
04365
01771
00244
01636
03948
05241
04774
06561
05688
01373
00317
04325
05536
00106
00163
00792
04624
01201
02710
05316
04937
02744
01217
00486
01580
04534
03200
00948
06523
01504
02663
02948
03505
05314
02526
00440
00603
07024
04567
05530
00617
03640
04909
06086
03262
01337
01485
01354
05556
06325
06657
04118
06561
04632
02709
03022
05099
05585
00497
04413
00259
03638
03292
04407
02863
00017
03171
06040
05538
04446
01183
07004
01066
05081
06169
05227
03562
01268
06152
03651
07002
03908
01157
03848
05315
03817
04798
05496
00580
02652
04417
00388
01002
03503
01700
02351
05421
00249
06723
04570
00660
01975
00846
02472
06024
05299
03005
04345
03630
01915
01358
05331
03930
04678
06029
03760
03655
06228
04672
05867
01403
03299
00710
03089
06445
01387
01967
01340
01907
03710
02537
04672
02619
03420
03124
02390
06378
01015
00181
06775
01599
05347
03153
06333
05831
00927
06274
01781
03169
04588
04423
02713
04165
04614
06793
05960
06970
05520
06519
02269
04508
02788
04162
02625
06058
04721
02894
02974
04321
03465
04452
01772
00934
00436
05988
00558
06445
04291
05456
04491
03393
03609
05732
06303
04782
00397
03114
06406
05083
06904
00946
06459
03393
05930
04822
01637
06025
05668
02167
06823
04120
00462
00587
07062
00333
02600
01856
02078
03629
04841
03051
03974
03052
00972
06055
02624
01941
03563
05221
00613
05882
01783
02663
06957
00513
03818
01053
00196
00427
06984
05923
05598
04996
06856
00274
06176
05962
03414
00140
00300
03355
04559
05819
05022
03608
04529
03302
03969
06050
06166
03577
04567
06488
00412
06986
04304
01513
00923
06890
05970
00642
05018
03671
06182
06944
03272
00117
04227
03007
00575
02024
06069
06098
02740
05739
05832
00022
04479
02027
06030
05910
01084
05335
03775
06214
04379
03956
05860
00945
06884
05982
03552
01277
00012
04990
00640
05281
01373
06032
06461
03325
03077
00772
07049
05758
03043
06172
06526
06687
04498
03145
02330
05801
06050
00655
06877
04318
04085
02308
06993
02872
05239
03793
05569
04136
05426
00556
05428
00767
01665
04046
05304
02717
05568
04321
01659
03429
05141
04034
03430
03013
03166
02264
05999
06094
05712
05417
02405
01478
01777
04110
02286
02322
00826
02307
00840
01135
04495
02509
00777
02713
07031
02784
00127
00086
02006
05641
02952
00620
02175
05385
01435
05890
05744
06849
03706
00522
00103
01304
06039
06076
05659
00747
02131
06596
03582
05864
05979
03910
05631
03202
06888
05071
05886
04298
04409
00883
01186
00167
05215
05526
03591
01704
07037
02356
01876
01942
05394
06024
07053
00554
03712
05874
02896
03949
06934
03017
01343
01623
04710
01549
03262
02130
01065
04594
01544
06208
03880
04338
02625
04132
00434
06352
02322
03716
05396
04680
03857
06137
02025
06201
06083
05849
06506
00687
03495
03247
06773
01839
04137
06661
01383
07004
02629
04393
05935
06990
06923
05025
04892
06609
02733
06178
00890
04557
03456
03849
02449
01971
02559
00430
01683
01996
01168
05417
04447
00034
05269
03894
01765
00635
00204
00842
06835
06063
05392
06812
01171
06782
00480
04814
01519
05582
04962
02232
05334
04806
03733
03343
04790
05176
04607
01080
01082
00734
06722
01420
00846
01477
02905
06036
06709
02759
03172
04830
01519
03530
03414
00598
06497
05886
00440
02491
02071
00692
05650
02394
06580
04186
01096
04106
01937
06470
04244
02523
03356
02234
02536
03352
05787
00247
05540
00447
01986
06983
01637
01684
04210
06241
00911
04283
02396
01423
00025
06656
05350
01082
02332
06893
05965
05683
04975
00909
05017
04247
02382
03019
04957
05441
01209
04839
03262
01275
02897
03890
05660
01498
03142
05821
04596
04500
01564
00623
00809
05757
00920
01421
03870
03846
06121
04351
03113
01905
04597
01825
04270
05369
02330
03404
02251
04419
02791
02927
05652
05719
04236
02114
04202
00313
05313
01326
05093
00707
02692
02139
03024
03515
05905
04221
02350
05951
01715
06682
05323
05401
06401
03566
00628
05198
05835
04195
06764
01411
00632
04832
03143
03326
00714
00033
04425
05087
04380
02876
04233
03130
04911
06838
01056
01290
03831
03909
01286
03493
00938
03238
02544
02547
01293
05408
01131
04517
04478
02971
02044
06025
06317
06596
05169
06648
00754
06718
04281
06529
01865
06922
04488
04806
02882
04476
01330
00321
02628
04601
03723
00092
00069
00470
01115
03534
03415
02767
00796
04842
03430
04925
01880
05230
05923
04009
03957
06101
05869
00781
02709
00694
03418
05422
00207
04049
06756
04046
06646
04245
01087
02545
04739
06060
06588
03578
00573
05378
01936
05158
02561
01276
00596
05899
00016
04674
05124
05080
02311
02981
03709
00783
03414
03655
03844
02826
05205
00364
05158
02666
02595
04401
05435
00580
03328
03908
06016
01098
02254
05592
02208
02166
05432
06897
01974
01775
03176
01460
02189
03973
06515
00644
00153
05867
04744
05011
04047
04131
02854
03768
04911
02678
05318
02634
05586
06544
02268
04642
00188
04874
03150
05752
00011
03087
06356
03888
00527
02804
02447
00053
04789
01104
00490
04274
02083
06129
03778
00707
03607
06188
06418
03879
05404
06862
06595
01308
06918
05159
03809
02021
04092
05139
03508
06093
04205
03892
06205
00653
00788
02883
06470
06092
05730
03788
00302
03359
06135
04601
05189
06882
03576
04900
03753
00518
03244
00996
03005
02821
01052
01501
04711
04429
00745
05112
02724
01164
02402
05551
00075
04928
06784
04291
05273
02885
05739
01843
00061
00887
02653
06732
01505
00889
06610
00198
04951
03598
03571
06850
02341
04336
05337
03676
05148
06498
03522
06210
03512
04228
02630
06734
04351
00225
07008
03652
00175
00746
03092
01223
05466
01726
00010
00181
03989
06848
05409
05767
02749
05461
07086
05460
05158
01791
06843
05654
05821
03041
01676
05831
02930
02542
01593
01426
03779
01780
04054
05370
03493
02876
05348
01788
01749
03900
03278
04348
05774
01050
01360
02567
03213
04885
00488
01428
06385
03946
02867
04669
01275
00148
03166
01741
06303
05485
03766
00619
06721
04457
01541
03386
00442
01302
00208
06728
01766
06869
06572
00474
00279
04911
03577
04426
05513
03728
01753
04996
06142
05814
05776
05791
00572
00028
06929
06599
03250
02266
05019
02312
06004
04484
00802
00547
02564
01517
02241
02281
03729
04241
03036
06938
01457
05688
05190
06979
02060
01080
04750
00539
06749
06795
03996
06896
05238
05329
00440
00514
02104
00708
00298
06086
01700
05445
04980
00973
05728
00920
01929
00564
04343
00792
02623
05100
06132
06309
00493
05875
06038
06711
07091
04461
00277
00588
06406
02258
00352
03687
04987
04509
01489
05236
01076
05398
00917
01132
03464
03108
04781
05893
00733
06441
06574
03778
05836
04668
05232
00349
00636
00766
06395
06183
05894
06467
02743
04526
00889
06691
01699
04018
03831
06608
02432
04941
02209
02941
04043
03717
03293
02489
04857
05508
06289
05100
04936
01832
00083
04839
03240
00249
00916
02440
03572
01242
04362
03672
01150
00840
04215
06236
06937
06783
03067
01531
00650
02676
05010
06782
01283
06184
02359
05135
03933
06410
02449
01272
04756
01124
04293
03072
02157
02648
04029
07072
02315
02894
01272
06744
00119
03571
06170
02209
06071
04488
04187
00667
01307
05753
00485
06948
00468
04485
04911
01162
00860
02398
00365
01467
03738
05903
01033
06343
00574
02699
02215
05264
05298
02994
02454
00331
05910
00482
04032
04718
05074
02182
06088
02086
02990
04111
01691
04810
02281
06492
04820
02167
06071
01545
05185
04427
04678
02946
06156
00365
03309
05337
03806
05058
00136
05421
06447
03930
03735
03378
00451
02094
00489
02858
00322
03267
04980
01374
00139
04061
06556
05538
03239
03941
00078
05659
05564
06829
05077
04183
03829
04461
03751
05207
05074
04343
01377
04137
03016
04064
01081
05886
00192
06774
01264
06966
03303
00619
04421
02955
03983
01529
00257
04445
05179
01188
04589
01639
03552
01780
06745
04599
02056
04679
05179
01268
06278
02186
06161
02145
05696
