00528
04394
06497
05497
01517
02803
03574
01727
06302
04100
06529
04147
03027
07498
05639
00811
02775
01440
00580
01669
01015
06961
06119
04399
01924
05143
04906
03417
00129
04675
06330
00641
01365
04251
02158
04481
04973
07197
03579
02333
03985
07149
05111
02200
04357
02758
06985
06421
00544
02711
03047
03955
06629
06930
00959
06974
05603
02843
02785
05585
03951
01006
01309
01420
05288
01298
04442
02510
07011
03989
03606
02757
06276
03053
00301
04547
00601
05461
06253
06953
04686
04078
02488
04084
06151
00662
05026
03771
02651
06775
02762
05108
02650
03634
00684
06470
02529
04654
04304
06416
06221
05875
04614
06813
01226
06287
02854
04184
00235
04023
05884
01532
03820
02169
00166
02168
02188
03155
00409
06928
02373
02028
03432
05083
06229
02407
04055
01842
06630
04928
00262
05251
02921
04179
04032
02379
07312
02464
03115
05970
01472
02209
05489
03293
00056
03295
06536
07434
03236
00347
02463
07324
06356
04114
01677
04922
02215
00725
01323
05169
07029
01027
05850
04706
04306
00021
04139
02154
01990
00547
04897
05906
00366
04285
00861
01888
05156
06397
00127
03391
05583
05620
04848
05127
03033
04776
00656
03304
05038
03356
06044
02985
07443
07320
04706
02126
04772
03765
06036
05183
03852
05005
01018
00512
06779
03864
01251
03757
02052
06302
04416
05975
04197
04613
04913
06726
04584
00535
00580
02478
02610
03976
05060
07369
00291
04138
03608
03859
00596
03703
02778
03913
01837
01073
02739
04004
07382
01338
01747
04877
05285
03334
04853
06786
05775
00321
04769
06836
02625
02218
00771
06141
01277
02702
02462
03845
03874
02406
03681
07461
06944
00595
06005
03160
01158
03528
06184
00981
01110
05408
04534
05535
05435
00867
03483
03491
05031
04834
04401
03961
03203
06006
05839
00754
01964
00232
03459
00714
04452
02556
00909
02591
07082
02721
01942
00964
06814
00942
05157
02652
02406
05576
03283
06103
02686
04014
01490
07080
00119
05527
02224
00417
02467
04926
06270
06064
04348
00711
03741
04219
06072
06495
03532
01890
06609
03754
03720
03238
04434
00946
03857
03366
05619
05347
03727
00298
05733
02910
00406
00131
01210
02491
01530
04561
02456
02807
05754
06341
02220
05588
01247
00024
00839
02231
03070
06974
02597
05936
01392
01528
07354
06108
07342
00344
01394
01670
03381
04919
07325
06020
02806
02269
06724
00296
01884
04876
02695
00032
05092
02715
06812
06929
05306
02414
05449
07365
07302
04947
06410
01288
02525
04705
04058
03189
06679
01361
03808
00283
05689
00522
02441
02179
01132
03061
00965
00569
02141
04582
04280
00810
02848
00492
00848
00056
00769
03039
00257
01589
05526
02737
02772
00415
05003
00310
03081
03009
01235
06223
03203
06091
06560
00255
04458
02657
04031
02025
07106
00802
04033
07288
01858
04872
05606
06824
04128
05423
01193
01857
03800
05758
03801
00187
02316
01427
05691
00453
01311
06527
04183
03903
06473
00459
03230
04295
02396
02078
05826
05539
01781
00943
06026
03161
02494
01171
04242
05997
01193
04823
06813
06260
05533
06045
00586
01586
01524
02493
04744
06345
02994
01944
02636
06925
01273
05417
00925
06833
05614
01547
03919
05664
02664
00059
06917
04257
00740
07078
01352
03369
03629
06225
00825
01042
03338
03997
01222
02302
03326
02334
00175
03190
02000
05179
05920
03281
05463
00411
00303
05221
04186
00203
05456
01276
02186
03624
02704
01312
04240
07490
00027
03093
05610
05096
07350
01365
04853
02215
03334
00539
07301
04544
00027
06965
06694
02649
04712
04535
02908
01487
02276
00519
07453
02311
04030
02787
01459
03037
01146
04283
06281
02343
05753
05429
07107
05107
03719
06752
00338
07414
04392
03868
02909
04129
00544
01952
00359
03773
02160
06786
07202
02287
05167
05940
00642
00199
07405
00740
01087
00362
07168
03813
03139
03624
02352
01889
01892
00528
03429
06936
00310
06147
03853
02566
07334
02655
07359
06322
07128
06800
03696
02211
01431
03626
06020
01159
04983
01046
01213
02864
02862
03007
01169
06042
00464
00593
06186
04368
05589
05289
04971
04683
00849
03981
06025
05837
05329
04396
03615
05344
06381
05637
06748
03946
00570
05819
06864
06413
01096
07024
05238
06607
03480
07060
02889
01583
03914
00315
03325
05832
00527
07392
00589
07435
04423
04429
03808
07341
04156
01982
03817
00028
01013
05817
03400
03766
02699
05420
04998
01516
00891
02934
03908
05613
01974
00773
07113
03319
02821
00582
06458
04907
06660
00596
03748
05848
03663
02966
07477
03202
04849
05267
04408
01225
02365
01263
03691
00817
05694
03672
00330
04466
04678
05636
02283
06069
06203
00554
04924
06130
06219
01797
06329
03054
02946
00836
02135
06016
04970
00929
05898
06819
04991
03753
05076
00707
00497
07488
04903
01857
00431
02082
07477
06518
00586
02737
00102
07200
01635
03256
03079
06868
07294
06125
03110
06180
04172
01486
07287
00165
04199
06797
03390
06569
00850
05142
02402
06570
03420
03092
03518
04779
00618
06884
01875
00497
05002
00374
07071
04870
02834
04413
02653
05110
00138
04781
05549
05182
03314
00429
04875
04178
05012
00875
04560
02808
06038
04537
00506
05403
06347
04450
03838
01551
01844
06145
00451
01730
06259
03486
06812
06091
00960
03190
04046
04083
04057
03330
03366
06545
05220
05241
03376
01988
05450
03839
03314
02152
04391
04969
00466
00337
02726
01946
02917
05448
01512
03601
02457
01805
01849
06614
05303
00291
06606
03479
00115
05151
05088
02291
06609
04899
00894
06334
05364
04637
03612
00236
03394
01672
02338
03180
04372
02957
02052
01689
03992
01288
03862
07384
00805
02122
05843
06501
06622
02633
00198
02240
04308
01863
00910
07105
03461
02200
03645
02056
00970
02887
06596
01670
00477
01314
04617
01381
01048
05349
02914
02087
02099
01909
00010
04986
01880
06209
02066
02796
02850
06802
01390
00554
02871
04441
05041
04887
01772
04070
05627
02087
07471
03421
04439
02362
00391
03928
04082
06700
00465
05199
02275
01443
03382
01716
05164
00415
02742
03519
06602
00354
03171
00578
00477
04819
04438
07364
03282
00006
04568
02135
06126
02662
02945
02984
00364
01152
04088
06031
04440
00740
04223
00691
04917
02173
07413
01800
06804
04219
06805
03212
07330
00788
02657
05137
05283
02760
06105
06969
04457
06653
02407
05096
04005
06447
04704
04563
03108
03047
01040
04418
01747
05191
03975
04395
03985
00430
02384
05439
03483
03126
07324
04546
02467
05414
06484
05791
05484
06874
01555
03102
05885
00977
01799
03905
01360
01453
01447
05558
01175
02880
03775
00467
06267
02216
03008
03861
06706
06402
00606
06115
04255
02552
03524
03487
06668
01091
07068
00507
00508
04643
03716
03489
02423
01562
06417
00053
07083
03740
04190
07257
02405
02842
01525
06440
05249
02247
00034
03556
00586
01576
03313
04769
02178
00893
03071
02190
01547
00779
02781
07294
03652
05589
05073
01209
00154
01023
05601
04866
02035
02609
07462
02573
05881
01110
03918
05018
04715
01152
07082
00196
03430
03977
05688
06869
02415
02017
06981
01667
02602
05227
04790
02552
01938
06026
00953
07387
02172
01692
03271
05622
00478
03550
04682
07049
01651
01643
03857
01445
02379
05747
03036
04226
07166
04012
00994
06002
06042
05152
00984
04835
04749
04911
01221
00508
04696
04588
00677
06177
00767
03974
01643
03630
01570
00860
04346
00093
07177
03798
04504
02952
02604
04704
00334
00497
00273
05386
00216
02166
04000
00066
02131
03272
01637
05274
00660
04236
01117
04025
01271
04226
06839
03049
03461
06962
00758
00715
02359
06905
01257
00334
07457
04784
04046
04895
01786
00101
00508
02439
05718
06495
04571
03087
02163
04445
01798
03980
00005
02010
04237
04923
05606
00734
04365
03376
06532
00009
04882
04443
01317
03538
00224
03756
06341
01073
01105
06704
06408
00178
05358
05993
02713
01102
01293
06195
01342
06203
07236
03482
01726
01323
01604
04824
05996
06934
03305
00068
03466
06149
05706
02464
04918
04819
06817
00843
05496
03387
04738
07427
01803
07249
06368
05635
01175
01910
02629
01471
04248
01420
07294
06824
06828
04463
02163
05342
02357
04061
04255
02244
03173
05464
03834
01131
05761
04185
00381
06460
01443
05150
04451
01805
02663
06021
06602
06435
02049
06801
04906
06317
03320
07199
04833
00317
06947
01541
03676
02180
04353
02715
03834
03664
03927
00987
06595
01382
00143
05226
02780
04611
07360
06233
05530
01992
00197
04963
06848
03257
02342
05733
05747
04322
02826
01308
05108
00730
03567
04887
05017
03953
02885
04896
00134
01162
04866
02905
00236
05710
00850
02724
01653
01475
03911
01254
06370
05073
02752
05997
06977
07090
00736
03143
01693
03911
05234
01507
05276
01718
01584
04531
05345
04463
06313
01077
06533
04659
01431
04324
00476
05716
06613
02818
00669
06024
05866
03855
03134
05420
03441
04281
06657
03674
06802
00227
03225
06890
03346
00133
06601
00306
07410
06618
05448
06873
00483
07321
06785
02774
07078
05934
04669
06694
05825
02461
01044
03843
03096
03548
01413
03573
04367
00342
04538
01656
06959
07329
05736
05404
02327
04077
03027
02813
02036
04999
05234
07083
02886
03512
01523
03648
04123
05224
05019
02817
03361
05788
04981
01564
01761
01783
02768
00581
01374
04189
05966
02176
03841
02976
04440
07022
04883
05636
02861
00092
00604
01160
05068
05360
04863
07447
00626
03056
05130
03910
00908
00826
04282
01991
06937
03894
06300
03066
01660
06766
02823
06856
03774
03643
01370
04373
03291
00522
00305
04492
05472
06394
00908
01179
03868
07166
05048
06793
03219
02400
05315
01867
07085
00127
01051
02074
01676
00802
05795
05726
02338
04733
01997
06757
04025
00105
06236
00280
05528
06378
02602
04423
05891
04104
04026
02709
02816
02644
05857
02578
03670
04724
01642
06456
00419
01206
06484
05961
02573
03695
04372
03671
01633
03023
07189
05764
03400
07313
05001
04609
05195
00432
07177
01137
00043
06362
05764
00010
03983
07398
03165
01234
00826
05217
03955
06306
01489
03345
03662
06525
02861
01834
07004
05693
03285
02446
02914
03611
02359
04476
04906
03555
04073
04774
05234
04832
03416
07031
04899
07237
06609
02880
05324
03910
05552
05943
04281
06174
01306
00586
04476
01337
07195
00034
06035
07455
06818
01112
07452
01224
02237
01813
04235
03244
06536
06806
06122
03158
00561
00727
05275
06884
04582
05026
02730
06021
01296
01345
04526
04315
03893
01128
07235
00322
06701
01400
03913
02991
01388
01591
03280
04654
00011
02985
00352
04962
00650
00514
06661
01514
06151
03839
05836
03637
04674
03652
02472
04479
07421
01295
02944
03208
06199
05706
03514
00187
05816
06755
07190
02527
06351
05425
03009
01666
01125
03935
05749
06445
02442
04165
04149
04364
05434
07087
03042
00485
06722
01782
06030
05977
03200
05858
00896
06644
04501
05898
02841
03812
07163
04640
07134
06176
07136
02268
03832
00006
04502
06608
00281
06979
02304
04670
06028
04713
01729
03002
05937
01184
01116
05404
01851
04834
04237
03134
04735
04040
06252
02619
06909
01213
05428
03414
07145
00637
06482
04082
04768
02584
01031
05024
04454
06171
03964
01295
04698
00456
05010
04337
03677
02469
06150
01806
04295
02234
05903
05450
03579
02244
03730
05904
04449
04110
03328
02038
02803
00080
05652
05237
03566
02851
00252
00077
06391
07156
03618
01887
04398
02825
01702
00631
03949
02301
03743
03672
05287
01453
00687
01263
06209
03627
07417
03459
06786
04572
04295
00587
00071
02739
04664
06799
00461
01200
00644
06906
05263
00775
01098
01978
01156
05893
03564
00376
05947
01832
06859
04538
00038
01772
02221
02496
00809
02823
03664
06911
06015
01114
01292
06002
00447
07231
03354
00167
02329
03606
01972
06713
02999
02619
03701
03575
04389
01814
06142
06674
03897
00906
06786
07433
05148
02358
05312
03610
02678
05278
01475
01632
05545
06581
02896
03795
03061
01139
04852
06168
00866
04321
05692
07182
02856
00722
03198
01136
03456
04506
00976
05854
04129
05803
01901
05283
02998
00855
01713
07256
01686
03921
04811
03042
01578
00571
00706
01597
05951
05261
00235
02036
04734
07293
04303
04574
05860
07390
03749
02100
05946
00133
04152
07227
02361
05642
02110
01065
06627
00184
00540
01995
02892
01903
05274
03313
07497
06150
05783
06448
02927
05939
04024
06534
07154
02323
01470
01981
04324
01556
01110
01367
04154
01841
05192
02343
00474
05496
01671
04515
07132
03155
05168
01470
06171
07230
00734
01980
05531
04418
01007
05278
03338
03594
06262
05062
00516
00074
06085
01358
05524
02364
05241
00057
01124
00164
01108
03702
05392
05049
07275
04526
03360
04283
02894
00978
01105
00224
06086
06013
00802
05581
02257
06544
01208
05898
01393
05208
00279
07358
01691
00366
00560
06102
04414
07138
05905
03201
03217
00609
01703
03429
03438
02364
00144
00013
01070
00698
02956
03290
01633
06491
04334
05877
02075
00356
05377
01531
00681
00924
06828
06556
07021
02780
01420
02561
04942
05670
05864
03081
05051
04871
05655
06679
05992
05578
05183
00215
03299
01191
04733
06956
04022
03798
04782
02265
04842
07378
07465
07308
03110
02021
04946
01046
06278
06620
05927
02907
05591
05233
00518
03350
00410
01561
07480
04849
02061
01909
06557
01531
04406
03721
04932
03950
02690
05906
04754
04325
01545
02969
03336
03518
02328
07421
04478
03554
07424
05852
06099
03934
07215
00655
03158
02646
05137
04007
06574
02533
04774
03551
01391
05228
05666
00214
05009
06523
04418
07136
02527
02450
06046
03970
04349
00333
06944
01015
01443
05248
04336
05537
02826
00802
01989
00776
07104
05237
06205
01752
01432
04572
01346
05078
06904
06163
01517
03257
00036
02216
06839
04062
06668
00659
00942
05308
05150
04597
02733
02711
00081
05914
00553
06182
03434
04733
03145
04532
02257
04601
05058
00044
02648
01553
06028
05892
07208
04370
02672
02196
06049
02385
00520
01085
06389
04028
02104
00808
00629
07409
05571
07017
07165
05302
02085
06117
01837
01341
01204
01999
05864
05980
07319
04792
01120
01082
05970
01215
05936
02684
05318
01452
06652
03302
02032
02405
05419
06686
07313
06117
07412
01959
02630
04509
01294
02499
01481
07130
06244
02791
00492
04722
05146
00605
04669
05604
03870
06889
04363
05841
05428
00497
04817
03384
03889
04814
00797
06362
05862
07123
02509
04892
00585
06001
05574
05099
00276
02014
03597
05234
05608
01327
00075
05795
07042
02013
04563
00035
07156
01007
00892
07172
03434
05250
06234
05860
00463
05559
00431
01720
04148
05022
02131
04397
06713
06068
05947
02836
05380
03098
00516
02580
06115
00473
03615
06735
04944
03426
04291
03830
03679
01360
00359
04127
04701
06062
00932
05534
04876
05603
06700
00372
01648
05796
00448
01654
05948
05583
04450
00742
05022
06715
03794
05665
03526
04169
05946
00658
01813
04186
01314
01960
05607
03487
01782
04181
00390
07197
05189
00815
02498
05235
05597
02800
01419
02602
00364
03074
03662
05728
05849
04894
01268
00625
07333
03125
03048
02222
01071
05485
01092
03321
00455
01677
04184
00598
07011
00144
06855
07443
00214
06913
00383
03070
04499
01037
04015
04713
04490
05975
00643
04725
07042
00704
05245
02981
01831
06579
07431
07141
06135
06158
02046
03997
06004
07235
04554
06067
03548
00179
07047
06569
04066
04828
03953
05382
04665
01548
05575
01257
02347
05885
05847
03195
05544
00456
06294
03910
00077
07011
02314
00190
01212
01150
06134
05248
03178
00340
05813
04191
06068
03589
06067
04914
05703
06183
05669
05281
05067
03103
07136
02476
04699
00333
07178
00838
04575
06775
05785
03112
05910
05142
04464
06120
05068
04666
05921
05721
00116
02076
06148
06701
06324
05056
03206
01206
02082
04187
06595
07104
06205
06679
03657
07096
04681
02871
02119
07217
04596
06399
02786
00775
06723
02948
06867
00369
06197
01980
04077
01669
05495
01504
07393
05239
06094
05167
06037
07238
03546
02928
00271
07487
02547
00549
03931
03964
01754
06298
04228
06990
00005
02113
01675
03228
03080
00524
03453
02707
01521
02446
04513
03850
03855
07279
03106
02419
01139
03254
04235
01837
02660
06037
03341
07177
06718
06243
06561
02504
01426
04487
05699
00915
03316
02966
06835
07242
05393
03078
06428
05579
05771
06370
04742
03138
06744
06898
05333
02378
01444
06933
01597
02719
05396
07006
05244
02576
01160
04511
06211
05689
02188
00445
06946
00777
02931
04120
01155
04277
01289
00436
03030
05244
01231
05506
05386
06312
05761
00516
00092
05448
00240
03744
06105
04932
03185
07444
03314
01122
01679
01199
03834
05466
01617
01961
06227
04347
00900
03444
01093
01490
03148
03963
02468
03832
02358
00728
01317
00429
05475
00634
00932
03864
02895
04291
01970
05421
02200
03614
01322
02024
01234
01373
04461
04967
05680
04634
05015
06071
06774
00307
06693
00308
05796
04662
06602
01621
05418
00214
04318
02380
03849
04876
01829
04108
02897
06538
03229
07293
07349
00305
02895
07109
04797
05116
02829
04320
05399
06341
01042
05775
00090
05087
06186
05087
00635
01378
01076
04700
05105
05955
01861
02357
04024
03817
07331
06422
07294
03901
05684
03448
06331
02165
01830
06279
01556
01567
01565
06890
02860
04493
02896
00604
03010
03194
01380
03187
03257
04370
03442
02649
02314
05030
04487
02916
05368
05149
03070
03467
06935
01052
06467
01671
03079
03589
05920
00044
05144
03628
03357
00064
04511
04527
00005
04902
05036
00814
01067
03369
04792
02916
03619
05448
00453
05165
01595
02762
06288
02970
05202
04798
01367
03111
07417
06581
05645
01614
02879
05241
05267
00230
03390
04378
02737
01926
04297
03189
05374
05505
02924
05812
06518
07464
05277
01356
05010
06391
02398
06258
03001
01437
00623
03797
05425
07346
04138
03178
02324
03915
04792
01554
03439
02848
07111
07189
01394
04939
02859
03792
02582
02570
02819
02752
05927
02719
05619
06926
05909
03143
01430
01920
01819
03764
02465
02642
07243
01781
06690
06378
00137
06164
05803
06006
04035
02084
02657
04476
04834
06570
03093
01848
03219
04184
00723
01353
02609
01276
06908
01634
06366
04967
00986
05284
04893
02463
05551
03462
00240
04348
01651
05382
04784
05975
00416
07451
04043
04705
00163
07399
01296
04225
06082
00865
06013
07145
04032
02732
04554
00704
06197
05384
01090
04002
01880
03255
04276
04181
05859
06177
04037
06243
06878
03957
03568
05329
07415
04839
05031
05479
03846
04078
01473
03771
02125
00287
01597
00324
04379
02680
01866
01299
06383
00300
07332
07228
01012
04384
07140
06207
02971
01903
02460
06031
01301
03539
03982
07437
06075
04139
03675
00286
01300
01534
01108
00902
01251
00525
05453
05952
02667
02726
01431
02360
02632
01129
06024
04549
03410
07315
04108
04652
01336
04811
05399
04506
03427
00897
04314
06660
03738
01331
05580
04425
00980
05554
02750
00575
01553
01160
01439
06151
05840
03096
04718
04883
06825
03380
03878
01021
04103
01385
03341
07341
03778
02790
02416
01457
00613
04681
04379
02337
01895
05398
01584
02538
02091
07406
06003
04497
07041
01073
02698
00784
03227
03188
02782
07161
06422
01625
04958
03975
00087
04161
05511
00545
04958
02580
00417
02776
01650
06010
00702
03374
03025
03549
04253
04128
07471
06590
06191
03228
00012
03221
06465
06579
00560
00622
07217
05114
01139
02092
01736
05105
05564
03103
00601
02389
05326
05189
01517
01228
03018
01449
03451
00715
00745
06228
01238
00699
04620
05843
02389
06753
02114
06971
02827
04056
00737
05836
04868
00529
04664
02720
04193
04458
01545
01663
05396
01301
04902
05988
04352
04455
01162
04016
04837
03905
07260
00375
02343
05995
03025
05752
06445
06344
05202
03301
01337
03423
02396
05760
04447
03627
03568
03246
01919
06970
06947
01802
04016
03784
04768
06443
01615
03815
03226
06169
03941
06867
02976
06050
04612
00760
01002
05758
02517
00304
05826
00881
07212
01188
03537
00645
02913
00827
05853
03566
01768
02058
07308
06683
04676
00070
04599
00924
00412
03074
05904
05283
04962
02174
03018
02120
03746
00934
05304
01243
02183
02970
01869
00153
05589
01478
05047
02067
00991
05158
06965
01516
01335
05132
00480
06011
06997
00368
01567
01104
00209
04161
04519
00163
00265
07030
00902
04370
06115
02130
02206
00865
01024
03253
05654
04101
03179
00783
03138
04375
03112
06051
00378
00284
06916
04345
01941
03432
07090
03530
05411
05970
03997
03113
00200
04439
06518
02206
02628
03948
03997
06598
03865
07139
05443
04630
03063
04735
00165
02807
00735
06076
00758
03539
04286
07201
04520
00329
02722
01712
01437
00499
00156
04292
02584
05365
07301
05590
07181
06138
00155
02366
05051
06071
03447
01578
07101
06560
00126
02725
02201
05928
05401
05822
02442
02985
05442
02296
06573
04888
03484
02418
02595
04159
06183
06352
02522
05172
04657
07268
07477
06568
03613
06560
03129
07297
02091
01681
03870
02684
04005
06288
05271
01187
03057
02797
02179
00162
02682
06133
04929
06946
00613
05930
01207
06743
03534
00763
00595
03892
04777
02190
02067
03689
00797
02873
07311
03040
02870
05844
01917
01266
00370
02608
07413
02336
02954
01702
06675
01325
06847
05524
01858
05204
06985
00097
01587
03971
04102
04069
03171
03407
05200
02371
05610
00315
01882
02990
07141
04833
03359
06679
03779
03025
00706
04853
01428
07283
00200
02472
02155
00115
06006
01564
02754
02384
04455
01098
02388
02158
03491
03129
06427
06123
01763
00547
01771
05434
01098
00143
00072
00450
04787
05363
05724
07493
01221
04846
02477
04384
00896
02172
01270
03920
00122
05542
06616
01599
06111
00993
00725
02057
04385
04072
02454
02731
00589
06770
04170
06665
02791
02471
03627
05972
02500
04931
05975
02167
06471
05312
01863
05867
03465
02896
01929
00915
04450
00282
04393
03414
03482
05667
00760
02551
05080
05251
06852
06414
07190
07005
00571
05249
01422
00308
05105
01624
04569
06363
06081
04443
07300
06831
01862
05493
03951
04758
06624
07104
07046
06248
01663
03415
01007
01267
00742
07105
03500
04059
05981
04422
01591
00343
05573
04853
03451
06556
03916
01456
02235
05503
02938
04384
00991
05183
06734
05512
05955
04345
03267
06204
03465
03492
05324
05411
01818
04153
01890
03842
03877
04447
06513
00462
03059
00312
01132
06970
03686
02756
04151
07349
01417
06084
06253
01830
05534
05088
05391
01309
04941
05890
05377
05267
06301
01601
04002
06895
02876
01305
04830
05011
03174
01194
01736
03394
00863
02917
01198
02835
01231
00948
06883
03412
01460
04121
03963
06098
03060
05685
03082
00136
03128
01023
04186
06184
06172
04752
01403
00741
07228
00720
06063
04596
03213
05899
06715
06874
05246
05861
05857
04233
04562
00735
01758
06047
00279
05174
01608
00148
03672
03559
00341
05030
03960
05094
01984
05916
03907
05909
06954
07343
01163
00581
00976
01128
07204
06963
04996
06441
01852
03764
00010
01028
05183
01155
00410
05572
06206
01424
00935
00659
02711
06762
04202
05729
00806
04367
00077
02522
01067
04776
02087
02515
03892
03752
03634
06759
06172
00738
01677
00673
07390
05098
07164
02579
05613
01646
02274
06201
02386
05258
05781
06428
03074
01178
03428
02815
00029
01872
03406
01067
03414
04693
02343
06171
05367
01862
05621
04902
01138
00523
03013
06129
02799
04376
01328
04126
05014
01349
04517
04272
04958
06936
06973
04558
03595
03422
04859
06014
01405
01315
02810
02902
01789
06191
01584
02709
02037
02409
06989
07316
01944
00180
00296
05549
05084
00853
01602
06522
06233
06559
04917
07204
05759
03154
05457
02882
05195
05011
06615
03968
00743
06515
06854
06840
02204
01995
01096
01435
03846
04039
03633
07190
02999
02139
07167
06809
04020
01337
04661
03023
05897
02990
01010
01640
05288
03945
02347
02471
02142
05286
05929
03903
04718
07349
02862
02428
02267
04421
07346
04840
00040
03968
04069
03964
05991
02329
05984
07421
02323
07217
05274
03280
04783
02004
03542
03814
02361
03716
05855
05638
00872
06620
07279
02437
03247
02043
03249
07411
04661
02128
02666
06707
02450
04314
00879
03277
03443
01997
06565
04589
06638
05720
05321
00745
04059
00306
07479
03217
05383
06239
07442
02062
02576
02044
03399
06080
06573
00767
07216
05532
03512
01774
04064
04846
06621
00923
04457
04326
04581
01245
02345
02570
04281
03786
05309
04368
01677
00900
01027
02272
05430
02223
02540
05408
00108
00676
07396
02466
05912
04960
02199
01840
00302
01309
06100
05528
05559
04607
06027
03362
01828
01623
07223
04974
05674
05483
04523
05662
05177
01149
02016
05873
05620
04275
05301
02940
05539
05241
04634
01481
05089
02015
03513
05963
01329
06090
06078
03909
06731
03932
00131
05954
06783
05368
04838
02082
01523
00888
05019
06557
04843
00019
04181
00231
02507
02155
05824
01697
06092
05439
00733
03475
07487
04959
03427
02551
03763
06021
02231
01768
05934
04212
01499
01665
03724
04720
06751
06006
04120
00140
06420
01133
03679
00652
01006
06110
01175
07179
07354
00987
03233
05354
01493
02167
01903
05932
01665
02607
00138
00709
05494
00007
05371
07498
04315
04128
04873
03614
06391
02954
04612
05035
01043
03133
03069
03893
00292
05506
06691
06504
05954
01439
04920
07258
02307
01185
00600
02906
02430
03985
07256
06476
04683
02593
07035
06482
02829
02718
02459
06964
04943
01791
06295
04442
03136
05946
06072
04646
00253
02094
04195
00745
07449
02053
02374
06950
03625
01252
01267
04254
05235
01714
01562
06296
02966
00394
03005
00145
04475
02124
06395
05420
06833
06659
02106
01919
05130
06340
03498
03358
05407
02424
01895
05814
04751
02740
06767
02663
01249
03910
05231
01023
03727
03845
04140
03358
03679
06258
03345
02566
02261
06961
01775
04411
00087
05699
07396
03109
06122
02145
03017
05958
06892
07431
05609
05312
04008
06344
03459
01037
02670
02570
02280
02393
03732
03594
01226
07221
03994
07145
02144
06521
01425
03746
05856
01365
02624
06123
00021
04709
04863
05256
01799
00878
01970
00847
01334
07337
04711
07094
07106
02603
07292
07476
00187
01341
03140
02630
01647
04663
01376
05543
01813
07206
03585
03858
02222
06669
03349
06328
05638
01545
05519
00327
02182
01750
04513
00432
05064
05176
00461
06850
03240
01103
04060
00832
05223
02945
07163
04501
03017
01030
00387
07400
06145
02098
05913
03658
03204
04097
02168
07476
02071
02107
05304
00070
06687
02062
02371
07450
06290
06582
06317
00487
05645
05011
01608
00834
03604
06555
03678
05562
07223
04803
05197
03524
06499
05864
01730
07354
02200
02335
04190
05973
01258
06242
02926
00718
01194
05281
01481
01061
00709
06205
04104
00558
00817
02492
02510
03446
05815
04371
01097
03878
05208
01238
03173
04795
05319
05748
06444
07353
02349
02871
06628
01145
06145
06919
07354
06983
06919
02680
05900
04070
04328
01200
00322
02846
05311
05654
01468
00096
05303
06663
03832
03936
05238
02530
04583
05181
02246
04635
01807
02035
04294
00135
02325
02262
06704
02524
05700
06780
06914
07035
06130
03179
03864
02479
02546
07348
03289
07156
05440
03524
01817
04361
01154
04745
06339
04565
05888
06526
07147
06880
01942
04453
03421
06506
00101
00630
02122
05600
02376
05041
06491
06934
05477
01753
01651
02062
03437
07315
03833
05640
05613
00774
01408
00896
05688
01576
07044
03421
04466
04051
01359
05343
05318
00747
00964
03895
02332
01567
00903
01571
02901
05607
05210
06349
00428
00400
04272
02414
03235
05944
06172
00672
02995
04262
07225
02845
00833
04534
04921
02727
01071
05994
02529
02872
01603
06248
00952
01091
06310
05835
02132
07090
06764
01390
05750
03259
06640
04984
02525
04714
00679
05183
03934
04628
04383
02896
07175
04219
01802
06255
02014
00566
01137
01804
02133
01544
00612
05485
01965
00297
04320
03736
04316
02284
06004
03229
00165
02265
05431
03482
05246
02634
06194
01519
07432
04962
03287
03772
03730
02790
04923
06150
00999
04732
02674
06561
05448
07298
04178
04337
02427
00179
05808
02849
03432
03577
04406
04317
01125
04823
02234
02560
02715
03087
06200
06236
04648
04625
02113
02774
03639
04938
05480
06283
06176
05031
06733
02670
01821
05238
01332
07037
05922
05675
05164
02609
01251
03445
04378
00609
04327
04693
05018
04151
01889
04032
04560
04079
06606
05380
04980
00750
07149
03068
00172
06163
07065
00496
00531
06765
03421
02829
03299
04376
07134
06210
05643
04914
02257
05821
06327
05122
06912
00194
00938
01340
04388
01017
01843
04496
01980
01160
07332
05685
03825
06139
03928
00850
03726
01479
05854
06799
05635
02198
02543
04999
04367
06208
01605
00407
03627
04504
06875
00435
05482
01879
05338
01409
06178
04351
07253
05806
01281
02013
00581
02613
02466
05343
02815
03923
03202
00167
00936
07045
02632
03985
01088
00605
03633
03873
02438
06332
06016
01890
04967
06305
04530
07420
01070
01243
00017
00284
02301
02969
05905
02354
05295
03515
03104
02616
05566
04582
07487
05990
07407
06105
02478
02058
03301
01943
04931
02072
04458
02772
06469
00708
01630
00687
00480
04745
04958
03739
07009
03570
05188
06390
02091
03996
01183
01508
06472
00315
04109
03256
00235
07270
03349
04481
06888
05718
07466
01212
01987
06671
06182
05253
07005
06605
03558
03702
02080
00170
07287
04475
05461
00917
01514
05597
06701
01388
06155
06770
03045
01227
04395
00321
01839
01828
00349
02155
06591
01416
01157
06405
03971
02780
03333
01746
00048
00913
00220
00010
00393
00238
06135
04937
01285
02575
01718
00513
05201
04331
01985
05218
05988
04876
06645
01108
00880
04648
04895
00405
00806
04872
00928
03742
04408
06699
01278
03463
06499
00948
07023
07442
01773
00190
02980
01807
00898
02738
01129
03627
04916
00420
06208
06949
05892
02147
03387
02802
03524
03877
00668
07481
00642
05946
02908
00230
05435
06390
01923
05668
00645
01099
06452
05398
06910
04582
00845
04499
05663
00157
05667
02914
03598
01630
05008
03649
04085
03623
00764
02826
00328
04636
02738
00609
06329
02759
06024
07485
05462
02427
01216
04033
03127
06041
03179
04219
06722
03718
01830
06867
01133
01961
02783
01347
07443
05296
02349
02468
01180
02804
02233
06493
01928
03326
01039
04355
01898
03030
06661
02436
05846
05528
06647
01142
04720
02446
03087
04397
04515
04809
02523
01013
06555
02360
06706
03229
01395
00607
02791
01756
02428
04798
03434
05862
01927
01832
05814
00725
07330
02092
06567
01251
01087
00166
01849
01651
03988
05523
00661
04467
03639
07316
01493
06952
02545
05704
07439
02729
06394
03047
01499
01715
06098
02518
03098
05770
05771
05889
00783
05218
02756
04343
00225
05685
00813
03824
05111
01652
06700
01879
01101
01369
05264
00795
06422
01336
03288
00161
07307
06942
01744
05247
07192
04207
06821
02279
01486
02089
05331
07383
06326
01165
06473
04621
06092
04950
01775
05769
03432
01285
01815
01350
06950
00304
01651
06110
05420
06840
02920
01153
03346
03985
03149
06457
04178
04850
01630
04941
04450
00725
01570
06764
01399
05980
04272
00305
04592
00616
05483
07204
03536
04054
01330
05816
00193
04352
00288
03005
02026
05602
01159
00430
02444
00898
02960
01731
01589
06491
00019
00636
04081
01025
04610
05546
02154
02030
06025
01452
02476
02228
05512
01570
01127
01892
00748
05706
01974
03792
04327
03743
02224
04673
00091
06771
03144
03592
01427
03594
06697
07129
07239
02225
01340
07203
00589
00877
01052
03483
06625
04701
01649
07248
06525
03707
07177
06925
06318
04839
00820
06873
04840
03849
04082
01673
04044
03349
01475
02631
00024
04365
03470
04638
07011
00503
06415
06479
00320
05539
02676
01019
06751
05616
00835
00224
03791
06466
00418
03254
05930
06531
01808
05150
00314
03991
03376
00905
01025
02466
03848
03760
02141
07310
03525
06993
02281
02603
07209
02950
02240
03110
04226
02714
03123
05949
01045
00331
00759
00041
05591
07115
02731
03319
01321
02164
02027
01721
00695
05283
04886
01340
00004
03651
02324
03043
00760
01678
05801
01403
01507
05452
04851
03575
04142
05903
00546
02245
01112
04638
03275
05830
01543
04960
01110
04089
02549
06686
03745
01398
01489
02158
01747
06482
01191
05195
05994
00985
03597
06748
06774
00969
00785
06572
01506
02334
06680
02848
02084
02198
01076
01085
03960
07490
03530
03982
00006
03612
05630
04509
07182
06064
03680
04554
06282
05809
02113
01740
05423
05996
01431
07217
04512
07053
03030
05043
01105
07355
03880
02784
00212
04527
04896
01854
06130
04965
00776
06087
02560
02785
06244
05545
06496
04917
01395
06179
03660
03000
05817
01944
05771
02760
00654
00188
07128
00381
01267
01448
05111
06697
04839
03591
07326
04829
03317
06260
01521
02586
00121
02025
03166
00754
01684
05485
03216
04581
03278
05613
06643
06547
07480
01676
05094
01372
06450
02073
00349
07107
03179
04939
02378
00657
05407
07477
00058
03610
06795
05293
00269
00234
00541
07274
01203
02461
06590
04253
00415
01106
04101
04888
00626
06590
06001
03514
05352
06953
04284
00708
01983
00278
01108
01178
04621
01987
00070
03038
07413
01109
06689
00561
06577
07341
04497
06123
00268
02737
01706
00778
02427
03246
03241
03392
05514
05702
03885
00502
01648
07223
01422
01641
07375
00638
07328
03446
05571
05607
01135
05187
05951
04622
00372
00301
03403
05159
02319
05549
02952
04875
03039
04147
00257
02303
01252
03665
04274
03402
03784
02367
02472
04714
05322
02636
05585
03248
01055
04918
05042
00705
07194
03750
07235
00134
03375
01993
03437
01744
02001
01410
06036
04733
05878
03254
02857
03571
02368
05020
00947
01714
03121
05810
06202
03962
04267
04033
04799
00115
04254
01999
02276
02608
07216
02236
07201
01103
06144
03480
01125
03367
01486
05932
00567
00134
00614
01800
06794
07254
02592
02699
03652
03178
06197
06095
05176
05374
05481
02732
05028
03519
03277
03092
06842
04137
07143
03381
06565
00956
01397
01231
00849
02574
01234
07089
05185
04434
01409
03151
06594
05994
06216
03179
05493
06791
07204
03452
05480
04207
04016
05885
02521
03792
06348
01667
02128
02672
00981
00601
02820
03258
01098
06157
06766
07255
07045
07267
07371
02290
03548
05211
04076
06853
00768
06820
05259
01528
01129
03496
06195
04865
00924
06248
04312
01567
06266
07460
01378
00961
07088
03932
04214
02439
00056
06166
01641
07314
03436
05225
07272
00805
03242
00475
05255
01276
02012
06198
01221
04634
04221
01497
02401
01124
01338
02113
00705
02871
02196
04488
04368
02827
01054
05523
07206
02858
05811
02831
04416
06613
03829
00318
01676
02603
03273
07468
06448
00447
01361
07122
02231
03971
07136
04527
01966
06807
04665
00788
04970
06117
01137
04062
07438
06344
00334
03260
06928
02879
01303
05196
06664
03442
07170
00032
01916
01652
06626
04109
01992
02470
05838
06474
02122
06289
02313
06855
03118
04555
06452
03750
00797
03823
05166
02207
06460
06826
06821
04360
01657
02910
04439
05328
01008
07430
00278
01778
06380
00809
06380
00911
03053
01304
00658
00855
01938
02863
02813
02053
03705
06192
01017
04805
04238
00571
06675
07203
01198
06018
01917
04592
00900
07220
03888
03384
04370
04977
06217
00048
00603
05353
01612
06845
03672
06578
02067
02178
05341
05238
07344
00324
02463
01722
03776
04522
05168
01760
03971
01529
01327
06227
02656
05086
06681
04796
02713
02860
00149
05583
00703
07017
06561
00208
04438
03560
04577
01840
01028
05689
05838
05845
04045
01728
01283
02093
04619
01929
03655
00155
05287
05162
06681
03762
00116
03716
01349
03907
04051
02242
02116
05483
04933
04447
05486
00043
06098
03211
01600
02002
01230
06970
01426
00684
02965
02330
03623
05180
04363
04163
01912
04790
05775
03933
00706
00228
03275
01556
03247
00167
03610
03613
07249
03403
07189
04237
03403
02313
03979
00919
00109
02464
04499
04875
02219
01475
05200
01854
05185
06484
07113
00146
05822
04759
06635
07022
01799
03247
01584
02284
04168
00070
02117
04403
05674
03945
06077
06835
07076
05074
03293
04027
04372
02633
01069
02714
03732
01962
02409
07299
02711
02305
07380
03572
02258
07118
06082
01199
06705
01271
07495
04234
01911
05648
05614
03732
00709
02157
05440
04245
02472
01054
00638
04968
05920
02478
06510
07385
04566
01802
07053
04010
03151
02427
05288
05651
05971
01557
06964
00745
05638
02742
05089
04452
05161
01559
01150
05221
04656
01349
03942
07239
02899
01826
04500
06670
04475
04215
04872
04330
05832
00750
06320
06426
04114
02373
00921
02984
06050
07314
00963
05695
05423
04406
01144
02288
01300
03113
00616
05526
05436
00443
03299
04669
05602
06553
01912
01440
01311
05548
04226
01995
00175
05435
03253
02972
05920
03896
01143
02088
07433
02376
02805
07226
00908
06084
03058
01676
03919
02857
07466
06442
01349
04332
06503
02927
03028
01987
02993
00634
03914
04320
02473
01834
00854
01760
01777
06571
04185
02460
07398
07277
03679
05948
06882
04689
00540
05868
06906
02083
04400
02363
05357
01789
06055
01932
05923
05617
06409
04465
05084
05097
00698
01684
03259
04450
00958
02877
01623
05116
04145
06809
06647
05493
01465
03340
02532
07489
02521
01510
03500
02528
02591
01972
02464
04012
03374
06495
00577
00671
07458
01746
05381
03885
04188
02828
01546
05254
03825
02714
03509
00802
03416
04255
01596
00755
00689
02234
04545
07053
00318
06761
01556
05765
03320
05931
03036
01171
00489
03089
02679
07065
02042
03666
05251
03225
03040
06424
02600
01480
06714
01627
05156
00770
06901
01825
05423
01706
07167
05217
00533
05127
03962
04106
00130
01001
06580
01644
05781
03777
06638
00961
04240
02091
07310
01893
01907
04094
05094
02580
02527
00255
04318
00517
04127
05464
06618
03336
05379
06368
05590
06934
02838
04195
06451
00761
01278
04415
03966
01076
05098
02431
05812
01796
05496
07489
04033
05664
04664
03139
05958
03899
01078
03979
07223
03547
02436
03091
02390
04084
07444
05640
00834
02180
06954
01666
05183
03158
00301
05517
05139
00853
03536
07264
03262
05278
04623
04707
01735
04990
05040
06813
00176
04382
04849
07172
01229
00962
04128
00451
07052
07405
03719
04293
01076
02383
00857
04404
01951
02937
02282
02514
05870
03917
05203
03925
05946
07306
07178
00986
06465
00127
07249
00203
01576
00745
02761
02305
02343
00224
04306
04533
03065
01150
06394
06457
06963
04791
00237
03872
01412
04329
04121
03450
01188
01500
00198
04609
04674
00394
04251
05384
01147
07496
01599
04686
03497
02192
04624
06368
01301
01515
07396
04049
05393
03941
02783
04123
06575
07009
06584
04990
06624
03663
00030
02173
05236
06164
03242
03541
06227
00080
00428
07318
05743
00915
04564
03109
05369
01126
06384
05876
04364
00811
01119
02758
06609
02072
06925
05223
05369
03628
03286
04659
07260
01535
01501
07159
03194
05995
06027
05612
05949
01437
00048
00577
05743
02407
05466
06297
03882
00889
05203
03893
02823
03058
04174
02528
04539
04108
05084
01208
03592
07392
04376
06163
04675
00620
02294
06520
00451
00456
01136
03859
05100
04908
07455
04715
05455
03229
02885
01013
01538
06191
05283
06851
04194
06382
05487
02981
00992
04036
06548
07108
06925
02942
00538
06813
00263
04396
05194
00332
07354
00564
06706
05837
01676
05071
05221
06193
04418
05711
04234
05114
06343
07133
03651
00954
04826
04494
03803
01070
06339
02034
02093
04734
04871
01160
02772
01346
06815
03793
05951
03663
00604
02973
03468
03707
00501
05488
04058
01204
06944
02612
00253
04160
03270
05510
01352
05602
02838
03986
06889
05497
07066
03664
00123
02218
05947
03068
00001
01261
00667
05784
06627
01053
01908
04454
07000
00105
01990
05136
07187
03314
01458
03960
04158
06846
05107
05316
06164
04511
06663
02663
07014
00926
02084
06891
07363
01292
07176
05466
02858
05783
03538
01381
01117
02638
06466
01216
02072
04814
03913
06867
07206
04565
02963
02035
05784
02024
01290
04509
01793
01761
06696
00124
05510
06008
01400
06098
05872
04212
01402
06656
00798
03839
01378
00359
04005
04966
00939
03912
07080
07098
01949
00349
04721
04543
05923
00586
00716
05079
06871
02946
03865
03373
01326
01073
06640
03924
06464
04203
06170
03962
05926
06704
04247
06718
02697
05476
03620
07309
01446
03971
04021
06462
04393
05693
02911
03398
03715
01172
00225
05967
06558
01782
06790
00977
03980
02435
00021
05374
05358
03660
06685
04306
06735
06546
01830
07279
05392
04886
00580
06519
01664
05188
04895
01238
04182
06152
01968
05124
05583
03001
06528
02555
02946
03423
05867
05610
07050
03193
01733
04900
02176
03806
00457
05824
00745
02780
01422
04435
06167
03854
01699
05289
00340
03828
00954
07285
04245
03874
06369
00863
07130
01450
05205
04812
01381
06999
04313
01636
02985
04391
04391
01557
06444
01965
02962
05036
03841
04432
00197
06149
05610
03184
04167
02397
00666
01069
04525
02224
02468
04447
06064
00045
01556
04054
05512
05517
06097
04395
00334
06275
02664
03005
06653
04583
07063
04869
00305
06270
03479
06741
01536
03114
03297
04771
04358
00956
07107
00317
06589
04242
04664
02819
01659
02904
02133
00261
06020
06006
06644
04099
02435
04188
01275
03068
01344
03706
00965
00605
03860
02767
07422
06515
01886
01074
04696
04288
06095
03846
01046
00504
00373
01972
02889
03617
05264
05219
00426
05135
00114
05533
06196
04859
05105
06105
00403
03978
03159
05199
01690
06083
02253
00525
00766
05663
01432
01936
07231
05783
02799
04112
01596
00196
06110
06237
01351
00066
06821
06721
05547
07229
00333
04787
00890
00610
01379
06243
02336
04310
03287
05386
01054
04001
02487
07333
01927
01488
05466
04884
01513
06116
02952
00584
01296
01223
03700
04834
01933
01230
01505
07352
05914
01962
00942
06411
07403
03245
00253
03151
05252
06445
07471
02278
07160
02711
03538
02243
07326
06722
07472
03575
03700
05367
02888
02116
02051
00524
02683
05126
02717
03389
01121
04875
05090
05855
02661
03719
07489
05580
03063
05279
01782
02121
00913
00607
03746
00587
00327
02932
03887
00913
06153
04481
02607
00855
06949
02242
05012
01188
07490
06766
06242
07446
03799
00474
06664
02822
04473
06287
00236
03643
03769
03105
05527
00893
00742
01338
06070
03403
06092
02154
05769
03846
00730
01521
03765
07209
07065
03068
06567
05361
01690
01693
02731
05266
07148
02877
06338
01197
01044
03476
02426
00718
05300
06711
05429
06061
02430
02407
04086
03400
05279
05530
04936
04780
06326
07048
03775
00045
07403
07208
04297
04385
03454
02908
05766
03393
07413
01812
04536
07123
04911
06977
04230
04356
06150
03775
07484
04670
06792
00165
03300
00414
02806
02481
06492
03315
04386
02153
00985
06767
04991
05920
06201
04523
06779
04707
02301
04755
01673
02822
05464
06049
02741
01303
04652
03998
03045
02067
05442
04759
07301
05497
06030
00757
04387
02137
04410
07020
03718
02793
01212
03350
02718
02786
04207
02544
01429
04597
03045
02344
06056
02641
04421
02557
02164
01538
07435
02708
01964
01009
01986
05952
00349
01174
03790
03448
04913
06464
05674
02238
00213
04827
07134
01564
01330
07036
06972
06159
03835
02902
07182
03583
04898
07400
00720
03553
06248
06937
00361
02426
06507
05035
06169
00537
04803
06257
04669
07437
00261
05036
04611
03421
00512
02784
06863
07223
02541
06472
02367
03164
04554
03359
03396
03765
04767
02955
04155
02232
05935
02940
06436
00019
03146
03515
04585
00179
07016
04361
06099
06706
03109
00551
01049
03473
02583
03483
00985
06332
04370
06924
03445
04827
01142
03568
01799
00046
05508
00958
02946
01683
00503
02680
04141
03816
05166
01128
04614
05493
02827
03231
00312
01243
07178
04027
07309
06675
06801
06625
01599
02182
06981
00031
05645
02849
02994
03196
04659
01730
01835
05282
03124
04069
03024
05957
04441
07290
04561
00405
01718
04087
03134
03790
03027
00490
06221
04798
03814
07082
02927
05109
00117
03043
00426
03824
06740
06845
00384
00815
05124
02132
01138
02837
04081
05998
05276
04598
05494
04494
06965
07032
02152
06058
06579
00627
02938
05681
00689
00190
04688
05578
00361
04208
06782
01417
04973
06853
03149
02367
04181
04511
05561
06734
03716
06916
02234
03938
00337
06308
07173
03147
07361
06284
07201
04173
02774
06218
03684
04342
05510
05737
03936
00184
05978
02765
02464
02465
02194
07061
01160
04447
03020
01117
00376
02094
02745
01407
06998
03446
06667
06174
02002
02083
03213
05009
04327
03196
04940
05638
00400
02523
03984
07450
03289
06290
04839
03657
00817
06035
03434
03804
05670
03362
04379
04364
03847
04781
07217
05030
04141
06145
06912
04981
01028
01559
05017
02579
05862
01603
05777
04811
06132
06820
04344
04748
01992
03470
05644
03576
03054
06018
03832
06714
04770
02551
05278
01717
03264
03690
05013
00173
03540
04039
05806
06328
02677
00435
03985
06029
06893
04939
02553
02282
05850
01511
03172
07013
02512
03360
07096
04573
06603
00487
02248
01754
00504
03478
05343
07227
06057
00287
03743
05321
07218
06297
02813
06296
03496
06607
04118
02489
00508
02507
01367
05543
04191
01202
04194
01400
01837
01946
05980
01485
01577
03007
07074
03386
03789
06500
00208
00899
01823
06290
01933
02896
00032
05942
04274
00640
03160
03711
05054
07478
01076
06315
04151
00885
06615
05162
03384
04613
06736
05714
05123
02595
04905
06407
04094
04457
05629
02600
05209
00708
06330
01376
05062
06643
00841
05498
05077
02901
03543
07222
03167
04756
00828
03151
05919
01789
05354
05199
03432
04052
01769
02116
02539
00311
01546
06058
07196
01259
03107
07002
02323
06056
06482
02380
07150
06923
04234
03357
01194
03358
05479
01905
06876
06431
01444
05800
04821
05298
05008
04885
03169
06564
05854
04510
05858
01562
00723
00391
05317
03404
02287
04059
06774
05835
02271
05960
02817
03042
03478
03896
07480
07012
05953
00876
02705
02931
04885
05909
00494
02136
02113
05775
04336
02519
02538
01638
04220
00092
03756
07069
03255
03532
00201
03885
02098
05038
02261
04106
01160
02969
05581
02702
04860
02539
02777
03922
06582
01476
03610
04035
05213
02109
01525
04362
01275
02888
04418
04595
01274
05108
02744
05065
03112
07375
07342
06142
04670
02308
02872
05823
06121
06153
01764
03663
06958
03382
03744
04201
05192
06914
00456
05928
03539
02422
00552
05690
03576
01447
03372
06453
02184
03107
03949
04875
06279
04597
03018
00026
01895
03958
00327
00103
02126
03388
02818
03667
03613
04821
04011
03779
00553
05113
06010
01486
00920
06578
05921
02091
01309
02488
02439
03033
04582
03752
00597
01402
02888
02363
05600
03571
01413
06756
07144
04118
07149
06556
03859
03959
05402
01621
07229
01409
05191
06957
02737
00401
02339
04010
05794
00344
05844
02499
02760
04762
04139
01636
02762
00723
06536
01363
03620
04631
02411
02253
04317
05951
05312
05327
03560
02958
01392
07062
06241
00091
06677
04363
01932
06695
04314
00837
03997
06995
06164
07356
04066
01244
05232
02502
02810
01611
03221
02814
05126
04145
02346
03458
04275
04715
06299
03411
06497
03032
04052
04439
04007
02476
02227
05877
00003
00910
00042
03393
06475
04998
01910
05167
01166
06915
02372
00479
04814
06012
05029
00692
02147
03178
00841
00214
06215
06890
02816
06562
03752
03938
06782
02116
04594
07009
01449
00524
02175
03669
01354
06038
05292
03934
05036
05317
01559
01704
07140
04239
05146
04418
00038
01417
03287
01636
04330
03277
04495
02344
02308
00134
04215
06767
00970
05435
05048
06294
06311
06972
02607
05544
02248
03313
02017
07086
07379
01324
05525
05278
03716
07277
01826
04043
01314
04518
05537
05425
01314
04933
04292
05097
04080
07038
00202
07395
07151
06761
03551
00127
03114
03574
03699
04248
03696
02377
06696
04792
02784
03961
03289
04206
07080
01841
04650
03641
04752
02169
06057
03112
01896
02971
05438
04504
01003
05449
05736
06254
02454
03217
04413
04328
02012
03268
05052
04548
04840
06079
05269
06414
06970
01704
02230
03442
00755
05704
03738
03033
