04852
06501
05494
05690
04156
06947
06949
02206
01170
05501
04964
03494
05498
05647
06583
01404
07067
03773
00097
00317
07502
04988
03347
02334
05974
03068
04469
05578
04633
04885
03074
04649
01372
00796
02701
05294
03342
04723
01762
00189
05211
04187
03352
04119
07536
04758
06818
06659
01902
01565
02564
05979
04679
06635
04995
07504
06470
00980
06309
04507
07211
05670
03640
02162
03396
03514
00127
04019
04759
01623
02342
06479
04571
07540
03990
04822
03255
06935
04932
02875
04562
02366
03732
06643
07130
05705
03884
06544
00960
06946
01123
06852
05536
05323
02920
04021
01070
03747
03726
03996
01132
01732
03637
00729
05208
00092
02004
06966
05250
07493
02114
04102
03035
03811
01253
01562
06153
06506
02513
01712
07240
01754
05426
01369
00987
07384
01125
05109
03807
00922
06048
01006
04240
00782
06978
02685
01748
01687
00309
04140
04646
01078
04288
02857
03198
07505
06585
04532
01739
05346
07176
00982
03554
03695
00950
02590
00384
00497
04836
03577
02859
03779
00936
01404
03079
01401
01827
05025
03365
04170
02222
00508
05302
02412
00002
01433
00493
03675
03334
02500
04562
03285
02451
02741
05330
05077
05876
03830
03844
05354
05001
02706
05351
03971
02171
02059
02807
04617
06186
03624
05886
01001
07393
00666
04151
03324
06987
07113
01021
06293
01999
07263
06834
04151
00983
03217
03341
07008
00111
00998
01626
04678
02744
03781
06437
05197
05180
05823
04193
01266
00780
05046
02323
07270
02501
01865
03820
02906
05985
04061
06931
04276
07497
03769
06976
02732
02312
06110
02229
04709
00299
00257
04808
00299
04821
01799
05931
01285
02479
03676
03724
01895
04316
05023
03319
07416
07147
07277
05978
05002
02726
03897
06273
01147
01591
02517
00384
05271
01433
04496
06943
05448
02508
03852
03183
05675
07523
00474
00395
03648
07048
01317
04042
05774
06480
01543
04560
06800
00520
07292
06564
05888
04174
01665
01069
05247
01101
07304
03973
00174
03776
02940
05887
07228
02839
03243
04165
04476
01991
07300
00970
04577
06524
01950
02847
00793
04666
04483
00257
03268
02065
05960
05551
04576
03951
05114
04713
04227
07455
07526
03972
03731
00143
01524
04186
01317
05343
00321
07166
02368
01909
04392
05309
05773
04078
05341
06688
05342
07071
05814
07150
04520
04601
02246
02078
01998
05835
03830
04219
03307
06338
07426
01040
06268
01931
03454
05970
03143
04872
03971
05645
05948
05473
04346
04278
00663
04530
04468
01056
01647
06003
06628
01723
02926
02629
00041
04774
01981
02471
02651
00293
02220
07272
07441
04974
00379
04599
00557
01965
05351
05463
00197
07063
03684
02542
01167
03451
06100
05117
03960
04084
02945
04681
06049
04988
02205
03064
01814
04651
00451
06695
03308
06877
02761
05544
00343
02257
04853
01593
00965
05549
02329
02111
02682
07119
06860
05298
00569
07551
02247
03169
02972
00672
07144
01159
07521
00165
02966
03397
00753
04592
05506
02815
04749
06005
06135
07379
02951
05934
07550
05395
02202
01480
02288
00052
03543
00634
00424
04447
06814
02517
01908
05045
00501
00839
05688
00831
02968
01466
03567
05363
00701
06041
03408
01618
06866
06659
04345
01183
04758
00232
03546
01626
06449
07424
05200
00842
02544
04635
02316
02138
06881
04707
07472
02298
03927
06157
07461
04678
01194
03471
03996
03619
04847
03019
06799
03670
02624
00890
04227
02911
02439
03412
01373
01346
02700
07275
00126
07462
05560
06967
03612
07110
03558
05500
03214
03622
05349
01736
03763
01983
04540
06136
06448
05227
01931
06714
03764
06845
02553
01133
07402
03335
00288
01253
02011
02287
02113
06443
04269
01467
07556
00353
05483
02905
01713
01779
05170
02187
00468
06057
06374
02336
06193
04249
05055
07502
02580
00745
07075
03659
02051
00354
06353
03995
04018
03488
06247
03348
04995
07158
05457
04413
02856
07502
06031
01877
00758
05294
02753
01632
03032
00662
06114
02267
05597
06006
04798
02465
03455
01437
00992
04230
04497
03676
02861
07456
03300
04152
04487
02710
01590
04847
02959
06113
04039
00354
02298
03343
02281
03968
06942
00902
04340
04035
02266
02965
04420
06467
05456
06758
05712
06825
03199
02768
01063
05647
06529
04521
00856
04738
05805
02169
00686
06857
07018
02058
01126
05216
03874
07003
00543
02205
06734
03155
00125
06723
00852
04818
00570
05333
02953
07571
03338
04946
04500
03518
04249
01774
03777
06043
06707
00626
00575
00593
02127
03866
05431
04204
06169
00492
06249
03740
07403
03448
03988
02906
04023
06379
02386
06646
07059
03710
03310
05179
02354
02155
00723
06740
06267
05711
05858
02105
04552
04107
03743
01985
07374
06469
02841
04603
03411
04363
07476
04536
02065
04119
02005
02735
04725
00734
06057
04564
03140
05235
02354
07523
05036
00921
07343
00406
00978
02565
01687
03014
03325
04481
02594
02191
04621
04589
03620
07132
05689
01441
01351
05217
04485
04365
06196
03399
04332
03969
01949
00513
03056
02344
07002
07278
01547
01055
00686
03016
03008
04036
03461
02825
01523
01962
03901
03437
02194
03336
04573
01058
01199
07489
02758
05835
02315
07390
05477
02133
07328
04903
05362
03345
04395
06210
04873
06352
06004
03618
01970
05725
04107
04304
04687
01203
01601
04983
05602
03983
02560
05785
03032
06113
05064
04959
05253
00604
00855
03102
04413
03021
03092
01253
06588
00264
02297
06003
01940
04925
00490
07205
00929
06474
04118
00525
04138
05882
03961
06590
06950
04603
03387
02372
03111
07517
06905
04801
01336
07127
00446
00481
05023
05811
03869
06767
05631
04425
03550
05632
02222
02010
02259
05469
03661
06851
03957
03839
02889
00161
00688
01667
01356
01955
07495
04701
04865
03387
05126
01224
01139
06047
03042
00107
02656
04044
02495
04440
05887
01738
00670
04222
07035
07466
01536
03358
02219
00187
01404
03082
06608
03549
07593
02633
06266
04173
01145
05768
04695
05646
04946
02298
06873
07257
00617
04928
04115
05915
06285
01284
01568
05533
00638
00991
03456
01329
00504
05499
02783
02456
05504
04050
02244
03632
04793
07413
01827
03067
04115
06745
06975
00539
00946
05259
00112
01369
01126
06436
01148
07060
07196
04152
00085
00215
05888
03897
04704
05491
03597
02600
03997
07436
04115
04043
03512
00352
07460
01898
01194
01697
04523
06084
00012
00884
02105
02174
04330
03410
02493
07115
00000
02588
06128
01848
06468
05755
05802
00558
06495
05205
06116
03242
05465
02636
06683
04089
05920
01568
03693
03789
06181
06821
06180
06829
07427
04079
04012
06200
06972
05898
01283
03754
03570
01606
03116
00247
03951
02207
01951
02004
05010
04426
03217
00789
05063
01340
02811
04801
05617
04053
01865
06225
00582
02793
02098
03544
07175
02399
04223
07421
05787
02643
04810
04147
05479
06966
03797
05657
00908
06901
04403
05853
00669
04887
04151
00236
00331
02143
07191
04661
03246
00338
02348
01451
07058
00162
03273
03961
04733
04793
00822
07199
07321
02258
05224
05451
05010
02352
05390
05235
07117
00530
07402
04671
01938
03566
07403
06388
06856
05242
06451
03306
03100
02699
07561
00975
05582
01508
01214
06788
02888
02480
07140
00197
05163
07178
07599
01862
00935
02729
01180
00601
07063
03162
01497
00893
01847
03125
01904
05664
01988
06786
04803
03828
00814
01924
05541
00400
00348
00563
02915
07421
06972
04088
04734
05809
03765
00465
02709
04921
00587
00228
07363
00638
00158
06080
03170
07434
01568
06799
07115
05284
00321
02280
00700
06312
05673
05986
04932
07058
00801
00002
05214
03848
03358
06997
00311
06519
05371
04521
06125
00630
01649
03013
04615
01063
06934
02458
06267
01676
03168
04897
02384
01878
01188
03187
00705
00264
02448
05239
02617
04714
01873
07350
06337
04377
00913
00219
02180
00668
00992
01095
03468
05554
03742
04177
00955
06775
00515
02922
01239
06774
07371
00269
03138
00391
02402
01237
05125
01609
03143
07178
02905
06619
02032
03299
06498
02277
04442
02287
06825
04852
05466
00511
06148
01026
05701
01547
00948
07171
03625
05029
03322
07499
04598
06778
06054
05406
06157
06612
04782
04192
01587
03212
07352
02139
06001
06861
03621
04782
02604
06324
05113
03010
03916
05460
02123
02232
06571
00599
05125
07342
01851
00046
06232
07297
00756
07321
02432
04045
04842
02130
02479
03487
04167
06451
07001
02075
03834
05880
05756
07001
06667
06383
02697
04618
01657
04524
07571
05417
01859
06825
04723
03981
00303
02043
06902
05435
06570
03583
06388
04104
02509
06547
06429
06108
04824
00674
03313
01025
00957
02455
06796
03419
00876
01459
02125
01218
00055
06489
01794
06410
00145
04742
07426
03284
04888
02382
01990
02813
07147
06081
01877
05732
03145
00541
06186
06297
02377
06685
03988
04625
04528
03007
04426
04566
03666
06868
07401
07275
00600
03104
05883
03661
00362
07073
00374
00853
04809
01820
06558
01115
06987
07426
02023
02900
06308
03458
03356
01548
00766
04569
04501
00814
04149
02436
02857
04815
02498
01110
04016
06859
05313
02245
06610
02120
01873
05662
05634
01639
05351
07321
04289
05721
01247
01639
03168
07405
00609
00839
04886
04295
02620
07129
02585
00717
03505
05562
05261
03819
00319
01038
04406
04038
00422
03275
06140
06461
00122
05009
03226
00300
01078
01512
01379
02571
02522
02531
03394
03203
00467
03440
03387
00624
02246
00369
03396
00737
05609
00340
00682
03180
00509
06862
03105
03327
00043
06919
01867
06242
03290
06543
01780
07240
06923
01215
01096
02469
06993
00297
00162
02153
00656
00529
06402
03321
04449
06069
04953
03391
05455
05176
06164
06984
07409
04972
04915
04635
05396
01261
06517
04138
02148
07115
02418
00608
06232
05008
02340
00507
07047
05760
04067
05731
00970
02493
02236
02936
01360
01050
03357
07578
02600
00136
01279
05281
04110
04380
00912
02285
07381
07025
01773
00328
04301
03530
03753
05336
00209
07072
04700
02273
02753
06473
01962
04070
01239
07594
03054
04016
00647
03475
01075
00855
03192
03544
04880
02061
03097
07281
04238
06010
00738
06471
01223
04770
07208
03038
05980
01443
02620
00178
00818
04619
02417
02106
03947
03094
02905
03914
04621
07172
05451
03396
01857
00809
01826
05486
06778
00750
00901
06303
04751
04694
04350
00626
00583
06139
07290
05277
06160
03014
06028
01580
00156
02989
06142
05142
00937
02758
07157
01329
07307
05834
04287
05042
06616
07109
00556
04492
01808
01578
04294
00250
06151
04500
05999
06088
01329
06134
05078
06026
03081
00900
01797
01616
04157
03227
04665
04498
06233
01947
07311
03285
03422
04037
03224
01792
01455
00559
04969
05576
00296
00100
01905
05350
00828
04120
03015
01291
01017
02857
05040
04250
05754
00098
01242
01523
05081
01113
01304
05840
01375
00728
04475
05048
06665
00681
03033
04850
03384
05610
06972
06659
06854
01775
07370
01400
02144
06663
04860
02879
05908
04167
03197
05408
06424
03795
00081
05801
00708
04379
02271
03766
06750
02402
05933
04496
04928
01641
05510
01196
06200
02938
06763
05844
07420
02993
03747
03395
07511
02996
01616
06106
02677
00596
03872
01056
03719
01548
04828
04982
04931
00437
04401
07095
02635
01772
02520
04655
00824
05947
00676
01795
00707
03492
03672
01134
05487
03469
07042
00972
04615
06276
04872
06718
00784
03492
00125
02110
02634
02272
05904
02061
03720
04460
04466
00216
05385
02299
03938
01257
03859
01202
03190
03226
04236
00380
07464
02084
04980
05143
02027
06037
06962
02763
05640
00352
05625
06027
06777
02015
06614
01524
04434
03779
06569
06258
05367
03804
02318
00738
04829
06212
05511
04226
04001
06421
02823
01381
04623
01419
05758
05762
06865
00052
01420
04796
07284
03268
04948
07341
07320
04053
04415
04731
06452
05772
03209
07212
04339
06727
03740
01446
02511
00786
01735
03103
05800
06089
05674
06131
02609
06263
05265
01108
04536
02604
02522
02236
02480
05646
00837
02526
01245
06871
00296
06074
05163
01404
04012
00159
01626
06237
04903
01578
06266
06344
04006
03277
04768
06968
03239
03387
04082
02347
02977
04048
06341
04386
00016
04926
06576
06369
01633
02466
01036
04998
02310
05364
07386
06486
02966
01325
03617
05699
02740
01763
01587
05914
02539
04672
00828
05144
01027
06785
00390
05485
03522
05802
03163
05609
07026
04327
03144
01730
02154
02221
06665
02232
07532
02718
04423
06128
06379
00459
05564
03196
02839
00901
05439
04139
02151
01356
03984
01037
01185
04280
04305
07359
01112
00422
05182
00981
03427
04154
04635
03205
01958
04291
01561
06864
07104
00044
02309
00412
01456
06382
06237
06076
01668
00451
00464
03585
02847
02117
06929
00377
03206
04133
00998
06486
07592
04680
06563
03162
00008
06748
03871
04958
02856
06808
04176
03858
07348
01153
02776
07455
02264
06664
03483
06632
03198
04641
03851
01358
03256
05055
02866
03106
05606
04267
03259
07398
03749
05028
00062
05837
04004
04896
07478
05969
07124
03232
04353
04803
03084
06897
06259
02156
05958
01375
02311
06514
07498
04612
03219
03639
06820
04222
03415
01868
01828
04975
05682
00034
07491
04270
00865
05313
00333
03947
02229
05345
02047
03583
01296
06534
07117
00673
00860
03769
07008
07429
05991
01632
03851
02640
07246
04576
06569
05575
06341
07081
03333
05796
01569
01968
03046
04346
06226
01834
02180
06656
06209
07443
07131
04937
02593
00543
05579
04165
07157
06648
00425
03872
00414
03334
06343
06536
00655
06540
00410
01724
02143
07583
06589
06303
01002
07586
05762
03132
07301
07532
03296
06836
05052
03579
06894
03634
03898
00866
03386
00544
04019
07150
07094
03043
04929
02774
06303
06736
04122
05409
04924
03570
02282
06977
05856
00100
04706
01549
05883
03352
05837
02380
05795
02346
03547
04301
06458
02879
01340
06788
05901
02599
01466
00943
04505
02657
00483
06166
00378
03102
00674
02129
02977
05965
02617
07347
05041
03126
02413
02116
06390
05762
05630
03181
05618
01815
03058
05404
05093
04786
03469
03944
06329
04045
04094
07406
06696
05072
06393
06921
06474
03923
00156
01985
02526
04754
06481
01594
01572
01929
07199
02333
01397
00686
02013
01027
00432
07071
02325
06606
02146
04768
01232
02578
06145
02647
04275
05616
03333
03027
01270
05220
05556
04934
01901
02932
04216
02355
00261
05641
03151
01890
05964
01754
05774
02529
02717
04323
01315
02405
05719
06149
00982
04174
02346
03607
00506
01128
07437
05258
07254
05709
02926
03914
00523
06168
02951
01248
00226
03925
05913
06884
02628
04325
07208
07312
01732
01789
04579
00592
02012
05373
00238
04437
03251
03118
01694
01177
01416
07429
01424
05661
05966
06404
06326
07567
05652
06736
01199
02887
04704
03501
00946
01391
06599
00069
05735
03779
03067
02903
05810
05902
01778
03356
00749
05092
02479
05413
03664
06334
03199
05025
04320
05392
02338
07099
00977
03335
06755
02191
03977
00398
04982
00029
01683
07487
01294
05814
01805
06582
03224
00292
03198
02801
00855
06294
04615
07076
01916
03688
03973
00650
05650
00689
01712
07142
04852
00406
01124
04470
00364
02668
05353
03769
00456
02730
02337
03767
06106
01613
05613
02191
00125
03670
01948
04398
06816
06670
01345
05259
00528
04905
04816
07136
00326
01688
00422
06082
03401
02409
04162
00321
06514
00409
02691
03019
05499
04233
06863
01531
05730
01678
00173
03872
04416
02882
04943
00136
06608
04441
03648
06939
07438
05678
03270
02675
02718
07403
01412
02617
06550
01287
01167
01451
02921
03002
01963
04905
00737
07116
07041
03776
06360
02764
00767
05374
00771
03485
07180
00723
00556
04858
02214
01512
03802
02473
07514
02906
04719
00222
03471
05407
05630
03126
01344
02265
00615
00036
02964
04648
07184
01849
00268
04649
03249
05052
05064
05164
05964
03817
02646
06948
02072
01173
01928
03496
00761
06128
02849
07350
03373
07459
05484
01527
03061
04633
00088
02846
06622
03834
02900
06217
03643
06259
05331
01786
05121
04033
05340
02496
05966
02203
06721
04398
02615
04800
01978
05181
03533
03590
04238
00253
05211
05841
02253
00502
00655
04212
06572
05694
01410
02914
04765
03331
05750
03981
02459
06391
03083
02224
04575
04540
05790
00808
07554
02229
05358
05052
00656
05932
01628
06910
03349
05074
02574
06026
05127
06689
00384
00875
03935
01837
03209
03149
06885
07561
04149
02493
05527
01205
03476
04332
04901
07445
00558
04370
02668
05325
06673
02688
05518
02473
00681
04398
04219
01929
05578
01187
02974
02106
03789
00322
04245
05743
01365
05377
04718
02558
00093
01782
05211
00519
05088
06826
05426
06543
06644
07471
05300
05611
05043
05390
02712
05240
05848
01240
03859
04439
07411
03775
01813
02549
05112
06109
05539
02297
06074
01522
05661
03447
07104
00443
07084
04225
00210
06733
02810
01053
01714
06818
07421
02146
02617
04538
06225
02620
05293
04354
06849
02927
01212
06354
01394
02024
06007
02128
06413
00622
01870
03859
02262
04456
01076
03618
06173
00056
01039
01434
00561
04485
05694
05726
02380
02902
07191
05129
02623
06554
05468
06943
06362
00725
03401
06513
06920
02117
03917
04432
04981
01939
00179
00953
00493
02500
02060
05454
01299
01375
01338
01525
07194
07465
01451
06937
01572
03036
00752
04478
04260
01078
02153
06387
01266
03182
06336
06288
03930
04257
04654
02815
02065
04554
01805
03335
03030
00337
04380
01058
03921
04746
00792
01393
03803
06286
01373
03126
04201
02759
03593
03374
06118
01316
03417
05202
05083
05820
07251
03730
06334
00688
03279
06994
03285
05833
01874
01441
03429
04817
03192
05476
05131
07293
01309
05842
07542
06024
07401
00696
05359
00923
03558
05325
06167
00087
03407
07455
07563
00853
05846
01180
01942
01445
04370
05341
06772
04612
03492
07005
06334
00521
06164
04663
01494
05821
03773
03949
00881
03018
05825
06677
02140
00812
01562
03438
02076
07141
06751
00880
02006
00797
02159
06465
05751
06198
05628
02660
05650
02685
06135
01853
06164
03532
01397
07567
04581
01997
00203
00406
06558
02729
02699
04736
06225
03183
00218
03749
03625
04960
06541
06376
01759
00246
02512
06390
00374
03173
03698
02892
06532
06746
02753
02661
05725
06208
07037
00336
00861
07249
05804
06544
06162
04505
02025
03453
00660
02599
03898
02247
04946
02701
05325
01963
03754
01798
03613
01023
03477
06775
06167
04679
04733
00430
00723
06906
06923
02215
06898
01102
01681
01838
04915
07215
07169
05086
06737
05967
04648
04168
07373
01880
06283
06703
04883
02573
04636
04368
07531
03326
05865
01472
05647
06074
02497
00285
03060
03535
06292
00582
06951
03005
07046
01479
01717
02920
01295
04396
05175
01436
05090
02166
01400
01867
05272
04220
06516
02498
06120
03641
03022
02106
07478
05219
00782
03370
07397
01132
01142
02425
07562
00513
01408
03249
02751
02800
01478
03423
02912
07142
01181
07191
05973
00422
05662
00789
01180
01830
02258
04622
07427
04180
03418
00229
00159
06661
01481
04697
03244
03246
03566
04859
05106
00156
07137
05438
05360
00445
06009
00695
01575
02593
04024
07444
00326
07035
05316
05785
01037
06578
02163
05605
03328
04885
06578
04371
02618
05227
05730
06573
01419
01399
01312
01050
01072
03354
04911
02856
01774
02515
02563
05253
04970
01617
03229
00215
04072
06650
03998
01676
00062
03876
04154
01419
01891
04368
03019
05785
01402
04534
03487
00536
07317
05404
04271
04074
02296
00336
06380
03555
02156
00901
02184
05084
00812
06298
01502
00164
05631
02325
03232
05601
00674
01039
01915
03604
02897
00505
03721
06539
04994
07149
01939
06160
06415
05871
00864
00910
03998
07186
02206
03107
06062
04951
00348
02641
02224
03008
04017
05903
02192
02594
00941
04925
02270
01161
04667
01061
02109
07029
07487
07036
02360
07458
03809
06391
05788
01878
06438
00171
01606
01812
02888
06764
04089
06445
04226
00503
03164
00614
03017
07596
05710
04740
06778
04899
01271
03428
02204
03840
00508
02183
06722
05856
06430
07387
04416
04659
06672
02149
02134
05060
00371
02297
00062
03475
03712
07244
00318
07187
00674
03041
05915
05167
00749
06336
06842
05064
05439
01397
02628
02730
05441
02916
05221
05165
06105
00490
02433
03574
04960
05982
01972
07021
04107
02439
04516
03850
02984
07335
06662
01977
05287
02069
01193
04812
04786
02521
05362
06000
01211
06272
03013
03239
00960
07455
02574
01444
05293
05875
01113
00438
00047
06055
06340
02235
06560
02624
03486
03654
02308
03666
01068
02716
02159
03414
05928
03191
04353
06691
03846
04301
05007
03272
00933
04459
06654
04844
01710
01723
02958
04860
06045
01046
05410
02675
04825
02994
01224
04297
04241
05739
00633
00482
05876
01552
03342
01639
00669
03125
04652
03858
02154
00614
07407
06914
05223
07259
01359
06831
01548
03238
00720
04759
00128
02601
03980
00599
06440
03653
02821
05157
05200
02094
05482
06330
05892
04954
06504
02365
02539
02552
02714
06042
00465
00605
06942
03778
06096
05481
07301
04412
05306
03304
07543
06857
06294
06725
01169
04198
05188
05017
03628
02106
00142
03201
02635
03134
03438
05230
07569
03004
00150
07269
06268
03120
05872
03574
03714
06636
05954
00970
07286
06872
03565
02246
06199
06246
07283
00909
01462
06852
01330
03649
02274
01866
06785
00650
03201
04931
01990
00367
07469
04680
06034
07360
07352
06664
04746
04711
01774
02228
05491
00819
05014
04038
03272
04948
01204
06178
04267
03749
07182
06341
02278
00962
06681
01354
02652
03259
07359
02315
03234
00017
04415
01541
06131
00206
05042
04436
05252
04897
04485
03581
00693
07382
03480
00027
06721
04980
02977
00208
07090
06288
05822
04893
04499
04752
03877
06782
04036
03049
00810
01276
03844
05113
03869
01910
02558
07457
02828
01066
06322
05338
02140
04892
02094
05721
02816
03353
07513
03917
03588
06854
01789
04660
00377
04705
00654
07133
00652
03897
06123
06345
03125
05914
04384
06779
05641
06000
05973
06766
03501
07245
06375
07510
07064
00853
02161
03950
00467
00086
05431
02337
04815
03510
05134
02084
05971
05412
00235
01840
06833
04305
01879
06509
02436
05655
06795
05258
05945
05239
01726
02538
02774
00449
02712
04216
06411
04716
04242
05371
04644
04309
01725
03748
03992
02116
03819
06900
02481
02011
00878
04123
01752
05448
03739
04651
00732
04505
01193
01755
01471
03679
00300
01735
04541
07019
07193
04277
03866
04228
04502
02322
02423
07243
03744
01339
05169
01286
01495
03240
05574
01769
01354
07154
06340
06099
01754
04982
02752
02243
00750
02689
02912
05067
01395
05019
00406
03629
06989
02720
02489
05411
05007
05593
02577
03803
01603
01098
03263
06142
00118
00804
00327
05810
02707
04586
03707
01157
06714
02849
05813
03114
05741
00401
00720
06928
05751
03176
01236
00925
00330
06750
03340
03323
03395
00819
04085
04825
03195
04308
00470
00098
00045
04076
00855
01434
01935
04119
07407
01428
03503
02850
00062
06992
01131
07022
05955
03026
06909
04084
06667
04719
02209
05778
02519
05297
02421
01235
04136
02249
01276
06365
04570
04259
00078
03124
00298
07429
00672
01612
05973
03090
06731
05371
02943
02363
03612
03869
03277
05941
05159
03377
03951
05126
00745
01425
03981
07368
05257
03967
07021
07232
00201
01226
04335
03080
03167
01504
01093
03016
06682
04126
06002
01540
00276
02386
00445
01919
07347
05585
01954
06221
04843
03733
03429
07062
00900
02286
05220
04038
05779
07418
06345
00993
03831
03615
04136
02708
05410
04164
03995
01766
05155
02624
07448
06558
07516
03258
07467
01214
04853
01935
02949
01437
04876
01314
00481
04419
05750
04766
00815
03517
05223
05447
01935
06288
03594
04927
05915
05770
03165
03012
01521
06276
06525
07238
00828
01859
01849
05591
02606
03406
06037
06491
02700
05322
03022
06942
02406
01105
03620
00133
02353
05938
01945
03868
05139
01905
04373
00223
05531
00271
05604
06212
01818
00100
04092
02582
01586
06089
05294
00156
04729
06482
04488
05896
04825
05080
05061
02716
02488
00661
06754
00134
00879
07097
06638
03500
05050
05353
02333
02642
03435
04343
06665
01465
01131
02188
01750
02305
05597
05602
05359
04463
06144
04031
03506
04362
04194
03995
02885
05951
02476
03954
05972
00389
04542
01061
02473
04107
04615
02107
04630
06781
01424
06261
05185
07301
00454
02256
04172
04846
03203
02579
05889
06051
03928
04455
05895
01766
03945
06582
06499
00045
07013
05981
01101
02439
03440
04123
07358
01101
01039
00204
07219
02259
06767
06703
07345
00317
01842
00322
05189
06478
02039
02543
06886
06364
01189
05680
04138
00016
05395
06095
03537
04489
06471
07560
04786
01216
00762
05151
06433
06662
00165
01102
04985
02553
01706
05927
07451
04325
01984
04504
04259
05320
04220
05436
00916
02526
04281
07038
06144
03819
06133
06552
05061
02903
03543
04777
04535
05491
00208
01493
02662
06890
00045
04823
04124
05298
01190
06194
04901
04338
06198
05077
02523
01053
03992
04364
01213
04173
02282
03507
02668
01371
01393
05590
01042
04587
02681
06419
00351
00420
04934
04129
06721
00764
00892
04474
01199
02323
04823
05364
00258
07270
00248
04941
00625
00932
03277
00356
04999
05485
03340
01941
05555
05094
00443
05020
01340
03528
00447
04267
02175
00329
05408
06774
00583
06978
05573
01948
05991
06847
05201
00224
06678
06886
04809
02245
05192
02767
01440
01336
00949
01058
04146
05879
00665
03101
00777
02128
07080
05284
06463
05972
06731
03491
07089
02986
03402
03200
04428
06847
07432
04619
01064
05899
04678
02951
01421
02416
04597
06994
03605
06044
02284
02832
03184
00205
06209
01910
06926
04612
01992
05170
05117
06242
03894
00600
04831
07311
00640
06696
07238
01289
03381
01755
01183
02697
03188
01275
06601
06466
06572
03762
05280
03891
01102
06779
07243
03196
02928
04773
04334
04125
00481
07462
01068
03321
03477
02636
06140
03497
01692
02479
04215
01150
02579
05426
02668
06878
05558
04424
01712
06688
05008
04819
04581
00514
04289
07559
07014
02311
02826
04461
06940
00447
00344
07572
02768
05006
04923
05010
00382
05246
00850
04425
03234
01808
05397
03892
05601
05310
01519
01920
01959
01468
03110
05608
05832
01341
06519
01720
01253
02322
04947
07075
06494
03517
00464
06976
01326
03172
03405
00079
02519
05360
01783
01258
05003
06453
05121
05046
02100
05660
01555
00249
01057
04268
03073
03957
04509
03432
06182
02962
06669
06978
00606
01899
02646
06044
06765
03566
05577
02047
05263
04023
00604
00757
02733
03670
02711
03744
02616
03932
03799
06558
01446
05317
03394
06852
02982
06239
01032
06919
04001
02314
05778
01625
03119
07223
00953
05120
05779
02962
02006
02019
00837
07084
06770
06766
07242
01985
01113
05366
06289
02489
04319
00998
00620
04618
04991
04422
04521
07178
05996
03005
06573
01954
00646
01453
01980
00638
03996
01885
07191
01185
03240
01157
02850
05141
03051
02242
06592
03472
02709
05289
05326
03874
05057
05464
02042
06283
06651
05288
03006
02857
06767
04111
00812
04959
07487
06738
03639
07570
05649
05511
06427
07549
02915
07560
01307
00228
05916
04164
04421
03653
04448
05743
06980
00298
02287
01354
03010
03803
03034
07165
01336
01489
06227
04577
05251
05445
00945
00778
03028
00391
00493
07505
05877
00923
05884
03776
04643
00237
06232
01239
03356
02805
05021
07084
05735
06598
02222
03006
05370
04592
05761
00202
02859
07237
02190
06838
02359
03817
00239
01467
06441
04786
04100
07249
07128
05087
02790
00802
00927
06837
01733
00368
06826
00613
04737
07106
04058
05817
05761
05545
00901
02157
07316
03602
06013
00490
02402
05156
00907
04989
00701
00664
01656
02135
06169
00377
02600
04029
05574
04833
01779
01248
06470
04035
03729
00103
04847
00695
03042
01976
03246
07567
05735
00453
05974
05929
03424
01651
02884
07165
00195
06598
03008
05686
05109
04697
06354
00445
05817
02682
02318
01009
07122
02497
06926
06483
02743
05600
01675
00174
00338
06998
01672
03396
04308
07278
05995
05443
04937
02965
01336
06038
03347
06089
00363
06472
00230
02812
06514
03267
02975
06344
06965
05318
06274
06780
05059
02454
02446
03093
05626
02667
01615
02088
06083
02491
02480
04619
02183
00372
03643
02467
04802
03043
00207
01192
00483
03458
01949
03925
02716
00509
02639
06652
02157
00885
03508
07559
03143
07102
02300
02232
05983
03715
04061
02689
02898
03354
02640
02048
03263
01121
05803
04770
01382
02599
02188
07321
03563
05416
05438
03240
04822
06464
05291
01019
00410
06753
04751
06691
00208
02000
00420
04143
04879
02969
03631
01718
06698
02707
07127
02081
02279
01453
03117
03030
00759
03352
04396
02574
04567
00863
02319
02568
05362
02784
01961
06039
07329
03934
05157
03974
06272
06448
02458
02556
07277
00593
00810
07467
07264
05562
07192
01666
01138
01885
07572
03090
02091
06552
05349
00253
04044
00329
06097
00122
03653
04097
01852
04917
03029
04433
04122
02612
06716
04369
02211
03269
04254
03952
02338
03939
00902
07013
05785
01559
02756
01876
06501
04042
00437
03164
01658
00760
06701
01101
02779
07265
03444
07126
03352
05738
00410
00333
03364
00032
03816
06088
05041
02364
02053
05608
06251
01794
04193
01110
02414
01508
00737
04134
06420
04851
00616
06711
06367
06549
04271
01324
05439
01490
04209
01989
03089
00472
02133
03318
04645
03551
01592
05913
02986
03463
04342
01232
00968
04781
00677
01570
06329
06077
00991
03447
04676
02769
06058
01167
01512
06343
04837
03676
06850
01088
00577
05760
07067
06533
06009
02256
02370
06612
03488
00568
04465
05529
00934
06457
02077
07288
01382
01773
06943
02390
04847
01643
07163
04711
01309
07174
04218
04577
04387
02096
05144
06992
00952
02156
03067
01459
03835
05712
00718
04948
06563
01577
01786
06117
01560
04633
04624
00806
06984
05419
02181
04467
06167
00135
02010
06841
05462
06705
06871
06761
05486
00140
04836
03285
01065
00188
00900
03048
02430
00425
06254
01747
06551
04191
06489
04929
01424
07394
05331
04443
04527
05391
02142
03304
03930
06014
02935
00348
03929
04660
04501
01170
00185
04805
02443
01252
06474
05878
01434
07367
04838
07167
03670
02948
05455
07535
01650
03536
07139
01179
01914
06333
05326
01439
02254
06873
00381
05509
02966
03348
00266
06162
04855
01424
01625
04397
00000
01761
05134
06412
05041
01715
06920
06311
00297
07051
01182
04525
01465
01222
02693
06037
02971
02333
01211
01437
01449
02506
04307
04190
07387
05764
00077
00417
06049
05206
07249
07450
01736
01839
00584
05731
00045
06866
01671
06244
03180
05885
01737
03613
05651
07574
00568
00870
06568
02898
07016
05390
01619
03039
02704
03359
01433
04545
01750
00339
01863
01546
00357
01472
00775
05282
01502
06126
07106
02151
06008
00362
03586
00461
06245
00915
02419
03094
06035
01185
03957
00557
02027
02757
01648
05517
05849
03868
05989
02302
00777
03837
04269
03263
00154
05890
07569
05647
04898
01827
05589
04837
01854
04541
03889
05776
02276
00146
04509
00681
07223
05898
05192
00053
01174
02312
07317
02726
04145
02727
07363
02336
00249
00515
03976
01657
02852
01988
02057
07082
06057
01668
03528
05490
02686
04674
00651
01642
04571
07055
07221
02595
01290
04150
03507
03707
07230
03385
01845
06751
00477
05494
02710
00234
01788
00136
02586
00220
06517
01322
00276
02342
03559
00726
02689
05073
07515
06828
06804
06382
07198
06014
00335
02472
06927
04600
05114
01398
07063
00429
05556
00876
00592
07196
05763
04353
02516
00241
00857
04396
05075
06856
03685
06599
01952
07373
03699
04742
04857
07039
01601
03393
03969
03091
04239
06380
01835
05108
06803
04744
05077
02087
03014
02434
07183
05549
01134
01641
00902
00946
05368
06765
03938
04995
05025
01523
07544
04749
04946
00677
05917
05151
04566
01574
06680
04241
03882
07075
04705
04942
00816
03861
01916
03517
04095
04211
03709
02894
01226
05013
02487
03183
01515
02307
01909
06398
02028
04203
04547
05001
07090
02754
06810
03809
00039
07330
01622
05997
02850
06257
03414
03755
03669
04898
01968
05713
03587
01253
01406
03074
03372
01785
06041
03020
03878
02498
07168
05006
05290
05477
02965
04006
05832
06497
03460
00392
06295
02024
05473
04347
04365
07450
02829
01550
03095
01794
06356
04600
00167
05370
03447
01757
03191
00170
02721
01132
05694
03358
05112
02485
03022
04261
04193
03432
03270
06037
06032
06953
05611
05676
03627
04319
03902
01458
01770
06123
00602
04714
06302
00918
06541
01303
01227
07076
02257
00412
06227
04948
06485
05003
06528
03433
02124
03134
06397
03651
01490
01892
02385
02294
03831
02500
02330
06221
02025
01197
03234
04279
06882
06894
00625
03983
01435
05377
07310
03913
04891
01746
07379
01784
05105
01005
01244
07597
00586
07173
05035
03850
03599
07553
06108
02597
06702
00370
05312
01624
01203
07119
06184
07477
03634
04625
01296
03174
06004
04219
05061
00274
01020
06592
06741
06684
00437
00520
03249
02470
00954
00142
06961
06275
05905
02545
07188
02601
06997
05866
00050
01301
00686
05901
00993
02553
03167
04008
00896
01568
06300
02264
02804
04323
01702
04619
04156
01316
03893
02401
05475
07543
00736
00587
02977
06176
05276
03926
01758
05719
04367
02865
01797
02408
04464
07561
04496
06487
07581
05622
04118
00785
04759
01086
02445
06590
05422
04359
06190
00643
06245
05354
07316
01524
03826
04627
04416
05286
01044
02501
01261
06210
04273
05514
00827
00725
03035
01976
01210
00820
02047
02831
01780
07229
04218
01151
02919
00825
00551
01319
05677
01742
03289
05464
00170
01329
04786
07448
06466
00520
00302
01090
06565
05646
01295
04170
06904
07135
00757
02702
00161
03267
01770
05705
06927
06712
01447
00401
05091
03063
07591
00464
04079
00249
02838
02111
06441
00579
05829
07422
01627
01180
04637
06609
05131
00175
06380
05893
01026
04075
07313
00624
01420
01560
05281
06757
04347
02789
06388
00055
03143
00061
07151
05589
01750
07016
03406
06324
01876
01821
00366
04682
01423
01988
04452
01830
00738
00633
01214
04334
01676
03710
02292
00720
03548
06664
00633
04682
03580
03961
02628
07108
00999
01822
01542
00299
06903
06862
06119
03145
04719
00115
06018
01696
02626
03237
01641
03686
07567
02097
00726
02905
06650
02569
00560
06003
01607
06870
00310
00425
07573
06968
01851
03438
02645
02654
01534
05557
05542
04416
07220
03315
07439
02425
07461
05779
06552
01315
02624
03763
05813
00043
06827
03899
00911
07395
03083
01630
05377
03270
03900
00681
03852
07046
04413
04888
00648
00065
00236
02520
06695
03794
02441
06903
03335
03748
06650
01239
04357
05633
06459
03074
03048
07049
01871
05160
00401
01070
02935
07123
05277
03500
06782
04203
05380
06246
01999
01142
02097
03691
06851
04535
06558
06968
02379
03047
03004
02583
00310
06401
05708
05893
00671
02791
03389
07089
03303
01619
07122
07407
03866
02328
02671
04093
00912
03142
00720
03245
03155
01564
00214
00513
06872
04647
00943
00613
05740
03257
02593
00134
03996
06181
03714
07153
05473
07095
00903
06934
06694
01857
00056
06794
02199
05727
05948
07356
01448
00220
05654
00479
00143
01917
00027
07590
00639
07404
05086
05151
05874
05071
02714
05574
06050
06886
07468
01482
07380
00724
00203
06540
00433
04581
02581
04019
02642
03038
01095
03933
00600
04497
04696
03776
02694
04511
00706
00111
05019
06664
05663
05736
05487
06575
06796
03018
03498
00505
01804
00467
02028
02068
04796
02344
02732
02707
02670
01470
07136
02615
07556
04308
01973
00010
05867
03540
02204
02725
03682
04399
02945
01330
00357
07157
07257
01723
03786
04630
07160
02081
07175
01554
03293
03289
04846
06892
03738
01745
06855
03566
01699
01936
03624
00998
03362
03579
04099
03598
05589
03107
02300
00714
02437
02796
05542
03706
04499
03721
02105
02670
01601
06931
01873
04889
01099
03945
02534
04687
02032
01040
00820
05448
07521
01355
06167
04326
00148
02983
02468
06707
00101
01501
01990
06740
01418
00795
00164
05210
00802
02172
03788
00727
05577
01682
02942
06845
05034
04886
03015
02450
03362
06503
05241
05824
04253
00222
07443
02729
05423
04882
04306
02903
05233
07095
06244
00609
05285
03122
03636
05818
03512
07111
05639
01812
02292
04963
00530
02514
01663
02358
06294
01723
01203
05400
00777
00793
04683
05676
04802
04369
02918
01233
06529
02830
04475
04517
04009
04694
02154
05573
00042
00558
06091
00480
06223
06713
00549
05722
01265
03660
06428
03179
05446
01021
04600
01191
02954
06553
03583
07161
03560
05908
07342
02600
07349
00139
04793
03420
05721
07366
03964
07337
00538
06106
02365
02778
01207
05771
02401
06537
04351
02750
02263
06971
02396
01820
01445
04025
05535
05026
00621
07256
06232
01829
04187
05034
03409
02196
05694
05934
01465
04902
07264
04290
02520
00914
01444
06537
05252
00173
00139
06103
04655
06301
04099
04616
07242
04668
04413
07361
06699
01449
01097
07087
04822
03209
03888
01964
05499
03083
03630
02912
02892
02952
07402
00099
07448
02153
03251
02704
03545
00947
04665
04406
01639
03293
06420
06008
05351
00210
05877
01236
06051
01874
05704
06641
04279
04403
01010
06833
00181
04869
00349
01382
01766
01234
00797
02177
04622
03972
05246
06581
07194
01393
03212
05002
04873
06306
04303
00302
01940
06289
03937
04678
02140
03296
05101
01074
05502
04119
01525
03342
05221
07381
02544
03348
04668
00152
04718
05695
06670
03559
06330
04619
01708
06620
02315
05656
06090
07023
05334
03630
02071
06670
00196
06218
00904
02505
04268
03062
07072
05465
01372
02614
01213
02080
05401
01390
04369
04268
01585
05298
00540
03830
04585
01670
03523
03495
07592
02580
02335
01049
07055
05387
01700
04235
00915
05972
06684
00911
03977
07152
00336
06174
02060
02158
06802
04155
06766
05673
05226
02244
05737
07325
03403
06564
01249
02202
03985
00806
05304
02961
00186
02309
07597
04731
05982
03454
02482
01593
01356
07399
01032
02966
05490
04361
04409
02217
07176
05896
05986
03495
01226
02979
04283
06837
00913
02871
03364
04171
01340
02766
05086
00116
02032
01748
02548
01729
01513
00266
06340
00445
05484
07412
02237
03115
07595
06254
04214
01228
03475
05515
00089
02013
05174
01965
01931
05246
05568
07297
06328
01549
07432
03841
00063
05936
03029
06173
06632
03249
06010
04100
03166
01331
07439
01996
00525
03619
07486
01105
04712
03723
03799
06378
01335
01536
01568
01095
05292
03098
07133
00166
02112
04356
02600
00533
03471
01673
04701
02642
01597
02239
06404
03103
05107
01008
05595
06785
01370
00706
00400
05687
02531
07337
06712
07287
00336
07042
03823
02052
04899
03072
03724
05420
06817
00260
01440
01550
01874
02757
07515
05881
01431
06335
06875
05791
06520
07591
02739
06952
03770
01564
02404
00099
00922
00954
00250
01975
02969
04745
02677
05064
07283
03314
00289
03429
01869
04177
02021
00414
07035
01189
02021
06228
07227
03173
04612
03640
06529
06813
05850
02741
06080
07094
05198
00777
04082
00659
05184
06206
01060
01111
05190
00376
05937
03748
01408
03559
07242
05279
02202
03867
01582
00496
03294
00727
00620
03333
03699
05375
00962
05013
03654
01915
00096
06690
04275
01358
04159
04184
04720
07072
00487
02818
06998
05174
01681
06923
05293
00052
00570
01218
05155
06057
01937
06343
04409
03512
01550
00067
05083
06743
07022
00868
06793
06096
07295
00197
01174
04485
03204
00460
05324
04112
07029
00332
06138
00072
02007
07579
05996
07472
06291
07198
03013
01226
04806
05409
01660
02393
04469
01027
01520
06308
02698
06077
03016
06902
02543
04371
02316
02194
05142
05507
04170
06435
05426
01579
03334
01458
00774
04407
07169
07121
03816
05112
01348
01028
01682
06320
00249
05471
00229
00233
00358
01674
03337
06581
05383
05602
02886
02128
00840
01769
00360
04834
07516
06477
02723
03057
01004
07190
00307
01972
00399
02745
05597
02882
03954
01754
00072
06600
01845
02766
01426
02905
06482
02110
00417
01823
00810
01943
00294
00656
00750
05679
03391
06429
01303
02802
04538
03972
06034
03482
06369
00885
06332
05181
04023
02161
01781
04672
05549
06622
01700
03322
01425
05479
01256
02867
07075
03808
00149
02955
02757
07544
01923
05799
05775
01047
05183
02422
01773
02759
07020
00001
04085
00287
01610
00497
03288
06393
03665
06987
00837
06037
03530
06070
03268
03719
00474
04861
02406
01644
03676
02240
05814
03738
05274
05749
01276
06757
01976
05852
00174
02157
07165
03776
01219
03781
05966
04697
05014
02879
01497
05022
02595
06594
05307
03319
06385
01741
07422
01681
01244
05382
02467
03611
04030
00411
01592
04974
05161
00730
06646
04057
05043
00748
04009
03370
02079
03868
04029
05096
00740
01845
03409
02093
01116
00185
06219
00161
06443
05374
06936
06450
07514
01362
01710
05392
02495
00016
06864
03988
02091
06571
03101
03857
03071
07575
06069
05203
01868
07047
05129
03459
05958
05232
00078
01484
01956
01805
04590
02296
03574
01356
06699
05140
01091
00869
05088
00755
04319
02587
03046
05309
04821
07307
00336
01544
05846
00386
04036
04143
06142
05707
02167
01886
06416
05493
07171
00704
05774
04450
06615
07328
06455
03820
03979
05035
06604
05011
00527
06471
02080
01938
06303
04365
02076
00031
06981
00945
05581
00912
06411
02050
05195
04443
04139
04637
05974
01366
04485
05436
05071
05662
01164
05228
06624
02227
01693
02828
03001
04079
03053
03393
01224
02855
00591
03079
04916
06970
01486
03153
01942
01911
00077
03441
03285
07052
05065
03588
01933
05417
06391
04676
02074
00290
04879
01665
01335
00819
04676
05674
06125
02542
00095
03365
06138
02640
02776
05182
02977
04929
04433
04012
05575
01546
04270
04591
03329
02001
03124
05174
07399
02368
05517
01469
00021
06260
06918
06211
03150
02385
02917
00841
07389
00947
03034
06503
00698
07535
04240
05769
03878
04568
00768
06246
00035
06285
03891
01825
05154
02399
03762
04936
01130
02849
00044
00634
01698
00472
00627
06854
00587
01250
02739
05310
01853
03459
03280
02746
04845
05114
06667
03449
02679
07426
07008
06067
03982
06436
01103
05690
01277
00970
04726
07086
06569
04958
00631
05967
00117
03921
00555
01245
03777
00760
04195
02508
04225
01825
00022
05300
05461
00643
04812
02564
06858
01411
00693
00710
06348
06547
06423
05262
06950
02325
05043
03468
02312
02365
02899
05361
00563
07124
05410
03901
00949
04105
07143
01063
06588
02018
05744
05431
01944
03120
06071
05501
05745
06864
02531
04916
02945
00142
05662
06737
00064
04052
04318
03701
06059
03745
05715
06930
03712
03220
01644
00987
01369
07479
06262
07027
01362
03977
03906
04759
00633
00724
03969
04760
03873
04893
05598
00017
04194
05481
06697
00663
05792
04652
00284
03230
05190
04141
05515
00824
04928
01062
02093
00552
01554
06680
04385
06869
00505
04635
07311
02714
05211
06882
05085
06538
01533
00541
01146
05185
00673
03592
03386
01493
01978
05233
07199
02683
01342
06327
01184
03222
05078
00142
02985
02059
04789
01854
02462
04800
06723
03051
05869
06963
00133
07184
00079
05830
00458
07013
02155
02535
03316
04943
03336
06734
03857
02806
07516
06544
02502
05874
01829
07281
00183
01454
04307
03302
03221
05327
05617
01816
07140
01310
01806
07269
02472
07425
00732
01184
05196
04344
00485
05881
02110
03970
06740
01431
03338
04336
05767
07489
02002
04081
01743
01068
02631
01693
03841
05374
04358
02766
01757
06402
06114
05304
05560
01285
02633
03209
04440
03165
06758
02970
03931
00505
04947
00006
07540
04626
04665
06706
02212
01137
00422
06762
04385
03035
02569
05293
06853
01831
00092
05086
01894
02673
07118
06204
04989
04598
03101
02987
06773
07247
06781
00897
04787
05227
04679
02765
03836
02213
01121
00977
04903
03765
01814
01088
02543
04882
02930
06834
00421
02581
03579
07317
07409
03385
02079
03886
00354
06974
01335
03709
05050
03804
02597
03566
01439
07589
01423
00716
05583
06020
02391
04800
04355
05825
07366
04647
06990
01014
02357
01521
05779
03196
02440
03862
01681
01806
07255
05539
01612
05359
00218
03394
02264
05848
04561
04424
05988
03369
01421
00231
07393
05569
04399
00148
04718
00889
06842
01491
04066
06890
06039
03358
03188
02047
01174
06645
07562
00725
04891
01359
05645
03918
07597
07070
00069
03269
06694
00529
03350
03709
04855
00754
00807
07298
00892
03632
06410
05040
01271
06872
05517
05154
03836
03084
01261
00339
04136
04213
06865
05969
01263
02309
05786
05791
04657
04645
02341
01801
04648
02669
02121
00322
00608
03410
04084
00378
03683
07545
06605
07292
06240
04554
04469
06323
00551
03392
07232
06988
02036
02604
05097
05206
05686
01241
03943
02934
04827
01627
05818
04455
02362
06625
07185
03279
05932
03321
05148
00301
07271
05138
02281
00863
06121
01805
04782
04096
02366
06477
04641
01501
00541
02973
07351
07304
04325
04992
01159
01318
04336
03700
05403
01684
00401
07280
05330
01495
01167
05021
02772
07280
00254
05472
05620
00910
01718
07285
07243
04477
07058
00119
00726
05484
03400
02940
06046
01980
02768
00846
03232
04773
00354
05924
02505
02691
04688
05071
06656
03517
01213
02176
05856
02438
05242
06055
07328
03436
00459
04358
06784
06254
05690
02372
04562
02859
00983
03757
02739
00053
03386
06550
05413
00245
01703
07599
01722
06536
01069
02610
00191
01030
06859
05303
05282
03091
05967
06154
04194
03247
02525
04932
01170
03272
02616
03349
06393
01215
07296
06068
03913
03688
02328
01373
00553
02730
02834
01225
07154
06007
06218
01372
07362
00198
05852
00647
04640
01852
03922
04237
07070
03529
04990
04643
02452
03182
07521
02849
06558
02012
05829
00357
01044
01287
02141
03606
04210
06890
06983
00486
00099
05188
00123
05073
03551
02593
06483
01986
00062
01379
00711
02805
04456
00095
07284
01271
05914
05092
02936
07305
05639
06165
05212
00500
01961
02184
07470
05654
05826
05927
03691
06954
04852
07028
05413
06598
00920
04298
06918
03086
00975
01358
03666
00886
04131
01668
03602
00324
06857
03262
01970
04388
02662
06592
05144
05829
04411
02686
00351
07217
06718
05606
01648
01929
02598
00714
07372
00223
04179
06838
04633
05901
02727
06561
04742
01523
07461
01118
07164
05630
04357
03025
02771
02676
00128
01583
06478
00012
02974
07246
00260
04073
01306
07387
00060
05672
00255
03307
04948
04255
03394
03961
04494
01317
04315
00894
02728
00641
06449
04223
03910
00634
03984
05360
01358
01277
06090
06934
02080
03453
00295
03003
06272
03941
00986
05434
00785
06233
04931
03818
06224
06235
06026
00423
01962
06777
02750
06091
06459
04131
02042
01260
00276
01706
05409
05008
06936
06580
03606
05307
00835
01596
03306
03209
00520
04743
03346
07255
01845
06785
01972
06491
04853
03334
06031
04532
07122
04812
00821
06923
05876
03389
07062
06217
01851
02707
03369
01523
04325
01084
05705
04801
05308
03405
02410
01308
05023
03363
05334
06757
02747
02037
02313
06802
01718
04100
04501
02899
05833
03332
05379
03251
03623
04101
00663
02394
03821
06106
07470
02511
01816
06938
04599
03051
01310
00645
04715
04905
03002
02190
01866
07145
00744
01863
00883
03235
07032
01707
02624
01593
05874
01652
04300
06566
02039
05084
00034
04642
04944
03921
04851
06519
01910
00786
07587
01182
03341
02038
02529
00434
01357
07356
00866
02519
02446
03548
01576
07299
01967
02492
01364
04554
03699
05040
02501
02456
00250
04057
00683
00998
02119
01197
01821
00256
03619
04823
03251
04654
07501
01381
02849
01134
04412
06816
02785
00274
03571
06265
05036
03749
03631
04654
05828
03113
06432
05147
00721
02621
04033
00622
02374
04138
03766
03059
04831
03212
05746
03614
03322
03598
01842
06774
05215
04350
06698
00926
02973
02208
06713
02464
02194
00910
05323
03139
01110
05772
02779
03451
00085
04105
01507
07439
04951
02146
02322
01317
05854
00161
05048
01738
06459
00195
06977
00270
06750
05160
06155
07355
02680
04403
00566
00631
04670
00672
02184
02079
01996
02421
05178
01107
06164
04929
06882
03985
00834
06786
01437
06425
00397
02563
03753
02063
00492
05714
04956
00175
05234
07119
01781
07243
00727
01952
00493
00576
06229
03553
01273
07047
03004
04601
04815
05079
00770
03592
03731
01479
05147
05149
05181
05601
03632
00596
01480
03906
00431
01116
06249
01231
01055
00871
06842
03153
02191
07082
02194
03633
01018
07204
05795
03614
00712
07228
05488
04747
05108
03875
04025
04150
01541
06056
06516
05619
07308
07546
00058
07255
01385
03480
04859
02896
04922
06853
02383
04514
04866
07127
00266
02380
07025
01982
05898
07465
03685
00802
03616
04099
02941
03509
01049
01474
04534
06471
02120
