07760
01540
04484
03829
00012
06801
03598
03184
00787
02210
06128
00246
06641
00226
02610
03520
00183
01880
05835
05876
04103
04786
07409
04291
07788
00572
07403
02604
05762
03902
00072
01327
07651
03994
04196
03251
06888
04075
06645
06861
07131
04592
01702
05923
03677
01805
02892
02218
01501
00650
01426
03685
05152
01537
05536
07523
00564
06512
03818
07335
01167
02100
07378
07262
03725
04380
07032
02036
00251
06068
03145
02441
07508
02155
02338
05409
04017
06119
00927
04823
01508
03729
03884
00416
01829
03519
01926
03510
05082
00955
00079
06292
05871
00203
06784
06305
05758
07073
00519
03097
06377
03698
05921
05586
00200
06542
03034
05750
05234
03428
05968
07111
06716
06853
02515
01572
05697
02406
07714
02078
04902
02019
07235
00143
04681
02158
03941
04890
01958
03334
01579
05181
03622
03474
01042
01693
07428
00017
04180
03532
07110
05655
07395
07737
03165
03150
06944
00985
03601
03072
05109
06629
00147
06318
03391
07701
02014
03434
06474
06632
06072
05953
00975
05473
05034
03907
03659
01806
01540
05241
06574
04243
01763
05209
00779
03371
02130
06409
04880
02288
01527
04626
01470
01165
04018
04699
06221
04909
01460
03999
02090
05922
06134
01776
04851
06272
07258
06682
04149
00173
04915
02584
03021
07106
00373
02446
07245
04383
07868
02944
06709
01896
06426
06279
01045
05428
02427
02698
00799
00028
05933
04465
00854
04198
06086
00485
00735
00870
07709
00311
03351
00525
00539
00016
04574
07489
06090
07101
05708
01999
00067
01389
06428
03190
01094
05992
01544
07171
06462
06323
04415
01529
02189
07795
05786
03726
04541
06450
02823
05012
06660
05189
07322
01188
00366
06999
01088
00385
04696
01427
00496
01629
01287
02351
03926
07061
01352
06041
03160
03938
03830
02642
06175
01801
04482
07125
01281
05323
00270
07602
04043
05409
03430
01177
06598
00681
01473
04735
00882
07361
05190
06048
01023
06490
07831
06686
01845
05949
03566
01685
02828
03913
00069
05572
04318
04722
02546
01789
03215
07405
06870
01037
07282
05134
05079
05715
07534
05543
01307
02231
05658
06838
03333
02583
03478
05266
05840
02718
04383
04595
01631
04353
01977
05052
02121
06504
00259
00783
02300
04517
00353
02840
00422
00159
03014
02810
01731
06522
05942
01351
02362
00755
04378
00439
05968
05449
04972
02849
05750
02208
04690
04894
01816
01353
02474
03319
03127
06877
05352
01981
03544
01742
06959
02012
05667
02377
05331
02649
00738
01443
00896
00002
00840
07684
06056
05308
07891
04337
05891
00887
02913
04802
02748
05447
05559
00680
02264
03850
04034
03109
04359
05411
06011
05655
01644
06285
04476
07554
01715
05572
04605
06654
06009
05850
03418
05068
00595
02806
00850
01517
05323
04548
02097
02278
03943
00817
05807
06343
07854
04032
02932
04059
00866
07778
05924
01349
00176
00491
02744
04913
05679
01575
04591
02934
06211
00700
00176
00145
00038
05833
02413
01759
02393
02792
00805
05119
07677
01612
05536
03674
07822
01211
06579
00740
02540
06972
01111
04348
02733
00869
02470
01740
03443
06380
01797
06300
03842
05764
05237
06978
03987
04359
01185
01227
00440
03510
00754
04297
03321
06529
03606
07568
00892
05909
07424
04286
06381
03988
04312
03315
03892
02357
02815
02842
03479
05601
06429
00880
01277
07418
00287
07227
03913
02942
00061
04218
03437
01732
02928
02676
02542
06295
03614
03158
06745
07520
07695
03511
06833
03923
05848
06315
05600
04909
07139
05164
05687
04262
01469
07825
07681
04266
07816
05120
00432
03766
01422
01248
05344
02692
07207
02368
00102
06787
01047
04712
00853
05762
00959
03453
01759
02472
03790
07740
05850
04611
04781
02236
07287
07646
05849
06564
03149
04071
04281
01181
07240
03494
01574
05533
04244
07451
05246
01578
03556
04812
02282
00125
01139
06516
01821
04382
06661
01092
03187
07497
01193
01445
05051
04012
00620
07757
00387
06117
04922
05579
06266
06867
01857
03806
07079
00468
02465
00198
01747
04584
01220
05939
02073
01618
05443
07374
07382
02601
04382
01770
07681
07111
00678
00504
01731
06166
05424
02744
06541
02123
00079
07313
04570
04720
01226
06146
06913
03981
04948
04803
02324
05608
00217
06899
06802
03951
03814
00860
01879
05523
00922
01806
01054
01838
03048
01208
04422
02376
04240
03302
04206
01043
00113
01264
06102
07570
03121
04356
06242
05098
00533
05587
03122
01729
04561
05064
05364
01327
01724
04866
07711
03574
01885
01809
04993
06881
02225
01773
06412
02541
07205
01771
04338
04233
04547
03349
02578
01104
03113
02073
06852
02633
05755
04658
06104
02443
03179
00207
02560
04615
06220
04164
04769
05775
05183
04738
02391
04633
02617
01479
02636
06965
02045
01432
01074
05664
02250
03665
06698
04234
05638
03151
06018
03119
01599
02652
01772
07790
02679
05643
00013
00874
03543
05090
00856
02323
02220
07530
07026
06073
05193
05334
07255
07121
04937
05429
06621
05053
05478
05862
02278
01993
03092
02309
05000
02243
07864
04504
02084
03159
02853
07092
07275
02934
04264
04135
04977
05813
04292
01456
05616
01479
00528
02954
02934
03795
05290
02692
03147
01855
05942
04013
04189
01051
01256
07048
01555
06522
04151
02864
06261
00484
03121
06031
03178
06724
00776
05569
05608
03673
01415
06568
06749
01589
01843
04078
00218
00417
00770
07467
06093
02784
01106
03198
06668
06350
03904
06391
01966
03940
01195
05283
01107
05335
00059
03919
02479
07067
05270
03426
04888
01027
01553
06283
06751
05695
06838
07744
07046
03742
01139
05754
04977
06297
07827
04345
04995
04680
00357
07555
05073
06420
04217
06620
06581
03743
02071
00649
05773
03277
05019
06520
07334
01415
05455
05896
00076
02886
06472
04506
05528
01838
04767
03812
04669
07341
01901
06973
06006
04623
04895
01526
06997
07663
00336
06056
06972
04268
07553
02136
04008
06863
05930
05061
07283
00950
03407
03032
01415
06802
05554
05118
06770
06737
02444
02449
06637
00982
01067
01896
06561
05614
06430
05531
05448
06917
06849
03864
02309
02062
01145
00629
04808
04381
02364
00110
01009
02390
02518
01134
07861
06107
03371
00498
05314
06115
03981
04158
02467
06181
03766
05637
04235
02381
00586
01860
07880
03414
04203
04462
02557
07009
06155
04603
00790
03498
05628
04351
07368
04929
06820
03986
06168
01768
00871
02515
07728
01452
01429
02278
05237
03565
03197
06635
02501
03641
00188
04881
03729
04389
03999
05959
02931
05774
07207
05882
01905
02618
03571
04764
07466
01158
06085
06821
04018
00498
04440
03209
01266
00617
01442
04070
03414
00043
03341
02692
07803
03152
06706
05666
07701
05770
07701
00927
03733
00660
02049
06135
00221
01151
04673
03449
00493
05161
07314
04062
04739
06212
07875
06924
07506
07081
07091
02209
03787
02355
02629
05378
01312
03476
06457
04236
06794
01191
02392
02334
02237
04306
07306
00517
00503
03491
03213
03486
00410
02662
01001
07454
03077
06091
02571
07532
03089
03060
03627
04951
00935
00021
04222
06342
01274
06000
03926
02547
07119
07174
04416
06432
01625
00366
05080
06665
03034
02455
04295
01846
00469
04458
03567
07720
04382
00171
05389
06965
03255
01330
06308
01753
04126
05440
03839
02548
05343
05208
04727
03973
00145
02155
03758
02729
05761
04336
00444
04494
03898
05830
06616
05399
04149
07163
06857
02969
07525
02664
06032
05602
02800
01235
00613
04418
02664
01517
02193
04988
06656
02632
01981
05141
01155
03956
01702
05696
07211
02406
03746
04356
02688
00757
05356
06447
05192
02891
00965
04231
02390
04033
01313
01193
06735
05239
04666
04955
05405
07747
05939
06578
04385
07240
01461
07212
00281
01062
05591
06219
07653
00377
03647
05252
03138
04852
01390
03292
04328
02833
06725
01869
05154
03491
06235
07144
03146
03103
01410
02003
01866
03483
00762
04742
05245
07048
05577
02552
04387
04448
02146
05028
01840
04002
05053
06289
04218
07642
05867
03792
07654
05185
07831
02136
07432
02133
01748
04357
00159
07641
05839
00330
06458
05153
00937
03932
05466
07229
07379
06668
02374
07436
01658
07384
04796
03508
07322
03944
03124
02757
04646
06976
07578
04571
00165
07875
06612
01524
06580
05106
03226
07647
06812
01789
04626
04664
02877
00559
02378
00886
02925
04329
03760
04195
00376
03884
02113
01331
06084
03300
00402
00270
02172
05148
06487
07003
03953
04983
06415
00300
06644
01180
01105
04108
07493
00939
04749
02457
00298
00333
01210
06443
06485
03930
01520
05781
04923
07310
03743
07475
00428
02949
01186
05296
04340
01420
00238
04510
04589
04678
07728
00228
01660
00367
05690
06036
02634
06797
06687
05500
06183
03264
07049
01976
06286
00372
05123
02433
04504
01683
04025
00968
07791
00944
03927
05613
06751
06472
05539
01639
03440
05695
06223
03333
01215
05443
07874
07840
00947
02042
07112
02376
06908
02218
00217
03269
06923
05626
00075
00536
05142
03479
01820
00202
03427
02116
05761
00301
04020
03220
01526
06465
00145
02371
03948
01731
03625
00508
06833
07306
01300
03342
07320
04958
02162
03369
01396
06270
07374
01493
04191
07486
04866
02502
05876
07518
01782
01766
01389
00982
00468
00368
07203
07446
06970
07353
06948
05930
07355
07282
02851
03128
05041
01950
01588
06090
05677
01130
06743
01112
06586
05675
01903
03610
07111
02192
01492
03479
03127
00661
05538
05074
02250
07411
01973
07569
03598
00862
00422
00637
00169
02541
01320
05445
01954
04353
07391
04799
00520
00573
05682
02634
00686
04631
00072
01249
07730
05616
03234
00984
01325
04074
07632
03689
03199
06675
03618
01903
01924
03177
02594
05180
02538
06208
01971
05176
02132
06612
03182
07658
01176
03162
05097
03315
01048
01738
03324
00806
06422
06100
06680
01923
05794
03783
05460
05997
06231
01966
01383
00534
01890
06350
03324
02245
03059
05001
02349
06608
02921
06494
04947
05935
05096
06497
00851
06029
04467
05350
03254
07430
06512
01706
06419
03872
03137
07435
03473
05536
05916
05902
05019
02808
06959
04734
03241
02818
02247
05223
04202
01186
04026
06484
00576
07893
04701
04862
03105
07736
03891
00695
03635
06921
01652
02336
02098
06965
02189
06291
03303
05338
01789
05985
00097
01267
07751
00052
06712
05043
05647
01057
05461
00567
00843
01408
01657
00429
00278
05673
06955
02746
01612
02084
00197
01207
01217
01484
00447
01839
07892
01193
00414
07757
00284
03888
05712
02929
05514
00700
06625
06394
05990
02916
05048
00856
03308
07289
01308
00403
07300
06401
04133
04140
03814
04909
00535
00099
02187
07823
06412
00075
05349
05585
05399
07794
00134
05663
07705
03265
05636
07499
03069
00653
01337
05928
04225
03255
05506
02528
00991
04766
07334
00136
07122
07755
02728
07095
04357
03522
07619
01829
00482
04320
01236
00978
03489
02440
06958
07214
05104
05224
06661
03345
04975
01456
02383
01853
06753
00582
04255
07364
03713
01735
05861
02812
05623
07810
01344
01437
00175
04163
01389
05643
07593
05118
00288
01668
00736
05621
07372
01801
03305
00748
02853
02649
05295
00296
05709
01063
01912
05100
06072
02434
00162
04094
07152
03551
00752
07461
04141
02851
01442
05243
05136
03926
06357
01253
05535
04084
07464
05942
00121
00492
02803
05350
06792
05755
07409
07441
01475
05154
06573
03894
02222
05304
02127
02402
04204
01635
01185
00104
03807
03118
05161
06586
05641
00601
00745
01517
05016
06597
02858
03147
01581
03663
01987
01771
07578
01351
02310
04563
03415
00586
01125
04022
04067
03081
01747
06600
03057
01377
07074
05739
07086
02865
01969
03571
00835
01683
04254
02478
05947
01928
06497
04223
07359
07141
00317
06730
05427
03206
02913
03981
04692
01647
00612
00029
06189
01366
01754
00443
01202
00713
04366
03094
02367
03709
06320
05799
01143
00640
04940
02029
03964
07467
02742
07327
02548
04796
05661
02547
02511
04492
03442
02756
04380
05848
05930
00812
06734
05350
03145
05088
03211
05719
06206
01706
03896
00637
01844
00714
02420
03403
00703
06737
07711
02993
00715
00646
06955
03010
00631
06478
04042
04160
06906
03068
02264
01479
01219
00534
00932
00750
02642
00323
07197
01479
04870
06810
02130
00698
07728
06748
00179
00714
02823
06826
01572
06048
07274
04386
04033
00120
00918
05979
00360
05974
02288
00432
06023
00306
06170
01947
05305
03193
05727
07184
04908
05117
00494
05690
00613
01371
01793
00440
06779
02759
03979
04152
03131
03308
05398
00344
04653
00379
06483
05983
03601
03754
04880
00593
05777
05943
04741
00619
07535
06627
01228
05578
06895
02077
00590
05782
04501
01256
05158
03350
02485
00279
02368
07807
01588
01929
01448
07203
04368
00777
01234
07304
05233
00589
01878
06370
03475
02292
03769
06594
06328
00301
04771
02330
03262
01118
05445
03558
03650
04994
05907
03216
05984
03999
00322
04895
05643
03968
01791
02129
03474
04499
04619
01320
03857
04239
01563
02529
03625
01110
02553
01489
01582
03146
00486
07335
01955
07110
03812
06822
05213
06144
07680
07304
02605
04509
03608
07301
05940
00089
05115
02715
03450
04285
00857
07202
04335
00379
01770
06343
03686
07065
00472
04002
07460
07791
04028
06262
01563
02995
00935
04879
02432
00850
06166
01230
06968
06358
07028
07595
04532
07790
00048
05140
00056
07279
04038
02202
02296
04621
00519
07595
00047
02293
07537
04719
03853
01283
04050
07031
07013
03550
06518
04847
06860
07173
01732
00360
06916
07582
02616
05043
03353
05474
00159
05785
01265
05972
05688
06868
01989
05474
07883
00907
00615
02562
04921
06375
04619
00030
04243
00890
06642
07600
00676
00880
02978
03545
04102
05720
05449
01916
03625
02884
05364
03818
00426
05238
03293
07494
05975
05177
01932
07889
01433
03372
05595
06532
02376
02510
06889
01565
05135
05402
03845
00555
00970
07869
01608
01296
07852
03098
07020
01446
04211
03670
04297
04272
02580
04131
03259
02152
06385
06743
02962
06190
03317
07349
00658
06718
05074
02396
01858
05707
00390
03995
06207
03396
05896
00114
06067
05657
01687
02960
03137
05051
07249
06422
02985
03831
07414
06959
03551
06949
07020
01140
07772
05238
03051
03680
03545
04154
03174
06141
02956
05964
03884
07039
06011
01007
00786
03503
05892
05285
04662
02092
06091
00026
05665
05958
06382
02480
04878
03818
03530
01075
06774
04059
06404
00684
04060
04098
00319
02802
01453
04374
01186
04937
01322
06528
02183
01135
07128
05753
03801
03210
04837
00814
05827
02417
04293
00776
03673
06691
03183
01746
07580
07460
02224
03364
01476
06405
05779
03774
01201
06728
02215
00146
01996
07742
01723
02899
03703
01246
07641
07191
06100
00252
07885
00283
07592
01054
06934
00150
06075
04810
01325
01313
07532
02997
06381
00999
07558
06476
06692
05302
05151
01854
00788
02236
05122
05950
07672
02447
06316
05935
02618
00432
01743
06165
01921
00999
03579
07518
07503
04410
02618
07723
05701
04080
07259
03594
02604
07136
03504
01726
06248
04403
02676
01789
05404
03894
01812
02749
04316
06929
04102
03645
06279
06418
01764
01156
04701
04050
01647
06858
07686
03067
07128
07158
04869
07750
04892
01587
03612
05668
03964
04530
06953
02760
05064
07141
06346
07256
00982
02916
00483
04425
07844
00906
06488
03964
00154
02218
05229
03771
02893
07272
04965
03306
07491
01037
05160
06480
03184
03828
07006
00458
04852
02844
01441
02022
04304
02135
05207
02544
04484
01558
05657
05562
03458
05960
03736
06466
01000
05689
02586
06843
04584
05413
04209
03457
03061
01803
04727
02706
02370
03133
03518
06173
07551
02657
04280
01477
06596
07032
02139
04627
07414
06767
07546
07073
00225
02713
00520
04413
04696
01253
07319
03302
04409
01244
06706
02614
01652
05181
01808
02311
00423
07014
02396
03267
03024
07248
02488
02476
00675
07859
04774
01194
03892
07748
00351
01654
01277
06479
06072
04815
00029
07068
03752
05375
00379
05515
03772
06635
01974
03953
02622
07404
00334
02718
03639
05671
04965
01765
06103
07576
05626
03123
03039
05452
06918
05504
00539
06064
06585
06291
00096
03426
02362
07629
04206
07695
05959
00101
06174
04146
06753
03787
07109
04457
01204
01251
06348
05510
00389
07849
04708
07793
06104
01884
00192
02761
01656
02800
04727
07012
05414
04809
06776
03757
00897
01637
01048
06489
03428
05454
00189
04958
07499
06010
01389
00401
00369
01899
01303
00930
00680
07383
05152
05018
03485
03581
05851
03793
07594
01379
05337
07342
02215
04209
02447
02140
01305
06858
04530
02290
01491
02113
07509
04263
05855
00354
01043
00561
03976
07092
06612
05773
05129
05392
03882
00740
06895
04316
01185
06364
01029
00905
07443
01913
05340
06439
00518
03079
00318
06140
03332
01370
02468
05895
01626
04186
01636
00688
07258
01169
04033
03272
05642
05937
03614
00503
04974
01291
01847
02459
06409
02598
04787
03275
04693
04266
04747
06022
05777
07482
06172
02510
07827
07649
01454
07877
03291
04493
06616
04763
05899
02716
05525
07788
02071
01348
06374
00817
00372
01190
00032
05247
00049
07368
04557
01789
07825
06041
01418
05248
06580
00414
04914
02596
05202
04486
04009
04853
01682
06334
03290
05911
02064
02167
01252
06808
05865
07353
04449
02757
00773
07662
04447
04048
00531
07669
01915
06233
02565
00033
05029
00919
00438
01805
07118
04415
06265
04886
07430
01304
03345
00931
01438
01745
07491
02229
01573
05704
00081
01641
00379
03187
05020
04807
04275
07799
03668
02253
06562
02597
04552
04043
07281
01509
05137
00077
07795
06394
04937
05628
05501
07034
05660
07858
05120
03512
00360
05384
03033
01004
06498
05334
05284
06344
03401
05284
03718
03726
03471
04760
01244
03993
07214
02266
04473
04080
00431
02013
01129
07797
01944
06981
00453
01363
07061
07243
06363
00009
02781
02098
00095
07508
00718
00893
07516
06727
00344
01326
07472
03833
01034
05870
03062
04492
03808
02088
07542
07509
03604
02097
06160
06801
03349
03433
05631
05483
00242
03732
00949
02091
07360
03339
03795
04139
03091
06007
02375
01241
03922
05977
06566
00986
01115
06375
07381
03538
07217
07354
06655
06113
07342
05966
07088
04709
03209
02391
06074
02038
02021
04086
03061
05191
01624
04788
07763
00051
01426
05983
01297
04173
03154
03680
02772
05684
01631
06440
06539
00364
06557
05299
05101
01882
07003
05746
05109
06878
03454
02229
06611
06259
03924
04962
05155
01892
06369
01357
04660
04607
06019
02633
06362
07239
06920
00056
00845
05407
01506
04583
06726
00733
00541
04357
01840
07033
01877
05738
05740
01127
07870
04072
07097
05908
06943
05038
04847
00354
02700
00734
02237
02182
06497
07613
07782
06844
04525
00600
00781
01586
00480
07094
05984
07602
07259
06633
05967
05853
04830
03875
06127
01957
00004
02751
01253
02651
02612
02580
06497
03894
05160
03994
01951
00637
01918
06991
04841
06943
03552
06742
01409
01807
02308
00708
00095
02177
02517
01435
05507
03668
00234
02652
00627
07163
02941
04528
02166
00074
02745
07551
02085
03367
02809
06106
06921
07609
01652
07636
03476
06117
04345
00955
05885
05680
03195
03985
06777
06877
04375
01338
02895
01497
05091
02721
00396
07289
01327
03355
05437
07283
04547
05444
07671
06762
06063
05121
07065
00412
07676
00474
02757
03869
05324
06658
04092
06086
00361
02953
06340
06268
02403
00515
05735
05480
07439
04142
00974
00392
04689
01606
04926
06951
01550
02985
03095
04481
03811
05324
03591
03579
03373
05575
03413
02811
00110
02741
04231
00121
05418
07665
02175
07098
01555
00117
04188
01612
02903
05980
00438
03395
03531
06063
06159
06046
06910
01743
04374
03555
06484
04539
07736
02006
05573
02498
02304
03428
03710
06625
01809
03269
04066
07163
01705
05831
04482
01553
03382
02626
07215
07777
02210
03438
03542
07314
05447
03596
05926
01259
01722
01426
04590
04046
02671
00173
01534
05667
04927
04744
03192
01338
01830
05362
01484
02801
03752
07308
02821
06451
06964
00991
01203
01479
05127
02738
03973
02441
03316
01645
00979
04236
00680
03910
06014
02540
00289
00927
06705
00370
02292
00401
05573
07179
01144
07704
04025
01046
07871
03265
02787
03378
00379
01009
02686
07561
03866
00375
06620
01102
06298
04457
05381
05750
04916
02659
07639
01970
05738
04058
01302
02912
03216
07297
06411
05429
00168
07879
07833
00802
01573
07872
00428
02640
00718
00433
04573
06923
04213
00499
03639
02877
05738
01488
02416
01377
07331
05518
03409
01191
04789
00249
03457
00371
05280
02840
00093
02631
06385
03583
03592
06485
04072
07744
02036
05474
05718
00827
01656
02949
03425
06877
03863
04348
04252
01921
03164
00917
07735
00799
07485
06684
02219
00855
00669
03437
07630
05245
04784
01278
03173
06279
00109
00948
05955
03502
04119
00699
01315
07887
07771
01851
03115
04226
00339
01241
05299
01566
00532
01019
04285
02041
06297
00317
06851
02697
02739
05609
01612
05272
07518
07426
01088
07733
02833
06297
02882
01428
02734
04345
01699
02381
02714
01849
07857
01008
06084
03460
05128
04261
00377
05729
05594
04996
02699
05057
00521
02468
06415
05127
06416
00438
06014
01782
05203
00815
00240
06934
07161
01754
01876
02229
07741
00681
06884
01448
05157
00879
07356
04623
03014
01468
06963
02885
01736
02456
05871
00313
04867
03574
04641
05315
02616
06122
03168
02315
07577
07546
03018
03874
07252
05299
01830
02726
05687
04910
00674
00515
05177
06701
00833
03143
05974
05189
01674
04458
03340
01982
04607
01253
05514
02328
03148
05605
00334
02308
00420
01313
06395
05299
05167
04393
05847
05795
01431
01437
00961
07194
00236
00882
02407
01809
00770
00475
05431
06533
03409
05128
06083
05846
02865
05556
07705
02178
00646
00574
05532
00249
06159
00804
06841
00544
05794
06655
04818
00550
04931
01586
01220
01075
03698
07649
04162
02256
00716
00429
05546
00576
05738
05643
00391
01775
00360
04395
05673
03392
06177
05149
01368
03488
01500
00599
03126
05602
04236
05500
01765
02717
06342
00780
02900
07423
06859
01240
07669
04380
06737
02626
05810
02894
06579
04984
06426
04585
04536
01042
03405
00034
03102
03049
07376
07690
02935
02634
02510
05993
06353
01349
02412
05636
03852
01792
02248
00912
03828
04135
00486
00401
01731
07762
04648
05999
04492
03901
04166
03197
05626
04916
02442
00620
07552
05236
07619
04482
00525
06491
05831
03644
06269
04328
00151
01134
03746
06558
03721
02155
06789
02687
05352
03817
04830
01200
02679
02551
07555
06860
04213
01930
01709
01662
06639
05949
06417
02937
03945
04413
02861
05408
05374
06137
00983
05083
00202
06147
01099
05545
03574
07092
01422
01223
04058
00771
05528
03801
05292
03774
02826
04812
00958
07512
05497
05140
03750
01543
02651
06041
03545
05558
03799
01073
03293
03015
05073
02117
00901
06164
04104
06586
01475
05031
04347
05282
03738
07764
04939
07100
07190
07091
04671
03657
05156
00944
00771
04673
00403
02168
05207
04718
06153
03997
01840
05112
05032
05689
00513
06550
00972
03676
07691
00829
04058
01856
01863
07678
06691
02290
04750
02491
01722
00472
01411
04059
03441
01165
06590
03058
00543
07214
06845
06510
01480
04299
06362
05103
01690
06145
03087
07666
07319
05151
02770
05765
03076
07487
06515
05559
07081
06041
04501
02403
02956
00887
07489
05134
03012
01920
03314
00059
06590
00251
01360
00531
00014
07611
00768
05147
03340
00293
03785
07726
07490
01470
03973
05763
04936
06696
04971
00487
05896
03524
05877
04335
05635
02137
00156
01943
00320
03488
04127
02635
00395
07656
00605
04215
04847
03769
06019
02191
05149
02290
00013
05776
02086
02432
02414
01274
00155
03830
03803
07715
07147
03479
05621
02173
01275
01243
02115
05908
02507
07462
02994
00351
01502
06753
05912
06401
01058
05158
02284
00584
00334
02885
02617
05102
02665
01530
02055
05068
02952
07503
05138
04136
06748
00787
06201
00734
01238
03179
00359
03743
02308
05576
01026
02063
04392
05734
01005
03926
05693
04642
02388
01773
03030
03736
01243
03507
04820
04579
01823
07767
06117
01225
01330
06873
01182
05123
07314
02377
06397
01714
05996
05447
06659
01745
06087
04182
05765
05531
04136
02596
07831
07792
04110
06528
06450
05672
01371
02167
00680
02528
03206
01959
04950
03050
01017
04598
03593
04771
03227
07795
04546
03560
02625
00156
02144
01610
07050
04537
02776
01284
04344
07076
06748
00036
05395
04211
07202
00757
06959
07106
00179
04232
00045
06385
00868
01732
02280
02743
01729
06972
05416
05624
04125
01033
05052
04130
07627
03474
01345
03935
06206
04896
04343
02867
00540
06022
04054
03230
01329
03190
06473
03016
04983
06335
01575
00481
00726
01592
06974
01380
07138
07529
05837
05940
02057
00052
05599
07630
02415
03310
03066
03094
04770
05549
02823
05016
07515
04671
04135
07038
00291
07141
00290
03538
02846
03426
05360
05095
01949
02974
07861
07053
07780
02407
04047
05158
07495
01255
02111
06030
03038
07056
01661
04012
01785
04594
00496
07191
00670
06715
04782
01591
04753
01097
04006
01722
01645
01560
00297
05522
07805
05678
04063
00979
03992
03577
03609
05782
02730
05077
05408
05880
05531
07583
00928
02705
01914
03146
04752
03496
02159
02781
03660
05089
00199
05837
06093
01082
02845
07801
05460
05859
02897
00344
02173
02393
06112
03116
05143
06114
02463
03553
00965
06599
00286
07496
04605
02302
06010
02982
05689
02383
02067
02633
04563
06551
04328
00195
02166
02005
01776
02262
00835
06677
00309
04388
00290
01367
01917
07699
00261
01180
03781
07768
03716
06407
05575
00606
04307
05587
07444
01519
04184
06601
01678
00487
01158
06174
06816
01785
07414
06499
00464
01943
07434
03302
06286
00049
01100
05521
03155
06490
00700
00201
01009
03887
06819
07712
03727
05242
00963
06096
00541
01039
04377
03156
02376
07785
07346
00998
03304
03812
03321
07073
00804
04254
02935
03383
04560
02949
05877
01715
03754
01530
07143
00920
07647
03080
06695
03219
02568
02939
00896
03228
04296
01275
02772
05158
03614
06852
04461
05974
03812
00696
07815
07737
01443
06430
06528
01763
01126
07050
03102
01925
06171
01226
05227
04170
00149
00232
05979
06890
07539
02897
02950
05064
01278
01167
03189
00970
03694
00910
01234
03603
05919
03245
05548
05333
04615
02592
01272
07172
07781
03774
00143
04100
06808
07134
04050
04995
02042
01895
03953
04439
03520
02033
06721
03671
07599
01778
04511
02644
03845
01710
04805
07140
04630
05171
05607
04035
00019
07194
02908
03583
07220
00023
01084
06658
01234
05347
06010
00422
06860
02521
03331
03969
03207
06650
01926
05442
01590
07662
07331
02612
03083
07753
04646
00850
06500
07418
03813
04097
03110
03763
03683
06907
03820
07778
06988
03061
05773
04465
07346
00328
04047
01294
04530
02252
00732
02889
03519
06213
05363
04502
05413
03123
02377
02202
02766
04677
01450
06686
07242
04906
05238
06088
05437
02929
05748
05723
04757
07380
00086
03182
05003
02713
04517
00842
05446
04588
00560
01761
01923
06555
04323
04418
00772
04167
06557
06465
07656
04285
04987
05099
05782
03975
07778
04036
05646
00281
06917
01903
00112
00631
00615
07413
02603
01664
00311
05044
02502
05925
00085
06314
01327
07461
05650
07297
03694
06966
01813
01487
03189
07405
05764
03992
04972
00458
02782
01176
04570
02263
03794
03323
07584
07862
01846
07559
02104
06074
03995
05562
02284
02692
02116
01861
05653
03751
01115
07148
07073
07427
05207
04455
03879
05882
03353
05879
05877
03448
00014
05183
04978
01970
00264
03466
05616
02262
07865
03438
02346
00366
04341
05186
02602
04443
06646
05813
05920
04213
03435
06216
05718
05278
01705
01198
02092
02115
01700
05482
00729
02350
00497
07233
04205
03686
06903
03255
05727
06053
05786
05154
01083
04650
07636
04093
06077
00288
07857
06167
02996
04070
04873
02071
07896
07183
00621
03571
01496
02165
01900
04866
05568
04283
06665
03203
06500
07449
07550
01590
06746
05677
00819
04505
06869
03892
01189
06060
04096
02950
06035
02986
00046
01986
05490
07114
06945
06742
06461
05927
00937
07224
05935
02664
01002
02799
07553
04797
04002
05133
06137
04370
00949
05509
02170
04418
02175
00336
02567
05497
02017
07281
02894
00906
06884
06895
04913
01665
04315
05164
04243
03373
07153
03347
03113
03502
06650
04898
00597
07469
07603
06691
04377
03197
05468
07293
03373
04986
00202
05811
01323
07305
06130
06605
03916
04772
02129
01515
06683
06248
05419
07760
02477
02853
04851
07687
04743
02593
02629
00204
04393
06645
00103
02090
02402
07109
04350
05837
00354
04155
05529
01397
05200
06676
03296
00506
04215
03903
07830
02290
00859
03515
04889
01805
07846
04284
01967
01672
06425
00309
03351
00234
02293
00325
04334
06583
03251
04503
01845
05222
05932
07365
07256
00998
07479
06666
03039
07153
03941
03832
00573
04918
00590
01289
05829
05025
04957
06109
00814
07237
00474
03826
01120
01074
03365
03431
04485
03122
02932
07684
01191
06702
02294
01362
02387
03985
01615
07743
00378
07873
00484
02334
05213
06597
03763
07160
03606
06651
04228
06500
06903
05787
07699
02395
05799
06254
06597
06106
05147
04770
00015
06838
06676
03331
02526
04313
00410
00687
07809
05274
06907
03802
02202
05973
05154
07615
07559
03167
03869
01748
00970
04334
06822
04214
07435
05738
06513
04737
02406
04931
02757
04360
05645
03818
04498
06640
05531
05787
00702
00071
05497
02501
02716
06788
05153
04738
04844
05822
01381
06897
00034
05010
07567
03711
06891
03665
03315
05830
01943
04039
01898
05816
04909
00635
04008
04516
00603
03873
07893
02978
01590
05687
00509
07862
00906
04175
01255
06997
01488
06864
05850
01095
03745
03839
04754
00561
04087
07837
03094
02638
01822
03732
04634
05953
06521
03493
04000
06263
00672
01638
06764
00842
02995
00944
06888
04187
06297
07827
03691
06840
02385
05621
05162
05210
02378
05377
01481
03226
01001
02282
05925
02659
05305
01313
04990
00725
02073
06168
04788
02077
07581
05059
03327
01638
07123
02105
04300
03990
07836
02157
01153
03849
01952
01211
01676
07436
05836
02074
00191
07642
07426
03663
04383
03462
05822
06608
02222
07308
03867
04556
04365
07517
01562
01285
07312
00138
02840
05168
05842
01760
01284
03867
03272
02644
05079
02871
07149
04154
06712
03617
03364
00484
02964
01029
01725
02321
00518
05659
06687
06511
06761
07183
02754
03694
05999
03122
05526
01603
00442
04242
00517
04221
03377
05019
00142
07552
00620
01392
00312
04564
06982
00243
07544
03824
01937
06764
05574
05721
05317
06125
02359
02001
00294
04570
07768
02650
04451
00112
02425
02032
01759
03802
00317
04038
01235
03048
02178
00129
05739
01456
05745
01458
02518
07158
05019
07547
00080
00267
07127
04582
03459
07522
07151
03786
01222
01192
00043
02227
01679
05218
07017
06041
05817
00441
03371
01072
01018
01006
07868
07424
04026
04672
00673
03996
05483
00839
06593
00580
05966
02183
02819
00816
05552
03582
00740
07519
03278
06819
06038
02006
01099
06124
06902
04067
02167
06139
03443
01406
01921
00073
02460
02164
01059
07184
02592
04073
07686
03651
00910
04380
04565
04804
00799
06567
03359
05302
02540
00868
00625
01664
01085
00703
06678
06254
01136
05825
04729
01408
02516
05775
03273
02618
01146
06177
01309
05267
05341
06583
00795
07041
07858
05726
03415
03425
02539
00806
00557
00252
05173
04151
01531
04067
03409
07110
07414
05773
03487
02560
01152
04951
01347
01471
03118
02691
04570
04984
03688
02542
06161
01164
03426
01441
00489
00482
06088
05327
00734
00931
01602
06630
03005
03631
01245
01371
01026
07859
00157
04271
00871
06415
05991
00324
03235
04745
02192
05822
04844
03481
04405
00640
04759
05866
00063
01915
00963
07769
04118
02342
03984
02808
00338
01426
07422
04301
03333
07049
06415
00134
01864
07698
05517
04567
07598
06589
07441
07155
01507
00634
00692
05282
04655
01279
03400
07727
05349
03647
07512
07386
00831
00161
04542
02223
00880
01586
03062
00699
04237
04712
03496
04791
01503
07453
05119
02387
05034
05960
01080
01771
01202
05275
00730
07822
04874
00628
03647
06988
00597
03334
01572
02702
02326
07341
07272
01382
04637
07378
02447
01180
04473
07525
02454
06234
05969
01336
01774
03179
07781
07670
00917
00466
00078
01413
02502
05998
05714
07002
00353
03502
01795
05714
04188
06908
01808
02873
02853
06858
00953
05952
02071
02869
06747
05448
07617
02162
02079
02463
07150
06792
05101
00310
07680
06553
01231
07300
02928
05688
02652
04495
00722
04935
02663
00149
01286
04524
05123
00702
02198
05752
05952
02077
00336
03105
01345
00289
00504
03545
07501
03135
00979
04937
05722
01945
07324
07030
02569
06689
05376
00295
00055
05976
03237
04772
05700
02510
00175
04175
00357
05196
02142
03326
06081
02350
05733
02237
06458
04639
01600
00489
01327
02606
04850
00454
04718
03659
04265
00366
02391
03135
06738
07624
04971
04632
00722
04860
04451
03685
06204
03413
07074
02019
00558
00429
02326
01934
07345
05300
01931
00099
05324
02736
03837
07734
00817
02532
05051
07807
03928
07217
07538
06089
05774
03530
00165
06136
01282
06697
00348
05210
07303
05312
05468
05974
02993
00784
07461
04724
00582
02190
02019
00756
01513
07376
02182
02722
04701
02363
07561
02270
06393
00182
04366
05133
05373
06918
01228
07596
03565
04810
00483
01130
01089
07370
04365
02166
01736
05353
00835
01591
03871
06976
03758
01907
03338
06878
00736
04114
03183
03753
06446
07596
06663
00207
05279
01450
00469
05039
04268
03828
01582
04294
01500
07367
01195
04675
07868
01202
04654
07083
01031
07856
00412
03657
06080
01256
01964
02162
05201
06122
05849
03637
00492
02012
02142
03111
01729
07637
03391
03489
07770
04675
05049
02723
05706
01719
00315
06766
03533
02687
01796
01381
01259
05332
04016
04362
01458
07226
03462
07636
03929
05186
03609
05720
07770
06115
02723
05557
01963
05116
03456
01637
05916
07490
06507
07283
03730
04269
03167
07575
04961
00597
02633
04649
06937
03964
04609
02082
02686
01254
01541
07044
00558
07666
03613
05848
00460
05924
03630
07479
06494
05961
07378
00662
00904
01412
05232
04268
05080
00389
04597
06667
07427
00588
02106
01861
02042
06958
06330
05305
06707
07580
01761
03857
07410
02275
04979
04493
07875
03073
04382
01215
02282
01451
05210
06241
00398
02862
04691
01404
07540
05935
03771
02189
02887
04311
07522
06919
00906
00848
02487
05744
01346
05476
03372
01845
07098
07376
07625
05809
05414
07120
06316
03258
07359
01126
07189
00757
05552
01384
07601
01784
00790
02735
07015
06589
06714
07434
04990
00405
01180
01969
07504
00134
05905
00381
00105
02127
07302
04141
03417
03383
06273
00777
01867
07625
00580
07866
02925
05786
07652
05797
00209
06184
07553
02594
05663
05392
04551
02283
01562
02156
03394
01469
06141
01608
00787
00559
00594
01506
02550
07774
01365
01820
06176
03374
04552
00578
02746
04579
03652
06457
07029
02706
07284
06288
07810
07059
04577
01821
01810
02080
06081
06268
04774
02461
02986
07273
06292
03624
01844
07291
03473
03723
05539
00394
03516
07588
02790
06522
01345
07209
04688
05814
00151
01403
06037
07132
03353
06917
05039
05661
03191
02722
04508
00565
07429
00863
07023
07717
05060
04130
02970
05991
02661
06276
04278
04633
05872
05354
04658
03756
06857
02953
00307
02019
06683
02091
06497
01183
06793
01970
04712
00195
05823
02588
03410
03559
03627
07333
02096
04129
02944
07033
06404
06744
00084
05846
01017
04908
02284
04698
01415
06646
05034
00305
07839
01826
07408
02163
06615
01123
07020
03109
07267
01480
01541
02331
01899
04170
06087
00741
05265
06973
03571
00079
01251
05143
02734
01023
00178
04671
05741
07233
03446
06803
00295
06651
07762
00507
04190
03619
06172
04451
00360
00435
05702
02071
07645
00679
02968
04893
05026
02917
05526
02895
03782
00082
05319
06816
04721
04337
06952
04838
04345
02407
00755
01683
04389
04134
04683
07605
07658
02410
02124
07122
05034
01522
03844
05908
06927
07479
01613
07114
04760
02988
06223
07897
00503
05910
02171
05119
07835
07323
06799
01270
06287
02343
05777
00581
02736
00338
03361
01888
06379
00625
04190
06085
02062
04244
07661
05904
05080
03588
06577
00227
01917
01811
06073
02659
03876
02605
07012
06684
05722
05253
06359
05607
05276
01478
06952
03782
02224
05092
02818
01217
02301
07436
01230
07453
00831
06019
07361
06462
02443
06786
05165
03510
07601
03980
06882
01644
04281
03545
05065
06122
06511
06768
04667
03032
00406
06611
06501
04271
02332
00958
07229
04191
01036
05698
04221
06944
01295
01977
00391
06391
00008
00584
07184
00137
03263
00465
05163
01416
00084
02502
02755
07643
02433
03526
01973
06613
04628
07439
00676
03038
02430
05986
05622
02378
02973
05064
04527
05331
04888
00913
03229
03874
06780
04671
04367
04009
00780
02464
05720
02480
07003
05245
03849
05610
02415
07657
07124
07067
00826
07598
01652
07804
05268
07635
01848
06523
01815
06389
02643
03226
05087
07171
00422
07463
03334
01291
02794
05874
00744
03751
03214
07019
02493
01682
05608
06234
00812
07720
00608
05185
01236
01255
02957
06429
04531
00637
00505
06085
01638
00303
06710
02217
04759
06760
05874
02983
02478
02315
00619
01792
07443
06145
07395
04321
00198
03645
02672
00196
01349
00483
02641
06895
03051
05148
07292
02969
05018
01916
07636
01953
04823
03584
05751
07044
07490
07230
03965
00269
05032
05740
04145
07723
07377
01890
05780
07211
06963
05525
04227
05049
03714
02294
03283
04182
02918
06566
00717
03664
03067
07432
04129
04086
07652
05192
04302
02522
02922
01619
04087
02565
04133
06089
06990
05295
07293
01595
03482
02000
07083
01591
05508
06195
04922
00077
04442
07657
02426
04404
07151
03314
04788
04969
07000
04701
06291
02344
00401
04613
03188
05130
02608
00224
06220
04728
04662
04931
04160
00322
02595
04749
01150
04211
01217
01375
05903
02428
02906
06513
00437
00580
06235
07658
03370
00064
05621
05057
02528
01768
01141
07235
06148
01967
04840
01670
01857
01091
04778
02781
00978
07765
04277
02509
02925
00256
03634
03745
05967
05576
01311
04885
04005
00691
03544
02618
06105
00128
05528
02102
06097
05244
05301
00166
05821
01462
04900
01882
05473
02574
04522
03596
04758
07011
03786
07717
02838
04159
01956
06377
03679
05084
00582
01514
04437
00532
03783
07052
04676
07705
04477
03133
04116
05603
01830
02356
04625
03291
04818
03712
05431
00486
00425
04503
04198
02864
03268
01460
03191
05755
00359
04162
01411
03539
02733
01247
05546
07548
03919
07178
01072
01519
02032
00077
02200
04742
00619
01262
07710
01003
07231
00653
05779
06159
05715
04403
02620
01708
07593
07814
05124
04877
01190
03670
02266
06684
05765
03444
03139
00755
00841
07162
00573
06714
06605
04570
00150
01532
04962
02396
05197
06176
03099
06424
06981
07729
06246
01733
03965
06047
06459
04588
06083
01929
07810
01616
00078
06444
07030
03478
06904
07536
06221
01705
05891
04790
07760
04101
05601
01746
06511
06815
07609
04188
07878
05453
02274
03819
00039
06059
04645
07565
02513
04749
07318
02223
06874
05527
01153
02048
02696
06740
00685
00416
02794
03719
01142
02656
00441
02646
01105
06724
03883
01792
04116
02766
00873
03589
05801
01286
05016
04558
07539
00875
07218
00794
01208
01886
05047
07341
00539
05925
02528
04222
04343
05503
05596
05784
00285
04806
02056
07015
05538
02358
01293
01946
02508
04250
01114
07603
04522
01193
07193
06350
06369
01680
03636
01858
05174
05335
00588
04024
03954
01721
04324
06233
03965
01312
04364
07552
01330
04310
01926
02899
02865
03931
06094
02016
02950
06384
00794
01168
03214
00970
01337
01387
05057
06628
01334
03925
04439
00617
03474
02733
01277
01838
02309
03021
05359
06508
00042
03691
02055
03203
00505
04071
06732
04356
07398
01674
00054
06873
04686
07739
00080
01654
00985
04984
01460
06983
01971
07268
02451
00869
01356
02012
04343
02607
00576
07233
01293
02475
06405
02997
07456
04521
03498
04401
01502
02080
01000
05079
05624
04867
00216
02644
05108
03736
05436
05115
02193
00229
03721
05538
00910
05203
07427
00801
07769
01488
07411
02533
05772
01412
01589
02381
02967
01913
02217
05857
06964
06324
05181
05793
01035
03156
03938
04992
06842
06074
01315
03243
03830
07150
01255
06292
06565
00946
00942
01408
05227
01877
00848
06713
00055
04448
01791
03705
04174
04201
05635
01773
06876
02660
04420
01618
02136
06455
04930
02982
07487
05205
05062
06263
05077
05839
01813
00409
00158
01811
04006
07629
03628
06711
02553
05354
03018
03635
06815
00339
03338
04235
06098
02524
05073
05459
03433
00699
05323
06488
02518
07631
00646
02684
01796
03393
00299
02531
03351
02561
04192
02074
04442
05984
03145
05692
03500
05876
03854
07316
01644
03629
07147
02377
03928
01587
07539
06426
02170
03309
01684
01611
07068
07106
02423
00076
02109
01811
02960
01565
07401
00961
04236
04178
07143
02353
01555
00722
04815
01753
05314
03616
03663
02529
06761
02937
00107
00884
00823
07165
04128
07430
06734
03340
06586
03964
06527
01865
03014
07754
02891
01575
06035
07752
06676
05861
03549
00223
00139
07028
05328
04660
01338
06606
02947
03704
04779
00034
03404
02099
01551
00067
02001
07839
05059
00428
07218
04520
06528
07070
05739
06110
04066
01513
05429
04059
06131
03276
05459
06748
07156
05830
04425
03626
01082
04044
04565
03626
03747
03613
06648
05971
04434
02697
03361
07072
07345
00517
06782
03046
03208
02776
05831
02903
01971
07085
01719
03249
00517
01166
02873
01046
04417
07720
07024
02981
04075
02640
02388
04811
05471
07492
03017
06232
07369
07835
07252
00197
00628
01873
01756
06063
05239
07675
07334
05201
01991
02580
03477
02014
03750
01525
03852
01534
07177
01659
05180
01105
04084
02494
06453
03443
01476
05348
03209
06250
07206
06824
05856
00125
06926
03071
04410
05114
02927
05979
06557
01656
04153
04219
00467
00379
02211
05093
01584
02588
06141
01717
02484
01617
02245
00911
05011
05334
00685
03206
03595
07679
00332
07581
04164
07018
07481
04075
03431
03319
02510
07167
06636
04748
05067
00837
01777
00199
02823
00428
02488
04336
07837
04084
01194
03825
01619
05435
05603
01480
00127
01801
04774
01056
00483
00450
06690
03486
05943
03774
04843
06327
02848
04235
03694
04988
06783
03574
07379
00663
04143
07060
06405
02694
01328
05495
01485
05913
06997
03166
06929
02492
02659
04937
01760
05415
00075
02670
02158
01543
07618
00690
01573
07734
02127
01421
00024
01570
04294
05882
04613
07774
07653
04717
05254
04262
01836
01734
04001
00126
06139
00491
05404
05036
02351
02898
06748
07139
03109
02350
05321
03687
07250
02065
02671
06110
00269
02563
02425
07112
05660
06909
03747
00277
02419
00468
04880
01580
04659
00393
04722
04508
02717
03299
06448
05230
03103
05320
05197
05129
06548
03690
00875
06896
04421
01561
03908
04594
01625
03857
02286
06464
04121
04511
01774
06482
04801
04565
00278
07792
05278
06744
02083
07638
06872
02517
05254
07375
05865
03840
06525
05568
05757
04369
07599
01752
01877
04844
02232
05527
04651
05497
06026
07156
01588
00349
00964
01120
04433
02244
02545
04154
01800
05008
01254
03104
01655
02718
03058
04420
02543
04953
01455
01548
01938
04032
05325
00568
03783
04917
01127
06531
06616
04941
01770
05357
01810
03146
02118
03048
07605
07792
05412
03425
05339
00691
01182
01347
06106
00750
01735
03267
01610
04326
03251
00046
02861
06131
04654
06408
04799
05448
06293
05305
00115
06129
07037
01975
06687
05593
05288
05849
05760
04090
07512
02290
03137
04087
03327
02718
02674
06605
05133
01077
06042
06797
04336
02154
02830
00633
01310
04260
03837
02702
05394
00078
05492
03487
04320
03354
07847
04816
03711
02452
02842
01914
01820
03206
07567
01619
07173
04273
02885
04294
07690
05230
04319
05621
03116
04958
03571
05063
06036
03479
02636
06609
06394
03625
04275
05448
05906
04202
04013
03435
04193
05831
05264
04403
05973
02387
01633
00759
04784
07281
06846
00357
00743
06634
00660
02343
06318
06084
00346
03628
02641
03807
05318
03591
03485
02587
03085
02243
01868
01219
06911
03724
02156
07501
07629
00618
03635
06782
07839
02543
02584
07053
06182
06600
02574
00240
01846
06669
06738
01344
04018
00926
07284
00863
06761
05915
07615
04519
05629
07742
03578
00981
07639
00296
04706
03299
05109
04338
01613
02211
04276
03204
04569
05306
00379
05637
07331
06538
06953
01029
07724
00617
02875
01323
07338
00938
07665
04365
01660
02417
00679
00170
06939
07231
05634
03256
05653
01424
03697
02393
00031
00010
00513
03460
00103
02839
04207
03837
01301
00055
00013
06581
03136
03471
01686
02223
05730
01338
00520
00493
00640
03394
04112
06923
07755
07151
02107
05635
07375
01781
06643
06708
03374
05131
07158
06253
00162
01777
06289
01867
07501
07454
00773
04139
03218
07751
07458
04863
05825
05717
01112
07383
04035
03477
05499
03348
00959
00463
01832
02057
06426
04273
06677
07878
02602
04498
04275
05622
01879
01211
01758
03232
07179
02392
06011
05118
04982
02548
03647
03495
01206
06744
04610
05488
00793
04751
05200
04098
05327
07597
00983
04034
05584
03020
05931
07685
03206
00387
04867
01291
00704
01229
01652
00668
02121
00274
02621
02043
05556
02159
03365
07787
00798
03991
03814
07286
06635
00431
06355
06880
04846
04303
06085
05678
06039
02691
00851
00662
07595
01573
05672
03572
01030
05300
06858
00526
05174
07186
01672
02816
00604
04055
04021
01162
06420
02942
07084
04975
06895
00278
03753
06276
01645
07010
05526
06298
00549
00945
02015
03952
05804
03494
00472
06670
06161
06511
04296
02379
01880
01893
02979
07862
06846
06704
05274
06521
01153
03605
05951
04106
02882
05078
02357
04271
06091
05750
05661
07224
01092
05846
05954
03661
02485
00104
06064
03595
05798
06482
02427
01639
06119
03939
03400
00878
02559
03643
04477
07839
07577
05020
05493
01567
03156
00950
02287
07856
00377
06315
07584
04214
00163
00755
04833
06694
03880
03500
03591
05093
03123
01506
05382
07765
02920
00064
03797
03899
07725
02963
04020
05797
03771
05267
02496
00226
04774
07179
06620
06469
06118
03825
02253
07375
05233
06212
01551
01194
07574
07395
03247
00422
05917
03363
04497
01538
06015
07196
01363
02837
04113
07137
04069
01447
01987
05346
07525
02348
05410
07699
04250
06667
06823
05504
06873
06319
06752
00512
03388
00875
00478
02803
01470
03156
03745
05552
02325
05666
01627
04487
03486
07372
05851
06464
05195
03192
03830
00888
02987
02175
02502
01306
04464
03253
02199
00435
06083
05406
05615
05427
06220
03738
03086
01733
06329
07119
00189
04953
07704
01544
02052
06876
01149
01120
07540
03956
06419
07321
05620
01327
05468
00797
02396
01539
03055
07625
00223
02344
04553
07045
04606
04913
01844
05094
02518
00481
04804
05757
05463
01446
03892
03921
07167
06873
07390
04462
07754
05386
04075
03854
07608
04233
04522
00369
01897
00490
07001
02560
00734
07753
07025
05890
03181
02315
02402
00068
00947
02451
04974
07499
07893
04732
06481
02465
03684
02328
01987
05832
05830
05393
01061
05231
00275
00295
05970
04819
01402
04548
05537
06697
01805
02528
04236
05151
02560
06301
00081
00800
00192
02046
04545
02998
03765
06143
05353
01811
00622
04090
03353
04732
04001
01726
05941
07519
04824
02330
01999
01915
07285
00464
00843
02246
02588
06067
07618
01343
07206
03306
05210
07745
02902
03560
05503
06297
03917
01045
02330
07632
05842
02424
02319
07149
06509
06716
03873
03114
02916
03404
02143
03221
00680
05382
06719
01992
06178
07059
06978
06950
04189
01854
00663
06412
04373
02191
05465
05440
07791
06069
00055
07539
04243
01032
04259
01347
02268
07771
05483
06966
05610
05338
05092
01042
01150
07575
02278
01230
07051
03980
00670
02036
05904
06082
00595
06037
04728
04785
04614
03863
02805
04292
00733
06606
02366
02895
03259
01622
01912
02216
04230
00933
00467
02020
04623
00228
05962
04935
07735
07789
01388
00234
02028
05709
06535
03833
04606
00167
02895
01020
06072
03770
05117
05764
00442
07255
06506
04633
01432
05215
02983
00838
01703
01211
07434
02441
06516
07421
01506
05388
07451
04393
05553
00629
04753
00486
07890
07527
07792
00671
03159
01914
05209
04241
07210
02497
02148
04386
04148
03762
06734
07400
07499
01082
05904
02622
07824
00651
05419
05188
03349
03508
02024
03961
06553
06597
01672
01265
00361
02893
03134
05561
04336
05073
03994
04525
04475
02118
02707
07764
07199
02686
04701
01783
07278
04171
01487
02336
04948
01341
06427
01269
01598
04999
00552
05538
05784
03078
05723
06688
05361
05654
02163
07580
06593
00614
03435
06260
07514
00571
00453
06649
03744
04828
01608
00211
00890
00585
02519
05173
06071
06974
06493
05301
01055
07568
04574
06720
06432
05343
03924
03482
01896
07451
05520
03817
01723
02525
04191
01196
05134
02816
00492
06973
03199
06558
00160
01456
06901
03709
01377
01747
03724
07372
02861
04706
05103
06095
05287
05614
04302
04690
05540
04119
06243
03067
00747
05636
05933
02306
05096
07124
00915
00267
04011
03919
04839
03890
06869
00154
07106
01366
01000
03164
00964
00873
06727
01310
03718
02529
01098
07777
04384
05553
05199
07055
05334
00630
05606
05064
03932
05245
03000
03468
05424
05181
07206
02520
01484
06894
05683
03817
07496
02813
02580
02240
06047
06166
01863
03723
01787
04353
02743
00157
03226
05002
04821
07255
01737
00517
00549
07766
06515
00761
02208
03881
06255
03360
02038
05851
02183
06616
01861
00258
02581
06797
06457
04009
07132
05944
04440
04403
06268
02428
05450
05005
02932
02571
02857
07237
03145
07692
07290
03722
04823
06660
02711
04905
01247
03179
02162
03249
06332
00061
04392
01119
01184
03647
04056
05489
04251
07505
00495
06221
07196
05321
01015
07886
03948
00589
01780
06251
00000
07797
04311
02371
01431
06888
06739
07390
04696
05871
04894
05010
06582
00465
03549
03394
03829
03246
01776
01364
01382
07714
04516
04225
06323
01604
05271
02320
01765
02416
02574
05768
07195
03218
04251
05698
02372
04595
00214
06763
05090
02223
00759
02830
06269
02573
03593
03230
01276
03182
03265
03067
06606
04747
05343
06896
01285
04578
06966
04266
04729
04236
05799
05128
04058
04163
07618
05103
02981
05359
02993
04764
01477
06787
06084
05728
06555
05602
06179
01771
04584
06368
00064
05710
00169
03923
01707
04804
02422
03030
