02160
02261
06387
03243
03270
00413
01378
06489
05832
05821
01449
02822
00961
02644
07178
06890
03152
05187
05542
02198
06824
03715
03807
00262
01548
06608
06908
03218
01992
06380
00155
02175
05690
01321
04296
01517
01223
03279
04460
01340
03355
03070
02201
05424
04480
01425
00210
01478
02823
01135
01775
06458
03813
04567
00093
02391
06716
05703
03700
04905
06907
07025
06579
04739
07320
01131
02358
05816
00593
05497
04615
01208
07122
03698
02859
04297
01672
05851
05459
01839
03364
04859
00858
00130
00516
07157
00526
03042
01643
06139
02168
00458
05752
01070
03046
05646
01021
03215
01872
03178
03502
06464
03839
06808
03777
00092
05529
02005
04997
01815
06050
01857
06378
06859
03476
06802
04920
01513
04439
05596
06356
06880
07355
04103
00821
04045
03610
06372
04485
00040
02347
05077
05307
05278
00433
03953
06773
06304
05746
02104
03986
04768
00787
06665
06405
05107
04929
05694
02206
04655
04410
05696
00387
05610
04698
03717
00004
04308
06690
01490
01580
00835
02042
05806
06019
02833
02463
06990
02841
00908
02696
07006
06692
06321
07234
05922
01218
00222
02084
01809
05722
01891
00236
05499
05421
07244
04512
06199
01978
06430
01489
01804
03743
02363
03866
00858
06132
06644
05902
06323
00241
03026
04319
05483
06895
05816
04075
01353
01164
04161
05865
06193
01760
01833
00994
04304
06941
06755
00338
01595
04779
05903
02157
02588
02937
03621
05622
01059
03360
05859
05963
03501
02281
05294
02620
01459
04487
00584
03227
02601
00823
03791
06173
04929
06332
00902
01598
02627
05719
00346
06387
04324
01763
00787
02697
04865
07070
02909
03219
07078
03492
00394
06248
02183
04134
06334
06483
02529
03520
06670
01716
06366
04223
01037
02372
00628
00737
05685
02806
00793
01479
00958
04576
05445
00645
01271
00897
07204
00435
01614
00428
05423
02556
04933
01699
01421
00387
04267
04263
02139
00581
04164
04427
03165
05697
04679
04345
05768
05500
05018
02268
04190
06346
04475
00677
05996
00015
02173
05024
07003
00779
04757
01798
02457
01747
02417
04166
00580
01404
04188
01813
02779
02427
05344
00821
01033
05952
02104
02713
05119
06833
04505
02870
03972
04955
00389
04540
02419
04243
05059
06772
01370
01066
06774
05029
06018
00975
05904
00823
06256
04246
05427
05496
03143
00694
00205
00740
06087
05360
00909
05919
07086
03124
02734
03374
05497
00006
04039
01148
00128
02957
03396
06904
04771
00572
03244
05788
00541
02754
03744
03352
02892
02516
06213
03405
00137
01818
05622
02414
05642
06926
06674
06144
04209
03696
04085
06458
05937
01143
03653
05191
02605
07363
06276
07256
00013
01966
02452
06055
03197
02537
05092
04023
03148
02466
06998
05175
07278
06738
06714
01197
00222
00325
03570
00415
04540
07203
06795
01444
05343
02763
06405
02049
05919
03487
06527
03328
05609
01419
00770
01035
05984
00127
02608
04198
06412
00068
01361
02979
06130
05059
05882
00446
01544
03153
04242
00161
05955
02535
05306
01322
03583
01141
03225
02735
01714
05951
02393
06492
02909
04007
04986
07324
02672
01386
05488
01323
03609
05407
06235
02372
02817
03833
04299
04246
05387
02574
03294
07057
07154
04817
01024
03183
04358
04346
03142
07117
04786
06980
03943
00400
05149
02543
04279
02629
01563
04124
04472
00401
05319
01878
05912
07255
06951
04408
02794
04552
04028
01705
02761
06708
02661
06460
01608
06070
02583
00484
04615
03150
07323
03749
04555
00176
00740
00038
03941
02530
04595
07226
00205
06043
04569
01069
01555
00687
04112
02956
05313
02303
03574
07357
00912
06789
03671
00718
02822
04261
03558
03473
03041
00607
05985
02149
03947
02032
06078
03312
00930
05536
06029
00832
00258
05871
00251
02433
00969
05825
06455
01808
04174
04297
02902
04222
05295
03601
05590
01281
03118
01263
03928
04820
05920
04611
07343
02687
06698
06277
06864
00825
03232
00139
04805
04969
05403
00976
03570
01005
02557
01904
04322
07369
02172
05872
03550
03201
04841
04651
00068
01282
04525
02271
00673
04074
06231
00847
02563
03680
02588
04225
01229
04102
05347
03174
03743
01075
05404
05330
04641
03101
04484
02057
03268
01939
04911
01162
07277
02481
06971
01952
00023
02653
02181
02227
05980
03758
04227
03350
01943
01156
00085
01401
06001
03234
00392
05302
04079
04096
04809
00225
04044
01677
04482
00768
06704
05714
05180
05314
03396
00770
00713
00724
06073
02917
00620
03398
01973
01260
02024
06620
01705
06366
04122
01721
01561
00673
04075
06262
04560
05181
02814
01488
00464
03754
06723
05096
06003
05449
01429
04116
03194
04160
03270
06730
04199
00855
03477
06780
00336
05448
02729
03655
06883
04356
07205
05141
02840
03400
03776
06027
00360
03774
02815
00749
02840
06351
00162
02973
01466
02798
03616
00539
01480
03952
02799
02422
00709
03896
01284
03633
05522
01151
00403
00953
04810
07368
01636
03186
02315
01345
01106
00160
04681
01910
02193
04363
05801
02704
07212
03493
01255
07163
03312
04109
00020
04181
07040
03454
00143
02473
02317
06705
01351
01628
00610
07102
06170
02303
05682
03258
05581
07170
05838
01322
03585
03602
00735
05486
04614
03074
04244
03217
06383
00021
05281
05461
05425
04059
02852
04667
01833
05737
06077
04776
03681
01171
02201
06979
06623
03021
06947
02370
02083
01207
04496
02757
00418
01750
03781
06386
06563
04951
00495
02911
03886
02807
04671
01391
04700
05414
03264
05627
05791
06491
01686
04210
03383
03920
05837
05931
01517
00757
00995
00911
06328
04458
06115
00340
00137
03806
03567
06419
00341
03293
00577
05011
00976
05687
03366
01551
00304
04123
05111
04210
04005
00914
04502
05291
01530
01168
06458
04235
06320
05212
03342
06267
04136
01113
03676
05179
02667
04214
03441
03349
03576
05704
03237
06064
04744
03327
05306
03921
07338
06437
04799
02715
07326
07147
03720
02823
04944
03094
04363
03807
00171
04702
00369
02908
03248
00160
01446
00335
06290
06441
05376
01812
05422
06762
01504
00451
05948
06100
06776
00081
03828
00121
02714
00179
01904
02114
06872
06458
02957
03670
04517
01570
01372
03431
07214
04556
00011
05817
06151
02116
04555
03356
03038
00836
05429
03785
01462
03879
00478
06746
06099
01059
05213
01761
05628
05437
00197
05210
06266
07328
04467
07397
00899
03512
06894
02843
02059
06121
05405
01378
02856
02853
05089
03027
05385
03722
03329
01329
04579
03321
00740
00212
04863
04595
03535
03755
03682
02518
03818
05816
06042
05365
00889
04526
04426
03302
04212
01413
03971
03229
02571
00702
01520
00430
04930
01818
02548
03432
03493
05636
05538
01244
02480
07007
02288
00805
04990
04866
04760
03385
00924
01505
03692
05437
00424
00093
00990
07336
02667
01163
04730
07302
04529
05873
02065
04348
05585
03325
02683
05043
03981
00224
01671
00773
01352
01831
07282
04725
05878
06851
05514
01315
01645
01182
03013
06845
02622
06550
00595
06105
04360
03007
03989
03158
05569
06872
00312
03571
03786
06495
04546
01295
07134
00208
02680
03328
05470
04456
06745
01559
00508
05857
05811
04536
04578
06462
03720
06551
00279
05262
01916
06798
05205
01845
02006
01075
00322
02054
01344
03150
03216
06237
02989
03752
03915
06368
00671
06912
01607
02302
06802
03647
01404
02104
04128
06875
04647
02052
07385
03072
03222
04384
00118
04298
05879
02907
06507
06152
03525
04575
07127
03874
05680
03963
04913
01635
02209
04917
06568
05833
02015
01908
00679
05545
02872
03820
02492
02088
02584
02123
00452
06700
00127
02968
02436
03202
04978
05411
01070
04480
00320
03855
03950
03162
00735
01124
04032
01482
06147
03538
03065
01704
01106
04240
02430
02361
04719
01514
00292
05652
00128
05960
05269
02336
05270
03507
05516
03249
05818
07282
01749
06601
05118
04915
05844
01419
01879
02582
02792
06058
06557
05883
04172
01488
01300
05700
03234
06884
05162
06956
05244
04963
00909
05415
00536
03390
02768
00635
02919
06692
05346
06364
04659
04886
02212
00758
05155
00240
07109
06715
00700
07176
03844
00348
01613
00775
04072
04276
01151
03228
06375
06953
02895
02568
00170
02115
06386
06916
01705
03583
02236
04086
00240
00797
07204
02699
06741
04388
04944
05974
01757
05576
00208
03222
04571
05602
07290
02142
00652
05342
01609
03398
07050
00162
03010
02503
02794
05922
01774
06660
06884
01736
02317
03284
04919
04448
05221
05219
06774
01890
06702
06688
01171
04409
05281
04450
02534
04592
04261
00307
04523
06732
05877
07223
03933
00613
03841
04509
00474
06134
02752
02924
04581
00644
05959
04537
05346
05955
04760
01268
04066
06931
05986
02435
05611
00137
06865
03558
00658
05554
01306
06114
02904
02139
04142
01521
03327
02429
03160
00550
06775
05244
06300
04054
04521
01342
07309
03690
02503
05768
05835
06537
05869
06315
02368
05690
02697
01110
06494
01368
05499
02549
07366
00302
05488
00679
04207
00745
03713
06822
05554
01517
06835
07096
06238
02752
00443
05506
03876
03914
06128
03795
01009
04958
00772
02686
06459
02122
04328
02162
00730
04250
03892
04108
05749
00020
00688
05572
01950
07308
03361
03317
05611
06831
02179
04845
00914
03108
01799
04892
01608
00918
03594
06474
01398
03591
00755
04665
01640
03687
00982
04690
02915
03378
04345
05499
03515
03311
06010
01390
02606
06604
01675
02396
04889
04327
03203
04104
01893
03696
02698
03689
00276
01818
05161
02671
07166
00344
07244
02615
07083
06812
06445
02881
04804
03274
01894
03151
06731
05804
06667
04536
05395
03775
02793
07066
00494
01946
05975
02421
01793
01894
03424
03268
01430
02889
01097
06863
01677
06325
06909
06804
02407
01845
05443
04221
00418
02168
03536
01154
00762
06270
00191
03375
06042
02399
02106
06440
04118
04659
05619
03216
02124
06380
01931
01297
00295
05152
02686
01310
05000
02602
06410
00637
01785
02656
02226
04688
05647
03615
06619
00418
04220
02882
02866
02551
03589
06794
00959
04348
07047
04335
00995
04397
07353
00189
05609
00885
00670
06554
06044
00536
06713
03811
03813
00781
05101
05342
05511
02399
06976
02018
05082
02203
06108
00747
06663
01355
05938
06474
03974
00025
04275
00097
02922
00271
01844
00844
01342
05315
01981
06659
06783
04073
06014
04476
06477
06728
01526
03581
07342
06174
05706
03071
00249
01703
05711
02742
02116
02081
06740
03397
00571
03403
02750
06190
00558
01603
03617
00919
01181
07287
02352
06280
04186
01260
05538
02369
00699
04826
02321
04265
01483
01249
02440
06937
01949
03316
02688
00263
02764
04531
05727
02086
02889
06454
02846
00810
05105
02261
04877
01801
02234
04918
03757
04709
00267
00638
04609
00782
01093
03176
03898
06493
03346
06635
06622
00404
01457
03957
05076
06680
03066
00710
03631
06056
04764
03615
04909
03352
07073
05593
04266
01790
07362
00674
02734
03149
03340
00915
05823
02688
06911
01973
05852
07126
06159
07185
01552
04539
01369
05358
05215
05464
00324
03821
07288
02873
05121
05681
00199
00388
03984
04275
03334
07154
00736
05289
06023
05645
00843
05182
06049
02361
05252
02013
04076
03143
01102
00543
00634
05412
05938
05468
00053
00513
01756
03342
02143
00004
00051
02729
05146
07043
04275
00918
02484
01680
02449
06263
02166
00464
06706
05685
00865
06310
06824
01277
04862
05037
04034
07081
00009
06706
01735
00274
05433
06904
03871
02763
05079
04700
02206
05241
02856
06905
01590
05183
01888
01518
00752
03462
02101
01515
03974
01098
06877
06539
02784
02887
03453
00107
05697
05970
03864
02505
06133
02044
06680
06688
04001
05401
03459
02983
03343
05391
04869
05033
06765
04842
01574
05455
00033
06292
06136
03929
02731
02914
00848
01877
06135
04065
05790
03294
06565
04855
01994
01933
02927
01079
03845
04357
03302
01372
03681
05008
04826
00894
05886
00567
02268
05379
02931
05367
05521
05404
07085
07287
04317
00440
06574
01862
02537
04167
07301
06633
04052
05436
01181
07106
04145
02974
04197
07028
05130
03000
07204
00115
02329
02699
07039
01561
02271
06957
05737
02586
02091
01867
00854
00433
07064
03186
02171
03555
04955
04243
03525
05721
01928
03325
05164
01772
03376
02413
01500
00273
04153
03120
03025
00980
04738
04881
01868
00264
01929
05525
02966
02932
02588
07332
03087
07050
03160
01522
04803
03641
02393
03803
05835
04850
01694
05654
03932
05095
03376
02768
06965
03967
00959
00577
02586
01199
04425
01220
05408
02211
02696
05079
00605
06929
01343
02019
04053
04134
05985
05149
01675
01586
01421
00347
04666
00343
04914
05306
00719
06159
01483
05060
07278
02155
07296
00519
06397
06864
06945
04944
05336
04283
00735
02471
01794
04325
05232
03780
02852
00658
05830
02447
06870
04748
06510
04445
03407
01868
05000
06254
00171
03952
05231
02700
00240
04312
06351
00382
04956
03667
01174
04154
04063
04071
07177
05369
05249
00693
06308
02843
02072
04242
04037
06068
01143
02745
03821
01735
04174
04854
04660
05102
04194
06862
05448
04380
02106
03243
00282
06225
00501
02164
00325
01709
01235
06880
01675
00872
04686
04555
06222
03885
00676
03561
05216
04303
01212
02047
06384
01428
01187
05881
00698
05910
06602
06958
06025
03336
06518
04655
01107
00990
04171
07311
04225
05389
01093
04629
02946
05017
02741
01364
00987
00381
06125
05523
02637
05781
01360
01368
02674
01824
03369
01904
05525
05922
02222
03202
03158
05293
00184
01729
01919
03343
01986
02896
03399
02878
04340
00336
02568
03840
03587
03276
02414
00632
00950
06470
03198
01298
03584
00706
07112
04928
06077
02648
06427
06237
06362
03311
06660
05286
04478
03021
02458
03513
06831
01155
04154
01981
02658
01053
00562
01489
01387
04167
01651
04825
05797
07195
01272
04178
04790
06736
03133
00591
06434
05148
02286
05788
07243
03569
03550
01696
03458
01502
07393
04511
05972
03892
03126
03237
02028
04185
04276
03983
03313
06594
05983
00212
04156
02752
06831
04121
06560
01805
02766
06953
04381
03249
00268
01083
02467
07317
00409
07309
01008
04336
05278
00479
01471
06167
04616
01186
00869
04767
07106
06528
00249
06415
07093
03629
01399
01169
00135
06770
03848
01327
02638
02242
03658
03858
00951
06150
05984
02221
04672
00771
02022
07336
04957
03931
01675
04041
06243
02977
04578
06460
00671
05374
04783
00275
04146
00288
00331
05793
03868
05634
03652
05033
00937
02087
02045
00404
06580
04560
01821
06030
02767
01693
00230
04618
04804
02936
02316
04444
01547
05373
04903
01908
00177
01981
00615
03483
01897
07042
00140
00813
03666
02101
00311
03070
03148
06091
03113
04850
06719
06598
05262
01069
07267
04024
00980
01825
00742
04818
03534
02109
06045
04218
04464
01834
07027
05779
03446
01425
01815
06590
04733
04000
05164
06583
07038
05204
03794
00810
07123
03457
05157
05364
00447
03604
04263
00142
03030
05561
01319
05100
01701
02608
04341
02220
01840
03075
02968
07330
06911
04042
04606
05745
02156
04023
05936
06147
03019
06974
05216
02297
04254
01116
02223
04358
00524
06953
03215
03917
03814
01383
00058
03164
06126
01610
01990
05416
06588
01698
00309
05344
03726
04235
02005
05597
05498
02190
03472
05310
03452
00744
04641
07251
06079
00064
03876
07368
06114
04318
05680
04921
00528
04303
06453
05676
00955
03261
02172
06905
04503
01547
01095
00334
06111
02014
06221
06944
05798
05360
07378
04444
04499
01462
03593
05524
02242
00776
04119
05629
05027
07209
02094
03732
04162
01860
04842
05969
06066
01358
05507
07108
03990
00027
04952
01691
01030
00025
05500
01405
04562
04681
06416
02777
03134
06724
04253
05144
06762
04049
05548
01082
03397
03300
02500
03420
04725
06187
05286
00382
01542
03810
05345
06179
03389
03182
04277
04938
04351
04671
01846
01553
02995
01798
05847
02065
06552
00422
01888
00500
03908
05143
02294
04907
01963
02013
02782
05084
00824
06663
03877
05465
06691
01747
02127
00532
02511
03527
05162
00742
05527
02675
00694
01495
04148
06290
04819
01607
05157
02320
01863
04011
05476
04429
00883
05764
00225
00982
03288
03873
03245
01445
01379
05204
00765
03199
02499
02586
01217
01251
02411
06340
00560
06307
05008
05755
05018
02731
03816
01024
02346
02062
06037
07201
00653
02391
03589
01696
04747
03869
03607
03653
02521
00248
01764
02924
05097
04840
03720
01673
02071
03486
06668
02488
03568
00033
02177
03513
05321
07058
03754
05840
00041
05084
02166
04531
06140
00082
00009
05700
05917
06693
05127
02454
03168
05845
06644
06445
07145
05900
00131
04350
03684
00346
06768
03934
06338
03683
07132
00198
02564
04293
01573
00179
04032
04438
00239
02388
04893
02794
06284
03852
00028
01841
05275
04376
00005
00271
00023
07323
01979
04126
04839
04188
04917
03886
06509
06129
01842
07228
05406
05173
03696
01416
07389
06900
03505
05112
04796
02248
00131
02506
01528
05500
05659
06887
02567
05917
05733
05947
03257
04145
00842
04825
03824
01479
00494
04612
04038
05742
06924
04560
01081
03194
04497
05358
06134
04161
04154
07094
05207
05267
06019
04927
00930
01824
02709
03410
04384
04403
02555
07053
05581
05108
05610
04467
07395
04324
05818
02384
01158
01425
05525
05202
01164
00153
00658
05892
00267
07268
05462
00700
05230
06778
02169
01956
07190
01347
03208
04022
05425
00309
00405
01472
01953
04608
06199
05694
00395
05526
02438
02615
03514
01678
01143
00872
01657
04439
03400
01821
04066
02898
01754
02150
04021
04296
05336
03126
06175
03522
04016
03966
01934
06264
00764
05544
06303
01545
02749
06800
04773
00281
02238
01901
06183
05360
01408
02941
02300
01183
05063
05806
00477
04518
05592
01041
01311
06481
02277
01728
00387
04969
04599
04952
05788
05550
00599
04282
01909
06754
02609
04372
03796
05313
05701
05453
07351
00765
04947
04837
00817
02934
05202
00562
01825
00718
02494
00175
06160
00370
03132
07215
01173
06636
06450
05167
02318
02645
04960
05834
03709
03457
05197
03854
00725
00403
01568
00819
03239
03623
04580
04196
01125
00662
01566
02934
05858
06084
05118
00541
07021
00749
00056
04782
03304
05462
07326
06287
00761
04809
02676
04931
06668
03768
02423
02009
02290
01226
04810
00404
00475
06427
00943
05398
01052
01829
03951
05029
00508
01757
05838
00895
00825
02360
06150
07386
07314
05517
03390
00844
01656
06492
06062
02225
05022
03091
04082
07211
03018
05914
02905
02860
06063
03788
06169
04623
01416
02862
02304
05196
00843
00212
06793
05650
05272
07047
06513
01486
01781
06339
04318
06706
02151
04964
01291
06713
04399
04416
04290
06199
05975
06951
03167
05454
00727
03216
06508
02819
01920
03774
02110
04758
01219
03783
03459
02448
04551
01468
01583
03359
04430
06588
04506
00621
06851
00404
00823
00975
05811
07297
06875
00977
06949
02174
02872
01495
01886
00721
07150
04942
03693
01487
06413
05688
00792
02048
01409
00263
04369
02677
02306
06321
04289
00326
04446
01745
02256
04704
05662
05190
00342
03588
02642
00205
07240
00754
05825
02778
05890
04588
06586
03436
02309
03727
05816
07286
07078
03772
05133
07369
01555
05894
07014
04335
02994
06939
02799
03266
00112
05453
03179
03499
06371
01011
01425
07039
05717
02856
05174
06548
01013
05941
01372
02497
05900
06090
04652
03795
05104
00463
06709
03555
07312
04001
00696
03149
05621
04489
05383
01588
03401
04910
01186
02073
06288
05226
05806
01387
03959
03146
02147
06032
04901
00911
05384
01145
06940
01242
02492
03643
01228
01165
02180
00002
04013
02004
02148
04320
06646
04466
05076
07227
04231
03223
00649
05917
03383
03999
05636
00325
05467
02166
05731
04691
05596
03800
07330
02488
01244
03005
04430
04699
06588
06377
03718
04176
03589
06274
04182
05948
03393
00058
00721
05268
00565
04837
01202
04706
00958
05844
03127
06097
02420
03823
05011
07024
01119
05002
01542
07226
01053
02502
05980
05847
02574
05368
06023
02779
05796
02087
06113
06420
01066
04239
04978
00609
04423
02490
04513
06909
00927
06782
07267
05595
04239
02402
00718
02564
02043
01018
05177
00308
03317
02250
02586
01362
01532
04958
07283
05102
06799
05592
02362
02149
04204
05963
03115
05895
01794
06612
06364
01442
02807
04585
03037
05839
05855
00618
05377
00218
06602
02371
04758
07184
03344
04619
03037
03169
04443
03631
06470
00004
07265
00152
03924
03530
03581
04419
04024
03234
00737
03839
00845
01372
03858
03353
04703
06601
04976
05099
02920
03895
01969
06883
07113
02099
01257
00279
01193
02119
01415
01703
00373
00195
00431
03299
04700
00391
01319
02451
05078
03583
01393
02301
02985
07343
06380
03257
02415
04446
00127
02257
06135
05231
04347
02132
05270
00625
05164
03458
07386
04993
03068
00177
04387
06902
04284
06389
03310
04554
05816
04551
01159
06440
05821
05420
02507
01144
04697
06358
04128
01032
03807
03201
03649
02749
06934
03523
03721
01415
01382
02654
04571
06978
00094
02930
06652
02752
06804
00467
06766
05396
05058
06442
00193
01242
02169
02527
05744
00323
04829
07380
00430
06044
07245
06397
04539
04773
00053
03764
03670
04015
03186
05601
04593
02871
04673
04246
01500
06271
03788
04904
00207
05876
02714
04449
01239
02474
06602
02539
05556
01307
01340
00663
02501
07174
04876
00196
02072
03324
02963
05371
03042
01806
06692
07278
03455
03691
05888
04489
04399
05230
01319
00272
06365
01147
03332
00312
01389
00986
01907
06811
01986
02644
02401
05635
02865
01019
02936
00559
05581
05662
04526
02003
04312
07017
03585
04545
04082
03947
07313
01014
05505
01121
07226
01256
00094
04496
03924
03379
05984
03760
04529
02843
06375
02211
04114
00899
01774
02493
03254
00252
05958
03670
04752
05513
00620
06250
04572
06895
07294
01530
03502
07010
00807
05860
01880
04195
04964
01173
05534
05942
00922
05502
05974
04415
04070
07316
05641
02436
01201
04161
04713
04518
02502
00785
05967
03481
06186
07191
00874
02203
04294
02341
02597
00657
02939
05050
01997
04213
00324
01030
01589
04204
02297
00122
01481
05428
04093
03970
07164
06642
01197
02676
01494
07289
03522
02610
00733
03631
02366
00914
03662
03441
00432
03128
02320
06543
07131
07201
03414
05482
03441
04264
01039
03754
05375
05334
04572
05812
02790
06074
00389
02961
04510
01288
02736
06778
03238
02438
06111
00190
05764
04849
06108
05470
06389
07102
00412
03384
03418
03844
02270
04871
06192
07271
02111
07196
03298
05616
00979
03158
04845
04359
04833
06756
05536
05267
05307
01931
03101
00288
02233
02324
03625
02167
01497
01421
06140
06931
04109
04647
07356
04247
06274
01871
01893
02390
00960
05150
01325
03970
02378
00851
02991
02750
04108
06793
01807
04431
05508
01699
05356
06221
01735
06395
04295
02783
05449
04842
06455
00508
06208
06337
03078
07190
01805
04422
03523
06817
06808
01211
01261
06842
07071
00489
00168
02322
05626
06538
01071
00706
05254
01499
03175
06816
05477
00184
02708
01103
04446
01985
03874
06925
05198
00538
05522
02933
04379
01713
04199
00669
06393
06824
06860
07155
04611
06947
04876
06080
04271
06131
03173
00278
05398
05025
05777
04102
04070
04214
01627
06698
01239
06263
00299
04849
03142
00054
01038
00944
01481
02811
02725
01150
05168
03721
03271
03992
01724
06773
02686
05307
02471
04178
02748
06481
00199
02200
00719
00138
05776
00475
04088
05291
04677
01887
06180
04100
02899
03112
03821
02876
04498
01936
01408
01575
03529
05514
05715
01855
04197
03436
00795
04352
01253
03153
00487
06981
04269
00388
03589
01625
07334
01329
01575
00496
02094
00829
07186
05860
05505
06478
01875
00779
04803
06020
02149
01997
05072
05767
00795
01843
04531
04002
04230
05099
03095
01285
05724
02136
06357
07385
03598
03414
01691
06445
04261
07324
01917
04077
07368
04354
06803
06362
07244
02906
01311
07044
00536
00987
04185
06355
00931
02640
07073
07022
02461
04231
00344
06498
02767
02325
03235
01476
04087
07158
06420
00170
00068
00859
02959
05444
05995
06212
05479
03552
04100
02517
06603
05507
04372
01478
02120
02867
03303
00721
00123
00929
01993
05424
05763
03580
05066
02559
05241
04920
03636
00205
03750
06190
00410
02328
04551
07333
06903
02390
06487
03430
03503
00432
05809
04941
05814
03401
02192
02139
05947
06932
02214
00865
02985
03683
04765
06263
02578
04764
03845
03802
05072
02982
04259
05859
03594
04649
06514
01204
01639
06227
02640
02166
00914
00503
01520
05759
07330
06841
04383
04335
02468
00476
07205
06905
07039
06804
05939
07286
04772
02111
06435
04764
06048
06173
00096
02518
04048
06601
05155
00542
04200
07080
03286
04502
02856
06407
00401
06723
01267
01673
04496
05802
04197
02357
03661
04661
02264
06782
02111
01806
05907
07068
07382
00748
02608
02647
05377
04723
00824
04460
01510
01934
03694
04257
04350
01856
04068
03026
04131
05759
03766
01694
03558
03474
04073
04627
00497
05905
05471
03149
03446
01547
05627
05126
00698
03469
00379
01104
03826
00054
07206
06902
05512
05640
05492
01657
05466
00672
05044
01797
01967
01711
04342
01555
00414
05761
01326
04906
00694
01490
03777
05855
03588
00560
00080
03523
02964
03660
05198
01899
02879
03450
04775
04547
04452
05336
02087
01004
01518
07036
05276
00397
00051
02317
00353
00805
05189
03620
04767
03542
00038
02755
05562
01373
06788
05003
05318
01990
06431
01180
06661
05973
01803
03677
01342
02695
01375
07331
05650
00287
02824
06382
00302
06388
04506
03127
05704
06495
06029
00222
04649
05987
04704
06281
05110
05509
06428
03678
00570
07011
05663
04161
00515
04609
07292
02345
00511
01302
02756
04364
07067
05485
04179
06627
02207
00960
04889
02953
04162
02214
05395
04653
03910
06781
06109
06582
04912
05323
02007
06870
06454
04902
06049
01407
03773
02300
04132
03490
01213
01772
02111
05143
00419
02795
04443
06143
01172
00179
06811
01205
06345
00118
01811
06147
00060
04496
05260
01984
00220
02962
05360
06559
05944
00387
06001
00131
01206
01577
02121
06494
04343
01117
05757
03041
00553
00525
04483
06702
02480
00891
02373
05513
02858
06962
04473
01469
04349
01936
01454
00802
02192
00111
06869
01796
00059
07118
05321
04008
03275
07085
02093
05103
06206
01886
02489
04381
03623
04910
03961
06507
00727
01410
04778
03080
07145
03095
04472
06478
07207
00090
00561
02153
05142
06486
01448
04563
05843
06971
05816
04042
02296
05379
04013
04706
01687
06121
04600
03703
03986
02547
02735
05051
03325
03582
05438
05070
01041
06064
03998
02020
03789
07352
02880
02712
06883
00617
04239
03326
01364
06054
01167
03029
05857
01488
04741
04955
04039
06227
03941
07051
02022
06711
00698
06818
06318
00729
03078
02936
03615
05545
03190
05433
06227
01647
06712
00403
06730
02863
00276
07034
00602
03419
03252
00510
06617
01600
01482
04598
00897
00720
02660
06198
05550
02942
05670
03148
01151
02417
03269
01521
02366
02271
00155
05306
01350
07251
06212
01942
04792
04706
05804
02514
01882
01455
06026
00272
02677
00398
06069
00535
00513
06989
03282
04435
07383
06358
07303
01101
07226
04249
05023
04861
03339
03430
00027
07363
06096
07049
05161
05214
04673
07054
04371
07316
07198
06628
00750
04503
02688
00302
02613
06161
06603
02324
03314
00806
04100
03528
06369
00984
02637
05732
02009
00904
07170
02833
04552
02792
01599
02115
02610
03430
02760
02800
05821
01978
03372
05207
06331
00896
00239
01173
04877
00777
02531
06730
04649
03604
02530
06298
02864
02538
02627
02888
00423
02527
00030
07085
06663
07060
02582
06478
01947
01954
03026
02292
05814
02665
03359
03228
06654
02478
02918
03991
01257
05323
00957
01348
01642
06160
04709
00904
06352
00119
06624
06512
07292
06381
07356
02013
06436
02724
04697
01287
06745
04590
00067
03069
05705
05933
01235
00791
07042
03165
05320
07199
03356
00898
02246
03452
02434
06702
02329
05590
04917
06539
00664
05896
01876
03870
00296
01790
02011
03900
00684
04672
06463
04927
02350
02407
06332
06841
01933
01525
04483
01050
04963
01809
04148
06340
04161
02711
06955
04890
01465
01222
01170
03681
05775
05627
07363
02823
04502
05380
02632
03568
04643
01486
01050
03216
01504
02175
07018
04162
05607
07032
07054
07031
03408
00442
06795
06187
05681
06386
02860
02393
01658
00215
06037
02342
04154
05031
00894
01339
03377
05866
01223
01268
00154
03638
00181
06005
00364
04801
04542
04933
03911
03357
00558
03410
02046
01862
03191
01228
02076
04775
03598
01822
04959
02931
00576
03102
03852
05663
01841
01518
06461
06956
02436
02115
03758
06986
06364
02635
05408
01448
04421
01092
04479
01953
04704
02055
01215
00392
01682
04698
04214
01004
04784
06269
01533
07142
03272
04197
00121
06055
02375
02148
00344
03879
07211
00426
01106
04944
02180
06405
04358
03209
02756
05083
04685
06270
06351
00936
05551
01701
00345
02635
04729
02011
04483
05843
00336
05757
05098
05791
00645
06067
01668
04386
02900
00534
00071
05325
05250
06195
06016
06215
03754
01551
06237
05224
04964
03362
04600
07203
06732
01440
05488
00273
01578
03426
04645
05970
06435
07060
06912
02359
06732
05783
01197
00667
03294
02710
00598
05728
06466
01454
06661
04453
04169
05031
03861
02541
00593
06695
06741
06355
01616
00270
03931
03001
01798
06412
02769
05080
02867
02886
01871
04930
07218
06615
03933
06107
01033
02843
07154
03470
03462
01055
03390
06212
01719
05468
07232
04487
02094
02139
02957
05252
03215
00186
05742
05711
05104
05260
05252
07169
04724
07359
05139
03284
01707
03303
03824
02783
02178
07336
00312
01236
07210
07185
02143
06471
05080
05379
01194
03610
00745
00296
06729
03195
05039
07217
00100
05295
04492
00288
01481
05839
06985
06668
05991
05745
03276
04179
01363
04458
02773
00290
05188
02351
00779
04215
06821
02194
01151
04367
00054
02105
07212
07332
07199
03171
05378
01350
00483
03508
07118
00027
03797
06464
04687
01601
00577
04548
00576
01159
06417
03968
03637
04820
06898
06432
01236
06879
03147
02082
02513
06333
03298
06322
02045
05426
01931
03080
06860
04758
02661
02755
06514
03904
00155
05951
06370
05313
06580
00458
06235
01767
07015
04677
05295
03658
05598
05662
06992
03548
04462
02762
07050
04297
05193
00959
03591
03781
01128
04927
01843
06357
02424
03912
07293
03925
02567
05945
05422
00865
02827
00279
05769
07135
03768
04526
04039
01122
06252
06611
06573
06034
01281
06518
01949
00214
07174
03909
06702
02651
01058
04091
03937
03318
00422
00407
01809
04045
04182
06249
00254
05532
02556
00343
04046
03572
06288
01718
02208
00221
03944
00988
06231
01788
02384
05458
05671
06576
02727
04488
02703
06335
06782
00112
01906
02517
07125
00188
06820
02892
06291
02499
01766
06399
07321
01990
04990
04120
02588
04073
04287
06706
07206
06245
04336
04600
05728
03987
06603
05356
02454
04611
02820
04228
05431
05898
00452
05423
01751
00066
03217
05334
05882
00331
00948
05853
02119
05207
04310
07280
05743
01236
01055
02962
05090
06738
06405
05081
01372
03548
06078
03174
01528
06627
01867
04496
03593
04966
02225
05136
02521
05982
03396
04687
01424
00862
01409
05587
01043
01431
00097
05616
06214
00161
03342
05132
06023
02271
05555
00475
00329
07225
02268
06913
02441
03620
01871
06606
00553
06639
06069
00011
01983
05540
02529
04923
06929
06311
04764
00340
01359
03602
02171
04493
01844
00326
03902
04618
01234
04823
00357
01802
03706
05167
05064
03113
05877
01730
01283
00122
03330
01129
05797
04324
02085
05328
05668
02574
03264
00898
01839
05933
02512
04716
03432
05025
03870
06991
00155
03648
00272
06023
03455
02338
00588
06128
02264
02060
01648
00753
03182
02728
03633
01528
01749
05897
03854
01957
02122
04780
04785
03163
01367
01777
04210
00001
05300
04770
05647
02630
00706
02667
06307
03907
02533
00975
06473
04818
05093
04139
01438
06236
00713
05587
00257
04441
05177
01531
04168
06632
03990
06929
04016
05071
02080
06693
02624
00436
02035
03586
01699
00409
00063
06838
03400
03550
01259
05469
01216
06825
00854
05260
05011
00480
03425
02753
05287
00215
03404
01720
05702
07085
02891
03105
02258
04841
05821
03021
06328
05778
00074
00870
02319
00996
03846
07102
02779
00070
04661
05312
06738
04248
03037
05731
01347
07361
03843
01909
03814
05519
03483
02476
04995
05448
01487
00008
06731
04005
00019
01436
02605
03007
03955
02131
02806
01089
07290
02647
04568
05221
03496
02348
05782
01098
05119
02851
02361
01723
07226
00347
00642
04811
06921
00323
04853
00893
04358
05002
06814
02200
06814
02006
02282
01511
04020
01819
07252
01910
02248
04604
07379
04776
06543
03613
03661
00870
02335
05209
01075
01394
05225
05543
05608
07025
03084
03807
00686
03599
05506
02523
04999
04125
05761
03608
01589
00829
04384
01356
06758
06654
00123
04553
00056
00355
04982
01463
01717
03117
05306
01193
06659
03457
05326
02413
02907
03324
05494
03023
02555
04539
05680
00711
01506
02144
04385
05574
04496
03574
00987
03824
05208
06341
01905
01068
01179
00065
07313
04831
05905
06509
03972
05069
03830
07261
04181
02273
06207
06929
02587
02765
01656
06813
00989
04178
03908
04197
04193
06211
02632
04582
00337
06445
06356
06640
06643
06174
06823
01567
02396
02423
06798
02441
04672
04964
00584
07378
05576
01064
02297
05067
03480
02029
05649
00817
03836
00409
05113
00769
04166
00748
04217
06585
02503
06822
00953
06290
03824
02613
00882
05345
00747
06340
02231
00861
02011
07056
03302
03052
00957
04788
02405
00598
01937
00356
07282
05130
06697
02782
01364
06143
03100
05644
06079
01378
03015
06966
07304
01495
03970
03061
03190
01227
03435
05642
01681
06326
06353
00437
02962
06990
01870
01530
04046
02662
05545
02621
07263
03501
03648
06862
00489
05883
05551
01240
03542
07215
06967
01811
00879
04555
05510
04593
02096
04705
05350
00334
03871
03855
01933
06832
03584
04253
01409
03502
01552
02880
01646
01901
07220
02166
02677
03206
00125
00802
01410
00411
06450
04882
02818
01976
04810
04251
06863
00718
03421
06366
07274
00538
03845
01956
04692
06469
05814
03141
03105
03252
07287
05318
06913
02056
01565
02337
03404
03904
04235
01134
01090
02210
00199
03800
00300
04233
06475
05818
03250
00063
00335
01040
02802
03012
06208
04881
07050
04575
03439
05954
03834
06993
06584
00223
02209
07129
02293
00682
02690
06417
05751
06622
06194
01680
05665
03572
01873
00185
05185
02564
02355
05393
00331
04361
04290
06430
05707
04323
06978
03626
05407
05984
04048
00223
00703
03076
02568
02316
03282
04404
06506
01366
00318
07043
03591
06082
06595
03844
05446
02478
04853
01022
06574
04175
06565
04181
06247
00157
06715
04045
01977
01467
03761
03602
01616
06003
06335
04179
04955
05247
03990
04276
06015
06513
03155
01803
02117
00667
01331
02058
06725
02387
00309
06715
06822
00254
04697
07274
06395
07214
06299
05276
04499
05766
00843
04389
01524
00794
02428
01799
05077
01787
01430
03022
05255
07032
00619
02865
07008
05288
03595
02939
03548
00180
05005
01239
05255
01522
03642
05554
04628
00251
05663
02210
07267
01070
00751
07277
02002
04862
06986
01700
06195
03862
05375
05094
05102
04085
01081
01601
04027
03429
01377
00555
07238
00005
06063
01902
05879
04710
04382
00914
04492
05138
06652
05085
07254
02136
00770
06838
00253
03996
01862
03839
00689
06388
02859
02808
05590
06486
06226
00391
03786
06261
01623
05557
03935
00314
04410
01573
00296
05806
04128
01478
07057
03862
03893
03320
05399
00343
02712
01635
00665
05449
05556
06922
07090
03680
01167
05375
05484
01117
06832
00008
02483
07364
03114
04671
00915
00095
05367
02135
02646
04567
05883
05698
00326
05658
06095
00216
05788
00760
01709
05049
05010
06375
01823
04516
05563
04519
06143
04888
05085
07240
06954
00991
03344
06391
03766
01939
04118
04704
00956
02152
02559
04949
01244
02793
07111
07196
05037
06479
05054
00030
02845
02756
02197
03748
04827
05886
06288
07148
00710
07295
06284
05338
05770
00728
02854
04378
02607
06918
06877
03105
03133
04453
03661
01819
06120
01577
06617
02374
03315
01811
00324
06446
03876
05648
06092
06083
02509
00350
01700
05972
06618
00639
01269
06022
03876
04840
07048
05256
06273
05300
02298
07350
02125
07209
06372
00797
06529
04852
07134
02814
04270
02800
01864
05220
01726
01049
00557
01383
03352
06079
03900
06131
02246
06742
02980
04634
01020
01122
06435
00166
04847
01968
06747
04371
04688
00032
06010
02385
02556
05630
06940
01023
01985
03296
01319
06378
06343
06978
03003
04238
01392
02269
06044
03796
05245
03230
00949
04921
06703
06578
02355
05807
03607
01567
07235
03364
05691
03286
01249
00456
02509
02405
02910
03453
07057
02345
03965
04199
04122
01888
01290
03994
04914
02052
03367
07075
03845
07076
03293
06479
05744
06973
06971
00751
05556
03237
01310
03093
01993
04440
03829
04560
04128
02779
05528
02587
06145
04334
05285
01541
02485
02783
06438
03345
04753
04913
04586
04085
00664
02428
00750
02487
06444
06469
06216
04804
02129
06446
01192
02466
03126
04857
06300
05709
00521
05926
05934
00159
05029
07059
05932
03984
02234
07139
00043
05414
03058
00735
02977
05605
01707
03993
05830
07079
03478
03248
03094
00143
06931
01078
01478
01800
02143
03861
06656
07346
05875
06439
00332
06604
05658
02557
04253
05701
06359
01703
01158
03180
03544
05315
01199
04576
07387
01721
02120
04618
00771
04234
05904
07191
05087
02280
06874
06497
02983
01001
06029
06692
02924
06621
04063
02846
00307
02743
04693
00160
00910
02065
02857
02145
03319
07111
06433
06634
03234
04342
06640
06364
05070
03837
00419
02149
04927
02969
05162
06410
04363
02079
03553
00823
05654
05859
01089
04017
06669
04341
04176
00908
05988
06931
01490
01032
05300
00289
01507
00102
01421
04549
01090
02785
05187
04735
03931
00112
05504
04445
00289
06287
06518
02741
05437
02325
03543
05628
00720
04105
01651
03844
01450
06622
06045
05690
03172
05629
06035
03620
01504
00361
04320
05825
02194
01469
03343
06203
03507
06106
06822
05000
05075
05221
00733
05527
05384
05589
02689
02957
04519
00442
00122
03767
06822
04793
02301
04073
04771
00564
04534
02877
00901
03966
07302
05096
04901
01228
06429
05926
05304
01943
06453
00142
05772
05502
07051
06559
00884
07169
03401
06802
02802
02824
06204
02962
04608
01601
03472
07214
07380
06641
00899
04263
02429
06514
05085
02844
04854
07298
02466
01779
01646
00916
01873
00530
00672
03936
03156
05491
03470
02429
01204
02030
03062
03655
01960
06577
04150
01940
01554
01939
00833
06480
05318
01014
07029
07280
00728
02506
01696
01075
01305
06878
01320
01444
01173
05457
06820
04533
00661
02799
07210
03430
01836
03231
06677
07035
04975
06521
00178
07387
01294
03813
02608
00533
06842
06118
00377
00581
03274
04606
03481
03475
04038
06443
06827
04612
06663
01543
04026
03035
05161
02093
02635
06720
00166
00367
06300
04176
00960
03045
02577
05821
00642
00127
01267
01860
04547
01956
00245
01748
01473
04443
01173
03302
03926
04743
06794
01320
06217
05879
02288
00212
05820
07395
04678
04886
03214
01763
02504
00154
07260
04545
01134
00859
02992
01831
02752
05465
05766
00875
04236
04066
00863
02767
06686
01440
04932
02908
00602
00915
04433
04839
02001
05134
03499
06764
03782
07212
05727
02183
07124
05437
04505
01569
04270
03140
06782
05895
06442
04056
01758
03615
05963
04090
03593
02380
02241
01974
04869
04400
05031
07242
02537
00593
00345
04779
05874
02380
01376
00079
06119
03838
06564
01206
03130
04402
04629
02746
07390
04292
06829
04109
02800
02380
00293
05457
03139
05855
01403
00522
00004
06063
03797
06568
03094
04162
04597
01161
05859
05200
01872
02035
00801
07102
01220
02543
07004
03367
04054
02689
03069
03154
02926
06852
06311
00159
05136
06650
07113
03139
06111
00593
05973
06508
05327
06529
00261
03910
02807
06978
00092
02267
03978
06707
04392
02033
04553
03181
05002
06365
06286
01030
05679
06829
02743
04561
02407
00587
02149
03842
00975
04878
05569
01407
04061
03427
02674
02219
06192
02512
05093
02156
02801
06169
03673
01836
03826
03819
03421
06652
00281
04334
05777
03716
03232
01176
06742
04624
00981
06972
01139
07189
02473
05906
04221
06753
03839
04168
04665
07255
00156
06550
00809
03898
06973
00230
04418
01841
04297
03778
04078
05697
04444
05616
00194
05032
05412
01817
01150
02317
00316
06039
05028
02262
05499
06236
02679
04793
04704
03871
02234
05436
06140
00250
04681
01423
06996
02431
01712
01111
02858
05017
05967
00030
06767
05430
02278
06062
00047
01666
03523
06989
02769
05543
02317
06025
03521
02344
00443
06012
04147
05949
06294
03947
00822
00889
05056
00785
02571
03175
00736
00441
04977
07323
02292
06872
04207
06637
05657
00449
07253
01871
04153
06218
02103
05432
00513
01555
02174
02802
03374
00623
04565
06165
06004
03515
01413
02142
03827
00547
00829
03026
01150
05476
05634
05741
04177
02588
06671
04695
04838
02445
00233
04782
04220
01833
02570
03287
01997
00448
00536
03477
04803
06836
07185
01132
05654
03718
06692
06911
03188
00417
03479
05589
00069
05955
02753
01634
03002
04564
03124
05250
06578
04944
05049
05369
00657
02142
02351
04174
06477
06275
02305
04902
00893
02225
05363
04700
04561
02368
06505
06878
06520
03071
03412
03523
03058
01067
04666
01696
04587
06974
02697
06122
02977
01787
00543
00445
02298
04934
05401
05899
03508
02233
02862
00985
02050
04832
05128
03307
06920
01294
07342
07040
06548
01089
03128
00584
04729
01960
06857
06929
01137
01324
00154
04625
02238
03124
01097
06862
06821
06731
01101
02738
06199
05869
06444
05826
00822
00167
00587
00717
05088
01803
00593
01345
02627
01690
05520
01368
07374
02293
07033
01042
00751
02436
04484
06197
02918
00807
02073
05576
05421
02923
05454
05733
05666
04379
04493
03516
06099
00016
06704
02340
03357
06868
05868
03620
05313
06464
01143
03416
01908
04222
00944
06047
05225
03496
03514
06441
03636
03855
04596
01422
00390
03304
03592
03626
02528
00865
02166
07229
04214
01969
02020
06518
03587
01837
02172
00327
07002
03462
01226
05275
01439
04504
05160
04276
01643
03870
02705
04186
04222
01977
06934
01982
01660
00872
02192
03604
04079
00456
02779
06999
04780
07381
03050
06350
06837
00961
03669
03308
06450
06632
04524
02021
07237
02783
05263
01917
05337
06113
07052
02867
01462
03008
04547
04386
00179
01053
05185
04559
06352
00471
07055
01470
06232
02583
00687
06096
05103
02308
04947
05296
06974
00266
02410
04347
05640
00118
04679
02845
01991
04236
07127
02064
06616
01953
01143
01271
04368
00333
06728
02640
04098
01312
06800
07032
05158
02085
01598
02897
00623
04635
01050
06334
05368
01032
06918
04248
00972
04377
06637
05993
04690
04757
04535
03213
01153
01952
06510
05720
02230
06346
00224
03410
00655
06703
05249
02599
03186
03834
06564
06092
00999
06954
02494
01636
02974
06783
01967
04928
04879
03669
00781
05149
01565
05015
04087
01822
03461
07287
04603
03010
05201
00802
00853
06481
01643
00689
05581
00521
05752
05849
00948
02789
03963
03044
06338
00228
07043
07289
06430
04911
02875
06150
00467
01556
04419
00942
01412
01576
07288
01725
00444
02746
01917
02240
02444
04674
00955
06097
07354
04248
03941
01624
03946
05744
02881
06710
07164
04619
02555
07243
04945
05410
03020
03263
04155
03940
06506
00045
03777
07022
01349
06444
00684
06122
02366
05639
00376
03592
05795
01268
01002
03744
03235
04058
00835
06738
00643
06211
04750
06349
03451
04561
01724
01812
06464
03109
03625
04223
03654
04642
05282
05213
05225
01152
06590
04270
05824
06653
07198
03927
02639
03710
03618
05455
02096
03243
00490
04862
06581
00304
02990
06238
03645
06279
04834
01761
00697
02043
04569
00290
02713
04264
03292
03471
00799
02134
02927
05756
03936
06597
05241
00531
06434
04306
00039
00367
03271
04791
05195
06697
05501
00560
02582
05185
03918
03610
00399
01718
04027
04102
02182
04968
04560
04499
05818
00666
06620
00242
04276
02598
00336
05658
02846
03313
06425
02060
03163
07285
03804
01906
06395
01757
01861
05024
03099
01323
01331
03244
05264
04805
03731
04817
05822
02623
07352
02367
06145
07210
02884
03815
04487
02865
02054
02818
01736
00900
06056
00393
04683
01981
03291
05903
03630
06136
06169
04123
02065
06704
06879
06458
05872
00996
00661
00449
03547
02761
06948
01880
04164
05961
03091
00434
05781
05233
05981
06288
05051
01784
04314
03709
00435
03475
05632
03284
00431
03141
01263
02110
00796
02596
06502
00481
01875
03071
02773
02258
06059
00603
02792
05426
02040
06261
02588
05982
02778
03114
00481
02200
06780
03330
00492
05635
02774
05338
05472
03876
02554
01009
05257
01133
02568
07386
06196
00739
01830
00824
07334
02399
00400
01313
04088
01353
02392
05409
02708
05759
05417
04855
07302
01038
03502
01260
07090
06824
01466
04824
02006
05211
03387
05438
03699
04275
03161
01800
02342
01981
06053
00549
05533
03956
05151
02991
01408
01169
02904
06689
05070
01459
02328
05757
05425
04798
02021
00908
04943
05975
04146
06567
04461
03366
01399
05810
04658
03116
03330
03304
01950
06436
03786
01106
05366
06038
02556
06536
04988
02382
04813
07274
03727
06467
07066
05760
01732
04052
01678
02550
06136
05725
06849
02067
05539
00807
05074
06193
03034
03125
02401
01895
05858
04930
06203
03673
03548
01832
01427
02409
07393
05124
06146
05879
05947
02062
04362
01044
06653
02780
05485
03196
07336
02597
03469
01290
06244
02339
02975
06453
05375
00010
02945
00464
04629
01701
00852
02392
04268
05207
02936
06670
06090
02463
05715
02604
07165
00869
04886
06708
01119
02962
06044
02076
06620
03284
06568
03350
04714
03990
06658
02420
01124
01718
03669
05553
04002
03623
00928
01490
06345
05327
00983
00123
05427
01779
06557
07166
05522
01703
04072
05110
03918
06202
00297
00369
03376
06229
03527
04108
03098
06996
02847
03057
04694
04629
00058
03972
03648
01022
05571
05483
00232
05155
03747
01267
04624
05549
00003
06271
03710
06534
01318
06884
05190
03984
01248
04528
02080
05893
05550
06112
04377
02633
04827
07385
03945
00596
02301
04878
02016
05452
06418
06472
02837
06736
01434
05980
05917
04743
05690
05885
06004
06798
04226
03859
00523
03928
04620
01964
06967
06720
02297
02390
01378
03930
01530
05502
01480
01751
05936
00803
02759
05063
05024
00372
06716
06569
02831
05240
01422
05118
06005
06684
06361
06100
04729
05574
05114
04134
00337
02961
05674
00688
05628
06993
03793
04657
02607
02622
06752
02777
02096
01638
02330
06738
06402
07019
04296
07075
03261
02372
02144
03686
00049
02494
01505
04531
06967
00835
02390
02902
02092
02947
06308
06268
06683
00087
02042
02923
02982
04045
02580
05767
02585
02485
01652
03008
01331
04769
07245
06049
06865
01915
05053
01516
00185
04793
05919
01256
04736
06204
02562
01461
03232
00567
01058
04246
06858
01394
05825
00300
02844
01253
06729
05052
01887
05794
06481
07095
02223
02379
04129
01584
06223
04787
02523
04026
06985
04929
06680
06343
03192
03366
02084
05069
06186
05735
01680
01770
06829
06495
04722
03225
02876
00044
00547
00541
01541
07289
03581
01978
01475
06724
02422
00827
01092
04670
03413
05501
04830
