04316
06886
04731
01531
06643
07148
03545
00792
00071
03672
04656
06992
05799
05025
00538
02419
06535
07048
06881
06891
06108
07483
04268
04389
03635
04637
07399
05647
05022
02443
03074
03027
04768
01913
02177
01931
03798
02087
02938
00317
02212
01915
02220
06921
04209
01216
04832
01741
07119
07012
00544
02561
05188
04747
02072
01705
05634
02048
04520
03124
03114
02149
07219
06886
01434
01020
04778
05659
00729
05613
03446
01711
03577
05196
07256
05918
05169
05951
06839
01426
03289
00091
04592
06479
06446
01876
04809
02399
00267
03919
03512
01483
03913
02046
06899
00870
01896
01476
02842
02545
07067
07094
06449
06655
01143
02710
06352
02964
00397
06830
00289
04582
06717
04665
07332
03327
06010
03563
06951
07158
02194
06222
06433
03408
00832
04310
01054
02979
06138
00189
05636
00291
05882
03859
04763
05421
07265
04498
00196
06850
05338
02818
06016
00132
03790
02498
01997
01532
02480
02711
00102
00060
05380
03221
04588
05683
03069
06783
01814
02232
01739
04079
07065
00656
07081
02340
03753
05809
00704
02332
07355
05503
02721
06663
05347
01025
00140
00814
06827
02234
02104
01832
06611
02990
05557
05464
05665
03921
02182
03347
06369
00926
00008
04045
04801
00848
00964
00035
05118
00918
03891
01277
05158
05289
04348
05415
02451
03301
06260
02196
03170
04101
02107
00971
02638
05071
03772
05174
00292
02232
00573
05390
02130
01568
05872
00581
04568
06675
07190
02291
04366
01381
01251
05859
05697
06851
05933
06361
04671
03507
04498
06102
04850
02633
03251
01020
02245
06252
04529
07093
06260
01098
00011
03987
05397
02667
01008
02850
02345
06837
05377
02057
01778
05817
04579
05895
04876
00730
01306
00022
02551
00344
06605
03527
05754
03891
06833
05782
06230
07397
07181
00899
03186
06938
06993
01706
06439
04327
07284
03799
01853
01687
04424
06487
05701
03455
03328
02256
07195
03372
03856
07432
06907
06900
01441
07342
05043
06841
04634
00857
06896
02025
02244
01993
01394
07176
02261
00656
05771
00272
06475
07186
02532
00628
05563
04625
01967
07271
07154
02980
02021
02715
04512
05907
04772
00890
04864
06604
06929
00669
02888
01069
05883
05174
01373
01563
01772
05044
00417
01304
02925
02713
04965
05297
03134
01815
02582
01058
07476
05644
04440
05594
05803
03622
02153
01837
03608
04879
00839
05510
02260
05090
07461
07139
04832
07141
04229
04602
00999
05490
04419
06598
06698
02294
05459
01625
05811
04630
05641
04370
07325
01091
02218
07489
04417
01872
05698
00513
05882
03634
06101
01322
07251
00500
03851
00439
03357
03621
00071
06060
07213
00291
01737
06859
02476
04733
05972
03294
06426
02077
05836
06629
07249
06696
02805
01903
02399
02067
05385
06472
02099
05241
02451
04321
06651
05519
02791
03268
01012
06044
00912
06510
02928
07429
03094
04026
00438
04292
06246
01880
00900
05954
04375
05380
00836
04490
02369
07218
06368
05099
07476
02168
01581
03401
03480
04147
04256
05720
01086
05862
02501
06626
07307
05739
04956
03610
02861
06808
03933
04492
03934
06487
06093
02366
06150
05115
03535
00514
00141
04507
06893
04258
05257
05605
06015
07353
06833
02424
06174
04953
01687
04534
02083
02689
04481
05241
05231
07389
00496
06408
02191
02208
00518
01235
07257
01150
06901
05841
02577
04936
06985
07043
06434
01730
01903
07097
05813
04115
01921
02187
02921
02252
06105
02283
06438
01539
05349
04859
01119
01714
03618
02747
04966
02857
05638
02224
02527
04693
01408
04038
00866
02091
02314
01156
02487
06013
01393
02923
05200
02204
00394
01834
04264
03088
02618
06893
06718
01672
01044
00216
00706
00809
06190
07204
03397
04711
03849
00873
06892
00803
06551
04971
02114
00252
00028
03459
02344
06493
01101
04360
01450
02480
02668
05872
04328
00057
01268
05965
01687
04666
02114
03694
05598
02003
00846
03559
02801
06873
00012
01000
06109
03692
02158
02311
05146
05499
05634
00432
06368
00417
06066
00590
01513
07214
04600
05600
03961
05219
06885
02262
00738
02771
06278
01055
01607
02306
00901
00865
03652
05904
00542
05099
06163
03600
03813
00342
02969
03763
02801
04294
00388
00541
05152
04281
02577
01831
00658
03688
03771
06862
03768
06941
01770
05391
07268
06012
03719
06088
00775
00049
03677
00568
01740
02072
05061
04331
01565
06921
05327
04349
07032
00507
04232
01130
01187
01436
01369
02570
03677
00026
03150
02719
02445
07225
04892
00779
03465
02534
05612
06884
06640
06304
03536
07192
02297
01117
05357
03486
05184
00903
03801
01013
03980
01222
01956
00154
07039
04675
01461
01288
03409
04187
01037
01456
02819
00331
05650
00463
05525
03607
02531
00174
02640
01428
01338
05781
06122
05311
06645
05196
00327
05941
05385
05462
06232
06434
01455
00667
01619
06719
06601
02661
03339
07399
00377
03735
04464
01301
06178
02823
06303
03488
02356
00834
00579
01068
02206
05259
01434
00742
02510
06169
02599
06654
07397
06529
01089
05349
01715
04927
05269
02787
06845
06433
06775
05994
06278
04575
07155
02298
03571
00674
01660
05996
06779
01553
04977
06238
05820
00741
06402
00198
06427
06125
01162
01095
05729
06354
01203
01461
02346
00332
04940
00755
04978
01327
02612
01596
01307
05288
04828
03831
06514
03741
00727
01705
02571
07477
01058
03930
06636
06164
02121
02007
00227
03096
04313
05255
05575
05888
05260
04463
06708
01006
02740
02804
01063
04335
00859
04949
02734
05778
03299
04419
05566
01972
07388
06786
02014
03716
06882
03360
06671
06032
00860
05113
00357
06766
02841
00626
06053
00524
06203
06760
00435
02211
04277
00841
03509
07283
00331
01485
06365
06406
02552
00419
01083
07110
04541
01619
00506
01441
02541
01293
01244
06704
03331
03436
02262
02084
07104
07377
02899
00577
06294
03486
05421
05352
00032
07323
07446
02209
04885
03032
04221
06366
07383
07201
03781
06872
03007
03839
05303
00620
00719
06657
06063
06881
02373
01187
03358
00096
05348
05451
06611
00212
00209
03418
02464
00794
06451
02425
03068
05790
04192
00649
03066
05284
05520
05084
04769
03193
04921
05943
07383
00817
05336
02347
07065
07014
03242
06936
01021
02172
04379
04932
03607
06349
07073
07387
07346
06343
01503
00872
05002
04465
01293
01922
03123
06523
01191
03573
05850
07395
03592
04016
02464
02472
02500
04359
00725
00212
00771
03625
05726
06443
00743
05813
03298
06828
04694
01083
02791
00037
01228
00447
00829
05899
04691
02821
02985
03507
01780
06643
06592
04159
07367
06420
01387
00230
02783
06758
01439
02071
03820
03492
02110
07225
01350
07306
04456
03760
07415
04285
00221
03179
01358
05162
03672
01428
04931
03619
01669
04112
01615
03487
01539
04448
05372
04968
06536
02025
05677
02083
01543
04907
01524
02787
00105
06126
00550
00537
02506
03970
03465
06984
02446
05258
03993
04574
04415
03003
02272
06132
00916
06918
03104
03424
01612
02096
05771
00516
01263
00351
00299
00094
05162
00915
01096
06935
02923
05111
03821
07349
02119
03141
04159
02274
04335
06744
05622
05790
05418
01533
00327
03661
04041
05738
02707
04434
06262
03736
06045
01904
06303
02187
00847
01344
00767
02972
02827
06924
04503
02066
03241
06119
04923
06034
03418
00249
01788
04178
06827
02034
04062
07294
04112
02464
00011
01335
02700
01878
06781
01051
00565
00344
02714
07053
06886
00844
01902
03417
00422
00110
02459
05829
00185
01197
04810
01225
00081
02995
03477
03137
01173
01403
04753
04161
06558
05322
01777
04532
06219
07059
01438
06022
03924
04856
02538
00489
04809
07099
02284
02036
01108
03201
05889
00599
05744
07062
06265
04210
00869
00454
00157
02336
02461
04269
02042
05507
04237
02982
05260
07331
03505
07178
00284
05929
03650
04095
00384
04100
07154
05364
03732
03702
00670
01821
05582
02516
05884
05887
05903
04828
01421
05291
05317
05619
06845
05134
07266
04400
03842
01010
04256
01280
04332
04462
01383
07364
04746
01323
05843
07172
03854
03083
02942
02194
01295
00697
01993
03944
00660
06183
05604
04403
01018
01266
03269
05618
03662
04289
04147
02891
01933
01409
02760
04873
05625
05335
00563
02298
02013
00023
07025
05067
05058
04017
01958
00014
02864
00023
07168
06396
05884
00995
06229
02205
01119
01007
00337
07465
01245
05795
06764
06017
00441
00590
07069
07267
00665
05042
05497
06399
03170
01514
07428
02828
02152
05769
02357
07419
04144
06697
05177
00014
07092
04678
05221
02972
04753
01762
04153
01677
05776
01098
00937
00830
05238
03879
00832
03443
03142
01438
07080
05017
00501
03957
06561
03267
02538
03764
01778
04220
00464
05189
04741
03460
00012
00781
05332
04913
05463
03175
04032
05328
02973
04170
05831
01697
05666
06154
00894
03460
02533
05312
05420
02558
05472
06460
04919
03512
06246
02549
06465
07138
01776
04833
02000
06501
04688
05398
07106
00119
01902
06153
06347
01052
02394
05841
01661
01043
05770
00588
06642
04442
06487
00891
00014
03723
00100
02412
03524
00287
00290
01253
04598
02969
06711
02286
04242
06449
02251
02448
02076
07339
00298
01670
00570
02028
03305
04554
07091
00131
05361
04261
05331
05913
05878
04971
07361
03615
05572
02787
01722
02509
07432
03051
02394
06968
05141
00288
05874
00952
06295
03596
06197
04745
06750
00576
01129
05612
03497
00138
01917
04219
07360
02277
00708
00029
03772
05825
01901
05371
04081
00773
02942
01796
03226
01695
01404
05497
01935
04411
00633
06594
03855
05520
00629
05184
06254
04985
00267
04236
00605
07463
05792
03081
05590
03352
00746
00418
07455
05396
00870
06335
01642
06704
06544
01118
05175
00702
05601
07117
05773
07471
07107
02092
01531
00876
03293
01429
07167
03291
02533
04945
00115
00205
02847
07057
03441
01810
05545
06809
00733
00665
00921
03102
03512
00731
03564
01350
06514
05543
04403
02219
06786
03888
02460
05740
00072
03075
01008
03168
04285
03115
03715
00129
05982
02590
00394
04492
02033
07199
01644
02448
01588
04243
07385
02001
03626
06550
04781
02652
00157
05870
03860
06293
06426
03190
04471
04220
06056
02557
04374
01696
01011
05997
01201
06826
00649
07421
03934
02318
02507
01667
01585
04405
00846
06510
00634
06960
00974
02052
06252
05928
04827
04520
06679
04771
06159
03133
01165
07003
06024
05438
06475
04390
07310
05545
05343
03563
02354
06855
02182
05943
02054
01845
04390
02475
01278
05759
01437
06382
04504
03603
01629
04843
02432
04253
03525
05783
02766
01148
01126
02857
07168
06564
01492
05526
03225
07007
05484
01584
04448
00626
06314
03838
04087
01811
07116
06302
02835
05286
03613
07284
02149
06221
06944
01567
02295
04383
03701
01963
01949
00077
04030
07362
05264
06896
04560
04455
04537
02719
01661
03753
00659
02222
05174
01024
01330
03791
05434
02535
03535
01805
02778
02086
00249
00503
01237
02754
00478
05893
06155
04983
01572
03706
05921
00967
06464
03352
02355
06202
01153
03645
06502
05002
03799
06958
04699
01308
04270
02655
01966
02208
05317
01890
04352
03403
00015
05245
05923
01663
01288
00480
02907
00693
00162
00856
00314
07110
02885
02767
00130
07119
06822
03144
06651
02756
06684
01186
03508
00311
02127
05645
01886
05131
02112
03249
03600
02848
05207
01395
03935
07478
00845
03838
07134
00007
04452
05087
07082
05481
04349
05474
00007
03981
04079
06630
01687
06193
07445
06171
00213
06913
05458
07046
06563
06663
06334
07469
05469
07088
05958
06377
01045
04835
01689
07130
00486
05285
03930
07263
06017
07303
06633
01992
03640
05977
05721
05541
00888
04139
04836
04452
02635
06226
06963
05594
04801
02772
01014
02810
03835
06565
06588
03519
01885
07223
02680
01541
03182
01441
01523
00576
03787
03792
00866
01089
04977
03782
02863
01063
01664
05641
00144
03505
02992
04637
03113
06817
03056
01134
04828
00349
05138
02945
06532
02133
01338
01408
01498
04066
02787
01585
00351
04906
07256
01644
02462
04070
01036
03290
07026
00474
06048
03435
04917
02707
04062
02526
03169
04679
01371
06937
04456
03281
02163
00460
02075
05123
05961
02424
01287
00634
03407
00317
05055
02697
02695
07303
02442
06299
06039
00274
03602
03779
02707
01989
02799
05833
04345
03519
03886
00040
00787
01949
04494
07078
06673
00575
07008
07448
02662
05394
04491
04728
00529
06350
01690
03429
00085
04206
01115
02730
04562
05253
01642
01618
00859
05932
06563
03828
05343
00998
00057
06531
07208
02755
05238
07193
06785
03238
00116
04286
04781
00010
07390
03264
00121
04660
03017
05677
00730
01099
05695
01626
04931
03537
04290
06159
07210
03262
02363
02495
05026
01696
05741
05546
03298
03810
05724
03634
06841
06797
05158
05171
05022
04148
07236
00139
00280
04939
02484
07107
07461
06988
05296
00100
05096
00683
04591
02126
02837
03005
06488
03163
05286
05268
04571
03435
04541
05942
00992
02067
00139
01871
03087
03657
02876
05540
00217
03584
06181
03426
05158
05417
04384
00468
02144
06582
00492
00231
01661
02363
01611
07032
00682
06919
06725
06479
01358
01472
03124
00155
00550
04299
05098
02537
03318
04838
02956
07383
06486
02676
02992
03874
06616
06893
04537
06223
04637
05439
05939
03928
01367
06161
05858
01735
05905
05875
06505
04725
03923
06335
00580
02745
03026
02847
07115
03890
03792
04951
01874
04499
00681
05966
06477
04466
07221
05165
05341
06654
01545
06624
05814
03175
03318
02202
01392
00962
01225
03744
07161
06165
06429
02341
01565
03092
03500
01177
03197
06463
05012
05192
00826
02294
02071
06359
01765
05148
02601
00334
03388
03443
01986
02284
01972
02671
02281
01144
01014
04413
04795
04997
07129
00900
03273
01162
01190
02561
00340
06880
00648
00388
01803
06457
04963
07203
03988
04665
07103
07462
05538
06364
02345
05944
04579
04336
00893
05897
01396
00869
06772
03245
01105
03950
01098
04846
02795
01934
06125
01202
04718
05509
00296
04321
07081
02490
05230
06898
00509
06703
01595
01968
04785
05239
03450
02127
05811
04615
00465
03409
00561
05703
06826
00929
00940
03504
05915
03414
04042
01689
04932
00109
07463
03179
05937
01281
07193
04767
03543
06175
04112
05214
02110
00595
03144
00211
07093
05894
05708
01525
03157
04242
06933
04167
02435
04024
06385
00975
02268
00837
05654
03955
06696
02233
00553
04211
01488
05325
05831
02343
07118
01243
04922
01688
05314
02383
00651
02568
03811
06132
01349
03527
06864
02098
06843
05909
06105
05708
02990
01286
03477
03591
06652
05512
03553
04670
00417
06724
03485
00948
03492
00660
04459
02268
03352
02057
02201
05311
00382
02621
01239
03614
00194
02768
03702
04834
06497
00269
02350
05564
04168
07049
04855
06223
02380
03815
04414
07321
06943
03754
03382
04675
00992
05792
01029
06956
02232
03232
00775
01113
02695
05236
02971
01070
00443
06909
02624
01045
01795
01739
03602
05373
07260
04244
05381
07022
00133
01634
06913
04288
04700
03398
01889
05118
01898
06845
04289
03326
01944
03117
06431
02926
04185
03963
01413
06641
05127
00681
05181
00269
05470
07179
00167
00829
02436
03844
02243
03052
02164
02887
05484
01529
04334
00291
00061
06776
06187
04733
00379
04338
04698
03829
01852
06885
00062
02424
03366
02060
02016
07196
03965
04623
00877
03041
04699
01150
00654
04649
01750
05156
00332
03480
06244
00478
04422
07062
00542
02514
06258
06277
06443
04424
02152
00815
04601
06744
04566
03145
00342
06706
04417
01695
05676
01494
04621
06109
05127
05346
03012
07397
04789
03555
04485
04407
03005
05633
03293
05358
05289
07072
00120
01165
04473
02992
06228
06203
00159
01296
06090
06147
01600
01935
05830
05781
01943
06503
00346
00726
06967
01259
03016
05503
04680
00093
01137
00801
03398
06757
01705
03071
03308
02493
01804
03485
03828
00655
03884
00346
06936
05160
00934
00931
05042
00947
01851
07007
05713
05234
01563
03062
05967
00852
06465
02260
04575
06077
04105
00290
07416
03487
01248
00118
06237
06350
04819
05185
00277
02427
00007
00627
04019
01081
00425
05707
04794
04870
00388
03536
04174
00638
00724
06247
06294
06506
00522
00626
02175
00088
06072
05662
02691
04025
00552
03323
05208
06347
01760
06193
04324
03450
00480
01987
04124
05195
02487
03147
03621
00533
05609
02268
04491
04748
06234
04646
03110
00331
01565
00417
00419
05357
07096
02585
00355
03328
04523
06948
04480
01495
02496
02613
01796
06475
01421
05245
02616
04541
07441
01821
03787
00802
05814
02988
04027
05116
06801
04075
00273
01781
03837
01592
07383
05433
07489
03467
02920
07473
04216
00447
06901
00819
06954
04285
06223
01134
02837
02550
04754
05864
04067
02180
02051
01411
02539
06916
02646
07117
04596
03779
06899
01186
03901
00499
02152
05896
01508
03999
00569
06975
07306
01856
01131
05263
04263
02920
02523
03215
07107
05013
01182
04488
03420
01756
05366
00551
07232
02634
03020
00168
04072
01856
02090
07128
00903
06590
04153
01934
06340
00435
06231
06090
01099
04682
03398
04142
04250
07104
02081
06127
03777
06194
01977
00500
01281
05852
02184
01306
06458
05888
04494
07381
03232
00762
03708
00346
00606
03730
01098
03654
04286
02122
03654
05658
07065
03629
04667
05617
04224
05367
00689
02164
00926
02698
06229
03049
05113
00686
06353
05300
03727
03438
02251
06555
06301
05651
03242
02628
03814
02843
00055
05905
07250
01991
00614
03892
07390
02386
02337
04412
03725
03630
06926
07116
04206
04876
05472
01743
05269
05336
04201
00738
04452
05579
04911
02111
03718
01430
04104
05483
03163
04024
01181
02590
03351
01235
03238
06038
01081
02748
06005
03682
05220
01661
06246
00078
03809
03701
07358
03533
04888
00739
05891
06250
01989
00503
06615
01340
06900
06923
07362
01693
07072
04381
02211
03734
05645
01119
00796
06454
00198
07031
06605
01912
01089
05864
05899
02142
04839
02132
03789
04332
01007
04380
03412
07046
02543
03931
05773
04764
03106
07341
01728
00716
01051
05339
00077
01301
01945
03365
04302
04958
01592
00596
05027
05642
01426
01827
00034
07464
05615
06173
04311
00168
05305
07097
06356
04569
02104
07214
04943
02361
03109
00210
07049
04458
05955
02837
00784
04651
06823
00870
06204
05320
02005
05362
06938
04315
05340
01234
01170
01241
03847
06497
03539
04628
06803
00723
06219
07439
01717
01656
04789
04723
03764
02100
02134
05473
02120
02863
07351
06919
03694
05154
04832
04247
01452
02698
02695
00424
05589
03077
02789
01415
04918
01719
03518
05437
04808
01149
00584
04424
00723
03934
06869
04471
05348
02672
02967
01016
06930
06106
00482
04810
04699
02453
04101
01156
01985
04595
06373
02920
01985
07192
06613
03852
06156
01912
04099
05227
02869
01205
01849
00989
00620
03216
01873
01441
03185
07026
05051
00668
05017
00641
02225
00127
07013
02494
03062
07093
04004
05162
02508
07277
01899
06762
02895
04887
06866
00987
02710
03737
04866
07278
05956
06112
03673
04508
05933
04285
05186
05154
00612
07039
00749
07313
06081
02831
07493
06119
05100
05180
05517
04254
05072
03941
04148
04297
03303
04640
04670
07224
04239
00156
00346
00008
03990
00799
03615
01208
01567
02398
00647
00852
01196
02823
06387
04577
06249
06498
00306
04434
05410
01963
00560
03183
01122
00072
00043
06571
00252
02911
00401
04636
03954
06147
02281
05742
06278
01652
00016
06988
00565
01353
04549
05844
01972
05518
04897
06982
03453
04027
04657
05261
02186
04348
03141
04454
00253
01563
06805
04398
00196
01780
05983
07066
03652
05168
03049
00990
02594
04585
02390
06475
06362
01565
05204
05662
07296
00390
02420
01147
02685
00015
01645
05166
03990
01418
02844
07222
03397
03670
05105
03452
01261
01404
04304
02719
05432
00913
01271
07226
01216
01706
07216
05069
04226
02968
00723
06070
00879
04622
05800
04844
06506
07354
07291
00883
04819
00558
03049
05099
00130
03153
05860
05334
03828
01901
06140
01830
01203
03406
02909
02551
01797
00021
02197
04515
04462
07099
06870
06319
01490
03886
00377
00874
06615
02995
06938
06926
03873
06094
00608
06774
05245
04027
07302
03336
02420
04793
01976
04767
05552
02128
04895
03497
07293
00287
03983
04292
03213
02577
05495
02135
00346
01667
07364
03836
02740
03555
06691
01780
05104
05555
02601
00659
03373
04953
03466
02294
03647
06139
04522
05775
07127
01375
02068
00036
03139
05377
03188
00321
06083
03924
05083
03232
06532
02143
06019
03458
00742
01434
06842
07249
01475
06894
02993
03577
04890
03346
03496
00036
02879
07059
06263
00793
03104
07455
01457
07092
01441
04862
00514
03745
01116
00465
05012
07327
04127
04888
05743
00413
06272
01107
00034
06373
03592
03118
02106
04424
06429
00795
04865
01638
01445
03865
05275
02070
03515
01431
01617
03845
01661
00749
05572
01008
02629
00747
06714
03605
04101
02917
07153
03485
01170
05399
06751
03696
01149
04651
06817
06256
03893
04920
06261
04995
03913
04834
07219
07257
05093
03832
04113
07447
05384
01325
04510
02735
00013
00879
06369
01396
06700
05794
03555
05041
05953
03278
04062
03765
02810
00785
05454
01462
03450
04296
00947
03133
01626
06920
03233
05834
00637
06129
03832
02234
05205
07083
01087
01529
06780
06229
06351
05821
03886
00963
07482
00281
03887
05667
06483
00430
00185
03936
02470
04954
00844
00436
00531
05658
03298
03173
03139
02390
01828
06811
06391
06793
02362
05180
04049
01283
06543
02445
01779
05324
01239
04112
05735
03921
06570
07247
00837
00310
07392
02713
04171
04906
00240
01276
00558
01956
03943
03200
02907
03301
04040
05986
00037
03418
03081
06717
00319
00480
00381
00654
04251
00225
03777
05674
05832
00986
00070
06066
07293
07472
01084
03602
00170
04353
06513
02460
05972
07045
05466
01221
02311
06489
01571
06541
03087
02579
06783
00848
00769
04764
00126
05964
03879
06279
01626
05207
04015
00572
00349
02787
05950
05933
02945
06881
03188
05728
02355
01687
03532
04102
03903
04472
01841
04180
00808
06058
05401
03845
03540
01327
06607
02840
03110
01293
05328
03440
06719
01921
00874
05349
04185
04103
05141
04306
01495
06473
00387
02625
01455
07209
01067
02555
04053
01157
07027
01970
04756
01090
07202
04041
04327
00609
02265
03319
03366
02807
03897
07327
02248
02667
04811
00320
04973
04022
02449
06177
03133
05382
07457
03352
05136
05004
06176
07304
05977
01993
03523
05354
04230
05320
07346
06921
03318
07206
02683
03754
03345
04346
03935
06307
00229
05129
02381
00414
04974
03987
00275
02843
04989
00892
04220
05140
07446
02514
02512
05405
06176
06298
00599
03520
02014
02698
03602
01038
06331
03847
00205
01024
04387
04940
04922
01085
00885
04839
04171
00793
03058
00467
05878
07104
02337
01488
07050
02457
02277
03979
07474
01174
06983
05942
06822
06005
03432
05072
05210
04860
05791
02730
03907
03093
01153
01519
01641
04490
00678
01034
07367
00993
03079
00965
01171
05024
02085
01908
06049
06580
02658
03561
05723
05311
07209
00312
03195
04444
01157
07312
04953
07450
03397
00853
00501
01382
04470
07028
06285
05324
06078
03836
03840
04469
05853
00615
01377
05310
06851
03318
01003
04064
04372
03414
00458
02647
01520
04216
00720
05097
01432
04200
02772
06330
03487
05258
04227
07414
01182
02506
07273
05532
00174
05079
04725
06585
03854
06782
03849
07196
03261
01941
03038
03773
04379
00582
02812
06008
06686
03290
07236
07285
03589
01185
03886
03803
01071
01063
04597
00414
03561
00050
03117
06350
04945
05858
03232
01313
01088
06965
05546
04253
05725
00845
01740
00308
05732
00527
01177
03896
06565
05039
00171
02928
03684
06694
06699
05336
02862
00427
02591
04993
01128
05079
03615
02642
05372
05965
02988
00562
06814
00842
04729
00688
04628
07030
07108
01192
01754
05283
04716
00649
02397
00493
01812
06792
02166
00472
02717
02279
00272
00779
01262
04176
02034
02927
06208
04668
04880
00464
00769
03568
03097
05618
02666
03043
01689
00772
04389
02758
01437
05758
00537
00005
04344
05282
04209
06368
04514
01647
03201
03386
05397
04929
03436
03865
02799
05752
01443
05127
07203
02199
03543
04322
02767
00932
02180
07068
05139
02848
03965
06753
06473
06290
04641
01553
07172
01597
05241
02977
05173
07358
07442
01706
02088
04167
05310
04819
06668
00258
07233
03101
05077
00427
00581
02712
00394
07390
05143
04396
07061
00364
06475
04013
02335
07260
03416
06945
00106
03346
00392
05965
02489
07394
04645
06348
06694
02423
07012
00779
03759
03647
00137
06097
00276
07138
02721
03495
03946
06621
03900
06891
05976
02158
03459
02991
03158
01463
06281
06077
01154
02613
04418
03939
03912
06683
02313
00418
05239
01123
00611
06492
06194
01920
06381
00218
03370
01474
00874
06274
02621
06524
05615
00253
00552
05909
02373
05143
05674
04133
06713
05337
03912
07007
03919
00436
05025
00424
05128
04793
02643
00846
06165
06263
05217
01024
03337
07421
04844
04454
01024
01221
06809
05657
03331
00638
02085
04209
03468
03743
00315
03819
04823
07041
02495
06758
05547
05215
01009
03686
05326
00557
06545
04692
07391
06870
05790
05333
07314
05891
02082
06262
03195
03713
01097
02485
02993
00198
01346
03370
02122
04105
07462
05777
01227
03157
05632
04472
07006
00053
04234
04864
00880
04029
00951
01498
02870
04048
02787
01680
06991
04466
06351
03646
02107
00038
02853
01279
05824
00025
01496
01517
06546
03089
05786
04310
05099
03328
06663
01104
03764
00369
04822
01312
03269
02151
03863
02102
07068
06030
00056
04585
04121
04987
02425
06963
02824
01814
05086
04548
02817
02959
02531
07120
04800
05626
05740
02563
06616
01652
06068
04258
03889
03571
07205
06659
03810
04714
06834
02970
03595
04723
04523
00259
02576
06726
01842
06799
03219
06971
06887
04500
07079
03875
04423
07025
01984
00004
06490
06331
01717
05379
02071
00214
01301
02164
06129
04776
01127
00801
00875
02861
00025
06768
00886
02023
04251
00903
01439
01392
04130
06449
03232
00214
02015
03207
06259
02619
07266
03532
04558
05864
06571
02987
04919
06512
06204
04720
04080
02917
03327
00318
07116
07467
03812
00220
04036
01660
01226
05529
03300
00305
01954
00163
03514
07499
00528
00109
06169
03530
02314
07037
07047
06679
04977
03966
04241
04620
04471
05593
06249
06103
00711
03983
01115
06820
07470
06979
00313
06703
01339
01486
04564
02422
06019
07421
00703
01623
03375
06566
01299
04674
06656
03600
01374
06287
07157
00685
06225
07419
05428
06969
02053
04134
02110
00713
02945
03648
02681
01050
01702
03732
02635
02445
01289
04999
04333
02876
03381
04413
01651
03030
01286
05700
00924
07192
03442
06066
02291
03120
03671
02100
05820
06408
06162
05109
03036
03060
00318
01187
01984
07212
05610
01251
04764
00541
02645
00804
03177
02131
02784
02142
05853
02702
05961
03298
05955
04477
05759
03641
04016
00247
03774
01403
02987
05496
05878
03605
02463
01056
02273
00386
05738
04913
05221
01411
06746
02120
04301
04710
02973
07147
04398
06018
02593
02548
01218
06934
03011
04964
00021
06567
05719
00122
00876
07156
00978
01380
05517
02317
07428
00801
03823
03324
02013
06222
04155
06389
05860
05576
02140
04239
02394
03186
02157
06368
03090
03705
02147
07235
03513
03500
03413
02937
02329
01213
05255
00799
00063
02221
04841
01270
01410
05103
03249
02377
05256
03055
07237
04884
06031
03458
03276
04773
02188
04823
07304
05989
03096
05784
00689
04153
01981
02550
03633
05111
06158
03159
01815
04324
00539
01361
04104
00620
06126
03326
05960
06133
00930
03055
01718
03681
01382
02278
04695
04523
05020
05780
02028
06573
02912
05895
00428
00492
02947
06737
00552
01385
02809
05954
05838
03736
04931
02500
06037
04007
00963
01326
04259
05516
03401
04010
05222
00148
03270
00228
06090
06997
06844
01481
07156
03355
02890
06773
00207
06684
06084
06225
00563
07342
04459
06992
02470
03538
03941
00665
00600
04814
05011
02354
02509
04366
00112
05568
03738
03776
03303
02200
00729
05404
05726
04290
05968
03788
02473
00237
02676
05805
06982
05683
04948
06622
07459
04379
01121
00834
01143
06784
02626
04202
02950
03792
02057
05152
02127
06174
01329
02106
00039
07174
02879
05614
02724
07400
02276
04840
06410
00093
01037
03080
03522
07414
02822
04691
07441
03381
05349
00456
04115
06002
02422
01638
00033
03162
02724
00361
02318
03936
00839
02322
05457
02298
04681
04997
02928
04931
05565
04726
05724
03667
05731
07384
06873
06631
01937
00871
00711
07175
03066
06260
03583
02990
02180
05111
07459
00310
02682
01524
07005
07433
00040
04452
00371
07243
06612
03455
03964
06750
06213
06639
00452
07388
02025
01421
03281
00893
05226
06419
00430
00333
04330
02098
07241
06132
02233
02285
02265
06562
06866
00607
02948
02013
04641
01795
01105
04643
03873
04318
07082
02821
01151
01039
00581
01740
01185
01399
05372
01892
01543
03362
04508
03155
00179
03551
00435
00593
03316
06667
03343
07427
02558
07138
00087
06845
01405
06475
00120
05672
04291
06489
03692
00180
05072
03385
03016
06479
06401
04510
06248
00793
06011
04249
05905
01653
01442
00149
05375
02833
04829
05410
03120
05441
04104
01555
05042
03196
04688
00590
06404
06844
00981
03821
01168
00716
02422
03470
02076
07321
04190
06166
01827
01731
02051
00700
07213
04323
00271
01194
07211
00154
05864
07454
02132
06216
00833
02339
01713
04210
01863
07146
04748
06945
05298
04524
07341
02597
03792
01949
06098
01462
00424
06060
03067
04815
03973
00698
06102
01661
02994
03821
04582
03922
06822
07078
05404
01604
05716
01523
02768
06320
06289
04711
01549
02968
07015
04156
00070
04798
02138
03476
03845
04110
01010
07295
07378
01876
02804
04968
01119
06930
02458
06422
02635
04645
06829
02339
05164
07336
02707
01814
04455
05469
02746
05631
02806
06849
00972
00603
01461
01223
03953
04733
01690
05737
07210
01358
00939
01926
01520
02830
00786
03120
04320
00185
00124
07206
01292
01541
06719
00894
06916
05216
01894
07398
03322
04504
04719
04308
01032
07035
04441
05628
01271
05960
00196
01618
04654
02800
00325
04774
01565
04027
05075
04593
04456
06675
02608
00261
02792
03240
07226
07293
01504
06373
04045
00646
05634
00846
04802
06057
06869
07055
03454
03843
01878
04142
01064
03931
02207
07370
05054
00287
07284
07000
05191
05339
00038
01158
07239
02415
01055
00099
00856
03212
03635
06517
02396
04433
04257
01607
07140
00164
04733
00115
02644
01381
07234
06775
06590
07206
07361
02781
06797
05818
04680
03129
04234
00356
02549
05420
01561
03759
06872
05258
00914
05932
05916
05736
01087
04184
00383
00361
06011
00765
07077
03600
05318
01804
05970
05411
03337
01013
01343
02189
04109
02922
05998
06809
06511
05605
03115
05248
01390
03938
00343
04519
05851
04258
02521
03679
04811
04095
00021
05012
06959
03135
01492
02588
06850
03247
05646
05521
02917
00586
02446
02715
01052
03388
00516
06705
05842
02778
02062
07330
06893
05499
06477
06035
02436
03916
05048
05057
04626
03696
01157
03525
01964
05188
03704
04073
00003
01767
00482
01137
01779
06982
04474
05414
01065
04227
01780
02296
07104
04927
02355
01030
04716
05734
02933
01369
01060
02575
06846
07181
02369
03149
07045
01808
01132
00990
06639
04185
02753
01303
00386
00073
07363
00793
01115
04138
01420
04399
07393
04844
00617
03140
06649
01333
06006
06104
04183
06211
00904
03799
02891
03705
05273
02938
03577
01389
05778
05583
03554
04470
06776
03439
06979
03099
04616
04363
00765
04623
04205
01113
00988
04183
03828
03997
03090
05313
03523
04536
04907
03206
06296
00416
00826
05061
00324
01758
00279
01335
05720
06817
03513
06447
01540
00800
06448
04320
06711
00552
04443
04429
07219
06912
02908
07309
07322
04094
00800
04372
03911
00183
02306
03098
06371
03178
06749
02475
00395
04881
02573
05707
01622
06121
07348
00885
06157
07410
01698
05503
02343
00664
00106
03721
04440
02488
05029
01239
07254
02234
01692
02289
03846
04088
03463
07434
07077
07072
03910
06240
07203
00788
02035
05125
01353
01975
03066
05846
04339
02687
03699
02549
02769
07034
01402
05673
02135
01966
02739
07249
03797
06395
04598
05468
06145
02311
07162
00671
02831
02392
06573
01153
01034
01310
02919
06496
06785
00475
03628
00724
07114
01797
02061
06122
05016
04248
00119
06243
00160
06078
01591
03447
03434
06799
01737
07373
06914
05169
05348
03169
07481
00748
06920
06129
00218
00987
02639
02881
02857
05573
02690
00193
06555
02744
03319
06713
01261
05344
02873
02950
03907
06662
03484
05076
02418
03231
00547
06912
06442
03929
00056
03511
03494
01994
00622
03696
06005
06364
01610
00699
04045
04721
06696
01731
05912
04411
06278
06779
06395
07268
01155
04578
07172
06484
07318
00449
01092
04200
06694
05477
06741
02068
04786
00774
06474
04328
04114
03126
06789
04013
03404
06131
03834
01003
00549
05477
04746
05814
05889
00752
00279
07046
03046
01039
01084
07412
00657
00757
03969
01280
04215
00357
00531
04797
04178
04025
02902
03831
03373
01071
06789
07221
00958
04269
01184
05006
00043
04623
00537
00074
02828
05364
04741
07415
05862
03949
04153
05725
02826
04977
02304
03628
06966
07083
05120
06928
01445
03253
06646
05424
01758
01452
06776
06740
05047
05293
03318
05072
00288
06594
06437
03322
03499
01570
01943
02435
01003
04129
04128
06603
05036
03577
01202
03208
06326
03075
05837
05974
01606
05510
00789
06489
06251
04403
05216
00810
05707
05566
04565
00519
00573
04544
02931
03867
00939
01174
04800
01530
00476
04406
00025
03115
07407
03541
00979
03096
05144
06981
06040
01490
05185
07204
01752
05855
05458
05422
05088
06004
01942
06497
04884
01772
04277
01619
06117
07440
05611
04238
05178
04132
04550
00491
04404
04232
06744
04492
06294
05351
04488
07221
03446
07489
05135
01606
06966
07249
06016
00456
00183
07066
00653
01965
03376
03388
06898
06266
02328
02165
02843
02816
00225
03565
06005
06626
02789
00943
03906
06467
05155
03651
00490
07171
07292
03262
05851
05085
05380
02041
03057
00657
06883
01294
01963
01627
04920
01349
03594
00105
01129
01703
03395
05204
04398
04289
04773
02126
03665
04427
01121
05213
06839
01303
05554
03736
01936
01049
02101
05976
04297
00102
06773
03489
05607
00371
00528
07175
04093
06916
06734
06116
05462
02909
07428
00980
01773
05627
03234
05200
03522
03272
04505
01767
00014
00578
06951
00135
04420
07195
00249
05496
00118
01843
04195
05181
02747
06722
05465
01972
02418
06629
05666
01879
03145
05523
01065
06005
04521
00541
01491
04298
06745
05459
02671
07057
01615
02354
02818
01672
06162
07240
02836
02033
02379
07434
03629
05271
00514
02129
01945
04463
02284
06567
02837
01171
03692
05226
02430
00254
05063
05473
04453
04494
02027
05735
00134
02006
00443
00789
04467
02403
06856
04830
02009
06331
00542
04685
07333
07045
00178
06076
05188
03936
05419
06620
03701
03722
00677
06630
05892
00465
07214
02005
06392
00115
06934
02557
04922
07387
03065
06760
03522
01008
01760
00999
00368
05257
07130
01622
05175
03018
04974
00393
05918
00466
00658
04823
07352
06042
05974
04970
05242
07175
02899
05319
06976
02404
03808
06772
01724
01340
04518
06867
04630
02895
04636
02387
07141
00315
04413
01367
07277
03070
06738
03783
00180
02218
05329
06019
06363
06138
01429
04494
02712
02324
00229
00700
03556
04388
07251
06424
03291
00288
03533
07214
04557
00769
03874
03349
02997
06835
07243
06177
04177
02709
02214
02903
06969
02332
03633
02430
06941
02950
03964
00958
06390
05823
00593
05008
00541
03664
04508
06338
03735
00764
01415
00061
03941
01428
03324
02141
04167
01547
05189
02364
00589
03087
01806
07323
03465
04852
03842
02926
02340
04150
00281
01355
01917
04465
06294
01463
03671
05037
07232
00785
03116
00444
02815
01932
06995
02718
00369
01396
02376
02808
02359
00384
03226
00077
00430
03743
01525
03149
03975
03605
05850
04390
04719
05453
03728
04994
05517
05149
04822
03856
00394
04174
03795
02923
05898
05411
07106
05226
04236
03489
06910
04005
05792
02169
04931
02597
06014
01778
06644
02795
01372
04233
03528
00159
02317
00919
07339
04517
04601
01214
01382
01071
07181
01580
07055
01374
05883
02393
01936
01836
07175
00532
01759
06087
04781
06863
04755
06689
05914
00908
02162
03820
02426
00587
00562
00568
05861
04517
04419
04267
03511
02309
03782
05900
06575
01688
05752
05329
01907
06972
07123
05400
00449
06554
03742
07206
07201
00357
01301
00596
04219
05210
07495
02614
00061
05367
01831
02505
04394
06608
06807
03607
04838
04672
00919
01018
02186
04980
06087
06547
00501
03218
07192
00691
03201
01267
06856
06073
01033
02825
01218
04650
02707
00731
01812
01669
01576
03981
06445
03350
07276
06259
04063
03410
05795
02830
03117
06097
06612
04547
07287
06457
04482
04565
00195
04879
04049
04874
01056
05061
01744
03161
06758
00203
07163
00243
03088
04986
05184
00745
06874
03999
02823
05530
01519
01696
06446
01062
07240
00638
06844
01318
01232
06939
06570
05175
06719
00258
06688
07299
03606
07498
00602
07371
02876
06472
02139
03419
00439
03937
06168
05078
00919
00932
07282
04982
04564
01013
01462
07341
04143
02231
07362
06388
02082
01532
00712
01969
05341
07323
03766
05418
06830
04835
02909
05009
05366
04871
01275
03566
04410
05358
03625
04802
03068
03869
00079
07410
00317
05784
01971
03208
06924
06418
04005
01814
02938
02617
02732
06675
04330
02394
05791
04916
02409
00717
01211
05716
06358
02006
05460
02621
03571
05708
01086
05319
06388
01451
00209
07195
00410
06526
03507
01201
00357
05290
01011
06138
06967
06798
00444
00497
02291
00931
01747
05477
07486
04180
03772
01920
01065
06576
00804
01831
02116
06236
05964
01567
02056
01561
04108
05784
07232
07142
03559
05449
02283
05519
03215
02643
00565
03682
01933
04015
04335
02147
01226
04859
00025
02583
02693
01017
04263
05269
06960
03529
03097
03138
07343
02608
01380
04675
00004
06437
02089
06257
02201
01036
00645
04597
04049
01790
03816
03682
06353
07125
03321
05868
01456
07129
01922
02935
00725
05075
00231
01961
04845
03594
07376
00201
04478
04607
00052
05705
00705
01051
06839
04791
02721
01118
05845
02240
04189
05582
06505
01913
04848
03343
04456
05496
01713
05836
05626
02208
03685
06366
01902
00568
04165
05414
02083
00502
06145
04281
02600
02107
05167
00910
03582
05147
06802
07410
05377
05208
01123
02252
03315
04893
03777
00628
06413
03006
05537
03118
06344
00025
03525
00829
04816
06207
05894
00278
00590
04436
03401
05188
01159
07450
00998
04644
01672
00294
00001
00186
07230
04994
05927
03694
01139
03204
05377
05630
06120
01194
02296
04359
05872
07307
03684
04050
01229
04596
04746
01021
01583
02953
07246
06801
03502
06040
07094
05531
03747
01140
00337
00288
06844
06017
01573
04703
02127
04054
03215
00595
02776
05876
00534
04301
02623
02081
01658
01516
02141
01329
06607
03995
00816
00766
01995
01947
06737
01255
04304
02959
06563
03673
00831
03158
03106
00745
04517
04617
03777
04064
06640
06204
01898
04180
04927
06435
05696
03548
00608
00114
06899
06473
01775
02609
00388
01334
02740
02108
05264
06686
05482
04099
00106
05876
04694
01022
02505
05118
02691
00364
01388
02274
02727
02682
05883
06978
00023
06730
00559
06220
04662
03429
07357
06948
02676
01279
03819
01603
07242
04123
02643
02341
04929
05643
04970
01373
04519
04598
05353
07452
04275
02660
05797
02440
03701
01955
04596
01135
02795
07136
04588
03461
00631
00646
03581
00183
06316
05339
01158
02170
04001
00288
06977
03256
01401
02556
00086
06090
06290
05252
05574
02443
06113
02322
01111
01365
00170
02356
06752
03318
00213
05593
02660
04342
00108
00399
02767
03448
06209
02188
05616
02418
02796
01494
03119
02011
06114
02909
04742
01101
00910
01345
00880
02096
03113
00070
03202
01650
06185
04981
00898
00591
06990
04856
03674
04364
01620
03773
03229
06773
03966
00879
01797
07009
01484
03886
00609
06363
05473
01087
03591
01334
04127
01309
00286
06009
04995
03738
07386
07030
06062
04274
02725
01830
02602
06417
06670
00230
05744
05560
03061
04772
00634
05254
02545
01812
05184
03153
01418
03278
06900
07201
07492
07019
06474
01516
02222
02240
06319
03653
07396
01802
01674
06826
07278
03547
04014
04252
05913
06398
07291
05608
00240
06727
03247
05112
03609
06326
00245
04909
02412
00182
04116
00359
00665
03146
04382
07238
04642
03668
07102
04792
06318
03910
06501
04199
05513
07150
01000
02926
07045
06621
01270
01136
04158
04965
03608
01322
01848
00401
00190
07107
04165
03010
04242
00366
04010
06607
03537
04746
00126
05881
00638
00769
00107
01785
00562
06864
04941
05408
06358
06595
06145
04778
01124
04678
07439
03990
02293
01683
04702
07046
03128
01571
06058
03974
00900
01589
01088
02700
03604
01838
01224
04827
04340
06360
00960
05796
01701
06760
04500
05960
03914
01830
05786
07239
04394
03801
04322
01031
04889
00520
02948
06228
04534
03577
00151
07083
05020
03908
06822
03227
02577
00517
00034
02335
04133
02379
07335
05947
03159
03884
05796
02070
03390
06011
06638
06409
06395
01252
01701
00162
05210
02268
04969
03676
00401
06505
01075
07423
02116
05016
04068
01396
07212
00602
03653
05584
06527
03785
00511
07298
04384
01285
04526
02926
02244
02703
04996
05483
00580
02629
00574
03261
01279
02311
00873
01014
04280
03183
00172
03000
06458
00485
04387
04464
04300
00626
00337
05261
05943
02003
01508
01560
03335
04625
05566
05440
04170
02673
06788
01054
04416
05482
06433
06291
00588
05998
02052
04949
00508
03246
05308
05332
05360
01590
05606
04191
02022
06082
00378
03616
00858
03935
05635
04933
05345
04085
02695
01336
05794
02841
02446
05790
02688
02228
00884
00660
03409
02609
06455
00094
03545
04156
03796
03017
04420
00979
03717
00173
04501
03732
03720
02136
06010
01205
03402
07323
07245
04069
06794
01351
01306
05668
00491
07070
03484
04163
00505
07004
03538
04058
05321
05837
03902
03763
04027
05938
02672
00560
05417
07209
05626
05649
03562
01089
05533
03707
06576
04476
00960
04025
04003
00051
05492
06878
03998
00292
06935
00223
00117
02151
01763
01591
05018
03401
05263
02353
00283
02644
04098
00934
05052
07028
00868
07349
00965
00784
06525
02876
02474
06708
00885
02353
06282
06290
04778
06657
04835
06569
05906
06648
03364
01422
03320
03432
04399
01755
05210
02916
06922
01281
01145
04753
02472
02898
06888
04096
00645
04279
05312
06737
01114
04813
00045
05073
07063
05015
05579
04807
03895
00112
01524
07002
02290
01735
04349
00143
05163
00263
02540
02049
00825
05586
05540
02288
02117
05354
04469
07325
07361
05136
05164
01784
03103
07141
02611
03856
06265
04306
03842
02068
01185
02363
07421
06133
05587
01612
06266
05823
05370
04164
01927
00512
04772
01192
03293
03835
02193
01965
04648
03218
06407
07150
07167
06841
03893
03872
07164
06192
03849
03439
07445
02079
05565
02090
02466
03340
04890
03204
02375
04497
00628
04375
02387
01425
05143
01578
02515
05883
06654
03006
00673
04910
01777
00885
01272
00091
01748
04756
02720
07207
07323
02859
01123
07428
06844
02451
03147
05097
05820
05735
00432
06339
07078
03152
07339
03944
01373
05696
04286
03503
03607
03062
02746
05832
05000
02193
00902
06754
01201
00051
07334
07275
02659
04436
05204
01944
03332
00756
01947
01362
01813
02937
01914
07401
03199
06370
01192
04777
05139
01998
01749
06379
04564
02465
01922
00750
06647
01918
03823
07423
01167
04665
06974
05866
04293
01140
05932
01998
02631
04605
06931
00509
02212
02507
06291
02070
01859
04042
05217
02068
05685
06968
00286
05780
05738
06343
05755
02590
00596
01849
00686
00693
06791
04220
00949
04301
07384
02526
03850
00075
01801
04984
06170
00136
07211
07387
02548
06882
02539
05612
01839
00232
04879
07023
04232
04093
02672
04451
01426
02841
01377
00501
04970
03012
01151
06190
04771
06100
06533
00658
03500
03906
03056
04163
03917
00348
03068
05835
07057
00906
02313
01267
04565
04459
04024
04710
02711
00435
01922
01318
00418
01671
05835
00557
03105
02621
02461
06831
04907
06559
03236
00092
05305
06443
03038
03478
02435
03125
05048
02902
01603
06741
02883
06884
04444
01695
05529
00572
06275
07137
04721
04135
01403
06944
04354
06475
00442
05300
04364
04944
07193
00746
04185
05585
05661
01271
00918
02599
06521
04487
05914
02460
00264
00387
03121
02003
06755
06378
06202
04927
02452
05547
00928
01499
07058
06072
03354
06854
04709
06579
04021
04045
02467
04369
01495
02919
04956
03853
04877
06572
05979
04590
06124
06385
03133
02137
02737
05771
04763
05478
01347
03134
05342
04266
07135
03138
06303
06559
05062
05827
07206
00892
05055
03750
05650
00155
04851
02460
05958
03962
07214
02885
03284
01278
06132
01245
01059
06055
05785
01457
03984
05792
02376
01598
01697
04398
07150
00767
07105
02621
00851
06304
07089
04887
03286
06658
04641
01570
05373
07175
05671
01849
00533
04471
05964
03327
00807
06537
04516
03463
01297
03520
02493
03660
00092
06445
03677
06013
01226
04860
06929
05370
03737
05355
03398
05791
03270
02894
03309
05077
01273
06420
05263
02690
02358
05094
01260
01812
06289
03664
00602
05968
01459
05625
02694
01518
06620
02809
06738
00765
05038
03150
07470
06497
07352
05418
07061
02388
06068
03053
00937
04943
07123
03863
03667
01330
04877
05886
02796
06095
00178
04449
02263
01459
02673
01340
04000
05122
02060
01172
06364
03950
07334
06004
05073
06748
03747
04819
02810
06783
00191
03809
07446
01593
00854
04816
01749
06648
00619
05542
03995
05094
03149
06058
02541
04326
05290
06925
00951
03624
05400
04652
04116
02847
00242
07164
06989
05517
03744
06413
00257
05535
05055
04215
03719
00408
07279
01891
04546
07173
03587
06947
06341
06423
00047
06466
03750
02296
06438
02291
06710
02411
07452
00180
05632
01144
05211
04882
07171
06261
04221
00328
00290
00437
05724
03122
05818
01162
06842
03177
02382
04020
01610
02992
05200
03716
03628
03842
07084
00926
03698
03159
01186
00689
02023
04396
06193
06118
04848
05860
04591
02624
01807
00045
02185
03456
06511
06948
07331
01564
07447
02793
07141
01225
02183
00715
03717
02766
04464
06808
00394
07427
05229
01256
03250
00544
00338
05945
04587
01156
02486
02468
04816
02263
06009
03510
07314
07468
00663
02954
06035
04134
00293
00855
07428
02257
07154
06794
05642
07001
01739
03898
01595
04844
01159
02271
01155
04534
06933
00589
02239
06983
05551
00898
05798
03760
02393
01857
01349
02306
04648
03415
05021
07180
05014
02171
00229
04863
03147
06369
01631
00081
03316
00902
03905
03400
01500
06772
03068
06717
06504
01178
00643
06466
06869
02928
07326
06571
04585
03689
07451
01261
02251
01180
01798
04321
02872
00901
04913
06156
03046
00109
01355
00266
03460
00194
03251
07271
02953
06455
06954
04506
02230
01371
06564
04961
02267
00568
01780
04674
00462
01434
05986
00329
02243
02333
00298
04999
04723
06245
00897
01439
02812
05742
05455
02920
00159
02333
01904
04270
05477
01803
03404
01669
05588
05976
03779
04293
01446
00482
04699
03980
05532
00564
02607
04467
05868
04370
07412
06437
03137
01596
01011
03605
06192
05415
04846
04582
01657
07272
04902
02432
07420
04465
00595
05591
07306
02345
01838
00457
00228
00680
00379
03865
07050
02971
04950
00515
01422
06482
01085
03350
06696
03569
00176
06680
04487
04538
05281
07474
02793
00497
00184
05946
01971
01652
03674
05277
05956
00674
01791
01645
06611
02784
06797
01316
02710
03620
02284
03944
03570
05074
00636
05591
05226
03148
03217
07447
01707
00168
05336
01714
03588
06122
05910
02779
01145
03905
07014
02554
00930
04420
05400
00734
03935
04822
06581
05879
06130
01353
00335
03294
03275
03629
04789
01241
00436
06709
04052
05259
04662
06632
02022
04736
02914
00929
05756
05831
06302
05824
07322
04333
03255
00561
