03264
03204
02881
02536
05693
04588
00099
07835
02411
00601
08001
08647
08220
05146
01082
06220
05235
01031
08712
05304
01889
07936
08249
06701
01883
04124
07831
03746
02314
07753
08444
01142
07050
04391
08333
05733
05283
08524
07825
00600
03706
08126
05365
02531
07237
04269
07754
06930
08831
07353
04235
03732
01827
02819
03045
05380
04287
03676
06461
00087
01860
02866
06765
01496
07025
06780
01247
07326
05826
02055
01411
01487
05908
07906
02508
02646
06934
05315
02507
05647
01231
03478
01285
05347
05927
04287
04062
08296
08339
02125
03770
07780
05386
08522
08268
03553
05142
04635
03110
04961
04720
01540
05621
01931
01852
00618
02186
08194
05681
07000
05881
00635
06849
02196
01010
04030
00436
02759
01502
03555
01660
07904
06017
05473
00282
01891
02958
02884
08099
04800
08086
08681
08738
06180
00535
07506
03522
04604
07781
05245
01399
03762
00248
05941
03463
03257
03174
02029
00071
00116
05419
05246
01224
08671
01223
00199
08892
00989
02943
00060
06506
04340
00156
05326
08283
05275
00781
05506
04222
04665
02460
01042
00283
06122
07252
05583
05467
02863
01214
00762
02268
05105
05799
01420
07937
05191
06234
06513
00382
01617
04567
08780
06874
05073
03815
01617
01352
08836
07347
00040
07616
03333
00400
06798
00455
06651
03681
01835
08331
03521
01550
02535
07795
07199
03908
02787
06702
05333
04797
01807
08034
02323
05258
07577
01119
01604
08284
00289
01953
07183
05704
08108
04624
04653
05727
04416
03620
03966
04923
08538
07470
03983
06176
06459
08795
02157
04903
05357
08463
05259
02417
04681
07868
02574
04259
05227
08169
00949
07802
00562
00326
08249
08262
04098
08727
08799
00493
08436
05045
06246
07082
01403
00049
08312
02451
08078
08328
00600
08384
04963
04244
00254
00629
04888
07030
03338
06888
04505
08060
07273
04653
06684
05522
08206
06023
04965
04040
04889
03641
07758
03588
02820
08633
03620
08758
05174
01768
07621
07564
02671
06611
07741
05657
00319
00002
04787
01466
08528
01344
02716
07573
01150
05370
00936
07789
02289
02089
03282
01814
08753
00519
00159
03290
08835
03058
02387
03126
01852
03645
04886
00193
04771
07592
06866
01014
01768
05307
02110
07012
00460
07598
06705
00046
02289
08056
06721
01913
05882
03938
00809
08755
07037
05452
03310
02294
04149
00775
05825
08302
08042
05606
03720
05920
00991
03090
05056
04896
06195
02412
00018
08609
04957
02631
06009
07161
02915
06208
03067
04204
07823
01787
02250
06815
07603
02067
00303
03402
01126
07345
02970
00225
06780
02166
03116
04152
01248
02843
00889
06478
04330
06854
07082
08149
02488
01448
04271
02173
04318
04101
03799
05115
00601
05100
07072
05004
05385
05356
01431
01367
05199
07657
01105
04899
03126
08001
03212
06578
06826
05530
03834
04328
04623
00424
06822
01784
02056
08187
05174
06026
01528
06603
02752
00677
00971
05741
06969
04567
04525
06568
06560
06028
03548
08617
01564
03028
01508
03351
02467
07806
00924
05650
06842
05646
02664
03431
01830
03421
07834
04669
08533
08872
00679
03931
04078
01635
02178
00974
06167
03657
06717
05923
04625
03922
04108
06998
04021
03152
01906
06289
05169
02511
02462
04017
05447
02524
02539
08494
00527
01285
01293
03878
01085
06508
04217
03720
02297
00189
08253
01799
02147
08489
04344
02447
07203
06497
01411
01588
03617
01720
03840
06395
07631
05470
00434
04133
08335
06210
01163
02645
05832
04208
00110
03994
02654
06528
07392
06335
04114
03650
00874
08752
07008
03903
01897
00954
07124
00240
00478
07727
07452
06991
03674
01464
02867
04599
02261
04467
02779
00433
07700
04913
03989
04141
08704
00893
00439
08694
04446
06307
07704
04087
07049
04817
02324
08075
00570
06440
03890
03128
05053
02362
05877
07616
01196
00512
08471
00361
04781
01179
05619
00832
00961
05529
01719
00745
00536
01006
05106
05765
08733
04389
00671
01640
02215
03329
00765
00061
07514
05540
05100
02317
07107
04991
00457
08437
05030
00872
08595
04149
05898
03069
00030
03146
07500
00502
04089
04495
03506
08211
00725
08341
05083
05059
00136
07588
03139
02370
04660
01958
02761
02050
01123
00066
01813
00116
00920
03229
04516
07123
03050
07331
05719
01669
03086
01177
05368
03571
00335
03232
08069
07250
00193
05734
03407
02288
02777
02016
02722
01354
04465
05280
03186
06551
06473
00560
08342
03539
03974
08197
00074
01977
05164
06214
05781
02395
02033
02729
05573
02229
08013
01304
07069
06805
05313
00640
04828
03189
05624
04948
08028
06126
08619
00473
02123
06246
07057
03455
07643
05762
00987
07627
04597
05191
05089
01283
02091
03119
01140
02492
07306
05866
02412
04571
04071
05246
03803
07280
08680
07209
04393
03223
01268
00778
00267
07232
00499
04608
02287
08566
06083
08699
04602
02145
00863
01680
04037
03290
01270
02320
08458
05359
03621
03345
01975
08496
00415
06182
00857
02560
03950
01573
04611
07690
05710
02486
02077
02301
07406
03944
00448
02498
01875
08560
06540
02813
05177
06725
03157
01334
08885
05632
07377
05719
02321
00183
06254
02344
03216
06485
06804
01646
05422
06787
04261
06296
01867
05622
00845
05636
01124
05106
03807
01647
02562
00330
05821
05149
00896
02805
00080
00100
04769
01353
00119
01291
04698
07026
04258
06986
02454
02111
03052
00197
04539
01294
00542
02043
03479
07926
04471
00049
02929
07127
06640
02560
05897
02053
04729
04972
08258
02197
04323
03707
03361
08208
02125
05535
05000
07182
06338
07379
01739
06564
07477
00117
01519
03935
06603
06485
00621
00758
06822
06573
06469
08106
08007
05518
01476
01845
04956
08582
06532
06944
06000
05685
07474
04030
04963
01259
07175
01726
06722
02575
07564
07788
06010
07082
07717
00709
07014
02398
03398
03162
03696
01027
03596
00512
05225
02253
02401
04306
06865
02764
07395
06326
08853
01316
03760
05825
06997
04895
07255
03598
03274
01153
02008
03607
08676
08161
02293
04545
02130
00791
07629
02049
01543
08886
06694
06936
01353
08716
02679
00171
01213
08112
06365
08072
08421
01548
00030
07678
01774
03423
02872
08495
07771
07679
02852
07589
06251
04916
01971
03874
03907
02128
08459
07617
02271
07448
02703
00078
00367
04764
08176
03370
04664
04148
00304
08209
01797
00726
02776
00525
05559
01008
00410
01104
06384
02678
01307
02825
04443
06377
05731
03096
06618
03061
01347
02156
01482
04381
05879
04411
04064
04504
02952
00945
07881
07995
00354
03561
05564
00974
06459
03930
04556
00801
08174
00657
00637
05297
07602
04713
03196
00551
00889
03780
06906
03361
04062
00716
00066
08231
00618
02926
00031
00610
04533
05546
00150
02705
07533
07833
07414
03128
01183
04165
01665
01942
04314
08107
08426
06782
03532
08611
07101
05330
01881
01769
07647
06653
08095
05155
04237
00927
07805
00996
05708
08767
07172
05111
01085
02086
06123
02581
00975
01655
05599
05057
05070
08223
00223
06814
05760
02533
06471
04652
04987
05338
06859
03655
08850
08324
07347
07530
03536
03330
02974
06972
07527
07942
00831
06961
04115
05334
05334
01439
07276
03864
08532
07284
08086
07668
00057
02180
02958
08776
02091
04677
02974
06415
02363
04583
05453
04455
02425
02057
08262
03759
08754
06314
07409
07989
05390
08433
01856
04465
02332
08126
06199
08818
07249
01572
04918
08057
05412
07784
00964
05525
01801
03772
05301
00098
07538
02481
07034
00650
08366
04332
07126
04802
03521
00375
00377
07785
08820
04173
03355
06152
05311
08547
07571
05026
04251
00975
03926
05119
06605
02851
02239
08052
06384
04474
00522
04618
00190
02235
05493
01725
06710
00723
03083
02387
03376
01934
01351
05170
05042
00822
04074
00514
07278
07988
08177
03596
02585
05775
08469
00632
05862
05335
01354
04995
06105
06095
03955
01186
06776
03416
05540
00343
05368
02182
04786
07374
03141
04920
08576
01555
05243
02667
07603
05659
07373
07152
00379
01163
06312
00477
05637
06382
02332
01591
01557
07376
08228
07650
07829
02408
08544
00513
02657
00129
04380
06088
03815
03971
02641
00396
00115
03037
08396
08070
08803
02175
03359
02832
06188
08373
07727
05381
03824
04680
01576
00552
07657
05907
04792
04309
01880
01044
02702
01376
02003
04554
03559
06247
06389
05027
01229
07114
05780
01975
02756
00178
02933
03022
05898
01283
03908
05699
04523
04379
08691
04186
02244
01289
02064
08166
02449
01999
08215
05664
01479
06457
03775
06615
05241
07857
03494
03029
08299
04979
05955
00534
01584
06150
01659
07344
00897
08122
01980
02120
04883
06703
04206
04196
04598
02543
01312
04491
06973
01483
08860
02633
06733
03598
02815
05628
06261
05464
05336
02092
03525
03851
02357
01230
03047
04672
04583
05758
07272
01800
06339
02366
04556
03429
08432
01783
07536
05521
00477
00302
04653
05895
04953
02552
00429
04698
05205
00024
00192
02214
06276
01706
08105
03196
06821
03102
02882
01782
07226
06662
04819
03421
04129
00530
03349
02841
08851
05302
07240
01879
07929
07665
06131
04941
05187
08464
06132
07946
06881
08004
00797
06292
07838
07107
04233
00512
03579
02187
00745
01190
04472
00242
04422
03846
04734
03251
04415
03359
08021
00796
07420
05726
01686
04190
02675
02062
05189
02625
04468
05552
08501
04536
00209
08274
01537
08473
06691
00995
05651
01953
02315
06754
08096
04833
05217
05155
04559
02022
00514
02298
07475
08475
08822
04681
02047
07049
07984
05759
07505
03907
06487
05088
08679
08383
04371
07592
03542
06985
03117
07428
02714
05896
08104
08451
04896
05523
03619
07222
01919
06851
02497
03980
02360
00434
07684
04977
08829
05835
00679
01786
06557
04526
08855
02972
06534
04206
03940
04034
02001
04624
06233
08675
05215
07815
07653
06761
06862
06381
04790
04725
01806
03297
00636
03795
04050
08045
08320
01129
08474
05012
00635
02356
06266
06238
05450
08879
03059
02405
08475
02752
04306
07657
04097
06349
02843
01322
05886
07076
06579
05953
08510
02148
02949
06689
06420
01928
02519
07109
06185
05521
06180
02888
08493
05004
01912
06104
03474
01822
04084
05235
00717
00194
04969
05640
02088
04261
07692
08435
04102
08252
04218
04605
01093
02661
05782
08231
02185
07451
01928
03996
04774
00870
03079
04198
02517
06324
05979
06694
00937
02123
07423
03649
02257
02299
06285
05001
08881
03320
03108
06620
04230
00164
05441
06324
00128
02727
01028
06006
06078
04037
02225
00328
03017
02615
03949
00691
08621
04507
08162
04702
07642
07458
01688
00887
03468
06777
06759
03272
03986
01796
07086
01958
01621
01602
00202
05953
06395
00503
07052
06283
02788
01736
00549
06384
02073
02121
04636
06506
05256
06001
01498
03771
08044
00278
00033
07876
00046
03446
05979
02018
07766
04644
07883
06052
08095
01537
02422
04071
07650
00127
04652
06298
05930
04700
08170
00644
04254
06563
03739
07201
03908
04133
01351
04994
00577
05267
06956
07425
07818
02436
05425
00569
03649
07142
03374
06283
04834
01120
02009
03459
03601
08615
01675
00738
07385
00023
01602
06616
01784
05082
05559
02989
03449
03700
07097
00961
00976
06478
00740
04450
06388
02477
00205
01539
04159
01570
02575
04131
00319
01648
05179
03146
05296
02666
05137
01924
06584
00576
04226
02004
05782
05656
03770
02709
03672
03107
08891
02793
02036
00634
07245
04614
04917
00294
01366
03391
06203
01240
03446
00647
00333
02558
07799
08685
07600
08356
07262
01676
00816
06511
01538
04597
04702
01116
08062
05415
01153
01284
04731
04083
01527
04631
08700
04422
04005
03127
01769
08613
00451
04585
06924
07412
07233
00700
00026
04390
00291
01122
05307
06529
00168
04871
04477
08293
07267
08295
08475
04636
08707
00412
05075
08634
07712
08702
01792
04974
04907
06072
06662
05269
07066
08601
01939
03681
07054
00387
06204
05083
06390
04027
03531
08388
01797
04302
06264
01778
01625
03599
01675
00931
04731
02159
08339
07842
05495
01167
07937
05913
00251
06981
08553
00707
02464
01770
05942
03460
07286
01619
03065
08223
07806
06543
01587
01824
02074
02022
06255
07903
08860
01956
07384
03933
06680
02589
07497
05027
01680
03060
02624
04504
01494
08758
04425
00476
08797
06127
02038
08375
06209
01728
04044
07967
04269
04899
06905
07278
08220
07304
02846
00280
07260
08121
06025
00106
07574
07070
07924
03381
01282
04295
01631
01378
03156
01035
01015
06959
07597
08833
05269
04574
04236
02862
04099
04649
05788
01735
05111
00934
07715
02512
07205
00786
03389
08182
05542
03546
02955
02954
01331
00928
03527
03036
07413
01777
01080
05959
04691
06027
01952
05426
06746
04671
04535
04272
02372
03298
08780
01989
06876
02752
05526
04186
02955
06167
07823
06852
02524
02772
06416
03228
06039
04413
04434
01182
06503
03011
02347
00168
03513
01290
06994
06426
03597
03071
07565
08608
01284
07575
08175
02744
03005
06447
02493
08510
05833
03916
07346
07278
04894
04240
00476
03958
06767
06435
03939
04949
03402
04120
00208
02152
07965
04876
03712
00479
03503
08137
05706
04109
01458
08035
00419
01429
01993
05844
00413
02696
07951
04146
04439
03472
02532
01932
03480
02322
08433
04610
01070
03698
03983
07785
07756
05729
01118
01963
02676
00404
02203
04787
01883
08690
03376
05982
06110
00862
05604
08442
07930
00724
04013
05824
01000
00875
00199
04454
07859
05678
01231
08250
02335
03136
06754
05446
02775
04097
04473
02924
04455
01254
04885
01142
08052
08140
01260
03032
04614
04990
05138
04871
00235
07894
07467
00418
01998
03123
04417
05287
08231
05228
00522
00495
03234
07204
02565
03739
00095
00489
08510
01396
02125
00627
05393
08042
07812
02616
02447
06773
04014
03298
08320
03520
07561
04217
01648
03460
08809
01206
03596
03334
05448
08313
05946
04621
06080
08877
03582
00011
03143
01873
06633
02158
08670
07707
07844
06610
04947
01384
08685
06478
07661
08445
03392
05400
02795
02847
07153
03995
06737
07247
00744
07512
05027
06697
07903
07165
08071
07323
04712
05627
07221
08145
04229
08346
00191
06785
02017
07207
04831
03917
05113
06025
05889
06804
03633
08349
03285
03478
04102
04465
01659
02391
05511
04557
01143
03692
01308
00889
00156
05147
03131
00550
00337
06517
02699
05580
05950
07429
03736
05512
02609
05947
03781
00916
01417
05774
08400
02224
06413
02991
01891
06880
07521
05824
04251
06856
05257
00378
02950
08655
05435
07416
05364
00445
05180
00597
02584
05016
00960
01975
04526
00650
06720
04154
03927
04550
01964
08411
02975
05212
02244
05219
06643
06667
02648
00381
02231
08410
02121
03147
01537
01026
06396
01514
07794
06436
00282
04724
04533
03214
07926
06065
07437
08345
05705
05369
04376
04399
08312
00176
00489
07194
08037
07848
03167
07610
08649
00239
02232
04707
05726
08143
04905
02642
00696
05418
01289
03906
06714
05184
00037
05491
05326
07456
00767
04529
03535
04330
06323
06431
06120
05392
05766
05942
03289
04563
05843
00713
08450
04777
08889
01782
04388
07245
02634
07376
03729
05368
07953
07028
00056
05975
08090
02422
03746
05834
05440
02557
04476
01324
07846
00746
04684
00924
00075
03028
08599
03304
01107
02612
03565
03824
08622
03800
00257
06331
06551
04578
07780
06243
05107
06326
00917
02479
05633
01886
08440
06346
06879
02402
05640
06186
05647
02005
01263
04671
00999
08647
00337
08275
07706
02603
03084
07651
04659
00408
01430
04687
05689
04618
03882
05243
03126
04556
00581
06506
04262
06321
01718
02629
08651
03943
03520
05917
03679
02167
03895
08041
03250
05415
06199
08215
07370
02171
00825
07574
08153
06464
08693
02595
04424
01110
00189
02732
07862
05637
02171
03805
03861
02703
06402
04258
01643
01465
00983
01174
04214
00671
05519
06307
08060
00446
05762
05874
05529
08587
03286
08234
05026
05542
00094
03969
02724
07024
03258
07368
07984
04593
08084
04804
01082
04538
01482
00505
03508
01796
04946
03731
08215
04891
08647
06876
04714
06606
00874
04903
02616
04355
05601
03202
05429
00910
03696
03626
00664
08207
06870
06452
02535
01746
03631
01107
08760
03395
00336
05815
07408
01071
03321
05881
08020
01959
00391
07981
04103
04744
01678
02133
06414
06875
00716
08811
08307
07581
05552
05946
02278
07412
06567
00822
04575
03714
03609
07066
08448
02743
03070
08412
01758
04635
05531
02448
07335
03325
08335
01473
03239
08535
06166
06785
03825
01711
01517
01884
02398
00743
08661
06017
08804
01849
06815
05913
05676
00569
06077
08281
07442
03913
01018
06362
02674
04092
01916
08788
00377
07298
06219
04952
07823
05188
01207
04668
03251
06019
00707
08733
03333
04456
02912
07475
01418
08656
06720
04306
01159
03649
06416
01208
08257
04133
02542
08856
03489
03525
01637
00557
02377
03051
07267
03995
01873
03331
07117
01752
04185
01976
05413
05235
04252
04183
03481
00176
05234
03219
02208
01336
04795
01772
03034
06334
01547
01039
02061
07319
05290
06475
00278
02455
08189
04919
00119
02122
01164
01255
03735
02666
04463
06837
08381
07153
03652
04885
08671
06560
06406
07876
03534
07615
02816
00262
08257
08145
07094
01091
05239
01193
02045
03978
02854
07309
07555
06958
04812
01091
00533
00781
00814
05010
06137
01229
00930
06628
07123
08197
08854
08702
05828
08074
04081
02448
03675
07725
02040
08183
03575
00046
07267
01049
05855
01769
03002
07361
04976
04348
02620
03764
02874
06645
06753
02952
02750
04670
04736
07043
06739
03585
00027
02756
06025
07137
06355
07450
02098
06983
04413
00346
06946
08742
07587
01188
01778
00449
03593
03801
04592
08165
07136
03337
02826
05602
01897
04000
04435
04236
05187
07255
00012
02002
01317
07924
04532
00366
00207
03226
07639
02716
02196
08740
07510
07625
01758
05341
08696
05910
00520
03915
00615
04829
07516
03821
05729
08289
06933
02829
06164
01845
08886
02406
08121
03655
07821
06291
07032
02339
05248
07955
05318
01554
04830
02318
04865
07186
01824
05525
00237
06919
06950
06109
08320
06085
06768
06672
05627
01729
08894
04405
06325
07086
05383
05307
00954
05614
04175
02462
00564
07534
00772
02422
05030
01483
06167
06532
01849
03013
04481
01715
04847
01725
08020
05720
06292
04452
03193
02699
06913
01672
06311
05330
02141
05736
02073
00687
04711
02964
02674
04415
05205
03405
02382
08054
04074
07795
01538
08794
03255
01382
03625
08579
07240
03364
02925
02684
00283
02366
01177
02273
03626
01376
01193
08386
07025
00846
04664
00125
01576
05976
07455
00531
02319
01446
00390
08019
06453
08555
06036
03220
07230
08741
06016
08518
06399
04987
07974
07105
00017
05487
06997
01534
04527
06253
07475
05887
07482
07168
02780
00494
04010
01751
04397
04570
00717
03096
08588
04270
00956
03519
08764
03794
07472
05607
00410
08415
05297
07599
03463
01971
05513
04079
00354
07863
05966
08284
08206
06087
07625
07226
08145
02192
08196
03089
02424
06128
01753
06724
06560
06642
01841
01259
01194
06092
08043
07039
06523
08055
03005
08548
01931
08874
00653
04394
07786
04431
04281
07081
08569
05300
00017
08200
03611
03782
07367
05490
03366
06628
07065
01168
06786
06823
04015
00230
07620
07381
01616
04112
00747
01785
06559
04541
06842
01430
07967
06793
06559
05063
08427
08460
04469
03075
08000
05366
04198
06613
03585
07113
06804
06468
02714
06606
01090
08538
01762
05125
04279
06543
04839
00356
06358
07765
01895
07863
02469
01802
00108
07386
05227
08750
03137
02580
01718
03028
02868
04497
01542
04760
01000
00122
07045
05539
02812
05768
05916
02142
03775
01203
06302
01756
06371
02811
07076
05644
07353
00618
03740
03524
06263
03423
06384
05713
07790
01606
03227
01627
04627
02524
07852
05388
01159
02115
02926
00140
08194
00892
02100
03160
00361
04586
07718
00961
05958
01251
05405
06925
06374
03457
07910
08866
01182
08515
07068
08451
07178
03533
02305
04495
04929
01199
07322
06043
02891
08694
07182
00480
06794
07213
04730
08531
04632
02411
08238
06035
08018
04497
05093
05373
08217
05105
04507
03869
05251
03494
06177
03268
08289
02078
00959
02054
02624
01378
08753
05756
03511
07756
07815
01020
03794
06696
00802
01868
01149
07945
04452
08780
03816
06926
05609
08399
02807
01069
06404
07762
00139
01044
04817
06373
08408
04009
04957
02247
08206
00953
04889
08885
07023
02008
03825
03398
08091
02111
06152
08746
02450
04590
01676
06313
02443
05077
05395
03579
06307
04070
04705
08547
00178
04110
01378
05585
07957
00450
03737
06497
04300
04448
04346
06506
07167
08759
02813
02799
07640
01047
02688
04689
08705
02203
03907
08330
07057
03898
06332
08066
01777
02940
08017
02113
08079
00626
05287
07357
06819
03808
01868
04286
03978
05224
05865
02259
02248
02037
07530
05715
06955
01413
07402
06250
06474
04675
02048
06027
04844
07401
08440
00683
07853
00775
05541
04080
06871
01638
01719
04484
02799
03076
00732
02084
07368
06779
07856
01533
06213
02769
06901
08278
05382
04032
07486
00804
01659
02507
05940
03367
03969
05206
01228
05251
01611
05898
07332
01364
01883
07245
00388
06838
02707
06673
07697
03096
00053
05339
04776
03260
02514
06408
05050
07904
07450
06068
02221
07956
02358
06547
07283
01840
03192
08225
06626
01501
06748
03442
04043
08068
06340
05859
07181
03824
02110
05796
06094
08854
02754
03371
00038
06534
06315
03302
00440
03160
01431
01313
02613
06873
03162
02787
03940
03061
01257
00355
07652
02374
05859
05294
01925
00706
07513
08312
04561
04049
07560
00301
07060
00966
03555
03879
04788
01313
06445
03182
06628
05324
05568
06539
08871
02659
03800
00550
05156
07673
06771
02563
03016
00756
07225
02991
05923
01289
00329
08473
02518
01942
07278
05479
04431
03636
08052
02899
07996
04237
05619
05221
01721
00131
03383
06451
03367
03895
02530
01001
07238
00838
01283
01056
08071
01550
00640
03537
01533
05104
00579
00852
06403
08782
08351
07584
01426
00780
04265
08004
06248
03505
07489
04419
03155
06612
00038
01635
06094
03064
07990
03951
04510
00874
04573
03220
08486
06877
07366
08328
01921
02009
07992
04823
00448
07589
05331
03437
00261
02246
05309
06168
00298
00809
07448
04167
05275
05072
06034
06893
04902
03563
03212
01629
03686
05494
06569
05735
07508
02920
04706
05495
06950
07898
03464
00997
04549
05380
04754
00345
02205
05009
08525
02149
08732
02258
08443
03582
07585
06648
04858
03912
00681
04875
08630
00891
06643
00970
01698
00287
06688
01396
06269
08550
05090
04708
04430
05582
07194
06850
04153
04098
07633
00795
03237
03354
07276
05587
06126
08811
06352
08114
03824
01872
08589
01596
07094
07604
08400
04522
03654
03049
03700
03527
01706
04299
01033
06295
08616
05414
07039
06064
03159
07956
07994
07094
05153
07847
01136
08741
03353
05872
01125
00971
07298
01865
06604
06311
06107
02921
06806
02014
07687
00530
04226
05920
08369
06920
02716
03275
03128
05441
08300
05413
05216
05549
03736
01256
08544
08136
08566
08487
07257
07254
02111
02879
01185
06724
03924
08127
06794
01026
07212
01838
06429
04585
04240
04916
06718
06686
02771
00056
03155
03084
07181
01093
05413
08347
05978
08603
07875
00742
06677
01425
00577
00412
07971
00970
06541
05863
06159
05817
03077
06166
00603
04554
05690
01666
06581
02698
08830
01236
08393
03942
07576
04285
07658
07401
00916
00490
04497
03152
02158
07207
03024
06512
05969
02008
01317
08204
06597
04800
06811
06700
05194
06662
00486
04793
04773
08581
00712
00095
04404
03059
05251
08309
08229
06382
00127
01132
06068
00648
07496
03035
01161
03729
02369
04360
04314
03455
03624
02472
00663
07322
07134
05100
07069
05302
04619
07261
03473
06382
04659
03870
01844
05887
03496
00008
04128
02950
01184
00275
05634
04439
07971
02792
07136
06539
02699
02203
07563
08021
00156
05964
07925
03129
04543
04734
00160
02053
05634
02620
00299
06510
03993
01947
01710
07615
02665
01005
04398
02837
06473
05581
00032
06975
08184
05855
06342
03605
08898
05055
06772
03501
07050
02258
06156
08897
03365
03826
07893
04484
07352
07276
08466
00579
04710
07263
04855
06852
07641
03166
02251
00711
02975
00891
00993
06514
00068
08644
04864
03619
04477
06460
05385
05280
05761
08616
06044
01538
08866
00102
05399
04475
01929
04563
04424
00575
08166
04821
01990
03030
07053
04369
00926
07249
06456
03455
07101
05694
03242
08579
01110
06325
02518
08341
06847
06561
00918
05488
07980
07345
06529
05668
02978
02349
04412
05662
02643
07921
00088
00109
07576
04568
06336
07780
04653
04137
00813
06124
00240
07867
06059
02687
00692
00180
01272
05362
03761
01417
00849
07247
04741
07788
08321
08864
00899
05463
03629
03021
04244
00065
07654
07276
03939
05959
04475
08668
02430
05869
00474
07255
01791
04982
07078
03878
01161
00434
01911
08015
04347
02316
06549
02421
07111
04589
01988
06389
04497
06176
06821
01868
01643
04451
08747
06122
05477
04163
02313
01393
07010
07144
00496
03699
05645
00495
02377
00658
04711
07017
00447
00874
06826
05129
03427
02194
01390
01987
02405
07423
03220
02318
05164
05579
06420
03839
06963
03389
00133
04151
01691
05699
05645
04330
07869
02725
02231
01478
04732
02337
04332
06440
07152
06428
06756
05406
03558
04826
01266
06102
03096
03859
03721
05711
04645
07714
01622
03818
04474
07784
06400
08892
06804
01534
06926
02863
07670
08795
04691
03386
08652
08693
02501
08247
07934
03039
01147
00368
06795
06773
02958
01886
04069
05132
01146
01547
03357
04033
07983
05731
07872
04176
08552
01865
08445
06374
06603
01759
04168
05228
00579
02500
00500
01139
00453
07878
04185
00914
04335
05846
04441
08135
01775
07552
02112
05258
04482
08139
03319
04927
02413
06165
04765
03651
02111
01108
05846
02599
03074
05183
01329
07649
03602
02716
04441
04575
04098
02094
06869
03458
06274
08174
05932
00812
05501
00966
06657
00274
06118
06239
02408
01710
02340
08878
01965
07125
00285
01119
03678
02076
04975
03697
00331
06493
07789
05729
00987
04797
00518
01057
04930
01094
06598
02965
08494
04167
06736
08702
08248
03784
06651
00955
03751
04000
08138
04582
05080
00520
01984
01966
04585
02431
03784
00595
08620
04385
00811
07120
04789
05373
03558
03025
05552
08011
08883
08054
05685
05214
05468
07619
07441
05154
08698
01338
06405
06698
08413
02151
02695
07395
08870
03926
02836
03286
02719
02612
00078
03920
06752
08560
08047
06711
03357
04897
08580
04131
01899
08630
02917
00659
01408
04989
06900
02319
05327
08705
00773
01357
00946
06514
03092
03499
06834
04659
00207
00327
06110
08352
07727
01538
04960
07750
04019
01906
03505
01117
03948
08053
01408
05481
01103
03863
02653
02356
06921
06788
02676
01035
05180
00103
07717
01548
00984
00670
05193
00169
01361
07556
02755
03908
03961
00136
01988
08598
01474
05924
01344
06153
02869
02763
07733
08662
05366
03315
04843
06349
01664
02059
04979
04513
00165
07537
03558
07856
01123
06852
03025
08011
06159
02798
07650
04290
05699
01065
07050
05744
00178
06304
08015
06410
02071
03873
01002
02698
07623
01713
06578
04062
02645
06775
08023
06979
03745
00103
03216
05806
08474
00980
08884
02418
01468
01209
07977
04160
00012
07885
01553
00139
02551
07809
02530
01622
02459
03731
07592
07545
08421
08266
03057
07757
00856
07061
03120
01329
05192
01129
03569
01266
03111
01502
08834
04433
01613
03189
00178
06360
01346
04945
04106
04640
08708
06548
06637
03343
03415
02954
06006
06198
00881
07662
07077
07121
06678
05676
02759
02634
01529
06526
05835
02568
07239
00591
03009
06514
04105
05138
06110
00648
08344
04717
05971
00038
07530
03897
05675
00000
04380
03234
08848
07050
03971
07588
04926
08646
08189
01905
04823
07355
04644
00128
00479
03288
02479
00890
01323
04990
07769
02224
06841
03383
04965
07660
01255
00926
00164
03813
00813
04601
04211
03861
07326
00545
06910
08574
07748
02064
08746
05739
03284
05415
00774
00330
00336
05415
07821
07691
06631
00280
06976
07582
01303
01222
08171
03186
03014
01976
00803
03238
07823
03110
00086
04985
04025
03434
04763
01843
07943
07863
06273
00154
08662
06527
07851
07559
04212
06260
08814
06255
05885
05582
06423
04098
00615
06303
05945
07015
07373
01835
02298
03929
06809
05915
04431
02078
01328
03586
07677
06882
00510
00155
06583
01159
04774
06327
06814
04456
07009
03618
08211
07609
05018
04569
04809
02350
01995
04847
00583
04220
00547
05340
01798
00309
02795
01880
04376
05891
01615
00337
02296
07869
02034
00361
02978
04589
03071
04270
08300
02146
00720
07483
08678
06382
03993
00092
07959
08048
06089
04007
03665
02509
04580
02059
01815
06984
08872
04678
06319
08168
08787
05046
06862
06518
03979
05568
01655
01845
04141
05621
01236
04543
04368
03143
06057
06377
04998
03200
06504
03022
04997
08462
06395
07305
03136
07371
06584
05793
07885
04352
07426
07490
03827
06346
08456
05790
05197
01136
08091
06458
05093
04000
07467
08164
07139
08876
02503
06287
06262
04681
07797
00469
05777
06272
01437
06520
02212
00222
04229
00339
05334
05130
01927
04188
04663
07908
05273
03958
02063
03997
08472
04333
08394
00906
05780
02937
02023
08763
01783
07470
04736
07690
00390
03349
06827
02085
00347
03415
06283
06669
00487
05216
05943
08188
03128
07291
07464
05678
01486
08744
08030
04035
05460
02124
04660
04408
07420
01086
07457
08261
01367
03497
06028
02969
00398
07462
05941
02597
07469
08397
08597
08179
03590
01990
05687
02694
04967
05022
03328
04890
04690
03869
03150
01110
08093
07238
03827
01034
02694
02291
06553
03357
04909
03297
01350
00799
00130
08672
05216
08253
06271
00722
05395
02914
06133
06198
05387
03088
00403
08893
00061
04212
03590
05908
03707
01727
05785
03500
01288
04727
06623
05456
06347
00339
04835
01221
07543
07251
06541
01923
03875
05519
07989
08379
06251
01954
01072
05849
02467
04687
04071
00965
00254
04301
06965
05227
06729
08885
06862
00340
07562
04940
08634
02208
04786
02543
01204
06662
05781
02803
03359
03159
01177
00049
07823
02967
02888
00741
05517
07325
01411
06189
02109
08614
08284
07749
04181
05905
06723
08132
04930
06958
02121
06205
00852
02813
00063
03213
00748
01838
03015
02359
02301
07208
00697
08342
07781
04411
04123
00917
08021
05247
02607
02736
07516
00894
00826
05936
08378
05050
03510
03584
08088
08061
07754
08693
08113
06301
04114
07642
01222
06284
03630
00257
01627
02993
05220
08722
06727
08830
08850
07402
01134
07507
07974
00851
03488
06711
07340
05377
04157
02553
05046
05865
01483
06997
01991
06189
00991
05886
03947
02724
07636
08153
03084
01951
04660
02164
07470
06457
07281
03336
02564
03194
08864
00884
05937
02758
07660
05521
08806
07069
02930
00027
06411
07715
08105
02635
08511
01765
04669
03318
05546
05593
06137
07532
03340
01089
04345
05227
07058
07440
01471
00526
06657
06706
01682
07440
02528
02730
05346
02547
06301
06791
00132
04441
02552
00298
02805
04730
06103
02620
02321
07998
01550
00012
07289
00410
01946
01633
02757
01111
00398
04505
08838
01828
07913
00269
02989
01606
06827
06645
06549
03781
00208
00852
00159
03133
04115
08439
06575
04742
07029
00411
04484
08474
00844
07897
01552
01770
06527
04849
06509
03308
07200
04122
04288
07760
00417
05149
07793
05141
02145
06141
06617
00144
02387
06540
05980
03920
01626
05621
04706
01468
02515
06502
01725
07834
02808
06968
06290
07420
00034
07449
07313
03743
03301
00770
00646
04420
04828
01031
00024
08883
07696
01933
02122
05375
02303
06959
08359
06638
00366
02600
03132
05215
03276
02460
00540
04054
08250
00149
07403
05765
08427
08367
05075
02205
08421
02281
06021
01436
07655
02839
02881
03066
01402
02397
02980
01802
01927
06780
05439
08735
05286
00628
01472
01544
08293
05866
05814
02022
04349
05169
07419
01200
03634
05264
08214
07137
05663
05519
08615
08415
06096
02236
07946
01851
02484
08805
06239
04570
05559
05391
03185
01735
00116
04501
04450
06602
04416
01568
00151
07073
00698
00107
07414
02058
02500
04031
00000
02306
00580
06177
05977
05345
02233
04395
06847
02542
01945
05165
02883
05350
00751
02334
02636
01750
04718
02460
00770
02662
02416
04357
02314
07617
01841
05170
02052
02374
03440
05722
04813
07740
05536
05321
08732
07127
03193
02331
06585
02484
01347
05181
00220
06123
07420
05747
01929
02531
05641
07823
08016
00335
08161
00334
05148
07601
08770
00600
05397
01096
00002
04574
03994
03363
08731
00781
08426
02752
03617
04658
08596
00447
07752
08566
00054
05332
07437
01171
03667
01556
07509
08564
02044
00997
01864
01890
01504
03568
00465
06544
08789
06437
06531
05319
06691
06534
08277
05803
06217
03768
08524
00902
00099
07591
04637
01011
07593
05558
02282
06621
05063
03003
05705
06270
05222
07925
03960
05434
06087
03835
02129
03183
08696
07936
02226
01772
07599
00526
00849
01801
03019
03948
02362
02603
06862
07318
04310
05912
07690
04824
04575
01150
06888
07418
00758
03205
00246
00674
06445
08598
00028
05275
06443
00759
00538
05090
07567
04074
05622
03664
02957
05459
08646
08080
01047
01310
03566
05527
07738
01017
00207
01258
01589
03674
03283
07611
01612
06605
01112
01716
05996
00210
07308
06922
03651
04954
07624
03690
01682
04104
03502
03814
05819
05931
08069
05871
05464
06175
04667
03509
06906
05174
07281
04705
04379
05572
02879
08759
05651
05858
02108
08640
07651
06365
04171
00169
04197
02047
03164
04516
05032
01836
04368
06625
06187
02214
07791
02473
08091
08821
04180
07410
07410
02127
02604
00124
03730
08321
00477
07374
06595
07081
00258
04190
03036
08716
05620
05196
03228
07786
04507
03505
07376
03031
02730
05161
02995
01297
06838
01326
03115
01334
05054
06728
00242
04549
04797
07899
06200
05589
00705
05280
01727
04241
08103
00969
07923
04254
00283
07711
06937
02547
02489
08100
05010
02124
02468
01202
08597
06075
06513
07803
00817
07867
06908
05501
00006
02046
05714
01639
04863
06371
08854
00265
03681
00249
08121
02093
01658
06600
05133
08569
02240
08386
07911
02046
08107
06681
00865
07376
02310
06123
08251
05840
06475
02711
01571
00163
04885
02260
03928
01072
08738
04284
00808
07177
05139
04027
02381
08054
08467
05710
06086
04744
02193
01851
00727
02122
08450
00859
05906
03055
03134
01560
05526
07075
06700
00696
08774
00455
00685
02346
04952
07500
06698
03048
02768
01560
04365
08762
00447
07129
02425
03323
07865
05203
03268
05979
07914
02493
00023
01197
03498
04803
00109
02319
04957
08551
05160
06183
07550
03041
01364
00884
05636
04690
05441
04970
01194
07521
05793
03367
01964
05746
06753
02272
01522
02705
01300
03632
08509
06658
07362
04989
01726
00411
05978
06169
02272
04593
04408
01115
03038
00225
02058
06078
02322
07963
00029
06047
03441
03254
04201
04112
00026
02456
05233
06801
01502
08167
06090
01856
03654
06889
08252
03552
01714
00357
07175
07455
08659
03987
01043
01645
06795
08243
06845
02589
08684
05293
05246
05331
06289
03517
07730
06411
03502
04515
04407
05138
05437
01958
07434
01054
01135
02946
04672
05477
08225
05287
05850
08403
04749
06301
03921
05913
08201
04139
06279
07039
03255
00739
02454
05981
03804
00892
01896
07747
00041
06603
05571
08314
03038
01896
05932
02131
08318
06527
03462
03770
06079
00974
05155
00779
04208
00337
06046
01714
08239
07772
08497
04926
00652
07838
01643
07490
07971
07497
01499
07315
02753
07813
05079
02905
00546
01038
03172
00469
00929
05109
03574
08068
01093
04710
05956
03498
06923
06190
03339
04121
05909
07464
03763
04593
05842
01029
00424
07170
01141
05057
06978
07750
02208
07841
06481
03565
04096
04364
04981
07061
06075
06570
02489
07514
08299
03756
06955
03728
03106
07089
06291
00734
02512
04805
05157
03648
01648
05845
07250
02888
08035
08156
08503
00537
08348
04670
06816
04320
04449
01154
06416
05724
02815
03253
07526
01345
02228
07750
02281
01322
06529
00180
02510
02424
03284
01229
00350
05071
00680
02089
04391
04849
00712
07226
08512
03321
07359
00072
04601
00318
02648
03316
06661
08881
08187
01655
03066
03689
02332
06197
08230
06306
03476
06599
07405
00240
00128
01282
00708
03283
01553
03806
00145
02428
06797
04279
07554
01755
08455
08512
04854
02637
02178
01601
01323
07364
01950
08859
03719
03973
06460
00928
08102
07386
01295
02245
04926
04486
07012
03853
05297
03278
03286
02474
02044
01398
05217
00527
04752
00233
05842
04137
03445
08787
03067
08223
07072
02893
07663
03750
01111
02098
04376
02557
00265
08024
00390
08738
05288
05849
08865
07674
06913
07814
03141
01160
08826
06571
08354
07238
03640
06313
06322
05851
07462
04536
01469
02205
03498
02168
00720
05463
00949
03776
02183
08127
04250
01762
06382
07167
02372
02082
01383
03597
08270
07354
02829
03753
05653
01719
02900
08479
08568
04190
00689
04267
05331
05134
07311
06590
06694
01038
03008
05618
00854
02370
08446
06965
08186
04303
07557
08635
00016
07853
05681
04466
08038
03234
07066
01831
07204
01205
05944
04104
08465
04996
08710
07024
05406
05671
05103
00791
04008
06037
07399
08604
04561
04609
08852
06205
03201
06080
02128
05342
04843
05769
08364
05713
04266
04758
04755
06122
07812
03126
08134
01971
07438
05104
05592
07267
06274
00639
03065
03777
01239
03199
03988
05664
08438
01901
08638
08521
07266
03947
06887
03661
06913
04219
06331
08338
03250
06550
05550
02177
02795
04821
03689
01413
04477
01752
01413
08703
05231
00452
00638
03210
01041
07039
04525
00254
03193
08617
05595
02554
05223
00506
08866
01955
00774
05123
05615
00268
03926
03611
03950
02880
04139
06467
00093
04127
01240
08334
00844
02652
07990
08440
01486
05635
06448
04149
05005
04715
06811
08690
07744
08009
08874
06055
08802
07589
04183
03916
07343
07313
00958
06119
00691
00152
01596
01500
00627
03063
05140
08653
00365
01459
05346
01511
06236
00944
04897
02933
07580
00683
05659
00216
08288
05228
03180
03616
05689
03018
07779
01687
01132
02679
02769
01692
06545
01424
06392
03740
07475
05958
08069
01533
02879
07048
03527
02654
01873
03609
04807
00087
05642
05493
04277
01770
04280
02936
04576
02936
04812
02999
05915
02396
06214
04436
04796
08373
00432
04076
04033
06474
08484
04644
02487
02422
03692
04801
02966
07489
08316
06286
02636
01736
04387
06853
05697
06389
04783
04869
03260
07767
02244
01007
03157
00842
00688
07706
00999
01670
06092
00509
08018
02075
01347
00401
04713
05964
05655
06157
06477
04800
01393
05842
06318
01251
07719
00123
07840
07665
08678
02474
05534
01886
02671
03170
02135
05734
02662
06686
00389
02571
00897
04878
03383
00434
01431
01056
02012
07291
06632
04861
05435
08446
06054
01191
08674
08123
08122
06916
01641
00941
04917
07729
01755
01371
05019
05033
00008
05179
02005
07256
06060
05477
04051
05360
02709
03780
03329
08003
02132
03776
07015
04823
04245
01652
07272
00507
01096
08734
07600
02932
01144
07786
07587
05661
04035
02724
07714
08463
08133
08395
02352
05768
04006
03558
07522
02290
07835
03409
05420
05485
02813
07398
00368
04214
07453
00429
00162
04816
07659
07519
05985
00038
06994
01715
03760
00905
03510
02756
02418
04708
03857
00487
04420
00062
03012
07544
03394
00961
07549
02304
05733
01881
04318
03885
00231
04235
02777
02679
07897
08684
06309
04375
01778
03678
04538
06582
03745
05375
02443
02363
06889
03629
07748
00894
06969
01522
08054
07246
00176
01512
02936
07010
06683
03976
01589
05953
07980
07085
07104
00376
01416
00600
00360
03620
01985
01616
05516
03829
07946
00137
02671
01017
04525
06938
06602
04806
03426
08159
02911
07568
00114
03131
03746
00155
02659
02327
08604
08082
07211
04469
05211
03728
00529
04513
02305
00096
02863
04317
08880
06896
07354
00816
01066
06398
05780
05473
05708
04936
07712
03527
06052
01742
01069
02483
07933
00574
05832
05092
06320
06780
01640
01938
05812
03084
05608
00789
01999
08366
06136
05521
02331
06056
02154
03128
01728
07090
04496
04708
08460
02335
07170
03228
06566
05069
02201
07399
03693
05232
04063
06692
02180
00792
01856
06848
04526
07536
05582
08601
04924
02414
00084
02179
06848
08241
08721
06193
02685
07566
05796
00879
02549
02300
01705
01484
02710
03303
07295
03167
05640
00941
07784
05663
05038
01700
04097
05964
00905
04651
06046
08524
00470
08632
02812
08655
07035
05999
03460
04763
05132
03137
05451
02705
01692
06319
07316
06409
00839
00974
01077
04108
00228
03880
00582
07133
07496
05502
00636
08177
08014
06539
06661
04204
06554
04412
07862
00390
00957
03193
04862
07738
05346
06603
07135
03958
03039
05212
00056
08300
07267
07441
00408
06258
04656
06070
07893
08814
01275
05097
07193
01852
01092
03577
03739
01904
05052
08278
06432
06511
03380
06388
01492
07798
07443
02144
00991
08827
07325
08474
08416
01769
02876
04315
05353
00551
08325
04735
02018
02653
05295
04645
06988
00820
00219
02056
05371
04303
06959
07619
00928
06574
05887
08027
06425
00419
00055
01880
00543
04303
06398
04350
02045
05096
00396
05751
05846
06938
03510
06434
07037
06196
03871
04378
00830
05737
01591
05810
05110
06843
04993
05065
06127
08248
02259
03631
05202
04756
06297
00327
04366
08683
01291
05903
01050
08833
03591
06526
07332
01064
00523
08760
00845
00374
05389
00001
00757
02164
02417
08876
04523
02058
08324
04714
01518
04664
06342
05348
02358
04019
06006
06294
00946
08394
06411
06634
02816
03416
07275
06897
01592
04295
06100
02477
04587
06234
05787
01165
02254
00000
01892
01433
02466
03310
08005
00337
06651
06135
02854
00741
05014
07746
03422
02460
05314
08228
02490
00691
05026
04581
08662
04609
08244
00179
04294
01020
06718
07713
03974
03409
06818
01670
02236
00222
01017
07213
07244
00819
08828
02068
07846
00099
07362
02538
06345
04316
04198
03590
00032
00669
08829
05752
05209
00409
00102
03870
04007
01222
08562
03488
00241
02275
06247
08057
07214
08547
01433
01208
01124
04698
07535
04456
04363
08750
00253
05936
02823
04204
08714
05979
08194
06001
03685
00904
04744
05373
05777
05895
06806
02875
02401
03725
04974
04202
05747
03205
03869
04355
06929
04127
08894
08335
01178
00158
03871
06106
07431
08746
07819
00512
04974
03512
05451
02103
03333
01483
02587
01345
07356
05603
02380
01150
03232
01969
05351
02591
05144
01559
07429
06559
04654
00598
02079
04519
04208
03514
06717
01530
08069
07285
05174
05310
05986
03288
06939
06098
02837
08827
02741
01821
01877
06500
07199
01304
00054
04756
06337
03828
00164
07326
06898
03715
08115
07305
08064
04617
00292
06205
08465
04770
05987
01297
01176
01963
01250
03500
04643
08847
01386
01837
08208
02913
02910
04838
01654
01896
05089
00982
05832
08622
06985
07771
03901
04706
00389
04691
06320
02113
05032
06770
01268
01060
04152
00950
05641
08420
06174
00974
01605
06358
03688
07837
07042
04454
00513
05979
04685
04855
02085
03199
06596
00714
02485
07789
08261
00849
08027
05598
02733
06319
02631
06149
00653
07746
00088
08411
08684
06772
01022
07825
05344
04954
06066
08544
01384
02014
08765
03954
03361
03693
07719
01962
05880
02987
05374
07500
00542
06972
01899
00153
07721
07395
04400
04475
05052
08785
03221
01294
05483
05199
01678
07322
01273
05424
02489
04036
01413
04787
02602
01056
04044
05554
02714
00789
05945
05769
00130
07149
03581
01630
04485
04863
08426
07206
06009
06472
03842
03496
03836
06377
01352
07297
01406
01627
06334
04468
05160
07305
03138
00328
01451
00499
04941
03241
05419
01894
05887
06812
04248
03639
03364
05216
05366
02677
02976
05534
03745
01626
01089
07764
00323
08014
04208
08462
02355
07644
03994
01089
06856
03437
04224
07241
08694
07115
02401
06823
08846
02079
02582
08120
05208
05699
05606
06966
01130
05484
04781
08373
03600
08063
06539
06137
04726
00947
07422
04030
00287
05196
02993
06828
04236
04859
06517
02791
01718
05443
01358
06239
02426
05078
00597
02726
06857
04124
04916
04335
02952
00150
03035
04294
08314
03879
06924
02890
05289
00722
00000
06674
03527
00299
00563
07537
08137
00247
00349
02664
00079
03835
03251
00915
08311
05296
02093
03489
04201
07799
04280
06976
01404
06412
00071
04525
04667
06837
03146
03544
00658
00057
08780
06781
07043
06330
01793
02843
07082
08400
08430
07502
05741
06884
00948
01268
04162
05365
06207
05796
06263
06403
03912
07813
08899
05062
02269
00358
00447
02325
05655
01266
08660
02853
00039
01962
02656
05832
08414
00027
01700
03192
04926
07060
07740
05025
00001
00069
03615
03613
00188
05749
00815
02280
05039
05289
04489
04464
05797
07577
07750
05476
04038
08254
08369
05118
01708
05147
03816
02705
02391
05265
07290
01665
02634
01922
00592
02870
06955
06596
03745
05504
04531
02995
00649
08419
01590
01397
00801
04290
06378
04903
03580
02585
04992
07558
02321
06376
02025
00584
07876
06414
01170
07532
07037
02760
02834
03484
05781
01240
03829
06146
05553
05722
00398
06387
07144
04011
04623
05640
05168
01375
02933
02263
05881
08161
03836
06894
00477
06247
05024
07587
00365
07499
04541
07245
01061
03353
04738
01470
08871
01298
05356
05442
07506
00699
05339
03103
01982
05952
03169
03231
05945
04893
03842
06684
00797
02007
01822
08340
04496
02158
08250
01509
07153
01762
08811
05343
08321
08716
06565
07840
04070
03285
02798
08685
06937
08123
05340
01577
00758
07011
03040
02850
06973
03686
08545
05700
07284
04295
06270
01817
08583
01579
07415
07179
08206
05029
01373
07027
07029
08713
08472
02327
04950
05948
04721
03011
07669
03837
06993
03459
01904
08532
00377
07961
03743
07356
06698
02538
03762
07578
08680
07020
07114
04120
01459
05280
00282
00656
01406
07121
07826
05420
08799
07762
01683
04912
02588
01099
05931
00179
02788
07319
05972
03509
00195
01787
03884
03465
00768
00275
06315
07363
07017
03707
04636
04635
05289
01348
01543
06770
00866
01637
05592
05745
08422
02820
08077
08808
06612
06622
00298
04411
00459
04636
05026
06100
03586
05233
08107
06518
04556
01953
01943
01211
00892
06867
02130
02518
08346
02003
04967
08671
08397
05238
02678
00304
00480
05675
03421
00944
07388
00504
07799
06282
02763
00538
06062
05021
03143
01722
00093
08863
08886
05342
07398
07029
03046
08632
07263
05306
00498
07057
02396
01104
02648
06641
02645
01812
02855
08303
06197
04133
00572
01320
08357
03233
03424
02566
05781
03099
08816
02580
02461
02697
02366
08141
03521
00829
06882
00105
02151
04572
03633
00287
03061
01532
02705
08101
03040
05523
08421
06158
02230
01098
00600
05803
04329
03234
02790
02398
01077
06682
07935
06028
00236
06673
07643
05177
04278
04756
08768
08819
05360
04290
06559
05359
03433
07056
05867
00411
02447
03879
00195
04802
03228
06147
00793
07089
07423
04674
05020
01888
08847
01607
08100
03393
08070
02982
03411
01573
03734
03662
03972
00369
02403
01577
04455
07663
00406
00519
05451
02271
06580
08613
07164
01629
04992
00589
00910
07077
02650
04625
05635
02927
05811
07961
08201
03297
06430
03107
01656
00606
06234
08349
02718
06852
00799
03052
02242
06974
00287
07793
05847
05821
00532
02682
07070
05381
01216
00436
06835
06724
07070
04602
05831
06755
02985
08357
01352
01781
01100
04340
07278
07037
05712
01723
02079
05472
07969
06297
00548
04796
00147
01687
06978
01700
07394
04308
03151
00233
05674
05870
08712
05598
05020
08155
01268
03804
02146
03102
02364
03368
08869
08124
01883
00571
08065
03948
07334
08061
04540
02299
03333
01545
08312
05460
05932
01916
05996
02392
03156
04669
07080
05554
03366
05330
00272
03659
04834
05198
01324
03092
08062
02027
00813
04173
02349
05606
04558
01975
03136
00142
05981
00217
03772
02034
00861
06409
00746
02491
01142
06674
08513
08297
00891
02221
08412
08653
07933
02933
05412
01314
07852
08676
00900
01018
07507
00085
05522
02196
07777
08676
01355
03084
00563
08193
08642
02405
03626
05065
04139
06207
02777
06334
01013
05138
00936
00001
03262
01367
04992
07107
02479
06714
06879
01261
03988
06608
05748
05414
05984
03752
03988
07528
03357
04550
00440
06901
06319
05084
04139
02668
07183
07501
08756
01199
01961
05402
07933
00302
00617
00871
03676
00863
06271
05448
06203
03644
00238
06322
04711
02314
06751
07734
03629
01374
02617
02701
02956
08315
02627
04362
00840
03995
08750
06196
03580
08547
07838
05907
04780
07518
02260
02970
02621
07438
01464
01255
03413
04208
03684
08584
07697
03406
08537
04599
00050
01834
04744
05485
03524
07617
00302
08899
02277
07517
08353
03825
06185
07317
01809
02012
05148
06024
01419
06272
02161
06285
03673
08295
07202
08025
01928
06065
08773
06266
02004
04037
03509
07829
07745
07309
06976
03260
03495
02867
06970
01063
04155
05700
06226
03188
04829
01001
04028
03021
02194
06576
04953
03350
03928
04388
07680
00668
05505
02343
02108
06514
03325
07162
03644
01462
06168
00906
01495
05428
06055
01966
05203
00856
06084
07480
07383
01505
01481
05054
08294
03479
01110
06779
06156
04922
03311
08071
02569
00452
03024
08667
04797
01314
08288
06793
05510
00618
02417
05780
02957
05105
02198
07704
03552
04408
04321
00514
07997
05073
01180
02428
05020
02826
01622
02060
08872
02424
03910
02462
05555
02210
06167
04016
04337
07485
02209
08274
04898
06964
05605
02686
05067
00839
02140
01678
08085
06504
08712
08306
05240
06886
00311
05897
06004
08884
03990
03685
02441
00750
01159
05311
01596
07801
05980
00884
05723
05301
01227
02117
04062
04417
01023
03265
07845
08249
02744
04567
06026
06267
06496
06343
01567
03397
06602
04159
01649
04860
01627
07043
05216
04879
05368
07989
03911
05894
02175
03895
01724
02736
05535
04102
05177
02620
06743
03345
07002
06457
07412
01251
00827
08770
03226
06334
01535
08010
05332
02345
01859
04079
06208
00741
07872
04579
01402
02704
08859
03620
06754
08254
06003
06652
03261
07265
00451
01725
00509
00933
07535
05094
01938
00370
07972
03748
06068
03795
05819
02361
00287
06535
03881
00111
06885
04801
00702
07569
04405
07088
00070
03379
04007
08621
07725
00639
01249
04947
04183
05793
02090
05858
08795
01823
06314
07152
03861
07190
01293
04209
06192
05222
00141
08385
01921
02608
03938
04648
01254
03686
02913
03341
07043
07247
06029
01420
04382
03239
01606
08255
06667
05595
04517
02736
04879
06309
03358
05866
08867
07875
04989
05145
01753
04604
06483
08267
07406
04121
05876
04901
02147
08771
03318
01044
04701
02134
05920
08382
06413
00278
05666
07781
02034
06436
07607
05178
00994
08093
07268
00806
01516
01059
07432
05675
00011
08225
04272
07266
03048
01386
06458
03218
01029
06822
02611
06579
05482
04753
05845
01656
00967
03773
04091
05789
03848
02278
07902
07281
04249
00101
00118
08214
03405
00739
01259
08602
04573
04316
07554
06424
07591
02892
04532
01932
02417
06304
05697
00528
05609
05342
01459
07922
00723
02016
02342
01775
06441
04528
00944
06861
06367
02338
03930
05001
05830
01218
08409
04979
01148
05416
08531
03463
06535
02650
02839
07346
07379
05529
07320
05922
03866
00536
02438
05359
07873
06655
01982
08559
04457
05788
06084
07025
08421
04840
00976
07583
02420
07212
03971
02181
00179
01338
02344
03954
02448
08068
06081
02818
02538
03637
08703
01621
06145
03396
03639
01316
01086
05377
03885
02774
01464
07910
03595
01966
08143
07015
02170
01460
06401
08698
03335
05442
05119
06879
02737
05693
06058
01811
04956
02845
07387
07964
03588
04741
02898
08141
07508
00949
08418
07028
03097
01354
03146
01866
03255
07212
03507
06555
08170
03548
07639
02891
01019
03219
05120
03549
00662
05696
08873
04170
05860
01066
04261
07642
02141
00115
00917
06836
01912
00701
02112
02183
07299
06525
08463
03229
06258
00250
03400
01027
07449
07476
05216
01132
05934
08271
06413
00845
07850
07092
06249
00874
02051
05286
05769
04194
06687
05849
07570
07932
02224
04345
03949
07257
06763
04630
08267
05567
05252
06897
06224
06637
00351
08010
00973
02064
03129
08260
05362
05951
01910
06783
00074
02446
00135
03717
04146
05718
03906
00117
03240
02609
00002
01780
06228
04364
05412
06897
05422
03423
07815
04697
03835
05224
08620
04660
05335
02680
05727
00459
03808
00663
04274
06107
04752
03867
06016
05214
05401
02296
04101
01842
08110
07780
05268
01435
05402
05814
03388
01135
02000
04853
05989
04061
08295
07067
06035
06217
06001
00887
06636
07192
03375
04968
01710
00567
05147
06276
06296
04266
04301
05770
01690
01068
07021
06136
05233
04978
08894
01868
01505
02878
00038
00273
07921
08742
08685
08243
01485
08001
04242
04901
03612
08178
06470
05228
00905
03155
08740
02233
07277
07469
08331
05570
04895
00639
02378
04713
07722
02677
05917
05474
03412
02320
08790
02657
01152
04655
02683
07737
03426
04912
03032
02683
05884
06614
04413
02918
06497
03207
00681
02355
03490
02775
07050
07665
00344
03328
01109
07344
01785
02719
05771
06952
06909
08260
06413
00714
06408
03169
05857
01631
07618
01235
04297
06968
07330
08547
04990
06381
03228
02387
06523
06233
07215
02511
01235
02075
01587
00309
00278
00737
08525
05641
04759
03530
05247
07329
00011
07998
06255
05944
06038
07194
04089
00937
05159
08637
08085
03446
07186
06779
05867
02316
06138
03919
04153
03429
00298
06288
08675
08064
07533
01918
04602
01902
00657
08112
06207
00530
02817
06672
01545
07612
02227
02258
07594
05533
04029
02073
07026
03111
02856
04062
01673
00773
02459
07826
08323
02727
01298
00912
06431
07032
02242
00446
06949
05483
00966
03958
03193
00492
03673
00221
07668
04228
08795
06807
06538
03041
05910
03520
06143
01677
00365
06335
03652
07877
07312
08610
03917
03983
04051
00659
07068
08057
07226
07946
01021
04564
00526
02240
06913
03816
02304
04592
01570
08525
03955
06012
07545
03696
01744
02635
08367
06470
06620
04438
03342
05382
05034
07881
07783
07137
03050
07929
05930
05951
07615
05076
00918
02580
06096
07261
04071
03279
05847
06833
05094
07898
07846
08271
02095
08066
05866
01109
03738
06787
04370
04575
07696
03908
06618
04770
02754
01626
04887
02869
03208
00678
01714
00592
01660
07625
03600
03499
04298
07107
06504
05301
08172
04516
03605
02647
04759
04868
06904
05159
07005
07291
05290
07774
02194
06953
07786
04434
08669
06810
08513
02937
02779
06206
01447
06148
00516
03508
03595
03516
02551
05526
00569
01471
08417
06547
06807
07551
03646
07236
03490
08140
01023
06528
00654
07011
06943
01654
03920
03527
00929
07805
07181
04983
02944
08412
04387
04135
02869
05320
06305
01045
07386
08579
03716
00212
00956
03387
05329
02944
08408
05652
04160
01612
06912
01811
06322
06190
02237
05704
08278
06289
05944
00906
03970
02141
06356
07815
06280
06582
04535
06907
07369
07083
01763
07170
02779
08071
06705
00499
08379
03567
06633
08159
05269
05144
03228
04919
00771
04342
03654
05086
08210
05522
03444
03926
02805
06141
00462
06807
02960
02003
08635
01085
06864
03872
08713
04428
06768
08765
08593
01183
01764
00538
07429
08049
04299
06951
05800
06921
08392
04113
05151
04760
06230
04581
07884
08713
04893
03724
08605
04480
03401
01470
01848
04092
02985
01177
06054
08531
04293
07145
01243
05885
08728
04050
03027
05890
02721
07938
00699
05309
02734
00613
07703
08410
07252
06875
05037
03690
03235
07482
05796
04278
07157
07042
03474
00502
02245
01762
06348
08777
06985
05647
07307
00279
02448
01355
01472
07858
00711
04228
04409
01654
05761
01992
05452
00000
06979
07414
07297
01618
07122
07103
04976
01593
02794
06767
07237
03536
03959
03254
01068
00193
08735
01336
07853
06358
02724
01869
06896
08170
08861
01677
07215
00237
07052
02496
05176
02090
08242
06222
04846
02180
03363
00635
02413
07722
01910
00521
05750
04053
04412
02559
03365
03895
01081
06119
06810
00341
03883
04560
03063
05776
03851
06390
05535
04630
04220
04094
00624
05109
03127
07453
00884
07162
07369
06250
05550
08824
01543
04097
04444
07058
04879
02964
01233
08747
04722
05768
03949
06637
02958
07952
04760
00602
02626
03670
07440
00320
06620
00666
04004
03687
01569
04062
05973
06566
02645
03904
00097
02358
08867
08075
06287
00659
06597
08644
01110
06661
01549
08752
05202
01626
06032
03020
05660
01683
03592
00066
06843
00976
02729
05236
06583
00898
00736
07070
07971
02392
00442
03060
02208
02434
07737
04458
06416
00031
04590
05757
04461
02601
04764
08127
05289
03347
04229
05838
08223
06167
00574
05009
03042
00650
07470
06824
07267
07457
03751
06779
04037
04313
01277
02284
07324
07668
03404
01046
08081
04347
00141
03081
04334
06868
06182
00287
06943
01097
07755
05732
05161
07062
04056
02435
00480
02345
08039
01598
07570
03532
04944
01677
04847
05045
07106
07298
01520
07462
01150
03244
04237
