05385
05042
05456
06828
03565
06103
00106
06633
01903
00401
00393
05441
06107
07824
01292
03169
05303
07201
04403
05096
05625
01972
02340
06048
04490
00066
06095
00372
06857
02845
05433
02039
00328
06812
06217
03856
02653
04723
00995
07969
07964
00811
04971
03513
06605
04078
03213
07112
05614
05041
05207
07085
06576
02835
07150
08067
05091
02587
00711
00727
00139
00987
05966
02811
00885
07343
02446
01196
02511
07357
03713
02749
03165
00599
02809
03451
07581
04332
07160
01166
01434
07764
02889
02225
06573
00106
01880
07330
00281
03211
00069
02754
03441
01249
07448
02860
03440
00456
00201
04929
02433
02430
07980
00511
07049
05345
04260
03099
03319
06752
03966
00346
01690
03203
00075
06552
05706
02089
03674
07056
01233
05681
05285
05784
03692
07757
08079
06780
00311
00978
02140
02063
01933
07896
02476
05139
00369
00655
04166
01761
07759
06408
02290
05076
01735
07653
01018
05938
01950
01264
07367
01670
04906
01259
02962
03610
02671
02253
00597
02461
04091
03346
05429
05658
01630
03896
05130
05859
07213
00742
05200
07012
03825
01754
06724
00696
00125
05963
07547
07495
03517
00719
02703
05131
05709
00341
06474
01316
05534
01251
00377
05750
05979
01835
05025
03109
07024
00735
02354
00389
05452
04673
00754
02830
07210
07304
06957
05771
05972
05301
04612
04614
02479
04102
07414
06083
05946
02940
01935
07986
05137
07398
02400
03004
07969
00330
01172
01658
03015
03403
04187
00420
06983
04369
02204
00197
07437
00240
05040
07464
02055
05390
05590
00640
07068
07853
05909
01306
04032
01028
02719
06491
04536
03941
04096
02781
00678
06270
01686
05371
07752
00042
06489
05460
02770
04037
06450
06990
01089
00204
06122
06499
01798
04974
03633
01873
03857
05020
08052
04584
07876
07452
07724
02848
04963
00326
02109
02091
04934
01952
01551
03332
04041
04390
01697
03066
07256
07810
03276
04428
04072
07179
05242
03881
06847
07759
03524
04941
03916
03539
07526
06822
07818
04249
01311
03117
01051
04004
05785
01602
04296
06847
02419
00163
07864
01681
08018
03229
02526
05163
06061
01725
00125
05673
07481
04481
03276
04862
05177
02035
03195
03950
03591
00139
06061
00534
00248
00986
06331
07362
06935
06224
07153
01868
07882
06598
00724
07766
02396
02493
02116
00986
04295
04719
00985
04197
04674
01951
04741
04349
04839
04885
06589
06237
00344
04896
07742
04303
04687
02751
06522
07242
06260
07859
06840
05366
04959
02047
05193
07384
07072
06995
06941
04935
02228
02931
07386
03341
02685
00720
06204
03800
07653
01505
01174
06496
00552
00167
01145
05542
01644
02263
02342
07635
06174
01106
00983
03514
04436
04007
01535
06673
05001
03974
04966
01191
06714
03213
07810
03692
03239
05118
02259
02926
07861
04587
06322
01975
06383
07034
07865
07388
04183
07399
01319
06373
05665
06441
06055
02028
03079
07717
07738
02768
04320
05398
04703
01990
06459
03428
05591
04142
07923
07172
04143
01740
05653
05357
07106
02142
00450
02421
00155
04352
00852
04379
04471
04028
08064
02317
05587
07179
03705
02800
00159
02380
05572
05583
02131
03583
07304
01017
05855
07107
06677
01695
06471
06365
01242
04333
05152
04546
01156
05962
04626
01483
01002
01455
05327
00279
07107
06509
06513
00627
02179
05407
00048
05535
06590
00350
07759
06826
00209
04380
05509
05022
06126
05680
07276
05206
03361
06341
02862
00065
05714
06063
06328
01352
03619
07906
04488
03928
02095
05605
06878
02462
05947
01351
00763
04872
07872
02646
02015
05396
01930
06781
03778
06157
07986
02704
01073
02362
06872
07339
07875
07688
04851
00271
01691
00581
00709
05314
07205
06074
01451
03886
03341
05553
03314
02392
02079
07815
00929
04835
01454
00209
06183
04040
05688
03743
03016
05018
02468
00182
06036
04743
05375
05064
02740
03370
06287
04326
01406
05025
03106
02353
02231
06431
05223
01670
01668
00397
00128
00404
04710
00178
06173
00212
06424
05136
02048
07184
01604
05723
06839
03582
05269
04123
06274
01975
04788
00765
06413
01184
02064
07796
04847
02173
00072
01056
00260
07501
05869
01724
07994
01335
05014
03657
07427
02254
04092
01051
05171
02928
07530
03102
05330
00345
01758
06873
04524
08055
06567
02191
05189
04166
05924
03034
00560
01922
02397
04681
01804
02693
06348
03515
01538
00427
03226
02402
00502
06994
04929
02963
07396
05263
03527
00055
03262
03691
01525
02838
07298
02706
06370
02228
03919
02973
04434
07381
02717
06428
00171
04699
05226
03499
05039
06711
07806
00490
01980
05665
03092
03717
02226
01200
03463
05382
07611
00250
07827
01473
07337
04694
03614
04777
02632
07269
00982
06633
04118
02715
02691
07364
01685
01189
05550
03382
02949
06856
02196
06871
03955
04176
01485
01830
02910
05196
03564
07823
08061
03204
06489
03587
06129
01725
04366
01725
01865
03156
01431
03529
04464
03605
04993
02736
02064
05455
03682
04647
01801
03473
04899
07542
07300
00681
06554
02950
03546
06265
03871
05219
04585
01635
05307
05116
01719
07978
04053
02756
00814
07023
04621
07245
07164
01354
01151
01709
06703
05725
04576
02649
03204
01368
07387
02087
07642
02527
07151
00392
07159
00576
06521
07482
06655
00514
03342
00096
04977
03506
06819
00136
02883
06646
03086
07614
01209
01076
03517
06247
07162
07124
02001
05265
05215
03647
05536
06563
04350
03899
03460
01253
07175
01281
05640
06748
07893
03966
00070
03660
05036
00377
07137
06336
00754
01199
00407
04568
04645
06253
04051
05866
05906
03395
01228
07019
02520
07851
00955
05508
07223
05552
06100
06612
01083
08080
05630
07946
07188
05673
06758
07384
00176
03779
04397
02895
05870
04444
06935
05434
02178
01138
07161
07987
04138
07167
02542
02013
03700
04915
01174
01799
08005
03438
07344
00066
01063
03905
06022
07234
01394
00746
07847
05739
03181
00696
01005
07171
00580
01032
05428
06765
07262
07159
03252
06952
01534
03398
07015
01598
00027
01993
07259
01068
08025
06733
02631
06311
04442
01683
05404
02665
01922
00621
07756
01338
03623
02127
00971
02659
07586
01872
07875
06484
07447
06624
02670
03846
07135
03878
00770
03808
08041
01047
02285
02251
04026
06010
04950
07702
04710
04823
06332
07407
02157
03098
03934
02824
04826
03029
03661
05482
04999
03011
02315
06124
04286
05704
06281
02933
00413
05154
02016
00411
07902
03314
04220
02232
02817
06759
01205
01691
05862
06129
07443
06557
07270
03886
07845
06578
02094
00886
03594
06038
07356
00601
00941
00336
03315
03677
07584
00186
03710
02463
06101
01069
05726
01938
05740
02064
03749
02955
07215
03399
03402
01184
03647
01597
04205
02252
02841
01995
03687
01822
00595
02822
00356
02966
00965
06633
02455
02768
06903
06139
06657
07839
02440
03447
02808
04018
01741
06997
02382
02771
00441
01154
03085
02214
07402
05545
02167
01121
03661
06636
04240
06888
05354
00982
01520
02086
03251
04414
07407
06736
06514
05142
00407
02728
04878
06763
06762
03884
01524
07876
05025
07537
06499
00491
07856
06629
04691
06715
05175
02279
07698
07465
01403
02629
07276
05854
00947
03974
05970
02320
05982
02880
05658
00073
06650
06634
06110
07761
06842
00970
05095
02398
02201
00804
05697
03919
00020
00530
03978
05749
08066
03596
07455
07936
02402
01641
02002
01505
02621
02733
02870
03759
07903
03143
05341
05106
03834
05895
00702
01624
02769
06345
00632
06833
02599
04044
03002
01621
04935
08000
04143
07065
07031
03064
00541
01932
01934
04400
04507
04193
04595
04408
04165
06570
07594
02314
08009
04443
05533
04533
04596
00741
04836
02264
03510
02323
05194
05306
04050
04298
07766
00169
05782
06593
00735
00229
07704
07947
06684
02518
04935
00145
00725
00606
03789
03621
04354
03945
01161
01354
03714
01555
04984
07323
05501
07789
05101
06318
02466
03560
03767
06949
07917
04499
04820
05355
00413
04457
01843
03821
03314
02406
07742
06321
04293
04563
05231
05425
05757
03872
00101
04865
04346
03778
00323
00799
07829
03778
00629
07704
02324
01457
00447
05907
01428
05499
03108
00589
04173
06703
00975
03731
00941
04885
02392
05861
05629
00499
01362
06450
02345
03966
00265
08014
07919
06613
05649
04108
04660
06992
06250
02231
06679
01902
06322
07595
06939
06165
01337
01178
05116
05179
00812
01309
03421
07207
03710
01489
04761
02542
00119
06387
06087
07789
03338
01960
07397
00728
00234
04311
00966
04575
07385
07109
03176
01117
05066
06458
03881
03345
02381
02409
05693
03102
05957
03882
06982
07080
03566
03317
06915
07197
01710
04972
00888
00951
03554
02406
05974
00363
03009
03711
07159
01694
03581
06808
06686
03257
05517
07299
01332
05418
02031
00248
06108
05703
06555
03199
04655
01259
03806
01457
02958
04703
00382
04635
00362
02948
01271
07126
06233
04870
02771
02277
00674
07019
03374
04546
06181
01114
02387
01595
00347
07877
01748
04890
00498
05526
02410
04403
04874
06425
01073
03170
00227
06513
08076
08049
05558
01954
08048
02739
02347
07214
02495
06749
02301
02284
06832
04513
03346
02688
04270
03413
02945
02654
01242
07815
03851
05411
00405
04615
05790
02195
02199
02134
04912
00517
00415
07256
02596
00571
04089
01269
03478
02034
08003
04981
01290
03062
03899
00039
00613
03620
00084
05366
02139
06133
01959
04286
01153
03991
04705
02450
04978
00710
05688
03154
00201
06405
00461
07180
02503
02256
07226
01980
01978
01643
03208
07012
03315
06421
07015
07439
06564
02413
05949
03274
02410
06906
02505
03757
00182
03677
03550
03201
00815
02961
02649
04826
01413
04145
04872
01748
04025
04941
04087
01195
06178
04055
05349
06236
02114
04480
02337
08061
05893
01016
03907
02180
04020
06720
06522
01599
01430
02918
01515
00799
06478
04690
06544
05706
03220
03563
01708
07177
01169
07686
08005
07864
01798
06376
04572
07846
07716
04352
07595
00820
00412
04679
04639
02917
01582
07480
05765
03540
03860
05388
01241
00493
00921
03974
00175
07471
04315
04261
00275
06350
01822
06327
02938
02878
06319
01614
00170
03221
05913
03589
00495
04970
06516
01084
00508
02956
07712
07358
01467
05804
03248
03813
01772
04114
01333
07249
07137
04087
04161
06046
07802
01508
01474
06703
06508
02809
02836
02639
01710
04949
04166
07963
05896
07810
03745
02003
03088
01641
06386
02738
00442
05731
02519
00000
03599
04195
04218
05139
06606
07943
01750
02818
05996
05343
02943
06131
07930
03605
02293
02989
00221
07587
02200
04754
00850
00332
07820
07058
04960
04445
02280
00275
07367
05053
04556
04526
04479
04939
05444
05912
05002
01808
01387
07230
05087
00694
01862
04103
03772
07482
05015
00755
01475
00947
05998
07757
02257
02324
01656
07735
00164
04828
07373
04398
03519
02614
02352
07833
04496
02975
05335
05867
00582
06668
05816
05641
04568
04201
01967
03990
04810
00132
04993
07917
03016
00232
03959
01569
04238
02830
00497
03585
06891
02073
06123
00263
01141
00030
03242
02411
03905
04535
01618
01689
05700
03041
00107
01087
00039
03365
00154
01470
02537
07043
01320
04816
07447
03655
02119
05186
07015
02934
05352
04528
07062
07841
05704
05802
07829
04357
06430
06708
02127
00406
04371
06470
00966
02565
01955
02209
00023
04658
00879
03445
00351
06015
03307
02567
00752
06931
01801
06564
07914
06300
02985
01305
07628
03679
01030
05291
05291
06279
03489
02958
07258
06700
02868
02466
06306
01922
00901
04997
04353
03643
04874
07852
05478
00793
01179
00010
06841
06977
03451
00763
03334
03188
05098
06567
03099
01120
06627
07237
01127
02832
03506
00263
06229
04150
00023
02824
02926
02018
01467
00033
00620
03892
02371
01311
03025
05515
06431
04018
06908
00228
00963
03346
00971
02974
04946
01330
01012
01123
04296
01997
02874
03280
03758
03474
03661
03936
01202
01913
01030
01075
06356
04405
03197
04970
01426
04749
04168
04590
01063
05117
05382
04101
02198
07910
02517
03982
06062
06758
04334
02953
01678
02675
06290
00068
03772
02568
05229
08025
07910
04765
06028
06455
05821
04711
06028
06813
01506
01183
00031
02522
08092
03825
05738
05196
07593
00871
04168
06196
00292
00056
03175
08062
07599
01483
06729
02850
03876
05995
02850
04938
05348
03360
07477
02656
03305
07761
00281
00916
04189
03113
05891
01563
05129
00862
00285
05616
02834
07941
06105
03860
06827
01747
07448
07601
01388
01284
03926
01187
04631
07965
04124
00198
07914
01633
04734
02841
04737
06434
07523
03224
05601
07631
07058
00038
02286
03666
04439
01053
01214
08083
07379
06230
00288
03515
03764
02430
05800
02563
07113
08056
02393
05794
03883
07838
06013
08078
00646
00837
00052
03099
06119
07484
07232
03049
03122
06517
03648
00883
00203
06380
03381
01594
03213
05346
02574
05177
07488
01130
05569
07872
02694
04639
05976
03800
00466
01145
05744
05705
00568
05678
07574
03355
04288
04137
05404
00470
02534
04313
01927
07769
07686
03901
07302
02898
02589
04357
05050
01060
06100
03985
06986
07543
07258
03429
00386
02009
00694
03668
02229
04475
01711
01435
00776
00054
04379
01138
01730
02948
07174
03719
05029
01110
05036
02371
04915
03243
06266
02433
00811
01076
01260
07478
05430
00084
02687
01963
04543
02252
03762
00758
00299
05351
05004
01180
05737
07576
03884
05552
02806
05137
06506
04061
01157
05604
07808
06562
02207
07861
03085
07907
00717
07294
02431
04869
03295
03946
04675
05259
04646
04633
07239
01480
02761
02707
07196
04016
08086
03910
01134
00986
02392
02969
03750
04013
06416
01862
07399
02871
02689
01591
00540
03380
02529
05452
03262
05811
07747
05774
06773
01691
06911
01181
01089
05137
06001
05193
07840
04197
07342
03450
01794
07297
05052
07986
00970
07265
06920
05624
03104
06894
07211
05170
05357
06926
00038
00076
07260
07928
06996
03316
01145
01929
06911
06919
01536
05234
00101
06398
01586
02050
04249
07751
05664
01985
04361
04338
06607
01551
01141
07095
07113
03002
05003
05758
06939
05282
05017
07294
04294
03703
02304
06572
00911
03543
04381
04583
02063
01814
04691
03290
03120
02659
05444
05986
07000
06396
06661
00090
07480
01377
03553
00482
03952
05600
03830
08055
04470
02341
03861
06236
01476
07145
02376
06014
02495
06487
05525
07290
05758
01698
04009
00928
01165
05244
07166
04729
03997
02697
01275
04454
01193
06873
06291
02725
05841
07827
04849
06716
03958
02949
04034
02048
05873
01821
01528
01329
01714
06395
05452
02915
03179
01726
05724
06726
02833
02585
04876
06223
00503
07074
05126
07210
02650
05593
02828
02504
05334
01872
02842
03914
04303
00096
01485
07441
00354
05940
02300
02794
01011
06357
01149
01766
06720
04949
07140
02874
07117
07562
03737
01236
06788
03568
06227
07569
04131
02367
04090
05208
00560
02606
01058
01885
02377
04236
04994
02243
01863
05581
01572
06613
07641
01955
01329
07471
06210
03164
05157
07061
04855
04187
03861
05608
01138
06290
00307
03721
02128
04474
07273
07176
05330
07674
05364
03133
06877
01099
02243
05895
05519
03969
01371
00589
03794
05532
08035
02059
06848
08054
05199
05519
00029
04744
07641
02060
04921
05560
03760
03968
00034
08017
05148
07732
03770
06491
04622
01354
01365
00699
07126
03892
01511
01219
06015
03480
02781
06763
01212
05141
05571
01615
05614
00199
01829
06117
00369
02611
00059
01935
06847
04106
02143
05506
00235
01033
07773
01610
07359
05787
02579
03722
01175
07930
07411
04508
06919
07152
01791
07418
00871
00417
07723
03004
00253
00178
04117
00546
06095
02070
02930
06155
01952
04673
07813
03192
05298
05769
05835
04087
06423
03137
01182
02411
05829
04942
02714
07208
00870
00490
02970
01980
06636
05703
07991
02049
02582
07160
02532
05599
07397
03063
05530
01935
00151
07011
02487
02383
03122
05339
01507
05733
02481
06140
01262
05129
01772
06427
01777
03530
02533
02410
02432
06693
01232
06196
05092
02557
00403
07533
00463
05785
00159
06044
03713
04816
01880
00146
06113
05779
04539
06796
03026
00884
07110
03684
03064
02786
02401
02341
07220
04002
00309
04511
04611
01065
05998
02407
00398
04721
02474
01033
05072
03482
04372
08045
04533
06869
02970
05463
07040
01903
05956
02246
05819
01185
02511
00120
06002
08061
04683
06176
02518
07997
03624
03843
00933
06823
03943
05884
02532
01656
06629
03023
05157
06351
02904
01348
01726
02803
06935
06369
02902
06425
01089
02424
05183
06236
01774
00714
03450
05570
02574
00581
07816
05943
07743
02000
07301
05497
00842
07352
07275
03535
02093
00912
00780
00016
02836
04211
06741
07693
05810
04095
05985
05728
05127
02034
04382
03740
05532
00192
03963
04220
02339
07039
00741
01379
04486
04703
05111
01010
05555
07038
06731
00546
00074
02604
02555
05034
06555
02865
06394
01276
02658
01524
07228
07912
05505
03692
04783
07521
07545
01983
05249
05593
06773
01934
04271
01914
00033
06987
03884
05918
01587
06778
04663
07531
06964
07223
05853
02723
01125
04094
00849
01500
06184
06337
04451
06689
03571
03411
02600
07556
00429
01058
02680
07636
04881
01727
00100
07263
07280
07726
02862
02629
03341
02588
04932
05957
01527
04077
03410
01448
02679
04115
01157
02379
06289
02198
07434
00627
00066
05370
07626
01453
02476
00007
00684
03377
02818
06160
01432
00130
06786
06682
05351
04387
05485
05285
01545
02026
00423
01201
04795
00146
05748
00215
07915
05704
00655
04530
08005
04682
07761
01778
05328
00203
07698
07456
02449
07388
03657
03275
07508
04997
02773
01576
03446
01136
03288
00856
00988
02810
00731
03220
02154
07751
00205
06258
04103
06609
01815
02335
01892
00198
00753
01229
04180
05999
07034
06398
00032
02825
06057
04024
05152
02473
07743
04636
07871
07692
01254
03145
01179
04306
07733
07070
07093
01849
01521
05649
06024
02178
04605
06883
04972
00703
03845
06493
00051
01340
05218
00593
04496
03780
00426
03065
05960
03681
05142
01921
07242
05900
06174
06325
07730
07818
07032
04274
03435
03534
03841
07434
02915
07536
06997
05667
07344
08042
03178
01765
06092
00779
00956
03024
07105
01793
03201
04580
01911
08038
02704
00017
02759
07838
01384
03839
04290
04757
03191
07714
05592
02332
04076
01311
02647
06867
03506
02007
05347
05913
06519
03822
04220
00555
01734
04700
00831
02840
02525
03112
00670
03127
00046
07862
00711
06923
06185
07883
01755
01419
02715
02872
00888
04957
08058
05192
00109
06650
05602
00342
06352
02133
03324
04155
02607
00509
05010
06001
01194
00161
00826
06670
07156
05410
00824
03197
04492
03467
03532
03749
08097
06086
06373
00025
01035
04023
00876
06115
01541
04546
06372
04354
01092
00994
00490
03320
05656
04885
06405
01059
06990
05632
05209
01669
00258
06331
00451
04781
04872
04754
05109
02374
06703
00399
04035
02341
06953
07729
03093
07850
06959
00246
02047
05281
02972
04128
01452
06693
02900
00218
03671
05942
00852
05329
00338
05721
05164
04327
04188
06656
00698
05389
04353
05525
02674
07760
06710
07039
07767
00206
02990
03768
01474
04515
05385
03823
00225
03192
03274
07607
01519
02220
02812
04925
05570
02020
07839
01482
03386
01453
04070
04052
00646
00330
06139
01314
01181
04749
04174
02997
06612
01812
07154
04262
07459
01096
08056
03030
03881
03596
00813
05329
04880
00824
02320
05370
07142
00058
04695
05473
03203
01382
05472
07398
00184
07122
06680
08042
07194
00921
04311
00873
07652
02834
04045
05099
04893
07022
06793
01829
01042
05653
05389
05335
03776
05550
01783
00575
03999
06305
01043
06776
03496
05418
03874
00098
02905
04866
02487
07116
06866
07225
07692
07536
07683
04779
07888
00747
06677
04320
04384
02591
07971
02576
04193
02277
01843
05769
04341
07836
04897
01850
05293
01754
03056
07872
03179
05972
01875
02340
04772
03296
01228
03692
00071
02685
07653
06441
06966
01898
03199
02991
00449
00129
06732
00687
05565
06028
07552
07997
05021
07855
06189
05665
02381
00384
06580
04121
00957
07287
02280
06674
03856
05878
05798
04811
07167
08050
06478
03887
00884
03773
00546
01222
03192
06947
01401
02336
04789
04831
03688
05823
02781
07474
05913
00203
01077
03576
00228
07660
02050
06860
00599
04750
05418
05595
01753
03210
06907
00329
04667
03577
04953
06754
05963
06518
04089
00212
01867
05929
06370
02926
04427
03031
02507
01766
05775
01622
03276
07801
04795
04397
07211
07623
06548
01070
07587
03594
03912
02920
04713
00791
00883
06363
02297
02468
01182
04138
02404
07273
00616
04152
02776
02846
04816
06848
03241
05223
05957
00524
03895
05999
07882
02502
01253
04584
03351
04552
03814
02663
01280
03317
07199
01988
05881
05149
05405
06628
01634
00175
01745
08063
02698
04323
03101
06554
07752
04035
00657
02577
05565
04803
01868
04699
06609
06364
06322
02098
01916
07530
01564
06555
00753
07374
03554
03311
03331
02503
04076
00636
06409
03305
07847
07439
06628
05436
05016
02226
05610
05767
01608
03671
02394
00608
07271
04935
04167
02041
04631
07119
01412
03250
05936
01768
03090
02811
02246
00618
05993
07521
00059
00407
04696
04727
08040
03416
02522
01417
04974
00734
02424
04537
03790
05779
04489
04776
05911
00998
07137
03505
07776
04173
06325
00658
05514
07684
01592
01031
08059
03155
05561
02035
08077
05629
04594
04625
07094
02281
01708
00248
03397
02143
01356
07412
06211
07351
06084
04973
02604
02145
06495
06612
05617
01512
05085
01236
04151
07403
02139
03370
07937
04091
04284
07037
06850
03358
01981
07964
01246
05045
02495
01024
05541
06284
06882
04609
05071
06132
02112
01501
06642
03806
05908
05888
06121
02294
00611
01982
04298
07179
05151
00293
03392
04117
07519
03039
01303
07947
04153
07560
05524
00293
04689
06552
07221
07033
00907
01771
01630
06197
05118
06619
01363
04576
02933
01044
01294
07429
04435
07031
04411
06426
03355
05276
02184
04923
01861
07349
05375
05963
01100
02292
00032
04801
06332
05078
01069
04359
03403
04767
06200
02795
08085
07830
02172
07571
06786
06582
04854
05259
01286
05635
07147
02656
04803
07702
00332
07071
04138
01735
04951
03783
00164
06677
04986
00168
02587
04741
00509
07097
02222
04397
03984
04431
05841
06180
00943
02315
02454
05550
07903
07554
06302
03377
03138
02179
02277
01952
01858
07138
02258
05357
05866
06481
03801
05942
06358
07864
07346
03225
06814
04967
02375
06800
00520
04899
00866
00228
01475
02341
05610
06141
02251
01450
00069
05079
07062
03965
01875
04385
00536
00796
05409
05183
04865
04743
01588
06760
07192
05119
00077
06126
08072
07229
06207
01988
01718
02743
06424
03065
06057
04616
02006
04467
04816
00397
02869
01268
06042
00897
07637
02726
06948
01821
00307
01818
06138
03925
04061
05634
08052
02466
02156
03267
02234
03988
07265
00838
05095
00989
05248
05013
06540
06693
05585
01051
06888
02929
05004
06620
06379
03327
03565
02658
07684
05328
00597
07936
05868
03429
07264
02337
05298
02692
03536
05386
05484
01231
06174
07730
01048
01139
04753
00683
06508
04926
07640
03493
06472
05879
07945
04767
05279
07600
04061
06890
07337
05358
06314
05758
06144
05589
00668
02360
08061
05963
02227
07366
03687
01814
01714
00863
05595
05838
07306
03295
04450
05365
07195
06938
03992
03399
07104
01237
04749
02063
00025
01257
05123
00267
03885
02928
00445
06720
00458
03164
02226
00653
02903
00731
02086
01474
01425
05133
01889
02610
06673
05408
02398
08078
02857
07774
02072
03465
05514
04050
05102
07688
06775
06980
02674
03867
05796
04855
04684
07106
02142
03380
05474
04435
05339
06809
05365
07697
01794
07206
04834
00307
02801
05832
00406
04215
00027
00692
03631
00808
04997
06142
04225
02747
03056
00718
05242
05345
01655
04993
05131
04632
01571
06925
08075
01441
00039
02776
07933
06282
06713
05115
07626
04596
00211
07782
00840
03150
06952
01417
00399
04818
08039
04761
02291
06141
02287
04072
01319
01811
02144
02984
01037
00245
07186
01467
06294
04583
03843
07544
03129
02962
01864
04366
06888
03182
08057
00210
01976
07078
05106
05196
07803
03113
02699
03479
07615
03277
00154
03930
03081
04919
02412
04782
03087
07889
01174
07245
07559
07928
00964
07377
03662
05567
03313
06307
00302
00385
06593
02496
03485
06591
06143
07378
04726
01309
04281
02576
00425
01751
04370
06779
02455
02642
05476
02513
07608
05845
03249
01039
02722
08001
05472
02927
05055
07875
07353
04249
02111
06761
05873
00664
03247
06190
04191
05874
06738
00536
02129
02900
02546
01944
02043
05939
07227
00955
03551
06203
06061
02387
07892
04610
03743
07786
06993
02234
01829
03101
00359
01257
04278
02705
03587
01186
08051
04490
05083
04925
01673
02000
03139
06735
03237
04299
05112
01223
01399
03464
01125
03630
03225
06441
00930
05778
05418
07651
05914
03071
00847
06638
03104
05755
07672
03367
02194
02082
07304
06379
01591
05302
04968
05006
07712
05301
01595
06428
06094
06423
01261
04603
00042
04912
04324
03703
00453
00462
01419
04279
02695
07804
05393
00664
02380
05825
06998
03889
01099
07168
03143
03525
05323
07998
05731
04174
02490
02223
00767
04499
01780
04462
02839
02785
02026
06115
02751
02767
00878
00979
03301
05912
03796
05314
07060
00330
07714
07890
05254
05212
02144
00712
00003
00021
02330
05824
02706
03404
03963
07963
03322
07745
01620
03777
01226
02354
06622
07741
00521
01179
05156
05840
06050
02908
03458
07721
04527
01840
06579
02392
04705
00199
01186
05670
06540
06378
03401
00681
07893
04743
05450
05430
08034
07113
03839
06879
06126
03549
02272
01840
04026
01266
06173
03153
02644
03220
04391
01014
06390
07075
05663
03035
02607
00828
02162
04127
00563
04689
07887
06193
01892
04361
05879
00416
03278
00619
01840
02765
04691
00028
01418
01351
06931
05609
03142
04344
05880
07523
06225
04643
05186
02994
02029
07944
04948
07961
03039
02097
04047
00692
08061
05655
02167
05460
04138
02774
05875
02164
07397
05590
04125
07433
02927
03117
02052
04055
02142
01150
05347
07755
02466
00973
02271
01857
01382
07527
02372
04515
00717
02057
04685
01889
01195
02659
02034
00345
05932
04262
04915
05294
06935
07875
03904
03329
04099
02784
02136
04700
07591
01014
02007
07242
02924
00541
05436
04897
06182
01355
02675
07622
07308
03423
02712
01559
06688
07282
00812
05843
02771
07162
04182
00324
04497
01263
06191
04487
04806
03067
07087
04268
07974
04482
03245
06605
05471
00461
00933
06520
02800
06052
02120
00389
06372
06952
07560
07851
00349
02084
07995
05624
03437
00956
05023
04095
02341
07939
04472
03389
00489
06098
00909
01920
00110
01758
04409
02148
00289
05215
00990
02968
02541
00839
02753
00650
04614
00498
05890
06811
04542
01588
04893
01566
07249
00893
01214
02861
05432
01934
03349
06665
06714
04701
00327
07150
01104
02919
01171
00558
02459
04373
03480
05553
06793
06804
04944
02207
07264
00310
03957
00413
04379
03011
01803
00878
03431
02754
01352
01461
05077
03629
07392
05656
02775
02792
00513
07109
01108
05264
02042
05669
04162
02129
07331
02185
01743
02614
05438
04473
05452
01853
02402
01281
05119
04628
03582
01411
00919
03509
02524
05895
01174
00816
02183
06334
05051
02310
06430
04918
08057
00898
05436
00771
07297
03161
07433
00406
06292
01806
03568
06247
05209
06377
07416
00657
01634
00944
07408
06843
07813
02524
01082
02815
07620
00446
04163
01514
07262
00065
02254
03227
03368
02445
02651
07757
02636
07331
07809
06047
06807
07479
00780
06351
03127
06632
00103
00923
07614
05534
01142
01628
00238
03310
00283
06562
01150
06687
01392
01434
04432
03724
03398
06683
06809
06236
02109
00566
00471
00741
01612
04473
06330
00042
07871
07895
05194
05808
02000
04614
02385
05103
00428
00339
05388
06466
02879
05451
02205
07628
03134
00988
00153
05571
07113
02502
04735
00479
01588
05848
01234
01617
02336
02902
06139
01246
00409
04640
00379
04731
06138
01183
02747
01462
03849
01616
06969
07730
06132
01915
06053
01221
05669
03865
06454
07878
03943
08028
02699
04015
01930
05777
04961
04882
04365
06564
01558
06796
05974
04862
00152
04075
06278
07460
05434
08020
02567
01303
04244
05949
02072
04508
05969
04033
06141
01548
02665
01889
04169
00258
05217
04788
01141
03254
05781
07391
07374
04251
03308
07899
07914
02897
07995
03146
03075
03107
03364
07604
02661
01307
03865
07530
01387
07000
00294
00500
01518
04663
00296
05585
02594
05471
01420
01269
04662
04735
02484
04234
00479
07661
02669
04364
07224
03392
04699
02570
03585
02771
05677
05575
00202
04277
06865
04403
07396
02334
00436
03116
02183
04888
03106
01368
07463
01476
07001
00835
03385
04911
01152
00882
04136
07036
07781
01407
06314
04348
07912
06097
06877
04489
02031
05780
01904
00921
03330
02603
00011
00879
03538
07526
05806
06420
05375
01887
03635
04259
02656
00597
03778
03968
06080
03507
03979
02331
01999
04027
00470
01001
02218
02478
02190
02432
00956
04816
07665
07475
06830
06634
07941
00542
00973
07428
05585
03199
04799
05670
04190
03202
06272
07192
01933
06936
01220
03392
02113
01826
02708
05740
05150
05195
07253
04692
06825
00944
06460
04859
05762
01627
05343
00835
05653
05687
07729
02106
00818
04929
02503
07457
06437
04249
07746
03075
03693
06024
02933
01767
05412
07646
02759
01723
07424
00513
04174
07005
05789
02753
00345
03764
05848
02240
01615
03940
00268
08094
05117
06528
06895
07325
04489
03181
01940
06186
02062
05463
02364
03751
06585
06439
05747
03186
02193
06420
07941
03540
02703
02372
04007
02088
05477
04275
01113
03019
00337
07236
05533
03531
02046
07028
03825
06136
07667
02512
04817
03887
06499
05439
03968
00851
01386
01040
00975
00822
01578
04454
00701
02173
05026
01225
01574
07128
07512
04518
04682
01840
06297
02655
05236
05783
02048
05105
02676
06466
04048
05735
07010
07663
06542
05264
04603
00674
06187
07574
06327
00419
05166
00661
02845
03069
03418
06312
03118
03029
06175
02038
07067
07063
02296
02781
00110
03174
06866
03245
06960
07055
00380
07398
01955
04566
06879
03729
03623
06681
03888
06633
03327
00016
01800
07979
07058
00207
06867
01096
01820
04064
01898
00425
07851
05359
07844
04982
02198
01646
01177
04964
06925
06706
05347
03250
05579
07165
00993
02731
05409
05108
06665
00053
06640
00325
07857
06389
05287
06513
04233
04535
03627
06835
00161
04103
03384
06733
03767
07710
02797
07797
01785
04947
08027
06893
03817
02733
01918
02223
00797
06942
03814
04443
04134
01058
05182
04238
02852
01193
00863
00513
03457
02716
05379
03760
04343
00571
00097
07545
05396
05869
04338
06818
07417
01021
06690
00090
03491
07281
00993
05132
01522
00181
06796
02913
00299
04376
05499
08068
02994
04271
02302
03397
07841
00095
04493
02387
05525
00178
03045
04887
02671
05951
01545
04973
02354
00791
01785
00346
04799
04808
01555
06617
03173
07000
06324
03679
01785
00791
06049
03530
04175
04814
01507
00749
00039
02220
07137
05770
04846
02015
02766
05947
07868
01964
01699
03659
02439
04517
02070
05424
04715
05920
06852
00888
02114
03376
07138
01013
04747
00987
01912
07408
06674
05239
06540
00723
00274
01103
03165
02775
05972
00211
04694
03640
02095
06141
00799
04590
03034
05946
03935
04194
00258
04203
07053
00263
07353
03789
00309
05615
07976
02613
06959
07238
07508
05666
04099
02737
07754
06016
02275
01901
03160
00357
06226
07479
05617
02412
03858
06357
07304
03335
00598
07234
06700
01531
05046
04642
04669
01426
07315
00953
04938
07135
05178
03089
05673
03905
00873
01348
06215
05039
07127
05685
06253
04906
03222
06300
00888
06814
01091
03713
03052
03583
00093
02729
06586
02970
04346
07587
05687
05783
00019
06014
00525
07230
06074
06328
02344
04735
06251
00384
03474
02892
02564
03858
01081
02210
05402
07983
02718
02595
06514
06560
06216
04694
00269
06939
00538
02330
05437
04332
04826
05822
00552
05823
00115
04750
02846
06896
02326
00226
02787
02001
02497
07260
06854
02204
05433
01912
02194
00923
02358
02468
02768
00477
03781
02214
00434
06015
04082
05126
07799
01972
00379
03672
06967
01020
02606
02772
07335
04939
07443
01802
02298
08014
07490
02297
03402
00355
05820
02624
03814
05617
00548
02299
03036
03856
07411
07388
03404
00030
04464
06233
04637
01196
00986
03759
07677
03192
05236
03386
01935
04327
01538
03860
04156
05324
04540
04784
01755
03744
02452
00399
07962
06025
06604
01165
07079
02261
08021
04295
03599
06697
07822
06505
05051
01491
06599
05663
06424
01933
06831
00861
05701
01707
02864
04268
03260
02507
06131
02161
03922
01697
05362
04393
00782
03447
06499
01475
07484
02749
01588
07252
03495
03221
01763
05825
00375
00645
03697
07556
04437
03161
04094
03306
02251
07264
03781
00877
03508
01967
03879
00521
05794
03525
03597
06769
00853
01255
05295
06567
07515
02835
03451
02042
02467
04585
07287
07281
04960
07082
02337
06820
05764
05837
06065
02639
01617
02849
03148
02943
04487
04512
01868
07702
00611
06265
07515
02303
05841
04360
02630
00930
04633
04984
00239
04078
06897
04508
01075
03868
05227
03515
03906
03146
05093
02813
00596
08014
03395
04174
04018
03899
01232
01101
00718
04777
04346
03763
05509
07816
05468
02691
03119
05881
04822
03982
02148
06015
07575
05241
03557
05632
00382
03358
00605
07904
02840
04084
01312
06721
03190
05219
05279
04913
05345
02107
06558
02523
05138
05862
01342
04716
07471
05820
06802
01378
05668
06719
03989
05815
04751
07789
05963
00804
04017
03306
06382
06866
01649
07804
05551
04818
04662
00860
01642
03416
02716
01598
05455
00726
07620
07278
07471
04410
00347
01887
05731
02299
01617
00479
02547
00702
06031
05332
00352
03904
02738
07908
07664
02177
01843
06811
03411
04339
06518
00562
07440
07049
00430
04438
02181
05639
02763
04084
03044
02891
04450
07172
01562
07938
07577
03776
02698
02341
04044
06497
02056
01892
02224
01462
00776
04580
06676
07726
00591
07014
02206
01332
03213
00455
01172
04610
06228
07971
01219
01370
07336
04030
04733
04482
02984
01677
02479
05000
03390
03228
00394
06141
06015
01004
08064
04019
01298
07168
05706
05096
03707
05777
05694
01347
02300
03299
07092
01055
02696
00812
05373
02187
01456
07492
05236
05662
04651
04619
02519
06818
04786
06354
07365
03649
00785
03972
06412
07891
01873
02101
05467
05527
03211
02250
05871
04234
07826
00132
03803
00677
01037
04700
05388
05392
01900
00020
05714
03384
06209
00655
06286
04514
03370
02467
06821
06763
01527
02912
02460
06918
03714
00066
03849
06393
01316
03380
04269
06789
07146
00979
03216
05176
07420
05485
03069
08083
07211
01983
06909
05019
03713
05143
02759
07301
07212
06120
03734
04951
05507
02340
01011
02357
00637
05620
04681
03251
02580
06626
02695
01184
07577
02087
07265
05336
02516
04173
06563
03747
00298
05900
05224
03461
05407
01454
00478
04670
05246
06377
04576
03211
03003
00620
03853
07411
05397
02898
07891
01973
06461
03274
01221
06663
05291
03025
02621
06196
00892
05407
01735
00184
03057
06712
00382
02104
04776
06948
00696
05109
07865
03621
04787
04181
03362
00536
06459
00537
07271
03512
01435
01334
03558
01679
07399
03335
01048
00861
04892
00437
02966
02446
07779
06850
00351
01951
04145
00077
02714
02268
04281
03659
02564
05141
00782
00562
07148
02129
04388
00897
07883
08088
02181
03628
03679
00297
05695
01755
07335
05274
04217
00027
06734
04088
04746
02470
04397
07740
06303
02312
00635
03248
04175
02082
06668
05996
03475
07954
02017
00285
07120
01485
07556
06751
01357
05365
05816
03407
07962
07044
02601
04912
07937
03898
05714
03448
00457
05687
07247
03195
06537
05524
04265
02695
00433
07484
06797
00559
06980
06780
04418
01081
03352
00093
05583
02584
02535
02282
07569
03891
05506
01844
02945
07832
00325
03134
07247
04285
01206
06562
03788
01977
00004
01943
04406
01101
03344
01537
07058
01161
00878
01086
06065
07465
02603
07907
05172
02124
00058
07907
03543
00532
00106
03489
05996
00314
04475
07738
04066
04457
03429
05657
01049
07258
02474
05535
04329
05506
03986
05099
06492
03335
05941
02078
04200
03406
04994
01057
07542
06078
08036
03887
01432
03662
00887
04383
00098
00981
01016
05147
07186
05511
05093
06554
03897
06213
07920
07889
08002
04350
07235
01056
06246
00668
05138
06041
06974
00030
06296
07762
05614
04028
05475
05635
03790
00961
05032
05332
03599
03442
01124
07597
00747
02171
00046
04161
06258
00826
06937
02180
02206
04133
00865
05695
01234
07037
07955
07383
01655
06326
07134
05754
07879
06302
04349
06043
05940
03641
07133
06942
05978
00576
05207
03923
01685
03521
00713
06376
00226
00767
07971
00522
01291
04107
05803
07945
05534
02402
06920
00963
00719
06139
02767
07454
04095
05409
04948
03187
02146
07802
01423
05456
00328
00099
01961
06311
07412
04757
01241
02957
06901
04977
03433
02517
00283
04928
01734
03464
00022
04397
03715
03359
04166
08067
00787
01001
02728
03540
00801
07319
00300
04776
07618
04834
07240
07373
04518
00935
06357
00746
05415
04751
06700
03583
02955
04258
04745
05480
03228
07986
02848
05321
05399
05701
04313
04463
04271
04603
07682
02984
08044
06262
07911
07859
04628
02889
05287
05039
04929
03196
07582
03778
03653
05230
07259
03918
04908
07597
06009
06279
06129
05519
05897
00968
01132
05701
06015
07348
00014
01041
01442
00885
05113
02813
04853
02515
06307
04832
03797
07756
06244
07206
03201
04980
05138
04363
00710
06521
06742
05125
06795
00581
07535
01381
07876
03822
05741
01109
05355
03596
04872
07777
04724
03610
04268
02912
03836
01532
03019
04791
06489
01353
02773
08000
05025
06200
01816
07933
03388
01693
04191
07404
07923
07482
04913
07026
06955
06385
06800
04643
05991
01709
03318
04937
01768
03427
01505
05931
03507
01427
01263
04847
06552
03685
06090
06571
02362
04662
07283
02108
00578
06673
07552
00844
05386
02618
07460
05177
00935
01210
07399
06709
05138
06418
03280
04981
00913
03174
05147
05514
00890
06778
03499
02034
03718
05818
04017
01068
05700
04571
05255
02664
01067
06891
00237
06082
06750
04793
00374
00655
00200
07791
01823
01557
07109
02938
00468
04007
04328
03696
03612
00632
06317
04950
00472
05843
05650
03048
05315
06400
04975
02241
05849
05086
04772
07723
02486
01669
06313
06988
01299
04926
00517
02784
00328
03803
06422
05691
06300
07953
03636
00331
06226
07018
07368
02183
07561
05867
01261
03464
03236
03254
04088
01193
05361
05237
00245
03526
00447
01943
02810
04117
01853
05128
00567
02340
03018
07901
03087
02259
08068
01198
01714
04411
03007
05980
02584
03442
02175
07983
05899
03285
02948
00117
02401
02847
04717
07466
02306
00387
03104
00210
06805
01333
01355
07993
05153
06284
03617
04769
03118
02856
01339
00643
06162
01439
03581
04918
00920
07109
02437
08028
05563
02548
05855
07976
00344
05355
05404
06147
00066
03831
02129
04327
02542
06681
01522
01503
06268
00739
00509
03640
06177
05241
06757
02591
00344
05660
04641
07911
00871
01613
04875
03066
04390
04769
01553
00448
06684
07425
06819
02658
04322
01462
02345
03934
02230
04827
02808
06588
01520
05354
06814
01746
05287
02890
02627
01982
01579
01153
00128
01812
05699
00731
01150
05031
03028
07347
03238
04801
00553
04618
00324
02950
06341
06755
00638
02230
05183
03716
03685
07043
07081
07872
06012
07819
01989
04814
05904
05648
02179
05163
06496
07313
07676
00285
07145
07349
03900
04802
06269
01682
01920
00672
03747
07512
05160
01127
03139
07261
05355
04593
02088
01960
02230
06562
03734
05802
07801
02435
00157
06526
04734
06842
04666
07350
04416
05460
07092
04599
03995
02500
00764
01868
07775
00264
02938
04154
07995
04425
00431
00645
03465
03440
06381
05672
02572
00775
02346
04309
07433
00252
04837
01562
04566
06936
00345
05214
05456
04813
00700
03113
03429
02166
01997
06088
05844
00059
05692
01854
06581
04269
07879
04055
04725
03355
04965
01638
00514
05284
06422
04998
02955
03677
06180
01911
02112
05260
03511
01575
03101
07262
07285
00076
06621
08078
00754
02155
06901
07711
06250
03088
07563
06184
02719
02107
04967
05716
04111
05382
02557
04181
01091
02545
06069
03858
02107
07354
01967
03080
05835
02999
06950
07109
05886
04159
00220
08052
05321
02636
00716
06086
01934
03562
06945
01822
07276
07580
00855
07205
02151
02849
05741
02457
00770
03280
02018
02203
05413
07965
04900
07984
03320
04479
03135
00849
00947
07994
05174
01407
01959
03870
05040
02590
03368
05354
01922
04826
05144
04811
00150
08017
01570
03898
07105
01416
06493
01969
07326
06524
05591
05155
06283
05001
07716
07610
03612
05449
03228
04189
03798
07832
08020
05808
00734
07524
00154
02279
07963
06797
03499
00469
00826
04167
07520
03153
03922
07035
01713
07670
05065
07705
00264
04796
07235
01619
01449
04138
05501
03379
01126
05797
06797
07810
04512
04295
01444
01889
01159
03974
03952
07991
06363
02639
04725
03649
06535
01766
06724
00578
07578
03424
04336
02898
06541
06440
00257
01105
02304
06733
06006
02962
01593
01545
06390
01114
01415
03187
07948
07316
01848
04361
04617
02058
01307
04012
01058
04381
03573
06422
02602
03412
03027
07174
06598
02255
05820
03568
05597
05143
05282
00692
06376
04265
06840
06093
07675
07504
00045
06011
05868
04748
07031
07574
01240
02589
03455
02750
00109
04653
01290
07252
01125
00858
07130
00175
01558
03264
00596
04771
05122
05019
06885
06595
04633
06414
07959
03550
04797
07290
05698
07185
07046
04315
01408
01272
01812
02934
02070
06643
03927
00660
06245
03348
03749
02207
06486
05762
05606
06793
03234
02170
06925
00106
07342
00086
07207
07456
07979
01206
03971
02311
05221
04807
03681
02975
07914
03148
02783
00129
03866
00573
03374
03346
07674
03638
02157
00275
02898
00684
01201
06830
02068
01263
00334
01366
01601
05408
01481
03683
00115
03380
06495
00561
03904
05918
07093
07274
07325
07701
07582
00703
02261
00556
05360
03383
04542
06007
02854
02864
05792
07637
00816
00175
01250
02568
07248
00891
06429
01546
02939
04266
04779
06837
07222
04292
01517
07277
02339
06123
06370
03723
06593
06496
06344
00678
06427
06594
04088
04462
02228
05251
05186
00152
06277
00689
06983
06197
07684
03368
07476
00044
07538
04847
06088
03423
07723
00765
07929
05558
04645
00122
04588
07930
00875
00643
06963
06121
03085
03329
01313
06879
03062
04211
05361
06899
02022
03134
03511
07248
07162
03386
02213
05786
04008
07833
05901
04805
04400
05528
07981
05819
03321
02130
06943
07839
01545
06220
08075
07702
06737
03187
03928
03879
01269
05201
03134
03028
01733
04731
04079
06515
07221
05441
05279
05263
05259
06204
01127
00983
00862
01580
07967
06781
01458
00257
05004
00785
06019
02732
06334
01461
01699
00216
04773
03505
02889
05280
08075
06492
06856
07701
01006
07445
00298
07923
03444
03752
02542
01376
00569
03177
03428
05974
00996
03592
05832
06970
06954
05448
07152
00879
02072
05986
03480
00384
04789
01773
05285
00586
06341
06459
05842
05074
00376
06662
05428
03575
04638
06502
07064
02777
03063
01264
04400
04917
01300
03340
05827
05357
02234
02969
07093
06028
07587
01756
05986
02279
03199
04363
08074
02947
01388
03580
00211
02191
07454
04151
07817
00079
00058
03774
01184
01771
00430
01039
02619
06273
04515
06448
07319
03266
07411
00918
03782
00728
02798
06924
01151
01661
02304
03460
05988
00532
06863
04328
01460
04261
05604
03447
05570
05443
03204
02127
06427
03206
08054
02339
07784
05552
00716
05837
01428
01797
06182
01093
02914
05302
01085
06298
05970
03398
02779
03659
06382
03129
04060
04679
04171
01110
06432
00634
00802
07284
07541
01367
00314
02994
05873
06846
02516
02479
05537
06659
01887
01318
05546
06550
04562
05595
01779
05582
05983
05574
02404
03561
06925
07105
04370
04849
00334
00008
01796
03313
02703
02378
03354
04560
01690
07583
00121
02774
02663
08053
06873
07634
01075
07385
05859
03887
01133
05322
06241
05160
02902
05709
02572
04136
05025
02488
07484
07754
01256
06605
04232
00414
02834
08000
04882
05108
02306
06557
04106
04466
02912
07447
03575
07982
05851
06842
07534
06066
05616
03880
02596
07023
06527
03452
01486
07726
04389
05563
05356
00457
08037
02271
03439
03027
02887
03038
08036
05343
02585
00316
00031
04611
06460
00028
04788
05342
07185
01061
07594
03594
06147
03032
07490
00420
02683
05097
03243
05318
03186
06462
06948
05432
04837
06240
00549
03600
00001
02249
06528
03627
04565
02641
01544
07216
03311
03786
02313
01551
03269
03270
02020
04096
06558
02315
06628
06487
06756
00817
06506
04596
07719
03592
03985
00333
03456
03086
01491
02671
00725
06665
03329
01302
06726
07694
02198
03517
06792
02725
01280
00945
02017
00841
04723
06627
02820
06652
06014
02928
03088
07980
01499
04769
06417
05142
08031
07868
04406
03535
03588
02050
04710
05073
01605
01393
03058
06352
07432
00870
04764
06018
01634
00319
06167
03770
01955
04591
01490
04948
07272
03806
05910
04706
01755
07544
00732
06095
01322
04579
01196
08097
03513
06808
06409
00530
03630
02924
05850
01915
05087
00600
04523
02508
03983
03283
07609
02353
07429
02864
07919
02931
02034
03187
04662
02884
06189
06349
03448
07231
07998
01180
03861
02819
00013
04834
08010
02391
03846
01639
06835
03716
03238
02522
05517
06704
05215
00491
05361
00410
05740
03339
07868
05684
07352
06609
03480
04324
03098
02061
06808
07096
03643
02604
05497
05125
00252
02799
05320
00801
03083
03549
06636
02437
03549
03476
02496
01190
01818
03596
04386
04366
07148
05142
02965
00275
01221
06340
01761
04803
00073
05543
01597
06091
04469
05451
03452
02078
07271
03267
07185
04971
05746
02375
06881
05336
02453
07874
07123
02389
06728
06118
03644
04263
05858
00592
05089
02477
02423
08050
01083
07226
07810
04975
02990
05303
06456
01189
02010
02520
02957
07290
05554
02130
02287
06229
03270
03031
01749
01865
04276
02466
07072
01576
07035
04826
00050
03090
07690
07922
05352
04801
03820
02743
03246
06549
04856
01778
05931
00029
02391
07938
04787
01189
04398
06569
00906
04427
02559
02291
05529
06320
00256
06796
05800
08008
07836
01396
07523
04422
02577
01257
00998
00395
02155
08060
06041
00458
05091
05848
00176
03385
01088
06104
06684
07310
04351
04593
01503
02289
01541
04045
06774
01327
06695
07287
07750
02936
07677
06375
02849
06967
02509
05899
01251
07946
06384
05355
02781
06341
07535
06314
03193
07107
06375
01398
05296
06580
07713
05230
03726
04634
02590
00323
06328
02407
05500
06688
02051
02965
04000
00340
06648
07669
01936
02003
07580
05630
01371
05270
00736
00982
07831
06263
01475
05455
05994
05104
04580
08032
03490
06591
02790
05011
06876
07543
05882
05687
01872
01571
03832
02147
00868
04016
02117
07793
07806
01914
00777
05369
05544
01863
02226
06466
08015
04748
01919
01551
02072
07233
04515
02324
04168
06744
00653
06160
00622
01768
01944
07351
07743
04655
05231
04361
05461
07565
07764
05758
04521
00927
05670
03765
02352
02504
04714
00331
00857
01501
01991
07909
07861
08067
03074
04991
06848
01126
04485
04169
05120
00697
03886
00895
05444
06529
04941
02568
00403
07097
03236
03716
02591
02055
05271
01403
02641
03420
07676
00383
01667
05209
08004
06402
00862
01297
01064
03429
06109
07729
06564
03865
01778
06604
06989
02064
05340
07636
07762
07488
06999
05322
05265
00687
07265
05137
00312
06219
05809
06306
01073
00350
02806
04584
06030
04606
07321
07315
06033
04270
02120
01376
03608
04997
03993
05887
07237
03529
05698
04321
02542
03473
02335
00406
05808
01444
03042
01138
04237
03409
00227
04296
00092
01202
01429
00228
03681
00429
00404
04954
05646
00679
06797
05911
06638
02445
06063
02224
02973
06854
06028
03636
04721
00331
00197
01291
04604
00374
06967
04693
01834
00052
06231
08045
06338
05725
02613
03298
00768
00618
03102
06484
01370
06103
03699
05839
00178
01737
06034
04582
02429
05424
03184
01308
01814
05245
05056
05379
05753
05861
04196
01739
05858
05413
00942
06236
01097
04983
00062
03876
00437
00703
06355
03758
00994
04935
04719
03224
02364
03077
06325
05249
03922
00674
05462
01125
01059
04628
04356
05693
01804
00149
00404
00191
03863
04420
03594
06171
03292
04950
07031
02326
07883
03614
00271
05460
01633
03029
07821
02889
05984
03688
01196
04908
04143
01152
05163
07120
06234
05776
03441
02972
05936
08071
05072
06818
07099
03517
02205
01205
03525
03544
04189
06263
05281
05836
02302
07754
05940
00691
00964
00627
06834
05623
07339
05973
03488
03738
04619
02476
05541
05917
07667
06222
07394
00042
06091
05948
06295
07439
06337
00534
02848
00248
02424
08056
00860
08044
02112
06440
06042
07813
07325
02997
00030
02926
03314
05299
02998
03281
03706
06538
01586
01850
06659
07790
01789
05139
02775
07624
04203
04568
00916
02566
06085
00654
03375
00292
05581
04920
00066
04295
03227
00221
01511
05016
00375
00569
06302
04362
02884
04608
01791
01594
05298
04433
03951
03136
00886
03748
00866
05954
01143
06710
05389
03257
08009
03999
01011
06188
00414
06546
04446
01141
05936
03737
07320
04055
05383
07187
02469
02550
05859
07327
05818
07647
05141
05556
04733
06887
03319
02523
02156
00348
03563
03342
06624
04267
03896
05358
03900
04239
06420
07587
05350
01399
00304
05500
05234
04031
00020
00346
04081
03363
02770
04583
02621
04674
00000
02120
05460
03197
01031
04784
00622
00843
02867
00603
00170
00384
00564
05139
00389
04978
07723
05254
07521
06442
05251
01642
06269
04124
06935
07852
03733
07345
02065
00186
06250
05878
00268
00348
05832
06321
07347
01221
06636
01141
07651
03135
02445
02180
06212
05386
00111
00685
06603
01537
03980
00056
04462
04376
07458
01081
02217
03686
00637
07680
06621
01751
07282
04807
04520
05202
07986
03351
07382
04936
02722
05614
06643
04220
07291
07075
02517
07824
01189
07023
02916
02538
03973
05810
03944
03141
01281
04438
04688
02451
00013
05524
05010
02807
01156
05591
02079
06332
00556
00075
05053
01940
03835
07813
07410
05327
04555
07173
03389
04268
03917
04408
05885
07166
04265
00361
00354
06669
00890
01528
06977
01377
00450
07717
06326
06264
02569
00467
01845
03827
05940
02141
06014
05237
06212
01675
06242
01448
06833
07226
01260
06734
02281
00153
00080
01033
02633
06971
01531
01689
03872
05223
05680
07438
04510
01187
00895
03913
07225
00050
01409
04658
04044
03689
01072
03620
04725
07011
04405
02394
04097
01918
05640
06655
03217
02058
07555
02963
00216
00930
01312
05663
00660
01394
06445
07691
05663
03922
07041
02362
06515
00233
07257
04763
03786
07951
00924
06944
01093
00642
02709
01687
03927
01301
02636
07730
06510
01318
02432
03847
06114
04816
04544
06317
08033
02873
01096
00963
05552
06546
01695
08031
05725
04919
05899
07628
01253
03707
05581
01317
00141
08083
07496
02149
05188
07383
04169
06563
06324
04113
07189
01622
03995
05775
03835
02291
05017
02661
07236
00068
00493
03652
02409
07965
06060
07606
02764
07762
04545
02561
03820
02775
05476
03207
06307
00745
06698
04460
00429
07974
07071
02156
01899
02028
05495
05937
04498
05487
05261
01702
07531
05268
07418
07846
00268
02355
03399
06574
04993
00561
03523
06233
06064
01659
04755
05410
00562
07831
01499
05433
04104
00280
01666
02027
07615
03561
01835
05240
04236
07391
07992
01711
00531
03964
00335
01197
03235
01485
00928
04712
04572
07129
05761
02807
01989
07484
03974
03963
00345
01882
01022
02480
06401
05212
04622
04581
07459
03437
02225
05463
01818
00190
01960
04293
07414
03888
01645
03545
05311
02492
04631
02963
05194
02525
