06877
07443
08177
06370
02727
00391
08338
06694
07065
07815
03292
00726
01450
02946
04994
01748
06708
04272
04293
06798
00076
03272
02385
03891
02163
02130
02951
01490
04293
02410
08278
05618
03694
02557
02467
02040
01468
06660
06343
01256
05456
04794
04887
06939
00862
07211
03007
05976
05620
04475
01656
00706
06504
01488
00617
06975
07497
05197
03337
02257
02520
07803
08066
06594
06031
05894
01745
06976
04863
07762
00330
01891
02200
05433
06633
06103
07329
00450
06515
07579
01207
02734
07627
08356
05186
05778
02496
04910
07187
05324
03699
01729
01706
03701
04071
08076
06485
00642
03601
04432
06002
07558
00863
01547
02533
04199
01285
06400
05893
00667
05698
03136
07712
00927
02305
08007
02063
04499
07132
03125
00997
03830
05994
07447
05457
07338
02793
01473
07858
01572
06007
07867
07482
06082
03866
07973
04699
04249
07392
08088
02446
06825
06160
02091
04723
07647
05887
02751
00163
02984
03583
07479
01409
07917
06114
04343
01055
02592
01644
03208
00652
01984
01542
05332
01979
04140
06543
00565
02671
06578
05165
04661
05506
00627
06737
02865
06517
06981
01753
01023
08130
03140
02463
03545
00349
04854
05182
02197
07785
04953
05188
06818
01766
05468
07699
04865
01000
03367
01554
00637
01908
03543
03697
00169
05523
02906
01978
07781
05145
01747
04082
06621
04319
05707
05230
02174
04796
05413
03987
02100
06898
06171
06502
03541
05637
05386
04482
06452
05671
05191
07655
06180
08030
01628
03727
04521
06470
03651
07149
04636
03155
04542
03343
05019
08351
02529
04450
02298
02562
07789
06340
07882
08016
06041
01444
06116
00332
02527
02677
07539
07066
00240
05458
05787
06161
07221
04380
02953
04559
00147
06207
01961
08167
05562
05907
06494
07158
02442
02637
03490
01620
05587
04661
03834
07765
02567
03571
06660
02543
05262
04179
00384
02630
06134
05799
05816
05858
05845
01228
01806
05266
01133
07844
07008
04410
04266
01938
07482
05560
02619
07925
05145
02965
06858
02795
07895
03958
05818
05127
08072
02226
01676
05230
07984
06350
06158
00219
01038
05492
08305
07506
00537
05203
03141
06145
03926
00607
02579
02850
01523
08217
06310
01661
03475
00105
02887
04522
01207
07463
01748
00581
02293
05482
05325
06218
03559
07816
01594
03872
01794
00763
00716
07858
06449
03893
00047
03576
05582
01050
05320
03284
00301
04764
07233
05720
00965
06036
02814
04517
01596
00140
02539
07919
01822
01418
05124
07148
07657
07478
06672
07675
00903
03148
07467
08001
06777
00301
00591
00494
00493
03168
06734
03630
01548
06390
00079
08172
03315
01659
04946
02529
05307
04600
07730
01562
04759
08262
03846
06552
00714
06093
01587
04800
07938
05786
07666
08243
05861
05295
05337
04712
07270
02644
01049
08100
02196
05979
04052
02076
07120
04721
04328
06945
03640
05168
03661
05467
05621
03010
03015
01329
07933
00977
03623
03555
01526
01577
05604
00427
05720
02430
01282
02552
06734
08234
00317
01530
03865
08047
06436
06716
00240
02954
06388
07434
00951
01208
00896
03252
03131
04371
03002
06187
02728
07381
03953
03593
02791
06878
02919
01949
01576
06480
05197
04115
01815
04054
07805
06562
01326
02149
06931
06303
01383
08379
02794
07920
02108
01220
05775
07882
02478
07836
05860
05259
04574
05790
05091
05428
06474
04923
04972
03726
07607
00343
01085
04654
04248
04653
05518
01955
00649
00786
01286
03051
07290
01271
01325
04982
07243
02488
00094
04706
07057
04017
03128
01749
03826
00529
01827
03833
04610
08070
05818
04354
03707
01384
03528
03899
03138
00946
07747
04991
07900
01514
01328
06339
03053
08082
06081
08240
03896
03895
01090
07390
02216
00951
02812
07788
02249
08304
07107
07421
05668
05523
02995
00860
00486
07702
01170
05968
06876
02953
08321
03146
05804
00769
00501
00939
03843
05568
02588
04611
04807
06758
04830
02740
05000
02753
00882
08245
03672
01295
06793
07218
04995
06868
02411
04385
00717
07911
00253
04079
02183
00791
03836
07593
02398
02843
06569
07831
06752
04886
06176
05266
07131
02169
03062
07495
03540
00915
01262
01603
04033
01684
02280
03486
06148
00687
06136
08340
01876
07709
04910
04014
06137
04110
06727
00416
07924
05611
07136
02091
03257
02343
02594
00130
01962
06436
04174
00314
05089
03489
06821
01099
05609
07185
00981
06723
03753
02391
08252
02410
03679
00813
07290
00704
06389
04452
07415
06770
04659
02230
00414
00251
07249
06855
02661
06855
07990
00218
02522
03091
02914
04416
00955
02816
05700
03019
06930
02055
07305
00976
06315
07142
06962
00875
03732
03144
06768
08285
02160
05427
01199
06880
07655
05643
03724
03723
00014
05236
02996
04144
05742
06949
00523
05987
01892
04247
05478
07766
01893
03212
04117
07151
00059
07197
00752
04971
07088
06876
08109
05371
04229
07448
03435
00061
00912
00319
06351
01958
04913
07838
03928
06811
06047
07123
08257
02910
00307
06611
01698
06789
05296
06072
07043
04391
05966
04162
02591
02560
07298
04831
02337
02260
00075
08117
00605
03664
04380
00939
05837
05516
05153
07016
04358
01228
08224
00131
01703
06454
05085
01993
00126
03278
07977
01390
00631
07308
00936
02538
07697
05583
01246
05460
06959
03515
01126
02461
03704
05022
05615
00995
04443
07361
01123
04918
05474
00298
07924
02712
06146
01886
02886
04317
08077
02595
07491
07425
03444
01491
00975
02345
01980
00220
00729
04321
08267
01461
06986
00037
06847
06347
06733
00011
08220
06410
05947
02702
05248
00487
04193
06310
08165
05706
02849
03778
04210
03769
06530
02167
08286
02431
00213
04882
02130
00683
02053
08041
01562
03605
01706
00944
06936
07147
05274
00616
02404
00010
02172
07345
00244
02328
04923
03088
05684
07966
08163
06572
06867
07380
05531
04915
07178
02500
02958
00825
06441
05680
02504
01152
03263
04111
01802
06259
06613
07858
05210
06396
02408
03957
03515
04534
02850
04961
04004
01628
05876
03791
04015
04560
03970
06935
00752
08248
03435
08070
04736
05075
03571
01854
02085
04842
07566
04823
06048
06497
06139
00499
04274
06620
01227
04496
07867
00174
00206
00518
07745
01853
06936
00560
03066
01922
03844
01943
00471
04940
02405
00746
08189
00532
06165
05850
00816
07627
04012
00882
04125
02943
08143
08307
05861
06844
07970
01949
08338
03696
06987
01995
06231
01639
04501
04725
07144
00421
05757
00680
05555
04034
04557
05907
02585
02031
01811
06808
05229
07207
01773
02467
05032
05456
03155
00998
01959
03105
02704
00946
03842
00366
02910
05043
00425
03374
06862
01731
02812
04861
07745
06398
02311
01806
02422
05653
01833
07752
05729
05372
02752
01762
06292
04974
00163
08361
02908
01168
03020
04557
03610
03619
05183
05356
06732
01235
01339
02166
02328
02396
05372
01856
06292
04733
08010
05716
05093
07636
00993
05141
03042
01337
01902
01856
05477
06551
05587
03533
01822
05973
08088
04630
07171
05090
04622
06671
04199
00575
05601
07875
02581
03974
00777
01055
04986
03944
07053
01735
00925
03397
07461
04903
05292
05316
03658
00181
06484
06387
05404
00145
07708
05992
05071
00622
08351
06549
06851
01322
03732
00938
08095
03689
00844
07717
00730
03952
04167
06324
07029
06349
01939
04795
03432
01060
05202
00321
01943
05189
00614
03061
05697
02905
06604
03262
03030
08202
03923
06960
00450
05010
02391
05658
01593
01068
06030
03068
01249
03463
07311
02309
00023
03497
07434
07931
06959
07280
07431
01044
00203
07636
04271
01681
07655
02888
06129
07611
07503
03919
00178
06149
06638
04763
08356
06385
04420
00736
06050
07454
02467
02471
06213
08335
06182
05999
05750
00279
05213
02463
01777
05537
04218
04806
01282
02092
06914
04930
03022
06051
02656
04495
07536
07082
06876
04232
02271
08164
01699
05849
06457
03314
01939
03173
04095
06694
02917
05939
05084
05157
00312
06755
07970
04139
05174
01839
03923
07369
06389
05708
07753
05977
04652
06944
05938
06130
05647
07933
04588
08007
06122
02843
04457
07865
07446
01045
07551
08205
04202
06617
07215
07336
01394
03635
03215
06807
01524
02899
06262
07180
07397
03722
06356
02578
02055
02916
00396
00609
05053
08208
08367
04445
01437
03771
03749
06521
05600
06857
07850
00633
01849
02901
04723
02725
04543
07393
01580
06345
00505
04646
02704
02249
02757
04431
02996
03890
01973
06625
08160
06412
07575
03522
05291
07883
04272
00619
06722
00693
00340
00824
05764
06590
04932
05164
06029
02063
04148
07457
08365
07333
00280
05389
07413
01861
06346
04432
08157
04621
00299
01146
01653
03878
03156
07081
00038
03221
03383
03856
03299
03873
02855
04084
07122
07280
04657
03216
03025
08394
02421
00872
04342
00910
03701
00010
06456
04579
05016
02832
06755
04566
06011
02834
03228
01779
08358
04601
04642
03487
00711
05374
01229
08034
07757
05809
04278
01202
00658
08070
06706
08266
04613
03689
05659
02153
05204
06194
07517
07975
00467
01892
03178
05011
06379
03039
03227
00871
07762
02277
03140
05341
03634
06394
06371
05035
08057
00436
02356
00281
03789
06946
02020
08292
05818
03337
02416
01258
02201
04202
01513
07238
07358
04735
02054
08086
00558
01172
01830
02151
08075
01554
05409
03266
03902
02726
03337
05104
06352
03777
03474
01353
02917
01672
01211
07642
04277
03756
00569
05621
07272
03444
00959
06258
01134
01686
07147
07444
04856
00629
05487
08358
04422
04275
02251
08260
07006
02040
05924
05781
07286
02219
07971
02086
07182
08269
01772
05955
00349
05941
07881
04766
03958
00885
07315
03906
06518
00332
00173
05536
04781
04949
06557
05720
05575
05997
04663
00757
05318
07794
05543
05231
07134
02422
02571
05956
04972
07715
00251
05968
00788
05016
05878
01880
00134
03970
04682
03367
06619
07510
07135
05136
07218
06954
00225
01218
05234
06899
03337
06025
05691
03769
00311
07105
01373
01687
07917
02902
07668
02527
05899
06471
03759
05163
00882
03992
04443
01709
06007
07271
02385
04615
01415
05638
01769
03959
01169
07399
02298
04922
07685
04182
06111
07618
04311
04400
06807
01570
08127
00945
07640
07446
06544
07691
01585
05327
00706
06258
00427
01852
08047
04741
03692
06772
01751
04743
02600
01952
02913
00907
00787
06870
01358
01566
06920
02111
01835
07454
05535
04074
02899
02073
02030
05594
04606
06080
07775
03434
02587
02090
03946
00961
07509
08325
00319
05761
06069
03367
06930
05673
03475
05874
08083
08314
04042
05862
01576
00150
06248
07121
00538
07540
07294
07906
01081
00544
06618
04651
04733
01232
06655
03284
01338
00674
06574
07259
05166
03377
03779
01593
07275
05142
01758
03569
00300
02058
08380
05714
01349
01434
05665
00060
08075
05011
00772
07615
05837
07101
05096
04302
00382
00884
04867
03811
00096
08177
01804
06396
00847
06344
06902
02243
08359
06891
03875
04891
01762
04251
05735
04374
05954
02638
01115
05540
03288
06588
07145
05573
06462
07603
04123
02304
02007
03755
06059
08396
06929
01700
01606
06027
02980
07387
06914
04839
01994
05948
05528
03812
00955
04513
01584
00325
04099
00696
07113
00011
00834
06370
00897
06968
00321
04728
05879
06914
01036
00936
06874
03843
02656
02478
00686
00172
03858
02542
07931
02538
05065
04717
04865
05377
06041
01551
02140
01029
04253
06938
08127
01239
04096
00138
05408
05532
07672
04927
01985
04106
06976
01760
01654
04731
05921
02802
06344
01956
07612
05860
05253
06160
00150
05570
07537
04309
00048
02601
00557
00808
03554
07050
01634
04556
01668
05512
03850
00453
04137
05051
08236
00139
03272
00823
01650
00234
00248
00006
05608
08102
03911
06674
04451
00236
05815
03679
07196
05492
05126
06005
00024
01170
04392
04379
00437
02380
05443
01550
02451
06086
06359
01378
03356
05369
03352
07920
07009
07618
06617
01565
00083
00470
00839
07611
01067
01491
00047
07064
01735
04738
01357
04852
02833
06777
08290
01937
06173
06797
07425
03043
03854
06852
03766
04006
05734
03064
04947
06815
03977
07608
03129
02379
05564
06505
01871
03987
04592
03865
05138
04929
00213
03940
00665
06732
01180
04127
06148
01743
01517
08210
05249
02281
06209
05091
04362
08013
04045
07821
00142
04953
03516
06336
03882
03843
02408
03521
03780
06880
07173
03602
00788
04302
05178
01757
01760
00225
04253
05466
06146
00747
06889
07359
03048
07908
01918
07895
08151
00474
03494
00155
00013
06065
05903
01517
05858
01899
01866
08180
07386
02915
01903
04834
04586
04644
03387
03441
04020
00310
02951
06379
05408
05368
01558
01497
06969
05673
04043
06099
03378
02304
05284
02279
07987
03420
05191
05285
01604
04182
02823
01766
06324
05683
08371
05340
05270
05973
00395
03733
07881
05376
03584
02041
06819
05546
06935
01283
08185
05660
00138
04557
00877
00709
04283
06131
03141
05806
02086
04474
06468
06200
04146
07961
05735
06785
04995
00789
06766
05638
05023
05963
05413
06387
00746
01783
04157
03845
06881
02753
03468
08048
05328
06311
04782
05740
05840
05893
07527
00426
03201
06513
02358
06197
05407
00499
06551
03636
02388
02753
07445
04955
04826
08025
07785
01601
02651
00600
03076
03421
03447
07448
01702
03674
02369
00118
07272
02393
05367
04368
08220
00213
04428
04141
04878
07713
00403
01287
01351
04958
06698
06724
03327
06409
02833
02179
04780
00641
06597
01217
01355
04390
01118
05099
07338
06061
03953
02397
05599
00432
05154
01593
04121
02850
02682
03268
02529
02032
00129
04666
05484
03187
06105
05042
01840
01362
08215
03899
07200
00133
05981
05862
02806
01060
04504
00094
07772
07501
05748
04194
02072
04309
01719
08355
01153
07734
05201
08280
07138
07990
06190
01935
03338
01464
01877
02414
05372
00012
02400
02807
02058
02577
03784
01994
06986
03723
07084
03605
07698
07968
01326
03975
01109
02380
03530
07698
01833
03172
01188
01102
05300
06759
07181
07770
07940
03776
04417
01661
04744
07385
05025
08283
01534
03050
00072
06675
01417
03791
03339
08229
00174
04503
00130
03969
03596
08153
01550
01050
04229
04033
00406
01514
04253
03655
02930
05215
04303
00256
03571
00451
05014
02319
02381
07209
02239
07892
07074
03811
03672
07316
02540
03889
07685
07065
04342
05507
01039
00768
04039
02704
02137
04576
03997
03343
03313
06106
05698
07699
07646
06476
02525
05555
04604
00352
00904
06455
02466
01058
02842
07247
05164
03182
04928
02365
05498
03335
02204
03699
00084
04885
02442
06887
06152
01638
02971
06803
02226
02644
07328
00728
05366
01479
06069
07699
06109
07298
07255
01448
06890
00616
01779
07691
01496
03697
03197
06029
00834
01032
02330
06307
05102
01692
00250
06451
00311
01750
00421
02024
04117
04234
02337
05268
02379
00982
02141
07525
00333
01303
04334
01824
05900
05019
07427
00378
07616
08354
05174
00454
04017
06398
03298
07768
03745
04521
05004
00040
03625
01557
06991
06739
05583
01438
02520
05547
06817
04748
03194
03710
01649
04725
02895
07460
02092
05599
08061
02674
07688
03923
00896
03531
00490
06781
07337
04854
05810
07584
05203
05499
00628
02566
06189
01927
05667
04741
05417
01376
01499
08189
03697
05442
00235
07182
06656
06695
03630
02055
07028
04309
07365
00297
04126
04705
01170
03898
07555
01073
01971
02261
01475
05055
08217
03854
03443
00042
04453
00067
03145
02327
01390
01087
04292
00196
03905
07640
04789
03645
03781
03912
07518
03063
00873
06248
08037
05178
01261
06984
03092
00124
04778
03372
01201
04120
00927
03905
01445
04350
06841
07725
02971
08004
02509
03139
00312
06234
01189
01622
02353
02426
03558
05109
05309
07326
00058
01125
07576
05484
02158
04780
05536
06445
01114
05497
06768
04155
02072
06242
07559
04072
03523
04229
02980
02027
03502
07936
02432
05430
04061
05643
06536
04851
07748
02723
06262
05853
00331
03234
00731
07562
01258
01306
04235
02390
01527
05617
06725
07883
02825
03061
07693
04716
00055
05440
05959
06161
06674
04839
05794
00637
00044
02221
00159
06763
01236
02517
04221
05847
02640
03508
07907
00265
07509
00613
08057
05915
01669
04918
02291
05228
06085
05935
06106
06462
06330
03267
04537
03801
07696
01967
00945
00034
01127
06367
01001
04102
05722
01424
02278
02449
05677
06448
01171
05115
00578
05841
01581
08114
01704
05709
07550
02739
05009
00644
00916
03409
04479
03600
07645
02312
05850
00170
06928
00651
06080
06005
07595
00073
05977
04151
00389
08142
03062
08200
05280
00950
06342
05236
04221
03117
06581
07402
03099
06066
03249
00759
08093
04650
03449
00909
03719
02976
06965
03260
06229
01866
02332
08355
04728
04055
00694
04575
00238
00516
06735
02578
01837
04958
03957
01679
02043
00481
05566
03170
02525
04575
07832
07005
04362
06173
00798
03660
06588
04983
06180
08186
03298
03108
04784
00317
05972
07604
04949
08108
00645
00245
00093
02000
07790
07397
01202
08376
03981
05218
02953
01239
06969
01678
02763
02185
01680
06686
02210
07267
01391
05681
00364
00951
02013
05421
00687
07702
01620
07892
01866
06705
08125
07078
00051
00824
00248
02369
01490
08067
04069
07972
08121
02031
00018
05025
05374
04367
00433
01664
02375
07636
01492
03728
03745
00600
06552
04712
03325
01268
03995
00204
07320
06082
03756
06603
06853
00252
05678
04469
00360
05027
04888
06298
02722
00844
01516
02350
03236
06261
00546
01689
04610
08261
06064
06650
04807
04129
03752
01291
04638
06410
02830
00063
04499
01188
05716
01192
04647
07682
01557
03446
04298
02349
01178
02858
06280
01812
06124
02344
03411
06172
05431
07275
00280
05369
03926
04850
07937
03109
03393
02632
05510
06796
00944
05841
08033
03883
06971
05905
02557
01485
07872
01527
07818
06628
03199
01654
07247
06361
01333
03939
00780
00123
02675
07626
02204
01491
03147
07916
03555
04504
03351
00164
05354
08110
05366
04055
08196
04266
05251
06665
04539
02160
05411
01804
05932
01853
02187
06755
07084
01713
04636
01044
05862
08292
02588
01260
02722
02665
06098
01645
08387
04047
02734
01458
06540
02740
00146
05348
02416
07221
01121
06021
04214
02833
02819
02409
05333
04476
07330
05364
07858
01406
07492
00958
03843
04459
03717
04755
02542
01134
00592
02504
06547
03342
06442
05032
01410
03731
06555
01548
03275
03249
05625
05609
05537
04835
08227
04018
03113
00307
05207
02494
04037
07430
04369
07301
03863
06693
01889
07141
01860
05141
00744
08257
00855
05640
04302
08184
01887
01773
07634
00979
01591
00818
01407
08088
04351
00106
03752
02604
03100
07977
01344
01462
03625
00732
02360
00734
05559
02277
00278
08276
05385
00084
02478
03388
01397
04946
01984
05927
07751
07351
06525
01374
04616
02315
01431
06184
01078
00793
01877
02634
01009
08048
00112
02654
01538
03619
01372
01516
07911
00928
07014
05604
01407
04686
01175
03486
02047
01087
01922
04329
07567
02501
01104
05520
01652
02353
08309
01787
05690
05078
06094
00001
06845
03084
03834
00714
04420
01905
04018
02579
05387
04058
05158
04283
07372
01287
07686
02314
02809
01268
02058
00658
06649
04203
00894
04733
04125
01527
04941
03126
01053
01524
04584
03747
06899
01810
06947
06848
07700
04585
07309
04983
05206
03078
00795
03979
01475
00323
08255
06965
03321
02484
07498
00037
01498
07534
06683
01322
07799
02994
07554
04700
01188
01687
02550
05430
07192
00182
02784
02338
07924
05902
01954
00125
02957
05144
02391
05305
00648
06950
02151
03729
07009
07076
07399
03559
05831
08032
05020
08185
04887
01221
07258
01619
07268
03971
07341
00334
02176
01323
03123
02741
01210
04966
07604
04840
02708
07957
06431
03513
01935
04259
04018
06756
04821
07639
07957
05244
00707
01894
07220
06240
06945
02037
06951
02861
06848
01900
07392
05805
06527
00326
07281
05997
06105
01796
07415
08108
01038
05473
07623
04287
00220
02896
06067
01633
01659
05074
03320
01816
07474
02837
07479
02147
05369
00342
03087
00239
07436
01702
04484
00153
05992
03258
06606
03006
06917
03356
06304
04254
05616
01743
04514
08174
00004
01168
02958
07549
00277
03753
08180
03838
03000
08111
00378
03140
06130
08107
03988
06589
04732
06885
00924
07669
08032
03275
05437
04331
00802
04738
06866
07136
01534
06180
07590
02140
05562
01607
00807
03882
06439
02207
00253
01236
00362
02105
02129
01593
01201
07352
06347
06107
00724
02445
08268
04053
07770
03359
06532
04009
05125
03066
01985
05848
06603
04355
06982
07499
03873
02762
06435
05870
06150
08232
01958
02300
03498
03320
04302
03958
04538
02258
07736
01308
02840
04402
02937
06222
00235
06103
08294
03948
06784
05816
02066
02202
03196
05361
04293
06511
00623
01051
04758
04061
01478
00297
01957
01883
00142
01470
04711
06893
02384
01548
00575
04453
05117
05976
06630
01507
06247
01018
06278
01912
05945
03104
03353
04968
01956
01249
02761
03422
00120
06751
03891
03721
01659
06134
02189
04452
03833
03617
06832
04084
07944
06059
03668
07722
08310
00595
02247
01800
05169
01593
08058
06768
05747
06614
08312
06664
05704
05864
08020
06154
01582
02842
08318
05464
04952
00082
03745
03997
08206
00275
00604
02782
00517
03091
04619
01759
07687
08279
04193
01186
03294
03371
07892
01162
02466
03278
00165
04829
03500
06025
05291
06504
00614
03536
07819
07757
04258
06545
05574
06008
04708
06042
01343
04751
01964
05479
05095
06839
06708
03369
03991
05011
00690
06386
05530
07688
05658
06092
06180
04300
03316
04249
04050
02972
08325
02805
04303
06349
04301
02024
06753
04490
02140
02760
02830
05068
06225
06604
03454
06232
05233
05867
06190
05361
04384
04354
05998
03519
00591
04804
05912
07000
04659
06508
03149
06474
07150
02958
06462
02794
06876
05819
01684
07255
01723
00755
02844
04440
04168
07781
00867
06036
00562
02546
03673
04048
05661
07744
07829
03906
00374
03418
01349
04549
02958
06932
05072
08165
07413
05709
05723
07434
02100
06013
01236
06290
01014
04798
07246
05783
03652
06423
05161
01872
05276
05554
05005
05922
08349
05279
01491
00343
03026
06418
00112
04135
01096
07768
00399
05747
02334
03047
01562
04177
02680
06019
02981
05729
03456
05740
00135
00397
03401
02437
06213
06399
02033
00224
07389
03101
00403
01332
04828
06608
06566
00689
07164
01139
06054
04858
03598
05846
07245
04640
02448
00577
06397
02816
05083
00822
05757
05347
00475
01215
07469
01460
04107
04231
00727
00158
07965
04197
03508
07907
03524
06770
07384
06217
01166
02187
06860
03726
01137
04627
06934
00301
05568
01744
05991
04585
05353
04565
05505
07718
03631
04656
00082
02455
04832
05018
03009
04305
05554
00588
06900
02399
04814
06417
00652
07359
04889
08022
04845
03658
02603
02365
07102
01632
04782
02705
00665
06145
03877
03508
03136
04377
04070
00836
05549
00499
05558
01197
06355
07806
00559
02632
02214
06397
02432
01088
01364
00551
03681
05701
04399
07711
01314
02458
00152
01023
08127
03480
00857
00045
06322
04214
04510
07760
04693
07888
06193
02507
06258
05556
02609
03479
01849
01404
02719
02976
07501
00005
07349
03110
06843
03710
02787
05123
08072
07052
00583
07900
02646
02810
03208
05537
01875
01694
07888
00942
07167
00599
06339
05924
06887
03138
03920
01298
00659
07500
03699
06812
05640
04338
04724
03630
05898
05460
06128
04474
08114
00856
04033
00509
00360
00618
06109
02815
00398
03345
06760
00137
02584
01949
04999
07793
06619
06253
02802
00881
07169
07613
04645
05750
03302
00972
02692
04500
05475
05787
06808
06919
05812
02513
07514
00052
07912
07708
01642
04942
04661
01971
00732
06676
05029
00854
01120
06279
01697
01447
05981
01242
02152
03457
05290
01042
07804
04758
05977
05645
07689
06104
07871
00335
00051
04269
06532
00919
05771
06037
02804
00784
01357
07047
07647
01459
07673
03495
02675
06186
05884
07989
00436
06191
07899
03631
03734
03683
07932
07974
08199
01403
05680
01229
02011
03637
00977
04398
03924
07752
03588
03960
05774
02681
01690
05811
05333
08394
07625
00515
01748
04141
06722
06218
06651
08198
06751
06968
06940
02782
05851
00366
00946
03556
02509
05697
03454
06014
00162
01705
01135
02285
07415
03161
05805
04030
05232
05321
05891
06189
05256
08366
06695
02068
01893
01052
06182
07074
05287
03842
02609
00502
03197
00035
03518
03434
07795
06629
07069
06733
03596
01522
01576
06793
01449
01756
05413
08259
08067
07726
03627
03360
08186
06893
03231
05892
01258
06669
03722
02182
01543
06944
02216
04976
07702
02425
04736
00627
04023
00927
01915
07751
05938
01853
07299
00159
07165
04582
04601
04795
07607
02133
00115
01767
05092
01827
00624
06513
02630
04930
00185
01400
07044
07606
04342
08352
01769
07347
02570
08113
04444
02850
08157
07007
02136
01613
00356
07989
01767
02458
01470
05195
02576
07284
01869
03574
02329
03700
06816
01070
04155
05391
01049
00491
07921
03881
01503
05529
04076
05207
04418
06394
05687
00594
05079
03322
07137
02983
02111
03054
06060
06572
03160
02614
02081
05741
03663
05345
04910
07860
00896
01136
02222
06551
05741
03523
06691
05195
02135
02047
04466
07655
01019
07169
03658
03971
06908
04172
05043
07551
08041
04990
02416
07008
06090
06416
00912
08229
05725
02605
01126
06952
05623
05322
02963
00544
07353
04019
03117
01491
01217
06423
07390
04120
00265
00729
06780
07482
02993
02424
02496
07209
03588
05848
07557
06939
02425
04415
05647
03280
06985
01436
02006
04499
08279
03553
00653
06604
07009
04049
06883
04978
00562
02868
01878
06686
05441
03224
04590
06874
02233
00146
00285
05545
01414
03778
04657
03056
00937
07460
02708
01234
05096
06947
06353
07449
00565
03368
01394
03632
04681
00624
07706
04158
05133
01499
06444
08060
06965
08177
04631
04776
06874
08223
01070
01298
01378
03167
00392
06515
06893
05782
07073
00254
05183
00422
05915
00191
06165
01060
05925
01647
07126
06564
03093
04794
03383
03280
01637
07351
04763
04280
03512
00150
04998
01555
05624
05145
03596
05315
07597
02633
04842
03287
06283
06889
02400
05642
04889
04903
02458
05336
06313
03023
03226
05713
04361
01130
05428
07302
07189
00611
03686
02896
04167
04810
07521
03457
07853
04210
04312
01362
01956
05237
03684
04427
05654
05399
06465
04833
06414
08247
07225
04265
01492
01810
02843
02971
03241
05490
06168
05298
01424
05860
07514
00271
00615
07320
03360
06493
06369
02545
04394
04864
04978
05307
01918
03063
04838
08380
03653
01952
05278
07987
01606
06202
02104
05053
01068
04022
08234
02823
05878
04791
06090
00014
01259
00120
06717
02210
00183
00413
03610
04041
03751
03905
07242
07695
06141
05422
02831
02651
05232
00332
07694
06845
03172
00992
00058
05732
01601
07430
03567
03436
01219
02137
05047
02596
06093
08271
02316
03022
05434
02962
06891
01919
03714
04809
02961
07878
04229
00005
07093
01002
00679
07863
00673
05595
04744
05103
06094
06267
05070
02943
00636
03878
02578
04750
05371
07900
01876
04328
07737
06159
08300
03058
01768
07431
07758
07804
00490
04563
03641
07600
04556
06635
03900
03206
04444
04641
03333
04938
06041
03973
08264
07093
05478
05287
03480
00103
03530
03847
06581
02983
05639
02937
06498
06993
06036
00501
03169
08366
04457
03914
07886
00178
00839
01667
07621
04222
04162
02369
01201
03989
04349
05895
01537
02924
05040
08277
02169
00683
06599
03932
04691
00224
08026
06273
07248
06034
08020
05133
06959
03923
06803
00560
04599
06911
06380
04453
05301
05937
00456
02001
07741
06149
07774
07141
01151
06952
06350
06211
05384
01467
00824
07166
05746
07367
03303
02026
05225
03514
02573
08050
04074
01951
07323
05272
07834
01964
06221
06343
04576
06773
07377
05524
04816
02974
03666
04531
08197
07565
06741
02950
04426
05598
04159
02512
04086
08240
02097
00536
04098
06221
08145
04297
00903
01111
04230
01494
04313
01501
01712
00907
03690
03821
07121
01246
01836
07859
00012
07620
02455
00800
07656
02785
02435
01478
07361
06519
07475
00447
04220
02863
00430
05613
02981
02390
00283
01437
00519
03054
00280
08389
01351
03622
04279
04524
06461
02804
02070
03961
01295
02318
06281
00547
05532
03752
00262
00567
05906
05095
01165
07080
00301
00660
01490
05153
01981
01213
01593
00358
07746
06117
00892
01593
00823
02604
05772
04952
08216
05545
05473
04035
07857
00531
04192
00507
04532
07599
06536
08262
06647
04724
00105
02319
01560
06154
04514
00107
08221
02065
04805
04342
00876
06254
04649
00972
04212
08352
00715
04643
02999
04689
07379
07861
03012
01960
01870
07356
04437
04187
08141
02598
07970
06177
04537
00409
06287
02181
01473
07855
06169
01767
06019
00898
04665
04989
03235
01283
07378
00951
03034
01475
06925
01440
00109
00645
04126
04576
00953
05115
05730
02127
03784
02812
02631
01475
07683
08392
07529
06698
07845
01186
06597
01651
07815
08108
05387
07687
02237
02769
05717
08325
00972
01915
05102
04315
07158
06404
01553
01937
00564
00682
06367
00527
07662
06668
05132
04734
01674
03169
04935
02556
04847
01288
06916
05369
02469
08281
01592
04703
02172
04907
04161
07902
01493
01343
01807
03173
06432
07225
04818
02429
07027
00574
04513
05151
07283
05225
06532
02358
05714
02856
04047
04767
05574
07172
07500
04285
06050
07070
07748
04873
07603
00596
02169
06630
01833
07154
04371
04114
07680
01766
04325
03577
05050
06924
03819
08052
02138
07256
01107
03679
00736
06882
02949
05176
00076
01706
01951
07378
04385
02813
05266
08073
05511
00705
07987
01008
07404
06090
06479
01927
03465
04319
06702
01705
03917
07222
01394
05409
03112
04236
01436
04092
05702
07105
03963
06409
01878
06272
03459
07693
01589
07948
01366
02724
01980
02453
00497
06914
05155
03290
00950
02807
00272
02073
00017
01760
07536
07250
06617
07146
03809
08169
03989
04178
04442
01706
08072
00440
02759
08231
04010
06994
05940
03645
04181
02893
01381
07413
04713
02398
00081
07126
03164
05174
04329
05031
02850
00868
05352
01138
03380
02948
01912
00405
00384
04773
02622
03586
04509
03097
04676
03317
03289
02805
04178
04406
00882
06712
00600
06724
08397
08121
07833
05506
00070
07112
02647
06846
04068
03815
03160
01148
02984
03410
06802
07697
04162
00137
01176
05515
04992
04606
04417
07886
06228
05625
07185
03289
01057
08090
04182
05607
03554
05158
05937
02722
04055
07698
07071
04434
00157
02590
06676
06402
03112
00888
08179
07827
05359
05601
05643
03531
07477
07501
04081
00645
01583
04564
01382
06556
02855
05333
05686
01122
05644
07514
00061
02394
05380
01623
04517
05926
05967
00636
07936
03946
01945
03930
00062
05647
07419
07986
02636
08212
04543
05113
03241
03535
03390
04504
03542
08385
03191
08015
06106
02968
00079
07530
02879
07678
05184
01675
06652
02542
07808
03623
06624
04631
07374
04461
01224
01225
06890
05280
04909
07196
00658
06070
01037
08351
00677
06394
03236
01502
07606
07148
02246
00957
03951
08152
08204
08018
01199
07491
04217
04399
06002
03617
06840
06140
02747
03028
05636
02147
01952
00495
01651
03589
01570
04681
05152
01802
02104
04013
00676
05942
06391
01118
05968
04199
08112
04616
08361
07450
06102
05906
04896
00701
05354
03183
05245
06095
05045
06243
00296
06900
03713
00787
06595
07813
03540
03525
04711
07412
01915
00103
03674
03068
00127
01467
05338
00471
04262
01680
06553
02106
08344
00668
01028
01947
07068
07685
05041
05747
01519
06143
04181
00990
00193
01887
04224
08286
03276
08046
07574
00880
03473
04090
04314
07526
06465
05766
01497
07859
06884
07010
06464
05478
03242
06821
05354
07438
04268
00902
00154
05595
06158
05419
01666
06597
05155
02632
07774
07206
06429
06521
01744
06002
05200
02523
06505
06455
03649
05668
08240
01471
01232
06627
04066
02978
03247
05426
04726
04393
04446
04264
07707
05293
00821
03755
06529
02814
06125
05170
02913
07504
07947
03193
00170
01775
06746
04782
01193
07427
00916
00040
02596
02718
03116
04519
05779
00642
08363
05110
01483
00017
07942
00237
01576
07244
02408
01091
00519
02028
06929
04817
07230
00159
05867
07202
03720
07594
02772
03878
00864
04958
06733
03462
06393
04789
08046
03585
06839
08059
00851
04517
03294
08025
03400
06538
04998
08060
03836
03352
04711
05028
06405
00377
02343
04137
06224
07208
06189
01096
05362
07608
08001
04428
06321
03474
00306
07815
03960
06567
00403
07519
05531
04980
00131
04022
04167
08291
01527
04577
07444
05021
01767
03962
06619
01965
03010
02769
03518
06352
04590
05053
06744
07161
03664
02192
05011
00929
07796
03449
03327
02763
00634
07043
00165
05621
05485
05531
03065
07675
08161
02335
06533
02118
01848
02161
06744
05426
02225
02427
03066
04285
02623
04172
07082
02106
01601
02288
01543
00646
05587
04126
01335
01858
07600
05852
00647
06958
06289
04189
01056
02199
04423
01002
04002
03208
01169
06222
03712
00044
02010
06634
05480
01923
07923
02554
01196
03570
07976
05487
02642
01813
01570
04939
08228
03408
06969
03628
07125
05331
05107
06431
07521
02027
07453
04630
03040
07989
01108
03812
07463
06942
01088
07012
06282
00567
01039
06010
00498
07316
01258
08193
04231
00866
05814
03252
04906
08136
00169
00296
07058
07703
06454
08150
07697
01131
02151
01735
08162
07204
00214
08056
02625
04238
02600
02876
00934
07851
04550
00961
01440
03811
04346
02634
01786
01330
01634
07260
03165
08175
00324
03797
01282
00221
01167
05990
04066
00283
00793
03169
05788
04902
03866
03277
05042
00478
04820
06902
04624
06661
05406
06290
01593
00484
03563
07710
03120
01256
02332
00215
07745
06330
04783
02261
01450
04348
05009
01410
05657
02494
00343
00328
07123
00129
06821
03703
05933
00131
04794
07862
03787
08025
04792
03266
02691
07915
05363
05362
06845
03784
05638
05626
05225
08074
05004
01438
03181
02469
02929
06238
08202
05881
02678
04528
06746
07127
04283
03580
04696
02865
01132
00960
04203
06617
03947
03700
06240
04251
04262
00264
01892
07223
03972
05129
02827
08342
01985
07522
08384
05502
06355
06751
06201
03216
05273
02333
02325
03551
06991
04446
06485
06267
07536
06648
06437
01259
02729
04941
07606
00154
02294
03397
06489
05464
03163
07735
00745
04272
03617
05847
01830
01482
06187
04841
06442
06839
08148
02643
01897
07402
07046
01665
03258
06566
04217
02098
02892
01106
00695
05312
01015
01066
04440
04269
01553
07087
03935
06904
05625
05214
01200
04495
02371
01677
05868
00639
02480
01922
04059
00646
06345
01726
07188
01738
00217
02151
07052
07330
00549
05347
05640
01250
03576
02544
01473
03876
04335
01072
01540
00338
01581
00850
06866
02464
07148
02204
00187
05205
06273
01604
06674
00571
04106
06382
01724
07900
02983
00751
00587
02732
07427
04385
05474
08182
02477
05439
04372
07374
08183
01552
07229
01494
06826
02544
05148
02572
05780
01802
06859
00609
00319
06834
07581
04148
07903
01310
01011
00444
04424
06325
01563
01605
05194
07120
01974
05585
05194
07533
00517
05632
03758
00546
04511
00890
03204
05742
05904
07721
04511
06971
00833
01924
08224
00240
03969
03734
05101
07747
04477
01006
05344
03116
06465
05407
02831
00692
03227
05303
03571
01052
05000
01132
03223
00106
01933
01298
01455
01022
08292
01818
02738
07075
00353
07829
02134
07138
00512
05238
02679
04768
03501
05301
05251
03415
03664
07295
07045
06354
06995
05147
01372
03521
02945
05319
04375
04669
07228
00801
03311
01717
03547
02435
01585
05287
05343
04901
02918
02667
00128
00006
07281
00681
06888
01381
06165
00379
03996
03177
04992
08092
05315
05137
03912
07120
04932
05606
05953
01053
05312
04652
07560
06327
07321
04183
05311
02058
02270
02683
05988
03296
03812
01675
02192
07858
05346
01603
04858
01067
01801
04945
01253
07513
02126
04798
05885
07388
00006
06539
07993
01665
05101
05254
05341
06440
08306
03132
00624
06400
05859
05480
06916
06373
02720
05866
05927
05056
04302
03347
02149
04349
03611
07452
03016
04698
01081
03382
04077
01483
04074
05116
08308
03754
07094
04276
02612
03131
00827
04981
05976
05358
03937
02147
01338
04846
05176
02053
05499
07878
08145
01064
05020
05523
02183
05868
06652
07637
01736
06988
00158
03231
01779
06379
00165
07230
05904
05082
00703
02678
04022
05078
03900
05111
04141
01534
01930
06158
02417
05074
03615
00729
05327
03958
05329
00227
07311
08150
02165
01229
01070
06837
05714
04093
07783
00830
02529
04224
01566
03739
07524
03579
00105
08163
03040
01327
01195
03741
06024
02235
04413
05315
05287
05211
01307
07571
07962
06382
02089
05215
04872
02102
03392
07716
00286
01961
00330
05767
03115
02004
05349
05403
07125
05534
05479
01968
00023
02522
01854
01525
03304
01799
00738
00446
04520
00706
04154
04320
05721
02347
00408
05881
05704
03621
07266
00189
08342
01974
00974
05628
08056
05502
03033
03215
01911
07269
05508
03776
00725
08141
00923
03049
05725
01639
04563
01253
07461
05953
00736
06116
03651
07549
05344
03690
01609
05788
07032
08182
07902
04921
05784
04735
03467
06435
06637
04938
05454
06034
00052
01129
03278
07323
03430
01070
03293
00302
08372
01054
07699
07517
00976
05120
03804
03719
06885
01364
01552
00354
05589
00064
01658
04998
06365
00870
05544
08278
04182
01298
05599
05594
06331
01278
07511
01416
05634
07384
05882
07986
01897
07596
00853
01688
04591
00731
08296
00174
00604
02301
07424
00360
05981
02034
03470
01265
08256
07156
07044
07708
00088
01320
05083
05985
07662
07748
05396
01161
06036
05674
01881
03349
07591
01826
01711
02696
02288
00774
07099
02230
07415
04279
04158
01892
02102
06878
08398
06958
00741
07180
00146
04775
07110
00066
04153
06411
03231
06397
03864
00961
03520
03225
04430
05036
05024
03622
02326
06033
01161
08392
06217
03874
07916
04760
07837
07065
00514
02584
01374
07488
00544
04820
03622
04701
01366
08068
04076
02332
07492
08334
05895
00596
04953
00120
00782
03019
08138
06219
00493
06741
02732
07331
02613
01816
03438
04930
01025
05323
06789
07253
02273
02765
03381
01999
00949
05761
05929
07217
00856
02903
03136
06827
05622
06214
03764
07820
03595
05286
03752
06100
04985
05786
03645
07979
00165
04202
04465
00139
02335
04478
05989
04536
08381
07239
04745
02400
03059
07736
01846
05438
08256
00241
07303
07224
01784
00060
04677
02024
06265
00960
05582
00199
02237
00163
02513
05893
02860
01645
05161
03958
07962
07639
02244
03622
00004
00514
01950
04381
05874
01156
05055
06574
05370
03870
02445
04473
03377
05529
04175
06448
01294
01422
01568
07607
08077
02452
02652
03253
01725
04132
00666
01655
07111
07193
04822
04675
03723
04868
05066
04313
08121
08252
07160
01270
01880
00241
00599
05986
07638
07377
04071
05706
00109
05348
02370
07288
05950
05218
00434
02254
05565
02901
03561
05777
05337
02745
00256
00802
05686
04495
02352
02184
05993
05713
06791
05641
06687
06016
04359
04568
03178
03689
01617
02791
01066
02854
07193
01742
06244
08176
07510
06644
01057
04770
04488
05354
00437
07529
04070
03719
06169
01624
00868
04846
05832
06536
07789
00508
01283
00125
03299
03533
01154
03203
06240
00270
00632
07463
04759
02509
05809
03538
00124
01132
01115
02304
02253
01317
03598
01903
05532
03863
02344
07027
00682
08239
05257
04054
04097
03970
02569
01821
07054
02486
02929
03206
01961
06273
01597
05836
07666
05129
02939
02669
07482
00202
08016
02099
03915
00918
00680
05695
07621
03686
04935
00676
00150
03647
00977
06927
01125
06928
05331
05412
03740
02600
07276
03619
01807
06196
08123
05994
03101
06918
04934
00740
02754
05137
02244
02319
05974
03137
05048
07691
06310
05303
02074
07854
03821
01554
05235
06629
02094
07705
04213
07205
01697
05237
02278
04768
04360
04956
00119
04482
01580
05800
06213
07531
08105
04614
01034
02519
01250
04073
05153
06233
00691
07871
02789
05718
07266
07036
06484
00110
06848
01378
04549
07925
08065
04242
07363
03087
07414
04444
08309
04475
04883
01235
01932
00070
08290
00188
01400
07184
00180
06388
08055
07100
03407
00673
07419
06304
01064
08369
04615
06573
02110
06031
05030
04712
00481
07364
01432
00359
03757
07353
00617
06311
00151
04779
03552
02410
02034
06872
07457
00926
06494
02069
04991
00296
00399
01730
01426
01392
02389
05557
00096
02198
01565
00435
06588
07442
03603
00941
03736
06233
05122
07879
07399
03868
06298
06724
00340
07898
03229
07389
03864
05413
02390
05904
06492
05522
03350
07477
02396
02010
00924
06332
00420
02382
03601
07218
00874
06007
05373
04995
02327
06987
00041
02857
05395
00027
00418
00578
08380
03386
07254
07520
05443
00313
03487
04121
06403
02221
04793
04495
07551
03249
00498
00170
01270
04663
05453
07569
07686
05834
03938
01912
01930
06272
07990
02836
06929
04331
02866
06265
02333
05486
05731
00932
05332
05949
02573
03492
05767
02733
08204
04883
08141
07930
03993
05235
03083
02664
07782
05716
00498
03137
04422
02834
00917
02876
05532
03867
06165
03711
03438
03069
02539
00907
03093
05246
05537
04134
00852
04005
01405
02534
05491
08374
02683
07353
00023
04684
04790
05330
02879
03374
00099
05390
02654
03796
08362
00308
02896
01234
03330
04970
00218
05011
01960
07396
07283
00097
06364
04824
02665
05441
01400
07293
06833
03340
05501
02818
03631
04103
06844
04027
06173
06372
03469
04597
05836
01777
03264
06619
07157
05902
04238
06801
07067
01501
08298
04254
07919
07106
04842
01078
06862
05626
07740
01749
08235
08391
08359
01672
04805
07257
07583
05286
05716
00953
06708
02636
01286
01039
02312
04149
02096
06115
07563
02184
01395
05280
02821
00251
05101
04277
01791
07302
03017
01189
05966
05362
00836
07614
08077
02449
07085
00662
03590
07655
02904
07090
04732
08373
01006
07777
02904
06838
07221
01748
01934
02723
02376
06993
06876
06545
07075
06589
03263
06602
00717
08294
08161
05689
05409
00067
00563
06847
00459
03923
01458
02850
02588
01586
06953
00037
05386
02010
04852
00723
05367
03718
07388
08085
05165
01890
01667
08307
07571
02206
06990
01063
07358
04065
08362
00621
00150
07386
07868
03366
03811
07554
05529
02172
05125
05934
02063
00336
06669
06992
01918
07423
07996
00044
04103
00851
02549
05624
06111
07430
07889
04109
06207
07841
03872
02763
08108
01714
00023
01176
01358
03260
07418
02409
01791
07608
05062
05977
03170
03242
04859
02358
06317
04062
07685
06763
06580
01233
00487
06216
05763
07340
02227
08110
04968
05419
03351
05078
04811
07965
06663
03153
02251
08051
06178
01130
06119
06651
07652
00904
00949
06038
04601
05472
04770
05717
03321
05511
02999
01299
04100
00612
05316
07628
03354
06212
03804
04555
07447
08135
05164
02576
05290
07112
07337
05089
07217
07131
02597
02007
05619
06302
02814
02601
00841
04545
03507
06759
02410
02386
04596
07917
07153
03218
00917
06695
05709
05603
06558
01267
00837
05571
08210
01345
02374
05810
03402
06968
01946
06734
03694
00290
04247
03568
00271
00408
05553
03983
04548
02920
05517
06451
07790
05010
00563
05524
02922
02722
03806
02833
02227
02568
05892
06316
04418
06164
07949
06114
05331
08236
00514
04345
07093
02368
02067
00242
07053
05892
06260
00845
08375
06012
00517
05052
02235
03719
05837
06960
08056
01746
02482
01871
06224
02989
06776
07399
06959
06395
08292
02525
02136
02771
07707
02078
00334
05555
07723
01815
08365
03412
07622
08159
03875
04056
01511
07521
08302
04384
06851
08072
06754
03498
01565
00420
03239
01800
02501
06905
05037
07628
04862
05254
05085
01519
03994
05619
03630
04641
04037
01427
02625
01162
04555
03785
01817
01167
04519
04167
03994
01329
00505
05810
02733
00575
03506
05489
04589
02427
05647
07012
02929
04394
01328
02386
01574
05733
03332
00650
02168
07581
06131
03659
06014
05963
02615
03919
00191
02853
03080
06690
05748
08029
05427
08113
04012
04852
00102
07277
04694
02811
02954
04974
01614
03914
08014
00244
01143
07321
05724
03449
03697
07115
06682
08323
05160
04379
05343
05173
02121
03279
05279
07365
08161
03465
07589
00200
04339
00397
03629
00025
05014
02204
08123
06489
03577
05310
04651
05969
01844
04767
00342
04259
01756
02480
04365
07166
05746
02078
01941
06831
00778
04128
00192
02485
03555
05865
08324
00749
07655
01150
02010
00716
05600
00722
03077
00267
06853
03100
04284
04844
00544
05994
04374
07563
08222
02239
08081
01296
01602
07351
00623
07777
06934
05580
07294
03045
01727
07281
07970
06035
03419
03323
02594
00248
02202
04480
00651
06663
01430
03399
06725
01546
01377
04527
08080
03671
01722
08188
03674
05039
03003
04396
02848
04256
01506
04599
00334
02041
01065
06613
06101
06525
00868
03673
07080
05761
00103
06683
06339
05328
06849
03412
00569
01999
04937
05410
03145
07066
05444
08043
04075
04860
01616
03599
01772
00558
02593
02678
08388
07079
03669
01160
02384
04385
06373
01515
05393
06140
05850
07895
04401
01676
03226
04822
03773
03726
05582
02967
04707
07080
05217
05169
04057
08365
05255
07269
07143
07488
00903
07196
01171
02560
06135
06959
03431
08194
03666
02790
03057
02541
00569
06968
01991
06862
02451
05985
03780
04971
02802
06769
06676
00853
02548
07057
07544
03526
01778
00049
03558
00890
08121
02429
06320
02027
06034
03678
05727
04020
03536
06956
07164
03735
02822
04401
03706
02921
07522
00361
00948
06699
06362
07302
04495
03076
06274
01360
06187
03322
00294
01049
06107
04176
01322
00638
01247
03689
05516
07273
02890
04235
07091
01235
03845
03758
08246
03112
00591
02483
05307
07251
02191
04146
00730
03528
06888
03899
07966
05440
01559
07470
08360
02783
01180
07111
03071
03729
07107
06529
00744
03747
07278
08219
07357
05791
00705
05911
05037
01727
04057
05887
06769
07970
05625
03299
01334
02204
05491
03773
02044
03047
01344
07558
03386
02056
01084
03937
06523
03277
08385
06100
00777
04098
05710
07848
02788
04002
03875
08150
03071
07386
03420
06865
04856
05178
00168
02642
03186
01941
04772
03038
06721
08280
05001
01669
06497
04759
04095
03715
01699
07155
01452
00233
04356
08296
01390
02294
08012
03026
06800
01598
07312
03087
08156
01357
02581
05360
07437
07317
05442
03433
07008
02162
03376
00520
01047
05119
05329
03090
04873
00402
07273
05657
00042
07394
04206
00249
03650
01545
01528
00898
06044
00756
07956
00816
05373
01703
04507
06582
07327
06349
02106
05706
01850
03373
02766
05001
06126
03481
05389
01739
07630
02240
01940
01473
06988
00355
06489
01723
01534
05365
01948
07686
00522
08395
06623
01027
04836
03843
06846
05826
07952
06592
06669
05805
07093
05875
06926
02993
01473
01606
06875
01527
06947
05651
03813
01618
04793
08113
05018
05120
06822
07678
05853
04963
07807
06584
07973
04570
05411
01893
07299
03192
04197
04802
04273
05686
06391
00536
00852
00036
06405
02155
06510
04618
02747
05421
03299
02269
07043
01808
00469
04126
00367
02504
08174
00044
01311
04654
00073
01001
00496
07409
00718
04218
06322
02454
03176
04456
06003
04545
03221
03124
02813
04524
01625
03656
00361
03540
03919
01480
05119
01763
05118
00263
00092
03543
00883
00197
07342
07202
01905
04054
04478
01163
07297
07582
06010
07553
01608
01577
06206
02224
05636
00103
07278
07052
07762
07092
03667
07306
02159
06726
01600
08062
04568
01215
02448
07695
04081
03555
08271
00775
02287
07139
08337
04471
04147
04871
08098
02935
08179
03483
03994
06346
06982
05408
05420
04064
06379
01139
07005
00613
06790
04939
04604
02598
01145
07212
01074
04644
06636
04856
06758
03394
02920
01637
03853
05241
06341
02170
05677
05466
03518
05651
05677
01683
04782
01012
06107
02715
08073
05161
03817
07495
06889
02076
03636
04559
05236
04416
01427
06251
03958
02651
01913
03014
06992
06608
05430
05397
06253
03322
06544
06833
02125
00820
08218
04399
00768
01877
06478
07281
08288
04890
04028
04038
05451
01516
00703
06380
03756
04544
05352
07510
05045
07357
05802
04568
04892
05160
04577
06751
05759
00667
07407
02110
08148
03108
06629
00211
05729
03561
07162
04263
06580
03370
01579
01621
00785
06255
00463
06050
03207
05024
07142
04394
08189
05955
07325
01100
04094
06096
04721
02843
05325
05249
04190
05653
01079
01221
02802
08065
00132
00820
07330
03953
03289
01948
04473
00615
06110
04121
01865
02324
03191
01588
06815
01691
06577
01586
00728
06181
06394
03181
01465
01901
08189
03601
06064
07691
02362
04988
01493
06430
02590
02216
06396
05298
00691
04133
00105
04306
07894
01983
02336
05127
02801
00111
05689
01854
02741
00462
02557
04215
08134
00611
04927
02266
00131
04125
01305
04052
01088
07661
04002
03727
01970
04347
01433
02623
03286
07385
05473
07529
05678
05636
02169
03838
02841
03734
00439
00005
01854
05849
01328
00279
05653
06678
00294
06420
07426
05948
06495
07955
00783
01996
04894
07158
05476
03792
02752
00924
00198
05900
06005
08191
03689
08236
01928
02446
06675
08269
02733
06614
04831
06665
07943
03097
03835
05626
05619
02736
05678
03583
02532
01548
07993
06972
01019
07224
02969
06299
00995
06091
03958
04705
01367
01274
07708
00652
01233
05098
02579
08040
02303
00451
00557
01441
02740
08304
04955
01602
00264
06002
06716
06476
05037
06005
00724
04946
06687
00602
05525
06497
00327
06915
02012
03661
04269
06301
04218
07159
06455
08167
03885
04987
01602
03442
01099
03205
01019
01041
02539
07203
00987
03487
05951
07526
06589
07087
02658
05394
06173
07246
05530
02181
04063
02038
04410
08020
03161
01692
07991
05825
00622
03705
08357
07113
00744
00885
07021
05418
05889
03295
06189
01761
08399
03337
05820
05105
05145
04576
01272
04208
06330
05162
07006
00587
07584
00616
03957
04234
07041
03339
02936
08366
07420
07123
05406
02167
05831
05666
05096
04691
03338
06814
06422
03776
06743
02486
07606
01090
07925
05180
07162
07679
00696
03745
08229
04184
03134
08222
08258
05235
07768
02766
07712
02595
07923
05145
06814
05577
02802
05451
06863
03556
02682
01172
04074
00147
03978
07768
05938
02619
04788
06182
02092
07365
04492
04294
04818
05247
04957
04796
01923
01250
06770
06601
03204
04211
00280
06320
06679
01539
05981
01014
05735
08113
01636
01250
01165
05440
06281
07317
08274
03619
05099
05299
01506
07860
02027
05151
03929
08164
03872
03349
02509
06844
05012
02192
00279
08258
03886
04412
07247
08392
00300
04693
04803
03535
02061
02527
01923
04697
06121
01743
04205
03003
00254
07206
08224
07009
04792
06942
07871
02363
06283
03661
06436
06005
03200
07735
05838
04181
03354
00432
02264
06381
03956
02430
05191
00689
02281
02333
00736
06658
03087
00476
06388
02649
05856
03684
04730
04735
02439
03017
06359
02777
07284
04633
07820
04689
01324
01890
02507
05311
04976
05392
01287
03398
07303
05956
04760
01179
04283
00864
08296
07649
03389
02014
04877
07536
02806
04577
02723
04756
08188
04227
03205
05777
06829
07133
02792
00675
05050
02917
06773
00436
00019
01537
08144
07575
06987
02635
01545
05202
07176
06909
01487
07336
00825
03435
03404
06564
01588
00367
01889
06658
01499
07808
04350
04887
08218
02092
00446
07377
01872
07396
05709
06904
00984
05271
07655
00356
03139
00118
00063
05016
00547
01223
03592
00813
02054
01846
08212
04393
03277
01685
00630
00814
02248
06547
02710
03135
03953
06347
05297
05549
00721
03507
06393
06272
06787
01829
07312
07152
02787
06907
07101
03524
00417
07251
01417
02641
08136
04002
04905
00356
01030
04853
00296
00956
06920
07058
00239
01822
03972
00637
04180
03371
02802
07511
04365
03311
07303
01184
00111
02304
00671
06925
01159
01287
01094
06005
02676
05867
07060
02949
07632
07528
02099
03235
02937
03343
06910
03696
07552
08023
07351
04647
03372
00513
05669
08338
06876
06089
08329
00571
05352
01560
03611
01936
04594
00631
01030
04304
04991
03758
02236
01714
01052
07002
03495
07716
01278
01036
05710
05505
00490
03262
01504
01340
03582
02033
07920
00761
02586
02499
00668
01051
02926
03196
01148
01592
07154
06487
02468
04696
01244
07501
08070
04668
03217
06140
07815
07788
07323
02823
08364
01641
02627
07432
04353
07009
02428
01009
02021
02544
02844
05039
03782
00995
01543
01791
00276
02617
01257
04139
00453
06210
07568
05933
01237
07369
01604
06196
01751
08062
04148
06180
01132
05660
06207
00616
06462
03401
07931
04787
06010
07420
01109
03028
01609
03160
03269
06871
04905
00263
04893
07495
05980
03842
02975
04578
01469
07932
01656
00774
01786
00735
06909
05655
07602
07518
06864
02066
07181
01865
05439
08139
04626
06687
06425
03603
05545
05534
02126
00438
07454
05974
01234
04912
04094
01435
00813
04255
06882
02553
05458
05364
07525
03794
05674
04131
07187
00963
03436
00234
07344
04084
08332
04479
04913
03246
07181
04450
02107
02664
06548
06657
05431
06842
08027
00745
03647
00290
02926
01114
04120
04116
04853
00676
02939
05964
02863
06654
01281
00175
00151
01701
04235
04351
01542
04961
08108
04046
03349
08019
01907
05274
04780
03371
01208
01847
05820
02663
07394
07370
04742
00277
06883
08241
08326
06009
05858
07248
02175
02154
01250
01142
03764
06118
00627
01918
07104
01974
01397
02129
02883
07277
05733
05993
07914
06490
01302
01073
03178
06076
02541
08376
02856
04261
04744
00772
05816
04519
05131
06658
03472
01515
02281
00396
03815
04545
05212
07956
08288
04610
07218
02477
00413
02993
02820
00985
06002
01136
02867
04924
07016
06782
07201
04879
04698
01310
02890
05745
06463
02547
03933
08392
03284
05655
06618
05781
01333
08347
02010
00053
04152
04553
03414
03204
06647
03157
06021
00333
01544
06770
07365
06396
06762
06976
06389
07012
01790
00355
04748
02412
01232
01824
02682
06596
04384
07840
01898
07525
04770
