07329
01197
08096
05990
07181
01335
00499
05372
05620
04355
04458
05954
02904
01783
06866
00745
01203
03517
02914
07595
02502
00789
03381
05545
00521
07922
05346
01940
05374
02741
03276
01495
01577
07904
05247
00553
06473
05209
07094
01795
00014
01090
00594
03634
04804
07322
00692
05078
05117
02869
00819
08270
05566
00702
03807
06411
00846
05042
05466
05852
02749
06672
07896
01333
04401
05130
01154
03353
05971
05965
03471
04314
05952
03917
02108
06487
05542
03684
04930
05725
01855
04202
01887
01718
00778
03655
07817
06256
04430
05608
07495
07631
03735
00408
02050
06125
04986
01186
04843
05380
04081
02632
07940
06001
07586
06691
04532
07453
07666
01330
05633
03020
06257
06810
01413
07309
03104
02269
07813
05498
01134
07896
05475
05684
03981
01801
01678
00929
02734
04652
01136
04906
00881
01258
02408
03980
02378
00381
07226
05355
07768
07057
00616
05309
06024
05691
04022
07592
04369
00183
05306
05095
07008
00568
07071
05204
08211
04085
03809
06983
07341
00408
03050
02668
00245
04982
04695
02131
03015
08266
00653
04405
00051
05750
03879
04578
00891
05760
07678
05046
04134
08219
02992
06013
02108
01294
06474
00946
05889
01878
01477
06773
00234
02175
07284
04094
04210
07614
03389
01422
06830
07618
03777
06300
00177
04624
03994
03233
05675
07954
07496
02864
03881
06063
07771
02114
05101
01209
07681
00399
02623
03725
02664
02714
05005
07000
07499
00171
07364
01520
07766
02761
07461
03469
05180
07988
00592
08138
04229
03212
07631
05675
01253
06401
07771
02028
04956
00648
06995
05381
04560
01810
00913
06754
02444
05993
00491
01355
07771
00639
07107
02853
01503
07540
06208
06467
01572
07872
04493
07111
02056
02229
06907
02925
05888
02723
05568
05006
07053
04225
02414
04023
02230
00020
04447
05145
02927
04868
05467
02485
03791
00543
06147
01804
02646
04035
07262
02853
02417
01088
08124
05168
00848
00639
01248
03544
02267
02314
00355
06972
03576
03287
00972
05242
06812
01237
04185
07261
01493
01186
05742
00701
06756
02131
05460
06659
02985
02306
04603
05342
04429
00069
02346
02781
00944
02106
03738
02006
06879
02563
03846
02444
06040
03752
06158
07346
01646
06003
05094
07859
03428
00963
06339
04339
08082
00794
05833
01552
05879
05153
03819
03319
07118
02679
05793
00785
00023
07293
05047
05453
05407
05341
01776
06400
04053
00522
06274
00748
03559
07649
02232
02915
01357
02518
04794
02768
04920
02213
01136
06328
00076
01664
08176
02486
07784
02993
03877
02998
04791
06878
02429
07972
04165
04157
02840
03529
01255
01503
08079
08263
05756
03953
03505
02793
03713
00529
00764
06146
06743
06059
04059
03327
08100
06231
00623
05581
03605
05736
06648
05858
01408
05324
07168
02651
02770
00751
07163
06107
01830
05538
07278
03343
07037
04671
04302
03521
06862
06003
01948
03239
05143
01029
05488
04745
04980
01187
04498
07592
05850
02123
05701
04278
05648
07755
07599
05499
01185
01830
00962
05965
02675
07459
01978
03536
03849
03236
08299
05954
07730
00684
07218
05035
05431
01386
00297
05037
00830
04394
08116
07493
03614
06707
02672
07905
03900
04895
06174
00679
01428
02490
04043
03156
03041
04593
01083
06159
02021
04428
05660
02105
08108
04964
01655
05660
05360
05551
04123
06992
04348
03481
01254
00034
07071
06835
06944
06689
07593
04104
01021
04003
03916
05860
00891
05168
03739
00206
01466
07895
07924
04646
01197
01562
02117
05523
04999
04208
04962
03239
03258
07042
06789
05469
00027
01894
05538
04800
00063
07980
06758
01642
08098
00208
06532
07804
01050
01725
04955
05625
01067
00920
05868
05019
07466
06456
06163
06037
00216
03970
00472
04751
05934
06963
06069
07876
01056
06581
05067
06306
02411
04323
03827
07312
05706
06281
06366
07785
05724
00935
04184
07110
04664
01138
06470
02514
02303
04145
05904
03510
03261
02403
05107
01098
06607
05178
02560
07251
06523
07912
07497
03536
04477
03222
04160
03549
07887
06306
02667
01140
07353
01033
01839
06361
00943
03898
06317
05083
02208
06271
00778
03918
07411
03278
03115
06145
03845
02389
06326
02619
03927
03034
00129
00614
03157
07217
04813
06926
03584
06579
04998
07068
00029
05869
02694
01370
06676
07035
02747
06952
02584
06447
01519
06489
02912
01703
02607
05192
07175
01386
03236
05918
00117
04423
04562
05253
00983
03115
06186
02744
07830
03741
00084
02074
00003
01132
04135
05949
06994
00378
01413
06802
06157
00917
02246
00379
01728
06670
01052
07950
02711
03585
05953
06118
02240
05768
04618
00408
01987
03905
04052
04183
03356
05267
05357
06333
00825
07533
05392
02814
02769
04969
06039
00696
00989
03544
07639
07204
05293
07807
05778
00923
02560
01512
05452
02937
01145
00339
04847
00341
04193
06507
05470
04887
03531
04477
01212
08102
06981
02659
07851
01745
06402
00290
07480
02543
05562
05066
07546
00648
04054
06055
07376
05440
01197
00946
07419
05821
03570
02802
03593
04437
05849
02709
01192
07332
03957
01115
05550
00560
00661
04797
06675
04890
04120
04560
06805
05862
00310
03885
03644
05987
02236
01885
02843
00377
06823
05066
02113
03928
00138
05293
05597
08022
07783
06802
01438
04738
06609
01598
03131
05088
02863
07084
06952
04713
04008
03808
03213
05779
04198
05026
00383
02997
05997
05946
03558
00837
07099
03361
03275
04992
05514
06358
05987
04244
04598
00328
04520
02793
00029
03709
00614
00485
05008
07460
02987
03270
03517
00821
06165
04070
04554
07377
07501
06007
05873
03469
08238
01021
07847
07042
03647
06967
01937
04095
06271
01446
04944
05953
03686
04986
00997
04985
01808
04876
05952
05153
02234
07541
01963
02903
08081
00508
05274
01597
05049
07951
05347
02478
03991
06900
06140
02951
08091
05099
05968
06563
00708
06217
08175
00486
01261
03791
06497
03844
02969
02685
06783
02930
01315
03078
04939
06274
03125
07728
04250
03851
05003
01218
01471
02813
08053
00239
04662
00254
06953
05471
02894
05895
04998
04312
01540
07074
03659
02625
03114
07560
05640
02923
01865
06812
00637
04569
00016
00763
07304
02107
05662
04131
07987
03345
03806
04430
02811
00469
07733
07700
03391
07823
06363
01874
04039
00068
03548
03655
05842
01397
04192
06560
00250
07690
01354
00367
04044
01719
07871
07616
02926
00025
02993
05229
06522
01294
04907
05186
02810
06851
03284
06081
05344
04162
03036
07068
07637
03384
06629
08067
06945
04521
05841
07637
01959
02827
02934
07263
03748
05178
04595
00776
07865
01469
06221
02461
07886
02206
06742
05452
00205
06044
00441
01909
05565
02474
02332
07865
02917
01001
03708
06335
00008
01343
00387
06825
05446
01894
07088
02392
05125
06915
01672
03624
01263
02692
05264
05750
04917
08258
05444
07997
07237
02577
08275
06627
01252
02594
06920
02393
03610
06634
00089
06303
07972
01209
01470
05850
01260
02638
02226
05321
02084
06931
07207
04818
00717
05981
02008
07489
07162
08200
00048
01811
03566
04557
01261
00713
07523
04222
06559
07417
06353
05364
08136
01842
02215
02224
02589
00936
02657
06604
01134
03199
05367
01436
02455
06833
03946
03420
06507
03326
03117
02426
00819
07100
04516
07885
04481
03641
05608
07090
06113
02024
02118
02034
02372
04570
02183
02577
04652
05369
07988
07815
03522
07446
00816
06955
07109
07521
05979
04543
06434
00733
00178
07478
02956
03608
00226
03117
08069
06008
00837
04538
02975
06291
01288
04649
07531
00717
04978
05155
02116
07219
00750
04611
02848
06046
02062
04893
02184
01715
07344
03507
02577
04541
02713
06570
02144
04617
01632
05476
03178
06005
04525
00682
07712
05941
06980
03629
04408
03436
07014
08149
04424
05561
00119
04202
03249
07874
03997
03004
01020
06381
04708
02507
01984
05852
02459
03037
07925
05237
04888
06910
03376
07397
03668
05145
06585
03934
01250
02765
05142
02586
04778
03785
00449
00224
08046
01573
05549
00235
01509
01494
01526
02954
05980
05880
07739
00228
00099
02190
07874
01655
04508
01600
05207
08173
02938
00577
06013
07334
05557
05545
00122
03169
02638
05037
07778
04967
06088
00419
01348
04969
07835
00557
02777
07847
04720
01789
02606
08258
00928
05063
04788
00627
01425
00918
01095
07030
04932
05694
04328
02525
03710
01615
01881
03495
02287
05527
05643
01090
08256
07662
05118
08032
04873
06623
04478
06574
01139
01375
01989
08193
04992
05750
03682
01346
00658
04631
06612
07839
04873
01442
05239
05296
04709
07696
03373
00629
06763
01106
04261
00501
04896
05362
02571
02988
00013
02062
03116
01210
01786
05625
01411
05015
03494
01405
06905
08283
03892
02051
05274
01435
04804
01738
04850
08222
02781
04534
05075
05999
04860
02213
05104
07208
04082
02864
02679
07824
07374
05908
05439
03699
05449
03549
03378
02518
00615
04819
07099
07358
07011
06396
00764
05001
03259
00662
05807
03424
01611
07013
01491
03008
04061
01290
06534
03508
06050
07715
06721
06293
05280
00204
02152
01413
00943
01447
02632
04935
02873
01996
05639
07795
02854
02131
03036
02078
03909
07874
06016
01716
01907
07408
00253
05870
03874
03388
07521
04376
06985
04652
04775
01407
05271
02437
04714
02861
04701
04264
02511
02814
06478
06136
05266
05299
06038
07027
05132
06802
05979
05518
04665
02384
05124
02020
01893
04099
07635
04547
00629
08025
05007
07779
07191
02262
06547
06129
07146
02574
05351
05636
06293
07046
05044
06050
00791
02113
05271
07701
01790
03872
06851
01898
07969
02108
03163
06632
05922
05712
07400
01935
02821
08125
01312
06123
04674
07825
06625
00091
00871
05277
00416
04734
06195
07292
01081
00928
03851
06754
05896
00320
07816
06218
03795
05131
02180
02546
02584
05953
06250
02057
00522
07836
00089
03058
00739
00752
01069
07810
03811
04991
01094
07708
07921
07154
04453
04713
05148
07253
07637
07624
00942
05141
01795
02466
07125
03275
02271
00240
00586
00790
00084
05185
04463
03849
07617
05956
03980
06187
02918
02383
03323
06240
07746
07033
01090
01037
00863
02294
05834
08201
01769
01761
06489
03111
00607
07025
01427
05039
08017
00065
03558
04296
02015
05097
02441
07848
00255
03985
04493
05044
07290
07277
03408
04040
03875
02875
02818
00483
02349
01830
03365
00700
01596
04752
07680
03248
04196
07767
02976
04216
04574
01697
07200
03902
04184
03305
02747
06948
06808
01683
01444
00026
02457
05051
08246
01750
03042
04299
01626
01327
08295
00744
03722
02826
03385
07130
04020
02152
02738
07767
06616
04436
00987
02593
01103
06133
00228
03989
06517
01725
02722
02957
03538
08078
08087
03735
01233
01754
03874
00744
05253
07978
01557
04623
01938
07195
03997
06261
07820
03124
03961
07662
03688
01868
07052
05916
01812
02585
05105
01245
04672
00455
00532
04455
03846
05759
06563
07915
07426
06808
08215
05818
04517
07827
04270
05144
02360
04859
05051
06591
04850
05371
06917
04841
05606
01317
06611
04490
02942
05709
06164
05664
00002
08147
00315
02558
07145
06170
03607
00380
06703
05744
06046
01653
00611
00627
01516
07907
01188
02226
05111
04584
05720
02530
03197
01917
06704
00829
07538
03152
02575
04001
01385
07899
07373
06843
00846
01669
01847
02586
03158
00950
02242
04394
06134
01650
02290
06625
02461
00007
06982
03356
03030
02634
07406
00821
00311
05889
00001
07442
01633
06808
06308
04098
01808
01938
05627
06428
03806
04696
07067
05168
06683
01040
06358
06914
00512
06492
01468
07938
02815
00721
06842
01630
05151
03151
03001
04511
06857
03871
01409
07350
05727
07668
00196
07364
04436
06221
00662
01938
00717
02816
01922
00967
07735
03091
06351
02340
01095
06859
03470
00221
02008
02882
03761
00166
02175
03190
04221
03913
04397
04217
01864
07207
05416
04576
06985
00702
05287
07652
06249
02885
06514
07791
02392
06252
03891
01624
00145
01648
07608
00651
00992
00967
04941
05160
06937
03393
07729
07736
00718
00110
07129
03661
08118
03180
04897
01890
03080
06361
06804
03050
03224
02541
06159
07871
03309
01890
01921
01496
00856
03078
07662
06101
03205
03863
02246
01947
03984
03663
00957
02287
01823
04042
00870
04255
07695
01276
04833
02504
04080
02592
07066
00968
07076
00367
07760
06732
04032
02046
01874
03454
02501
01930
07993
03876
01541
06734
04787
04029
00025
03904
05768
04461
04025
06175
01276
06637
01876
02145
03581
04797
00470
04920
01983
00982
07507
07913
01953
04612
04125
06188
05570
02224
01159
02316
06050
02848
04698
08176
02848
03524
06996
02373
05933
04718
01139
06038
01427
00253
07116
04694
07680
07558
05298
02168
00205
05779
06339
00476
06639
02637
00478
00903
02745
01452
08209
05725
00532
07686
04286
03324
07229
00305
08289
07660
05905
05976
03466
02298
03947
00360
06531
02110
01066
05014
01804
00525
00725
02425
02587
07909
05170
00638
06993
01971
02495
07984
01817
04815
01392
02965
01154
01646
06225
06892
05893
04478
03947
01153
05822
00180
02096
05262
02365
01727
05796
05925
01527
08138
03323
02830
02439
02534
03340
07596
05546
00373
04380
00988
05051
01055
03329
05105
01837
05879
03258
06668
02382
00508
01068
07832
00527
06347
02637
07359
05450
05848
01889
00531
04632
02744
03823
01335
07343
02688
01460
07358
04279
02369
00999
05934
03657
02689
00751
07335
02744
06199
05850
06275
05294
07672
05014
06901
05416
06664
06736
01910
04158
06609
06598
01612
02042
03558
05097
01560
03603
03288
05747
00604
03005
00178
03230
02044
03296
07314
07731
06809
03579
05717
00935
01583
02320
04628
06192
05985
01994
07382
07727
05589
06926
01413
00714
00961
05806
04725
05837
00856
05039
00292
01839
02342
05851
04289
04371
00011
04657
03764
01712
00721
05977
04610
00731
02633
06416
00434
03463
07343
06068
07643
03760
00062
05160
06054
01481
07005
04316
03720
06587
03289
04848
06686
03091
01717
00863
05357
01163
03487
01323
01625
07787
08227
00388
04261
07291
05605
05838
03984
03894
06999
07531
02703
04173
00557
01170
03139
06944
06649
05115
06000
06614
07569
05929
05408
01124
07627
02442
06539
02003
01496
00150
05095
05863
07529
07081
02735
04859
01118
02706
02808
06478
08254
00619
04011
00443
07708
06023
06924
01378
00972
00548
02625
03208
03645
01914
02712
00221
07871
03408
00754
02993
08106
03286
05171
00780
01913
02787
06231
05711
00741
02517
05848
07597
08071
07563
02955
04810
01625
03079
03589
00680
05134
05403
04606
00427
05116
03211
05885
04527
06546
05724
04051
00494
00724
00115
00698
03359
00426
01808
03962
07359
03250
04158
05559
00522
04134
02076
03038
04426
02109
08223
00878
00129
06695
01803
02699
07697
00768
05952
07090
04081
05918
02867
08245
02438
06263
05609
04278
04111
08036
07928
05787
00967
02233
06012
02216
03938
03207
00778
05788
07079
05844
07221
02479
04113
04843
03881
07309
01580
02531
05705
06013
07220
02662
07649
03489
03205
02423
01209
00849
08293
02132
02589
01771
02307
08146
03513
06417
01264
05639
03649
03718
04201
04058
03631
07256
07021
06275
06309
05536
00889
01510
03387
03149
03902
02510
06785
07398
00531
01051
02842
00522
00244
05761
02541
02105
07158
06332
04796
03417
02561
00477
04588
04740
08096
03687
08212
02897
06796
03642
02558
00603
04368
02073
06893
01221
00810
05767
00908
04645
05143
01449
00791
02588
05277
06871
08156
06750
03458
08213
03094
04575
06164
04137
07187
03769
04687
03998
05331
07299
04627
03465
02969
05395
01721
02732
07826
01139
03713
07203
07797
06537
03651
05027
01302
02989
01882
01459
08128
06146
06733
00966
08225
02793
00405
07815
02208
01882
07656
01116
02487
04008
00821
00386
06346
07463
03908
02534
04252
07334
05973
04045
07437
01959
06969
06554
05423
04996
05182
03688
01587
02183
03393
03710
03139
05490
07677
04424
02585
08126
03446
06357
06757
01113
03731
01651
03300
00312
05937
07304
06843
00726
06302
02738
07488
06659
06219
03993
05828
06708
08234
07634
03681
02152
01056
00292
00798
05534
01823
04751
05682
03366
02936
02424
03646
01798
01159
00192
03052
04013
02124
05310
06789
05079
00207
03640
03554
05408
00583
02538
07162
00319
04300
00261
06692
00495
01071
01715
08008
04561
08219
01352
02257
05249
04367
02199
00431
05027
04180
04723
05954
05219
01004
01888
03071
05789
00200
05606
06790
02574
07338
05043
03990
05784
06552
05746
01569
07993
06146
01028
00300
08199
02986
05928
07996
02144
02811
05144
07002
01401
01867
07634
07517
05461
07951
04877
00042
01043
05038
05852
02533
04546
01988
03949
05651
01071
02609
01204
05827
02105
05997
02007
01699
05016
04196
07514
07207
05302
00684
00224
08033
01406
04291
06368
08030
02440
00399
03622
05509
07283
06024
05894
08206
03172
06570
07388
05909
01251
01339
03859
07724
07735
07672
04940
01247
04152
01444
04662
01327
03696
02186
03507
02663
05767
00449
01329
03877
02883
04842
06431
07184
06384
00698
00929
01630
00463
08209
04156
05032
02734
01411
03959
02073
07608
02895
00562
08117
03599
04734
00944
03784
03630
06513
04200
03821
01401
07979
05278
08085
00587
05454
06964
08235
01818
01081
01452
03449
00360
01460
02860
01564
01135
01804
04497
00442
00672
02718
03590
01834
01573
06930
07541
06882
04474
01345
02720
06977
07618
00088
05606
02275
03888
06808
05049
00206
03465
01012
06380
01530
07298
01986
00373
05345
06838
08019
04512
07214
04802
03160
03860
03469
05438
04397
08144
01932
07367
04150
06739
06560
06588
04485
04505
03858
03665
01912
01957
02585
03690
03188
06643
04334
02406
01423
00819
02364
00387
05542
07965
04258
02051
00551
06108
01966
00470
07923
06905
05867
04803
08195
02813
08215
07041
05341
03716
02759
06874
04294
06845
06541
05055
05544
07947
05929
07235
01998
05114
05744
04034
04220
06618
08089
00730
04505
04210
07217
06717
04939
04997
00503
01683
05042
03198
06725
08083
04429
07553
08110
01556
00250
00549
01905
01333
07097
07787
00991
01378
06405
01242
03237
01063
07875
00573
05365
07092
01511
02561
02538
05407
01813
02619
07555
08198
04301
00585
01034
06708
02988
05482
04707
04727
06636
03609
00633
06372
04062
01696
06027
04082
07706
00538
06947
02202
05791
06637
08147
06952
05438
05622
06038
03504
00333
03563
06396
06320
07394
07084
05610
03514
07462
05663
01581
01002
02552
00033
00145
06332
07195
01597
05077
07232
07938
05539
05086
04083
05144
04495
05114
04295
02560
03541
05727
07548
05976
03725
00885
05594
00951
01620
02077
02315
03248
06038
01153
04345
02777
08048
04517
07313
07409
05914
08279
07187
02790
02969
02386
03490
01031
06286
07380
06949
01122
02910
06299
04356
03566
07830
04148
05120
05581
01328
03896
08209
01605
00557
01138
02250
07621
05587
07681
06604
03855
03179
03971
03936
04280
02475
03792
01239
07828
03110
07118
07613
05088
00524
03209
00654
03950
04949
00138
03089
01164
02119
07477
04707
07806
06183
08085
00154
05486
05530
01782
02731
05689
07117
05557
07807
03865
06687
02042
04755
07009
02751
06147
04519
03142
04797
06309
01919
02236
05182
03238
04822
00824
08276
03038
01492
00062
07077
01170
02872
05773
06297
06646
02323
04752
08019
00463
05443
07245
07659
00846
04180
00073
03182
06612
01348
07639
00675
05119
00852
07549
00674
03334
02394
01433
05940
01914
02650
07013
03322
05961
08225
01007
03419
08215
00129
04676
00877
01887
07788
01295
01156
01451
04531
03317
05217
04981
04772
06941
00186
00752
05659
06472
07916
03655
03574
05823
02219
07917
08044
04088
03738
04761
02584
03062
01465
07872
04635
03803
01987
03665
06779
01509
04942
06189
07240
05623
05983
07238
01506
01399
07828
05886
01265
00029
06716
07468
07701
07301
07941
04903
06089
00730
05025
05210
01302
05599
02935
06641
05414
03356
00958
04227
07760
04390
02092
03281
05232
00638
03601
05394
06934
04792
01395
08019
01891
07805
00946
06231
03960
02361
01017
05588
07979
02583
05535
01802
01778
06010
05557
01190
01155
01092
02049
06839
02294
06781
06032
01305
03349
00071
07597
07133
03201
00890
03977
03638
02851
02735
03627
03129
01862
07693
00960
00377
02377
07600
07897
08131
04546
02362
01959
05496
03372
01669
00916
00425
07646
03088
07828
04947
01004
03934
05698
04649
05967
01531
06143
04223
06879
06460
02690
07885
01124
07563
00266
06669
05131
04377
03946
04194
04586
07857
05096
00558
00455
04447
06920
06210
07675
07925
03965
04685
01942
00681
07520
02388
05543
01484
00424
02250
07257
04927
05503
04325
07834
01557
04935
04099
06573
08177
00579
05478
02891
01802
06885
02083
06294
00192
03608
06086
07430
07873
07738
00573
00805
02030
03408
01603
08014
06649
03815
03091
05491
00413
00447
05922
01083
02572
00527
02705
06543
02104
00743
03836
03577
01716
07870
06677
02095
03591
04816
01445
07770
03801
04297
07010
06887
06053
03428
02057
05323
05574
06695
08115
01631
02009
05800
05119
02227
01368
00689
05571
03589
07011
02466
08024
06611
00029
03231
04683
04521
01833
04168
05550
01884
00147
01992
07093
02926
01988
04599
03043
01579
02239
00833
04321
01279
07899
00216
06857
04571
04094
05378
03035
05743
07761
02068
03805
02937
04795
05115
06097
02623
06676
05357
00878
07279
00520
07500
06428
05728
06214
05566
03697
00517
01712
02713
06036
05054
03576
00871
03924
05175
05951
07846
05510
03017
05458
05597
05676
05204
02104
06475
07376
02999
07240
06190
01777
04224
00807
06457
01309
05995
05360
02095
01614
01398
07273
04283
02290
07951
01139
05339
02799
03978
03630
03125
05737
06251
03251
06730
04009
00660
00122
06883
05014
03840
05387
02043
00606
00458
05706
01923
06110
00677
03276
02085
02595
04601
03105
03286
00010
01032
01976
06958
07675
06961
00462
04282
05303
02401
01647
01306
03059
03280
07902
03743
08125
01253
05684
01433
03102
02858
08052
00009
02089
04380
04574
04540
01268
01007
00022
02011
04085
04632
01788
06203
07184
04667
02559
01067
04308
01583
07383
05310
04951
05685
07300
01715
06988
06724
04928
05663
04312
07723
01381
01520
05017
02890
07189
01348
05788
04024
05882
02118
01445
02543
00982
04507
01293
04060
07176
00518
05240
03329
08050
00072
00013
03370
07792
07914
04983
00012
07693
06625
03453
04910
04084
01124
02902
03214
06733
07394
00724
01519
02459
01839
00984
06560
00827
03401
03491
02042
05947
03684
04895
02532
03524
05170
04704
01223
03610
03321
01222
06369
02459
06019
03609
00587
00846
00585
06013
00831
03071
03313
04068
02956
05955
06109
00524
06409
03966
00933
04926
04750
06498
04944
07549
05646
06934
04600
05541
05090
05473
04840
01345
02807
05249
04942
05576
06049
04584
03366
07476
01471
00070
02418
06095
03680
06951
05370
01075
07273
08236
01963
01605
06139
02290
01132
03795
04592
02828
08188
07704
06925
06331
06235
03665
06781
05011
06845
04409
00888
00448
07705
04117
00577
01546
02591
06118
00635
04067
08292
07496
05024
06356
03352
00153
02014
01331
01634
01812
01910
05160
00748
06996
00028
00574
01921
06180
01473
01146
04944
05773
04833
03295
05448
00062
02469
06416
04506
01264
06972
06839
02432
02252
04030
03066
05847
05894
05862
04370
02007
00160
03173
01312
07595
00594
03460
07428
04576
06300
03494
02389
01112
02483
00196
06273
04515
06693
05999
01299
06615
06499
05928
01783
02513
03161
00835
04687
03384
05335
00533
08261
04354
04959
00283
00948
01033
03893
00080
00427
04750
02312
06676
07424
01671
04808
02224
00366
00036
02478
01974
02132
07100
07549
05690
01855
08273
04448
00859
02230
06883
03413
07663
07856
08257
03677
06041
06119
02931
05791
00477
00284
07807
05924
02895
07472
02172
04804
06726
00250
00033
07615
05496
01678
01475
06954
04618
01754
01142
01286
08010
00376
03705
07604
02417
00185
04950
02174
06660
02457
06384
05769
03162
05428
03561
07513
04483
02796
06908
04722
02345
01769
00800
06889
01720
07802
02979
07291
08162
08074
01657
05534
07328
07304
01149
00899
02543
01987
02926
00495
04018
04663
00408
05266
06964
03177
07194
00473
00560
07485
04981
02340
01210
03570
02487
05945
06762
03231
06556
06532
01891
00442
04730
03876
03541
05250
05867
00987
04268
03142
05473
06510
02789
06628
04368
05888
01175
00692
04460
07829
07515
02254
06253
07659
00424
01359
02794
02673
02042
06145
03055
07297
04160
01213
01300
07256
02853
03647
06084
00647
00452
00357
03791
06425
03291
02709
07994
05176
02366
06528
03881
04214
04106
00024
07183
01954
04692
04806
02467
08019
00872
00189
03655
01009
00930
08248
05881
08250
07632
00302
01391
03661
03784
00706
04543
04315
06626
05184
01624
05250
07334
04043
02285
04843
08250
01922
01712
00107
03929
01173
03468
06290
03572
01278
04352
00909
06504
04800
07991
06855
05895
01020
07192
00282
02328
04811
05830
04448
00132
07108
06098
04665
03026
00156
04270
07356
08251
06952
05542
05746
04968
02710
00098
07899
03342
00117
03934
01932
01392
05523
06203
00545
06132
03092
04099
02765
02107
01385
01312
02524
04171
00951
08258
00386
01758
02083
08066
02313
08041
03391
06492
05549
08185
05558
01029
07904
03650
07804
03010
02771
03630
05302
00788
00498
01292
04534
03833
06364
05318
08068
05689
02192
00890
00489
04774
00384
05387
00003
01574
02807
04089
06806
05710
03966
04514
06013
06797
02778
04637
04826
06475
07122
06927
07461
07852
08065
01491
04363
02981
00328
05396
06912
01441
02510
06808
01278
01105
03848
05589
04465
01766
00872
08149
04097
08113
06329
04678
05003
03629
05786
01537
06705
07789
04365
05974
02572
01133
03566
05186
01447
00943
05233
02981
02633
05767
06912
01987
03475
03096
08114
04899
04710
01630
00362
01182
02261
05832
08172
01003
04544
03274
02871
07199
01101
01593
00351
01772
00994
07844
06261
06379
00240
00312
02346
05539
06439
00688
03361
03262
06196
04206
01065
05446
08140
04505
04288
02033
00278
00683
00833
03461
06988
07360
07769
07651
03086
00762
07009
03573
03193
06165
06547
05179
01776
02262
04532
04355
03290
01708
02485
03624
04859
07875
03899
02345
00968
07712
00146
06904
06614
02286
07932
03785
05999
03675
00284
05390
03989
01828
06598
04300
04160
03184
08058
06607
06811
01740
03842
04120
00922
03467
03140
04359
04347
04279
01013
05157
05346
03391
02336
03360
06772
02082
04323
02471
06984
08203
02264
04270
05722
03632
05819
08170
01510
06300
01612
03881
05736
04567
01289
03464
04958
07620
05631
04118
00173
05606
01506
02882
08122
00326
00758
03262
07373
02722
07256
05110
05049
00247
07826
01136
01248
06780
06220
07390
06756
06554
07552
01023
04543
08129
06369
04695
01340
02156
05940
08069
07671
03533
06152
06814
02684
01605
06240
01580
06407
07767
01743
06911
00196
01148
06248
07329
04311
00698
01080
05280
01395
07086
00134
04591
05613
04733
01305
04170
06190
06087
03917
01024
03105
02071
05384
08028
04296
02507
03907
04708
07066
01363
02666
07669
04767
07358
00472
04747
01159
05426
03032
02050
02809
04916
07966
02167
07449
00611
07594
07836
06045
07729
05037
06787
02830
05565
07761
06914
08237
05605
02370
00740
07028
03172
02634
03101
03864
05481
06097
05991
02337
02414
04336
02089
01299
00751
05184
02025
08031
05535
01068
01258
05762
01558
07960
04338
05346
07106
08136
03136
07461
04023
00673
05790
07204
06129
06302
07634
00072
01892
06735
05794
06409
02824
06635
03804
07429
04373
02829
04479
03728
04870
06227
08188
04015
00645
08046
04937
04237
06042
01905
06335
03858
06305
07796
05245
02699
05299
07264
04769
01099
00769
02050
05342
07918
04059
03230
07932
03699
00384
08176
04975
06911
02343
02614
00253
05797
00539
03011
02160
06364
03021
07115
04971
00062
06306
05063
02744
03315
01116
03877
02589
03181
04742
03599
02093
07068
01307
07945
00108
04269
01597
07448
06083
03301
04762
03421
00573
06272
07504
08008
07399
02979
07023
06651
02711
04731
01987
03618
05353
02564
03934
06461
00747
07706
06471
04132
02169
04280
04529
04319
03217
04675
06447
06883
04394
00445
01744
06506
05042
03327
02612
03923
02566
04949
00809
06425
00628
02530
01232
03306
01507
07392
02137
07203
02986
06178
00326
05879
07560
00245
00028
05529
03646
06900
07316
01856
07432
07880
02072
05195
07237
04372
04906
05526
07933
07014
04126
06352
05185
01471
00861
03606
07201
03618
07515
01820
03019
02433
05105
04175
07285
02735
02992
03447
06681
07126
04746
07120
03352
02289
02450
07836
06756
06498
00744
03216
03044
07095
03531
02825
00902
03950
03226
08029
04097
04187
06874
07115
03105
01430
05258
05676
03727
05459
03558
02268
04274
01991
05918
02029
01896
05432
01563
00939
04723
03332
00632
08273
05019
02919
04866
05584
05653
06611
06754
07385
06734
08001
05981
02774
08253
00335
01982
01418
00684
00080
04345
07933
07838
06077
03868
02525
03483
04966
04373
01278
00321
04996
01478
05417
04198
04722
00393
01068
00087
06902
07162
03782
03048
02836
05152
05378
04079
07042
00688
07909
00415
03047
00561
02766
02449
07418
07611
05594
04597
00110
07603
04318
05191
03004
01388
08109
03613
08165
02744
04366
04839
02991
08082
07214
06895
08095
02296
07558
00074
02140
01443
04718
06683
03651
02534
00910
05318
06671
02460
05162
06518
02880
07382
04746
03768
07385
05132
04559
06345
05447
01321
03573
07706
02641
07646
04730
04002
06486
08068
06092
06986
01254
05754
06995
00326
04369
01821
04978
05685
02360
04255
00424
05517
05713
04939
03363
04425
02080
05204
07745
03072
02677
00870
05319
05923
00550
02785
03795
04387
06574
06244
05061
05161
04986
04470
02054
05571
00039
00861
02246
08223
04193
07816
04941
06264
00741
00507
03840
03353
06759
04350
04178
03851
05762
00850
06150
05296
04124
03697
04964
01537
01042
03425
00308
05696
07749
04639
01758
04890
04552
06842
03413
00620
06542
00143
06171
02358
02675
02613
04387
07561
06879
05894
04158
01419
04507
05921
00954
02637
05597
06912
08017
02592
07294
03574
02574
00953
07619
05800
02231
02451
01781
05861
04460
06059
07347
05407
05491
07999
00355
08242
03930
01545
06500
02530
01353
03366
00939
01884
07536
06307
00311
04695
06258
05532
03767
06751
03719
01088
02896
07443
01281
00486
03397
05156
00122
03041
05043
05306
04134
00435
02701
00645
03205
08288
07941
00048
01919
04398
03146
06242
02716
01313
00891
00577
03703
01593
06424
01852
05255
00676
07047
04366
07149
02278
03497
02081
02709
05553
05700
07654
02451
02086
05534
06298
03513
00874
05804
07353
01677
03565
03985
07507
08142
00312
01261
05640
06608
03407
06758
04158
05057
06722
05330
07934
02093
01761
06667
03032
04131
00772
00633
05431
00430
05789
02746
04769
00378
01240
08180
02305
00381
01572
07287
03524
06137
05964
08221
07226
02670
00031
02440
05652
07405
05809
08020
04427
07979
08282
06694
01051
02888
05865
04785
03339
06763
04246
02348
06891
00784
04386
05072
04188
06561
02316
00716
06759
01734
01340
05771
07184
06872
06867
03915
05870
06545
08230
02056
05680
07098
07677
00967
05416
05957
08233
06985
07232
07414
06222
01856
07466
00854
05971
05258
07321
03992
03547
07057
03234
00512
02096
06363
02617
03454
05500
00842
00280
01115
05348
08103
03879
04222
00266
06849
02974
05338
06991
05866
00339
04856
06533
02758
03173
04213
04771
04760
03941
00038
05603
07198
05437
00581
03645
00188
01703
03572
03826
05593
03171
00720
07216
02570
01278
05775
00558
07093
05926
04207
05048
06450
04588
04991
01383
02432
04957
00537
01879
06411
01024
03440
05239
00653
00270
04230
04423
07240
06664
00842
06221
04029
03674
04007
07002
02639
02182
02898
04715
04374
07467
00371
03327
04822
05223
08097
06041
05515
00692
01889
06703
04731
02634
06744
04506
03433
07087
07022
01629
04269
06157
07864
00378
03453
01814
00825
01020
01427
06662
07453
04750
03604
04501
02731
02425
06398
03796
01517
03925
06453
07153
06302
06006
05292
01051
00560
03982
02603
06859
03015
03956
02557
03734
07231
04079
01929
06621
06762
05257
06538
07024
00378
01159
04776
05184
06302
06666
00337
04862
01655
02912
07841
07852
01027
00621
08142
01334
08042
05506
02877
05327
02394
07983
01586
03395
01121
07673
05482
05873
03545
05995
03192
01854
07168
06954
07589
03181
07285
03649
07801
02286
05415
00418
02900
02089
02445
02427
03081
05372
00796
07069
07518
00990
06634
01123
01977
06823
07576
05652
00108
03777
04135
02522
05413
05781
02203
06371
00200
02142
01848
02282
04353
05888
07286
06152
05817
04241
02340
07705
01681
02701
03277
04445
07763
03824
04364
01419
03486
02928
07215
08189
05121
06894
06572
07840
06637
01109
06863
04071
02008
01626
01314
07074
08265
00795
00318
04576
01960
03607
00128
00178
06206
04565
00886
04081
04399
00593
08272
00656
01138
06531
01374
01434
06620
02802
05359
06118
00015
02113
01644
00096
06557
04802
03144
07897
06240
05241
01253
02968
01794
02020
00560
00847
02203
02251
06133
01993
07431
04085
03042
01665
01638
03111
03837
03473
03962
04715
01773
05502
00009
03623
03891
00487
05392
05720
06494
04854
00027
02960
03202
07606
03338
00938
05829
01136
08214
01364
01939
04857
08290
07193
03509
07735
06745
05051
04145
02888
05541
03065
02533
02632
00369
06537
03042
05469
01056
08171
07460
01594
03123
00701
07805
04072
06785
01671
05590
00927
01261
05272
01253
00496
04328
04064
04977
02098
03822
07154
06100
00529
01497
00894
03573
00503
07104
05860
04911
01600
02710
03979
03685
06556
02174
07363
03058
00744
07066
03875
02636
02099
00321
00043
01154
06040
05166
00359
03264
08033
01325
04129
01632
00790
05696
07792
01399
00184
00543
03603
04645
02930
03093
02521
07081
02413
01277
06456
04013
06228
05378
00324
05555
02818
07967
05261
02978
06112
00272
06569
06248
08016
05081
05668
06528
07001
05241
07458
06659
01342
04568
08096
04084
00541
02741
02559
05294
08208
04056
01598
05951
05342
03192
04932
04970
01156
00825
07609
01625
01136
05728
03086
07506
02592
05288
00575
05364
07068
03625
00013
03562
00522
02964
03841
00816
06115
00463
05756
05722
01034
00423
02014
00423
01336
02136
00318
00022
02494
04836
05616
07939
04532
01064
06046
00997
00217
03900
04749
06596
04477
08158
02096
01032
00751
04431
04107
01497
08166
05662
06949
05909
04098
02030
01096
02360
00077
05231
03138
01639
03288
01760
01298
07325
00624
00596
05321
06878
00702
03698
03648
02325
07607
01120
07271
06333
02550
03753
07918
02100
04188
00575
00208
02221
02641
00912
01344
00468
01356
06636
05705
01032
00505
03733
02607
00225
01092
07034
01776
06829
07719
03287
04002
00485
05293
03061
00042
06924
02994
00842
00541
08016
02307
06849
04160
01092
00838
04499
06469
00670
04607
00615
03926
08050
05854
01834
08246
04245
04288
02029
00426
07965
00446
05329
02143
06742
00565
05668
07141
07082
03600
06729
04506
01717
01013
02688
02481
02170
05398
07386
05556
02151
01113
02401
01137
03441
00410
05737
01780
06592
00777
06338
04020
03179
02428
04561
05253
02847
05970
05810
03985
05846
02372
08088
02835
03851
03536
02441
04527
07925
01248
07032
03101
06585
03014
05022
05190
03732
01938
00881
03314
00898
01213
05163
03516
06750
02199
05891
01654
06240
04268
04985
06037
07102
08244
02705
03609
06438
03262
03604
03515
06651
04325
06530
02128
02726
00201
01104
02946
06572
07973
03769
05457
07311
02297
00956
01684
02232
01539
05170
02147
04389
06539
06581
07042
02419
08007
00782
05912
05030
03290
04715
04792
05336
04837
02185
07025
02288
05572
01753
02216
06177
00540
02350
01080
04932
04485
06588
00900
03575
01255
01568
03976
00546
06734
01409
04326
02636
06423
04873
06007
06604
05260
06872
02467
03482
06747
01679
05111
05409
01758
00437
01313
06446
00678
03069
01225
03455
06265
05279
07210
00119
05960
04804
00681
02912
00951
07153
03271
01195
00973
07723
08015
00590
02659
02879
00722
00426
04512
07433
01631
04836
02879
06883
01651
04084
02256
03492
06737
02514
04914
03558
06904
02998
06601
06577
07398
00209
02997
00262
06981
02573
05148
08228
00620
05494
06769
08115
00091
00475
00203
00623
07317
01934
06703
00583
05304
03595
06149
04708
01492
06468
07518
01432
01849
02061
00103
07229
06534
04667
00684
07639
04238
07369
05608
05805
06190
06719
03145
06108
03262
04751
07936
04573
04677
00801
05994
05114
05807
01274
07146
02121
05722
04113
01202
02265
07273
08131
03362
04826
07738
05701
07512
07528
00012
05388
02354
02823
03369
07953
00603
07751
02945
04867
04868
06703
01166
00882
06972
06607
06929
00322
08030
04691
04067
02077
05043
00234
01929
02742
02985
06285
05862
02075
04521
07554
03498
06370
00114
01549
06088
00176
07719
01327
05882
07091
05067
04876
01473
07426
04589
02599
07272
05267
01982
08178
00622
04517
00451
01203
05436
01391
01004
02934
01149
00849
03947
05392
06392
05271
05023
04118
07752
03985
04497
00844
05200
02494
03236
01086
00538
06728
00889
00661
06054
04748
05798
06389
03288
00983
08140
00798
00866
06670
04380
07089
00169
03504
01786
04871
04727
02802
08242
03994
04873
02118
06797
00519
05511
03809
01832
02579
05349
02744
03320
00277
00371
07810
06601
04974
04833
06477
02556
05218
02116
08246
00309
04534
06788
01358
03370
03482
01626
07295
07558
05116
04851
04413
01935
02916
04916
07647
05866
04785
07798
00626
00486
06244
02377
04925
06403
07823
02417
00509
08117
04204
05244
05032
03602
00961
07471
06961
03244
01114
01305
04056
07376
01594
05306
05225
00935
02029
06102
06074
00747
00546
05936
00818
00851
00665
05958
03140
06065
04762
02255
02109
04229
06366
04124
07795
03847
01166
07490
04228
05858
01582
05129
02863
06639
01182
04329
03350
03705
01301
06481
05531
01186
07615
07476
00193
07383
05581
08017
05080
04607
00009
06156
04605
05830
04791
05500
00332
01493
07253
00836
00699
07861
05190
04940
05181
06640
07041
02165
06220
07677
00649
02837
03069
04916
01485
08250
02485
04847
02323
04159
05480
02556
07217
01308
01571
03770
06764
00706
01047
03828
07189
00862
06594
05613
04659
01840
06253
07771
04300
07398
00019
01551
02343
00163
05386
01125
08078
02714
02572
08037
01367
03270
02749
05561
02283
03615
06620
04255
06600
01188
02864
08015
01240
05628
07834
05038
07296
07149
01164
00251
03989
01620
01912
04267
02994
07586
04927
02168
06955
00595
06205
06718
02366
03676
05179
08145
01437
07708
08165
02324
06740
00749
06758
04395
06416
03346
00169
06653
06201
03673
01390
02404
07529
07954
00718
06837
03883
00766
04575
03485
05951
04666
05728
04199
03816
02273
02886
07905
05312
05093
06297
06096
01331
07886
03534
05567
03239
00572
07721
02488
06143
03350
02238
00603
05196
02113
00584
06181
00369
01412
01663
08293
00780
07479
06845
02154
02755
05471
07589
01864
01883
00264
03763
03617
05801
04854
03451
06456
07395
04721
04169
06040
06262
07592
06817
04672
01525
02765
01648
02696
04217
07567
03479
07396
04449
00034
06093
04644
04117
03468
00777
05727
01388
05678
03606
03090
07171
03229
05294
03357
01465
03427
01957
00294
02984
06913
06671
04202
02522
02670
07477
05564
04262
08071
02591
04401
04149
01931
01250
02082
01238
07931
00265
02717
05618
07022
01379
02139
02608
06075
03227
00555
01357
00840
04165
05548
08124
05503
02343
07129
01878
05436
03712
02558
03508
05493
07310
05868
06078
01081
00242
08094
00729
03464
00178
01339
00384
00906
03159
02787
00477
05497
01001
03489
04431
07764
05421
05964
06199
04589
05258
03870
04704
03650
05491
03227
07892
07787
07325
00022
05202
05953
07648
07674
01662
08024
05684
04108
07872
01336
01659
05768
01729
06761
05601
05020
07699
04477
05637
00932
07171
01943
06339
05417
02746
02517
00624
05321
01685
02523
03779
05019
03479
01091
01404
00728
01758
01074
08055
02457
03952
03929
05037
04025
00124
06574
02079
02264
00524
07781
00354
03962
06712
06522
08192
08253
00426
02477
03042
01917
00076
07229
07973
00650
01051
06111
01550
00686
00392
03958
02414
01077
03290
00145
07983
01062
07319
06469
01647
05515
00484
04617
04523
03900
00132
04353
05907
07071
01685
03690
03761
01564
03372
03963
02643
04052
03959
04269
04918
00978
03708
04877
06681
06305
01108
08107
04668
04343
02961
04756
02040
02040
05626
04741
07132
00692
02950
06212
02012
00202
07412
07979
03449
00592
05497
07863
05920
01176
06091
07704
05081
05234
00895
07902
05746
05469
07795
05061
04340
05060
02467
07734
05798
05261
08001
07993
00013
02968
02619
04543
06257
02863
06105
03409
03874
06683
01948
02552
08085
01903
08007
01061
00974
01960
08208
02809
03723
01072
06319
07445
04028
04377
07044
00591
01375
07507
04582
02612
00614
06606
04429
02103
07667
02557
07329
05428
06260
00007
03501
02990
01186
05488
06747
05184
01748
00418
04184
02362
02957
01483
04496
04572
07646
02654
04996
07255
07433
02061
04058
02392
03839
06305
04296
03931
05141
05293
03759
02164
07000
04482
07374
07318
05194
06652
04146
02840
00677
05203
04526
05690
07603
02577
07298
04958
07748
01947
07952
00007
01008
00571
08127
03951
00789
00952
03647
02567
07785
06854
07205
01065
04556
02274
06593
03199
05186
07334
00470
07407
05400
01210
03283
06732
04006
05862
02777
03410
07640
02924
00532
05946
05438
02054
00994
01717
00258
07113
00254
01296
05768
06093
07190
04086
00198
02441
08114
04765
03022
05195
01778
04651
04782
00553
06166
03480
06654
04171
08120
04437
04888
01481
02158
05625
05557
08062
07935
07040
02200
01915
07577
00960
08254
01630
02250
08264
01873
02114
06400
02205
01673
08163
02293
03521
05181
01767
02339
06758
06226
04084
06085
04131
07387
03666
02324
04138
05313
07558
04110
06282
07646
05602
06289
04430
03554
03404
03088
01991
00037
02972
03739
07846
07476
00573
05912
07565
08123
02924
04963
06043
08123
07620
06950
06244
02522
03828
04974
00771
04456
04935
06383
07313
03224
02690
07058
03247
02717
05255
01553
03527
02459
00245
07396
06836
04011
00497
05860
08086
03546
00980
05809
06246
07293
05260
07893
05796
00143
02709
05699
07860
01432
02396
01305
00326
01511
02282
04767
05573
03314
04548
02270
03663
06513
04864
04078
05327
03769
02768
03735
01550
06072
03274
04162
03679
02983
02175
07968
03598
03984
02850
05371
01407
05405
02346
05554
07064
04409
03392
03252
06323
06490
07219
03237
00425
07825
06461
02793
07652
04799
05646
02806
07599
07500
00620
02361
02555
07390
07754
05512
07431
06083
01175
02355
02914
02052
03124
04029
01602
05768
00575
04914
06141
02245
06679
07399
04319
05254
05475
07238
06490
07024
04670
00957
00906
03506
02593
00678
02857
02426
08285
05385
06287
03974
03661
07578
02916
01409
06951
02041
04047
01283
01967
05200
04763
07726
04480
06064
02322
05248
07492
02992
04149
02714
05017
05160
01334
04991
01717
06874
02589
01558
00514
07875
03194
03396
00966
04480
06681
07056
05375
08243
03808
03178
04132
01262
03730
00823
05591
02096
01069
00667
03435
03536
03322
07503
01038
05363
06005
07421
07144
05096
07115
06191
02088
06942
08288
04789
00607
05766
04366
00196
03086
04876
05461
04073
04714
04477
06373
04597
06136
06723
04134
07071
00268
07693
05059
07971
05993
03605
01193
01418
06470
06364
00808
02228
07161
04330
04944
01478
04249
05483
05730
04286
06911
06706
05049
04988
05857
04516
04521
01131
04286
06693
01351
05316
06623
08100
01378
00835
01688
01040
01755
08237
00071
05575
00487
01335
06665
05346
00407
07901
06570
04016
08117
05346
07644
08194
03970
00079
04621
07952
01708
03999
05634
07165
00133
02235
02784
04920
06771
05783
01924
01198
02119
00054
02807
07269
07792
03658
08089
01344
01441
02460
06664
00836
02584
02619
07797
02748
05354
07903
07114
04520
07012
03926
00151
02949
02180
02647
05943
01665
03864
03423
05440
01341
06364
01337
00283
06205
06116
01485
01437
06047
07069
08054
00765
04588
06101
07226
00443
06404
04522
03075
05477
01129
00752
03651
00030
07611
06835
01872
02856
06264
07715
06590
01529
01563
02568
01074
02265
01739
08134
07225
06444
03878
01293
03731
01091
01623
06906
04910
04026
02685
04946
01350
02976
06158
01601
02183
08114
03897
00839
07034
03427
07696
05519
03945
00726
02741
07177
04338
04122
03484
07050
00086
02346
02694
03383
06727
05328
06757
01819
00336
05513
03065
03381
03603
02964
01527
06466
02874
06468
01313
06916
01645
05208
07425
06153
07003
00709
04627
04608
02603
05682
02099
01828
06996
03289
06564
03972
03474
08078
01307
05310
05604
01017
00679
06797
02671
03437
02881
07383
00551
00036
06976
03314
05885
07891
07028
04868
08185
01662
00830
06168
01415
06021
06320
01845
06134
00438
01650
06504
01452
04448
07412
00389
05690
02349
06946
04136
05551
05003
00899
05180
06067
02965
04278
02537
06219
00596
03589
02236
02311
07674
07395
05211
05533
02852
03872
06180
02693
00447
02993
06042
01434
01641
02865
04095
01157
02214
07860
02574
03016
00059
01041
01810
03362
00047
01755
07816
06865
06947
00398
02633
02365
02628
06541
00551
05845
04061
05718
03577
07980
04312
07753
05280
03555
06859
03913
07909
00122
02163
01915
00249
05376
01027
07040
03280
04563
07767
06275
04781
05181
01329
04542
01076
00742
02937
04967
07921
08023
00085
06403
03381
06641
07120
07334
01856
06967
00305
05672
05098
06504
01709
08268
02356
06561
07552
05996
03270
05159
02313
02042
06674
00618
01648
02062
00907
02239
02269
07821
07141
08104
07541
08106
07919
06053
07876
06075
05587
07346
03714
07263
03398
07332
05423
05623
02890
00002
02691
05372
04264
00982
05800
02816
07751
01032
05861
02008
01225
07547
01415
01366
02327
06802
07791
05815
04287
02159
03987
00738
00592
01572
05980
03209
01897
05378
03022
00556
02216
04827
08286
01668
05775
00091
04244
07828
00294
04724
07924
07756
06851
04611
04100
06480
07250
01183
05065
01503
05481
06341
04130
07802
04993
02833
00642
07999
07572
01045
07677
02427
02858
03016
00575
06032
00662
02399
01366
00488
06685
05732
05394
07408
01767
01035
08139
00253
05155
06258
05917
04065
06810
03824
02893
07034
07340
04046
01448
07676
00685
03242
06945
00456
01115
03314
00164
05817
05197
01362
03238
07974
02573
05042
02949
08183
02180
06502
02276
00734
07522
07163
01037
00418
03465
06579
05987
03056
02382
07042
06050
01432
08007
06861
01357
06599
03444
07047
00115
00935
04665
00691
05207
04172
02230
07068
01283
07118
04886
04937
01385
02672
02271
04138
01699
04161
00342
04799
00136
01910
02911
01820
06184
02424
06419
06281
00894
01996
03950
01357
01742
03576
06649
04847
00714
05284
01540
03944
05298
03759
00690
02940
03583
01441
04441
07455
04369
00195
00526
02816
06481
04269
00534
07050
00810
07363
01255
01140
04244
06562
02734
04487
01195
07339
02313
01413
00934
00991
04722
02177
00823
02742
00066
01562
01820
01030
01338
06683
08185
07647
01359
06913
05974
00173
02889
02784
05936
03798
03186
04415
00830
01347
02723
05181
04532
08253
04437
04271
03380
06109
02238
06176
01443
04518
05673
01600
01128
02307
01660
07356
03609
00277
03643
03515
04374
01522
03174
04144
03774
00000
03016
01789
06184
07985
05084
03187
02131
02516
06014
00879
02259
01606
02502
00883
05488
04603
05144
08186
08095
07788
03747
01748
05903
06806
03014
05718
02689
03924
00978
05859
03268
08281
04497
04364
03887
04825
00476
03478
00759
07444
01267
00345
05892
07446
06483
07479
05796
07373
04561
00479
07395
00152
01917
03262
00417
05845
00478
07954
00828
02391
05224
00358
05998
07150
04238
02860
02087
07695
08200
01912
02155
05812
02436
02962
06350
02785
02656
06149
01426
02350
05487
03284
03859
02149
02956
02106
00110
00754
08225
00446
03523
01531
06418
06548
00960
01774
04734
07127
00115
04947
04024
01587
04321
01952
01778
03622
04946
01131
03938
06864
05305
01315
06326
05801
00025
02093
04250
00185
05822
03538
04407
08250
04641
07155
03190
07169
06830
02162
01662
03467
00260
06085
02299
01758
00872
01484
03272
07497
06544
00779
03866
03584
01771
02458
05606
06445
07297
04274
01937
07253
04340
00977
07946
06984
05207
02321
00917
04729
00240
01561
00008
05336
05341
02769
02867
01605
00332
05473
01562
06662
02815
04191
04186
00513
01143
06542
05436
05665
00640
00782
00185
01356
03018
01829
04992
04234
00248
04635
05279
02864
01454
06132
07742
05759
02587
03667
01954
02732
03757
07187
04444
07966
08075
06713
07970
06031
01184
03112
07327
00577
06214
02859
00196
00176
01075
02901
01172
06716
02125
00351
04236
05926
02541
03713
00724
06008
01729
04315
07453
07135
03302
06305
02335
07508
00813
01926
08180
07383
07124
08223
00144
01540
07550
01963
08176
05119
06003
01966
02210
02204
06273
00971
04055
02600
04403
02987
03228
05363
08088
07689
00731
01339
02753
01335
07446
07057
01553
07143
04130
04592
04830
04547
07321
08047
02780
06959
05694
05244
04266
02246
02635
03764
01225
02804
02193
00441
04461
03931
00380
06767
07619
03928
06454
07170
02909
04250
04977
01977
05602
07186
02845
07273
02610
00917
01712
00770
03897
03483
06914
05347
01496
00364
02446
07408
05808
01118
00146
03952
00631
03464
07947
01929
04915
00773
06312
02002
00382
03657
00429
02792
01580
07864
04293
00132
02527
02793
03445
08112
03709
03755
01240
05241
07929
05085
00691
03754
07255
07093
00434
01331
04810
07071
07749
06021
05759
04349
02266
01718
01052
07788
03576
03613
04297
07721
01446
04908
03363
00805
05418
04306
02791
03486
07995
02672
03045
07344
06434
03947
02449
02673
03568
02646
06256
03950
05215
02650
03844
01362
07704
00562
04423
08100
07457
00552
06898
06545
02951
01346
03521
04539
05101
00731
02876
05342
02937
04790
02896
05958
02236
01646
07743
00586
05502
03431
02835
03216
03356
08109
01326
01569
05510
07314
03647
01568
06637
07051
05977
05091
03221
04980
00617
02583
06069
02233
02387
06586
02064
07666
06534
01478
00984
00821
02889
05536
02854
00983
06297
07962
00300
02881
01600
02670
07595
07519
06248
07541
07978
02736
01278
00317
02048
01680
06607
00764
02606
04486
08213
02725
04696
08256
04131
02712
03170
03761
04262
07374
07929
00955
00232
04619
01584
06068
03726
01641
06892
03423
03610
07210
04718
03448
05232
06286
03828
06308
03511
04014
05977
07526
00329
04389
00535
07052
05803
03157
00995
06550
03282
00702
03850
01946
03594
03596
06702
02483
00761
03954
07421
04620
03169
06676
06196
07702
01696
02421
00416
05814
04717
01466
06477
05442
03204
00284
00723
04946
05862
03544
03634
04539
02690
01734
02047
06876
05165
03164
01116
05133
04889
02517
02146
06861
01070
03258
01953
05463
03546
01003
08042
05557
07333
01563
00294
05802
02909
02799
03877
04615
02484
01026
04207
05805
00766
02064
04386
06305
02579
05879
00238
08076
02013
04806
05518
03314
07459
00952
05627
04455
04144
05785
04092
03830
00571
06022
03964
02362
03709
06990
07993
01089
03614
03858
00354
04543
05745
08214
05292
01873
04090
01266
03538
02741
00054
05320
00863
08139
07477
06355
04057
02077
00757
00565
03227
03467
06279
00858
06616
01401
04047
03797
06615
07026
01502
02909
04800
03699
08244
05269
02381
01185
03108
06308
02406
01839
05191
06485
01051
06621
05312
02038
07543
01022
03887
03440
05442
00949
00449
00195
02621
01844
06632
00704
00958
00761
04169
07393
04900
07090
07266
03021
07340
08035
03755
07317
07785
08260
02528
00463
05151
07658
04201
05537
06338
03190
03874
00602
02223
04545
00178
00754
04040
04862
05012
07595
02076
03134
07323
00221
00454
07951
04284
07450
07987
03961
06118
01614
04292
07657
04043
00679
04234
05712
04102
03673
04893
05300
03143
04415
04548
03782
07456
05214
07963
08196
01474
05658
06467
00385
01325
05346
07859
00036
06629
00780
02744
06618
07048
05723
00326
00601
01853
08094
06902
05117
00712
05178
00820
06257
07722
07643
03230
03180
01460
07824
01248
07830
05974
04977
07012
03867
07389
07582
02429
00990
01730
03559
06932
04542
02927
06435
03903
05842
07649
02786
05309
02899
03412
03367
03132
00365
02170
02594
01409
05799
03218
04359
04406
07015
05517
03179
07274
06634
07485
02025
00863
05724
06554
03458
01938
00429
00166
03394
04191
03793
00441
03096
03672
08298
03488
05052
01727
05935
06515
07339
03772
03451
05923
07087
03738
00460
06367
07370
05987
01148
06343
04842
06158
02104
02378
01315
01584
05244
01269
02092
02259
02041
07265
01176
02867
04696
04058
05973
01567
04796
01910
04176
04749
00485
04285
03857
03606
00073
04959
05656
01001
03264
08284
00009
02388
00399
06389
06384
01252
02517
00648
06330
06025
06107
07702
07598
07517
08130
06292
05051
07840
03468
03435
02619
06358
00967
03721
07692
02676
08198
07250
03978
04921
03022
04429
07123
04088
01560
01952
05975
02463
01302
03023
04604
01492
05851
02271
