03129
03618
00157
03443
05082
01863
03253
06693
01820
03795
02343
00561
06429
04691
02057
01379
02637
03633
05204
07532
05454
06129
03148
05295
07540
03015
03863
07848
06828
05458
03056
06649
04024
00697
03763
05779
02520
06113
01816
02749
07301
03336
04029
06276
06166
04609
05467
03072
06534
04428
01819
03006
03661
03537
04353
02383
07082
06905
01798
00748
06722
06697
00260
02244
05218
00476
04299
04644
02401
00732
03921
03266
05089
04701
05701
02343
03380
01590
03204
01334
07642
07485
02661
07452
02025
01981
06447
03670
03014
03223
06826
05786
01167
00178
05267
06947
02587
02144
04009
05084
02393
07183
02276
07720
04693
01256
04293
01484
06873
05767
04360
01786
06576
01240
07095
00123
01349
01034
03928
04087
00875
03955
05895
03876
05494
05504
04702
06729
00518
07575
00848
04078
02659
01099
05717
03106
07108
02619
04415
05096
03818
05320
05932
05952
07977
04208
06100
01293
01095
03660
03970
04392
02813
05794
04704
04352
02779
04776
01835
05803
00135
00214
02949
01230
05733
04198
05545
07077
02259
02859
01849
06896
02251
02571
00755
05691
04780
06107
00002
06920
05202
07701
00625
04890
05793
04024
03834
03872
06433
06077
02685
03517
04803
03825
02124
01392
04226
00628
04707
02021
04005
00652
07413
02263
02273
05222
06433
04320
04187
04331
01219
03806
01738
01083
00551
05252
04155
00713
02649
01466
02414
06675
07000
07090
06878
07868
02728
07881
00094
01351
01991
06933
02783
02418
06583
02961
05902
06189
00506
01762
04634
02229
06684
00261
04883
07954
02666
05272
01198
07593
07616
07170
07589
01727
06016
06463
01147
06987
05919
01035
00925
07925
04121
06826
00164
02481
01861
00978
00823
04467
06979
06966
02830
03662
04113
06897
00849
04781
03197
05131
03359
07724
05813
01386
01258
06932
05434
02263
07871
05361
01267
04652
05411
07250
05342
03352
03993
06557
06049
03151
03009
05196
01663
04944
05530
01480
03942
06804
03432
01632
07012
04368
02225
02790
02618
04071
03873
03750
05065
01200
04749
05508
07657
07071
06676
05361
03481
07058
03682
01674
07696
04666
04302
00269
04530
06372
05987
02296
03934
01059
04092
03520
01764
05532
07625
05162
05652
07470
07278
01866
06513
04796
07306
07958
02117
00600
06676
01958
05390
04877
03362
06603
05334
05129
02052
00265
01120
04517
05133
00690
04286
02771
00369
02336
03136
05603
03722
00206
05127
01266
04853
05396
04599
07791
07385
07741
05707
07947
05384
06918
00514
01597
06269
06134
01527
04783
06405
06804
04366
05320
06139
01482
05514
03862
00940
00980
07484
01496
06425
01573
07510
07270
06234
04438
05150
06590
05471
06667
02750
02988
00466
05541
00888
00085
00984
02909
06774
03424
04727
05763
00767
02560
05009
06612
07430
05474
06543
02545
07005
00880
03097
04738
06663
07488
04289
01574
02666
07133
00767
01493
01123
03248
03863
01429
02804
04682
03479
06997
00984
00528
06716
00554
00631
07235
06197
02915
07605
07914
06847
00395
06757
07775
00751
06714
06044
02292
06670
02520
06240
02240
07454
05296
02238
01545
06971
01516
07482
04047
04445
00435
07521
03123
01018
00028
02427
05442
01416
05325
00925
06691
04000
07540
05978
00280
00318
00225
00282
07860
00101
00895
01090
07194
01055
01070
04435
01581
01442
01662
07183
04825
06543
03145
02453
00765
02644
01389
03086
06708
00560
05668
06272
07871
03414
06914
03264
06160
07275
06539
03332
04789
05226
07983
02262
02912
05927
05604
06309
01167
00817
00989
07734
04060
01168
01836
01912
07075
00941
00433
03124
04107
07569
03966
03363
01523
00774
05641
00025
06779
02586
03468
06368
03372
01025
00957
02400
02181
00154
06757
04857
05859
05066
04320
01203
07948
06661
00624
03597
01560
04267
07741
02418
03068
00270
06957
07305
03764
02386
07964
07467
01484
03886
06136
06832
02060
00975
00444
02850
06782
01435
01479
02259
05533
04562
06872
01931
01820
06865
01577
05913
03408
01905
00549
03146
07738
05196
03014
01656
07605
06815
04303
01850
01528
03915
07395
02169
07049
05110
03265
00034
07551
01102
07581
00311
00306
01070
06363
02112
06465
06425
03690
03616
06271
00098
00571
00578
06970
04590
01117
00498
06058
05394
05431
01608
06771
02966
06881
01663
07767
02203
06047
05731
07803
06296
04730
04073
02452
04992
07485
07577
02734
02304
00841
02726
02905
01572
01622
07838
02224
03929
03846
05244
01671
04365
05479
04763
02288
07283
00198
00005
07722
06306
00234
01450
07463
03677
04724
06700
03321
05166
05777
06039
00600
05227
04057
06190
00914
06810
03655
05216
00144
00689
05269
00474
02688
04022
03956
05494
06820
00645
07205
04625
01591
04464
06455
02361
02551
06720
02973
00325
00596
05146
05419
04032
00627
01341
00173
04349
06943
01640
04964
07246
01293
00088
02846
06607
03402
05359
01649
02397
07235
05680
03028
05093
04144
03623
00985
00855
02911
04774
04107
03512
02201
07337
05472
02903
04594
00155
01755
02967
04082
03762
05377
02539
05211
05045
06581
07137
04887
06430
07538
03797
00128
03418
00869
01478
02955
04588
06629
00581
01874
05234
03600
03721
03260
01728
02499
01120
06411
00105
03509
03008
05505
04636
01968
01276
03504
04842
06190
03410
01117
06565
03596
00864
00976
02084
06253
05111
02107
04004
05934
07432
00644
02185
07873
04923
05937
00002
03176
02719
03247
06986
03856
06332
01535
05258
05896
01219
07614
03547
07516
02791
03215
07594
01298
07429
03943
06517
00256
00318
02036
03377
05640
00293
07915
03918
03250
07764
05741
04370
07524
00409
02133
00610
04992
05838
05536
02464
05850
02566
01210
03629
04373
02019
00737
06927
02265
00773
07480
01390
06386
07965
05674
00953
07944
05663
03129
07398
02551
06870
01058
05078
07755
03985
03951
05142
00217
03067
04889
01602
00764
03785
01495
00836
00107
04300
05447
05050
04020
04070
04472
05302
01879
03737
02962
05214
00513
00891
04642
01716
07844
07878
04806
07216
04463
04235
06066
04362
04591
02951
06428
04436
06658
04878
00074
06979
00819
06884
02358
03470
00823
04971
00154
00558
07811
00822
07070
02182
02504
03259
01052
07901
01420
00679
02252
00326
02790
03212
06353
07329
04374
04598
03679
00826
05567
00347
03207
01870
03137
06384
06432
04718
02679
04312
00596
07805
01034
04727
02052
01044
02032
05349
01881
00196
05637
03903
07656
00955
03204
01047
04929
03199
02978
06539
03605
06936
07431
01331
01153
04811
02346
02228
07739
03520
02823
03442
03415
05317
02240
00994
05495
05227
07054
03773
04749
06158
00738
01616
03790
03891
05916
04080
00566
07497
02406
02827
07985
07570
05359
01818
02669
06043
05184
00307
01914
05415
07164
01659
02714
05354
00888
03961
04843
07217
05940
02181
02478
04575
04726
00095
03571
01169
00386
00476
00099
02723
03320
03706
05482
06924
01738
04373
02239
06244
07831
07603
04945
01735
01961
05818
04943
02833
03208
03265
06484
07752
03577
07299
00430
00090
00278
00688
06217
05755
06219
06557
00061
06064
00362
03612
04913
02986
06188
03815
03050
01738
01029
03702
05748
06147
06627
04848
02283
06942
06722
01982
06502
02774
07982
05114
04161
05411
06167
03334
04230
06420
03978
02042
02360
01557
00338
03509
07227
07185
04010
03604
06819
07856
02269
05057
07063
02497
05948
00099
04257
00244
07356
05427
02198
06398
06569
01262
06237
07519
03147
07718
05597
04928
03860
00820
07943
04405
02242
05256
03389
02147
02711
05345
01949
03451
04531
00728
02607
06564
06027
02134
02023
06263
06024
06437
05270
05988
01278
00164
03828
01458
07175
02005
04354
06307
02876
07696
06047
00117
06031
02906
05545
02949
07496
04049
07246
04367
01498
04862
04078
03472
04449
04749
01966
00908
05563
04248
01308
02667
01344
07647
02298
05183
01439
00276
04137
01313
04246
01491
06132
06137
05005
05679
05173
07771
05776
00296
05608
04174
02152
01016
01482
06313
06420
04620
07149
00023
05609
05264
06811
00761
00131
05731
01572
07530
01959
07082
06791
07262
06007
07168
02809
02531
01744
00331
05908
00266
07236
04266
03871
01887
06191
06858
06006
03475
04536
00536
01110
06651
03942
02833
07815
01137
05468
06197
07910
03352
00819
00922
04558
02366
06770
01500
01699
00602
02028
02034
03834
00756
06327
07132
07208
01508
04356
03064
03750
04722
00160
01076
00350
00093
07302
00094
04181
00887
00990
04312
02804
06125
03094
04839
01332
02661
01756
01514
02981
07936
07477
03111
00924
06207
05373
01153
05687
03265
00059
03654
03534
04202
02336
06693
02232
00544
05148
06652
03703
03631
01118
01936
01409
05964
06822
01366
06188
05495
06920
00494
02229
07161
02879
01583
05228
00077
07403
02077
06912
02459
00616
07351
02147
01631
03469
01901
04377
00937
00766
07151
01187
01085
07022
02657
01154
06170
00181
03755
07978
07384
00650
04396
04229
05034
00477
03214
05984
04355
06420
04468
06582
03862
03551
00848
04503
07925
02426
06098
03253
01435
03199
06843
06283
03845
01765
04432
07530
03770
01497
03433
05858
06892
04727
06761
05385
01207
04005
02312
00299
00902
06924
04875
06798
05973
06388
00149
01824
07248
05819
04247
06015
03355
03122
06948
00293
06379
07957
02015
01711
04113
03748
07637
04872
07639
05794
00167
04982
02755
04265
06496
07809
06841
02984
04517
01915
00828
02811
05706
02609
02453
02597
02561
04012
04684
00365
01709
05028
03347
04114
06549
07810
04291
06827
03508
07121
06461
03168
07469
07744
02738
05631
00219
07382
02559
00572
00390
04851
04016
06536
02227
02686
00806
03276
03923
05552
07379
01602
01947
00508
04961
06128
05875
02458
05554
02434
07176
02095
07811
07492
04156
05019
06634
04217
03325
07326
05054
01562
01203
02599
00597
01326
00851
03003
03240
07426
01361
04671
02387
06406
06194
05794
02489
06724
05183
01769
03141
06718
02965
00728
00715
01378
03930
07482
01740
06380
07050
00590
05528
03224
05359
02190
04878
00131
02479
03676
06591
02398
07039
07052
05489
00525
04790
06408
04095
02146
05564
07332
00862
06960
01825
04479
06458
00911
01738
05074
05758
04652
02245
04632
05747
06794
03774
00090
03392
03417
07819
06230
03472
02161
03170
00075
04881
05995
02154
07012
04120
02012
01838
03838
04513
01071
04334
07320
03636
01822
05200
00086
02340
00589
06580
00882
01586
01539
03109
04288
00782
07813
06698
07644
06077
04113
02685
07410
06038
01652
05075
04201
03750
04169
02522
05485
05811
07950
04481
06167
07582
03364
02096
06075
05921
06947
07833
01103
01336
03671
07462
02995
04893
05468
06930
00353
01515
01873
03476
04339
01380
04476
03061
00907
03022
00698
05891
00610
05624
07713
07070
01969
06106
04852
03759
07221
02010
04994
00057
01571
00619
07451
07431
07208
01360
00304
00901
00987
05183
00390
01451
02562
04640
03223
01172
00574
07732
01285
01837
06164
02195
07611
07304
04312
04558
00610
01360
02808
00627
04093
00535
06178
00174
05730
00460
01299
05516
01238
05960
06717
06363
02819
01159
06676
05422
07704
07156
05750
04157
06334
00284
03701
03368
05938
04485
01858
07772
07235
07512
05559
07438
02794
07609
03328
06245
01281
06775
03111
06388
05346
06047
03516
03173
04637
00875
04957
01073
02133
04120
00936
06795
01079
06933
04858
03932
00088
06103
02402
07465
05611
01353
07207
01938
05339
02593
00242
04916
02379
02510
00090
07661
05160
05837
03082
07615
01063
05851
05457
00974
07392
01157
05254
05571
02631
00027
04118
04243
07555
03587
07596
01114
02540
06121
02875
07777
05350
05972
00107
04798
07764
04052
07261
05787
05691
05656
05213
02447
03957
07196
02531
04136
03855
06207
01734
04298
04479
07986
07294
06448
06725
06093
03540
05201
05596
04092
07144
07199
01629
03222
04638
05673
00561
01934
04903
01761
01585
00898
04135
07799
01308
05745
00328
06755
02420
06410
00411
02818
04405
07711
07654
06936
00371
06648
07310
04788
07951
05892
04002
05873
00661
03370
06081
04184
07221
02302
06058
06883
07517
03408
00862
03613
01263
07326
04468
00485
05028
05161
04985
05137
07741
00677
02113
03310
00481
04105
02895
00742
00408
01415
07068
03707
02658
07190
03080
07023
06965
02986
03034
05702
05906
00645
03637
04771
07811
06311
02330
05711
03059
07009
01300
06041
07785
00776
03076
00663
06947
01220
06601
04106
04363
02632
04043
04640
01112
06364
04581
03282
03524
01622
02221
07534
00933
02471
02401
04399
02411
02321
00239
07560
00373
01142
04896
02176
01232
02892
02339
02486
03725
06765
02098
06022
03389
04363
05091
06660
00843
07937
03021
06757
03511
02948
06357
05758
05867
05240
01108
07268
04923
01695
03494
06322
07998
06124
01106
02920
03331
04854
02641
05232
04018
00712
01405
01725
05377
01301
02264
07628
02959
00905
07669
01676
05088
03002
07942
01562
02934
05629
03012
01957
00136
06933
00949
04593
00290
07815
03037
04407
00536
06601
00579
00809
07528
00280
02334
02322
00491
02281
00861
00604
02552
05623
02768
06828
06678
00827
05750
05479
03675
01786
07203
07128
02533
03256
03598
04138
04148
01354
06453
04175
07715
06025
05869
01667
02369
02339
05769
04779
01680
04811
04774
01111
01306
05712
06546
06887
01962
03787
02007
02057
03374
01139
06951
04896
07719
01611
00549
05824
00650
07162
00782
02262
03063
00379
00322
00293
01875
02091
05747
02027
02052
05311
03177
00610
06600
02072
00559
04386
06578
01455
05149
00099
01027
07531
02819
05025
03489
04434
03119
01624
06198
04763
00540
01391
03368
06817
00823
07281
00432
02932
05838
02102
01754
01738
02840
03424
03416
03155
03547
04865
05698
07338
02302
01690
05038
06439
00171
06462
05096
01169
00544
06870
07630
01329
07251
07485
02379
03458
00960
07243
06190
00836
00464
03887
00422
02031
04391
06838
03548
05701
06794
00680
03053
03776
05804
07953
04098
06443
00404
03805
06158
00525
04524
00925
01188
06527
00360
06694
07283
06047
02064
06232
01631
04957
04268
03644
06780
01651
00204
07687
00809
02801
03185
07164
03207
03958
02523
00429
05205
04667
01968
05345
00938
04617
07494
04113
07565
06667
02637
01677
05236
06078
07260
04988
05720
05124
03478
03200
02161
04824
00441
00248
07187
06172
05763
00735
02917
03471
04736
06353
02746
01178
07477
04398
02381
05961
00803
02711
06942
07383
06712
01110
05539
05346
03159
03482
02861
02493
02626
06111
01177
01700
07458
00620
02158
05770
02804
03958
03866
07439
03215
00034
00836
04301
02133
00680
06349
02002
03894
07955
07017
00808
03612
03045
03731
02063
00567
06807
03186
06732
03493
05949
00902
00986
03772
01928
01550
00319
07928
07717
05882
00954
07292
02244
00968
00536
05766
06387
05502
01318
01524
04648
06467
04801
04781
07005
03929
04361
02350
02710
01658
01780
02225
05502
06031
03071
02491
06383
06151
05759
05315
01873
03546
06165
00890
03354
07963
06207
01723
01139
06771
02060
06801
05435
04799
07720
06239
03364
00968
01941
02096
04603
01691
02490
05276
00454
00069
03221
02259
00390
05869
07565
02185
07388
01038
00291
03070
05192
01935
05254
02665
01036
03200
00069
06848
07599
07155
04319
02087
06621
03957
04278
02994
03500
05096
01378
07513
01977
00510
04450
02551
02865
00212
01326
01919
01644
04136
00424
05948
01587
05753
00048
00386
04706
05498
06295
00886
05545
01522
00363
07095
01260
02227
05808
05608
01546
05492
00368
04444
02043
06158
03626
05596
00723
03279
01318
06679
03107
02239
02664
06183
07871
01325
03523
02428
00985
05236
00708
04455
00268
02767
02127
02885
02101
04694
00136
00710
06844
05589
06888
03673
02224
06663
03247
03702
01104
00948
05688
05255
01767
00804
00040
01972
02703
01023
01856
03657
07829
00002
05395
02886
06973
05088
05329
00708
01692
04211
04161
07231
03620
02141
06477
03524
07229
05632
02359
02040
01357
03029
01514
02178
03994
04653
06059
07830
01223
02178
01774
03807
00507
06329
05445
01033
01695
07159
02931
03944
01733
02845
01823
01288
07334
02913
03876
00786
06148
07114
02885
05655
03054
01992
00830
01468
05282
07341
07157
01474
02636
06476
03920
04465
05485
06445
07136
04833
04055
03114
04154
00613
02004
03689
05287
04308
06439
01077
01329
01269
06442
02491
02398
05574
03990
06175
06649
01065
06113
00441
05963
02732
01474
01712
00617
02484
03728
04208
05799
02437
00904
07627
01066
02415
07213
02538
04571
07064
02954
07725
07480
02659
07763
00039
02308
05627
02474
02863
01119
07422
05949
05604
05808
03016
03532
07745
07230
07194
06856
04057
00030
00679
03991
02607
05895
01211
03701
04916
06977
07752
04980
01245
05372
05007
05796
02529
06141
01639
02637
05260
07795
03245
03161
01475
05224
01417
06415
07637
03795
06168
01658
01721
01354
01595
02984
06570
01236
01788
02766
04508
07069
06552
01097
00921
01155
02221
03007
07869
06989
06529
05220
01802
03003
00940
05208
04329
05816
00420
05358
02750
05548
04067
03464
01126
01646
02999
05214
03856
06615
03237
02205
05749
05041
00955
01516
03509
00719
02609
05641
05071
02934
02363
03026
07485
07289
02606
06880
02730
07522
03532
04238
00209
07948
06510
01879
03763
04942
00845
07261
01717
02642
07340
05766
01363
02243
05094
00065
01925
05156
01360
00807
05613
01662
06538
07612
07993
04338
07847
07828
03099
07724
07478
02322
07970
02616
02093
06668
04021
06190
01201
00778
05228
04489
05317
04461
04299
03542
00076
06573
05148
06856
02428
04155
03176
03496
05409
00773
00913
06441
01803
05464
01295
06106
02070
02463
03077
01396
04372
04809
07807
00979
07769
01097
03147
03650
03106
04151
05297
07791
04322
04436
04112
03709
02603
05418
03030
02808
02037
07250
01627
05668
02383
01039
00283
00046
00287
06424
01870
07108
06807
04788
01830
00192
05943
04669
04644
06655
05496
03334
06872
05137
05724
03993
05043
03849
03792
06425
00138
05619
05498
02950
07466
01701
03493
02847
01234
04142
04038
03426
05393
01132
03563
07919
04413
01658
00191
07051
04749
05509
00316
05567
06228
06784
01581
06624
00090
04014
02783
01322
05017
04508
01252
03206
05009
07729
01475
00363
07880
06365
06719
04640
03810
06959
05506
07264
07320
03075
02214
04310
06552
04952
00865
07623
01977
07488
05770
05711
01754
07984
06412
07747
03158
03127
02022
00438
06949
05132
07644
00343
05010
02816
01214
04087
07188
05074
02642
02409
04172
03809
03360
04738
04826
00380
06427
01792
00988
00725
07207
00071
02245
06997
04427
05382
05013
07561
02549
04665
06330
04793
05220
02567
01987
05593
04342
07243
01533
07193
01870
04656
00108
02903
04641
07285
03816
00244
06430
04880
01617
07428
06263
00047
03120
02335
02001
04057
02731
01045
04036
04019
07525
07102
00591
07647
06640
01966
02395
02751
04719
01480
03882
04311
01805
01386
07004
04176
01620
04870
00094
06873
03179
00336
03887
02984
04079
01683
07120
05215
07916
03999
02120
01993
03064
03165
06033
02371
06060
07363
00419
01975
03200
03490
05850
01092
04034
06428
07686
05434
02867
06580
00207
00065
05118
06142
00899
02905
03221
07285
06910
03643
04138
07083
04405
02207
05320
01883
03231
04759
03531
02010
01280
03289
04610
04780
00083
05338
00223
06387
00339
02517
03033
04355
02726
05610
06047
00080
00358
03108
05048
07881
06606
06931
05307
06846
04350
03800
05800
01531
03307
05119
04258
01401
01894
01030
06922
07018
07879
04924
01209
00179
07478
04101
01177
04150
01813
03130
03425
05964
06925
04589
02859
02322
03572
01994
00307
04635
03672
06808
04014
02627
01195
01055
00517
05347
01483
05796
07724
03168
02412
04752
00099
06814
01060
02159
07497
03986
06226
06932
04056
06774
04588
01881
06081
03669
07972
01923
07141
04102
02615
02885
00877
00693
05330
07771
02182
03804
02273
03863
02044
01234
04341
05113
07218
05754
05136
06646
05884
06812
00784
05147
03225
07632
00438
00587
05520
06038
02963
06500
02533
04675
04622
05632
07928
07382
06868
04440
07163
05161
03996
03586
05134
07555
03862
07451
02809
07178
02415
02367
00709
04374
04483
01845
06647
05344
05408
07976
01770
05913
02931
00784
03848
04567
05586
00176
04389
07146
00933
05752
07800
03533
06834
00586
02614
05944
00195
03353
02637
06610
03125
06574
06970
06276
02400
05829
02119
05609
04702
05396
02852
06689
07866
03371
06113
07749
07735
02934
03782
06837
04794
02592
07632
05004
02388
06610
04168
06389
06448
02713
06528
00279
00726
02854
07725
02284
01177
02286
05276
00559
04707
06450
04179
01332
06235
00025
00901
04817
03504
02745
05936
03578
00069
05300
04247
02155
02873
05311
00599
02878
03922
00638
00169
04124
07109
05515
00883
03216
04068
01366
07755
07863
00676
03942
00457
05076
00458
05566
06535
03584
02162
03482
01016
07678
05756
00536
05218
05421
05971
06388
02553
03030
02139
05292
05593
00485
07927
06978
00224
02741
07796
02656
05350
03908
04053
05397
05211
07430
06075
03006
04987
06741
03249
03328
05168
05573
03986
06257
01284
00982
01559
06422
02368
02627
01025
03911
03878
01847
07775
00239
01544
06111
00381
03184
05636
02906
00809
06883
03421
03277
05859
03773
01398
03604
04064
00589
05613
03347
03771
01825
04625
00298
07993
05960
02882
00391
05047
02803
05476
06741
02674
00693
03967
03794
02675
02730
03446
06910
00597
00819
00482
05039
06324
01887
01803
07041
05492
03813
04291
02987
07147
01294
07326
07470
00236
07279
05137
06630
07857
01044
02854
07747
00164
06457
02969
01937
01674
03953
00083
01267
05389
05738
04992
01710
00484
01928
07375
07777
02465
03053
03653
00275
03990
06874
03390
04133
01573
04527
07746
02598
03363
06286
00320
05317
04712
06622
00106
05601
01782
00427
00364
06525
04932
07915
03978
07183
06758
06492
01109
02359
02650
04232
01609
04237
05361
06762
05318
01939
07511
01835
03625
01353
05186
02373
01671
01696
00371
06601
07621
02950
07852
00763
01751
01888
02863
01179
02643
05334
00366
02367
02545
04487
04948
07259
06370
07518
05166
04323
07625
07036
07608
06279
05914
00405
03136
06365
06094
01943
05689
03293
03648
04676
06879
00901
02983
01121
07169
03421
07985
04742
03824
01621
02232
06486
04098
01482
07395
05385
04227
04455
03996
02853
07738
07400
07977
06796
07251
03258
02473
06830
03054
01215
05102
04382
05123
05421
00177
03778
04015
03286
00566
02533
01440
02114
00701
02023
00154
07352
04002
07764
05731
03548
06674
06993
01105
04274
04586
05618
02734
03393
06893
04841
07109
02578
07650
07386
00588
02071
07624
04874
03565
05673
04279
04789
01395
05738
06357
05310
05709
07434
03249
04609
00258
07332
01471
05957
02162
02440
00945
06733
01157
00980
07022
05453
06898
05499
07729
01402
00110
05096
02881
07994
00815
05307
03912
01851
04635
01265
00339
01567
04946
01507
04197
05845
04437
00549
05624
06339
06801
01679
01617
04447
07628
04376
06974
04573
06379
06749
03503
07427
07325
06594
01839
01560
06184
04527
03645
02426
07950
01276
05259
07375
04891
04775
05906
02516
00334
02754
01488
03729
06050
05162
05984
05165
05047
04529
07540
03742
03362
03933
02352
04152
07246
00330
03622
04647
01357
05738
02410
04344
07743
04397
02194
01809
03677
02876
03340
05569
04259
07582
01436
03378
01560
06526
07728
00699
06203
00708
07585
04306
02123
06559
07304
00799
06195
01572
03003
04075
05585
05840
04771
06007
06562
04329
04603
06185
06539
02115
03367
02082
01350
06623
02479
00107
01191
01838
01558
02381
03786
01331
06235
03007
06556
07942
03403
01018
02818
06324
02625
03881
03241
04612
02428
07548
02219
07125
02523
06812
06235
05091
01015
07353
02157
00872
03741
01854
06981
02783
05607
03302
05658
05155
00117
01832
04167
01654
03021
05454
06446
07646
07821
02404
00777
01322
04297
06091
05903
06547
05317
03885
02366
00829
04880
06795
05963
07965
01531
02353
04964
00628
03765
03467
02142
05561
02436
03282
02624
03988
00994
04191
06891
00071
00178
03296
03044
03751
06877
02600
04288
00392
04942
00096
05483
03384
07622
00283
05268
06177
03036
04040
01977
02578
00405
00384
01290
04119
01115
00255
04669
05188
04574
02800
01838
06289
04740
04257
01968
00735
04942
02838
00052
06297
00712
05497
01620
07990
02540
02415
04541
06426
03029
01605
05367
02204
03163
05961
04755
03042
07823
04406
00048
03177
00980
01927
01065
07457
05272
03692
03166
00181
07342
00026
06622
01448
05642
04093
00430
03803
07960
01225
05432
05867
00953
04974
02387
07799
01498
07914
02219
01855
07603
02296
04877
00168
06938
03174
00274
01308
04801
03332
03045
01678
07378
01144
01330
03675
05925
00431
04588
00204
04508
05998
03195
07736
05852
03974
01089
06918
04520
03238
02440
06928
00795
00138
03082
05412
05698
07122
06683
00932
00916
01837
03831
05261
01103
01396
05156
00660
03055
02643
01603
01324
02317
04706
04153
03365
03091
04434
01844
01198
00920
01602
06492
06203
02268
05041
01496
03778
02401
04110
07994
04319
04708
00364
03912
03607
02423
03857
02280
04665
02620
06190
07143
00608
02432
04776
04262
03030
03377
04564
01185
07251
01469
00578
01629
00291
03529
04720
03758
07525
06091
07392
07714
07023
06469
01220
02702
04623
07903
07637
07411
04780
00543
01218
01228
05836
04231
04550
06006
05807
01355
06994
01212
07704
02349
07722
02046
00875
01911
00780
06910
06258
00084
06346
06792
03129
03852
01209
06331
05338
07195
01090
06327
02451
06252
07701
04069
04179
05431
03006
06749
05780
06260
04752
02616
06689
06778
00381
06260
04217
05817
04808
07741
02316
00976
04881
06430
00290
03724
06991
06468
01371
02686
04509
07018
02065
07288
06763
06886
05017
00804
04885
02832
04905
00256
07824
06922
04755
06202
02240
07281
00175
05859
06632
06431
01752
05779
00377
01561
00333
04378
00075
03484
04407
05726
04905
01343
01161
00598
07558
04485
05251
01698
03726
04993
07762
00964
07320
03750
00466
01535
00759
02923
05875
05002
00560
03095
07801
05105
01925
01518
07965
07305
01712
03576
07249
07950
03692
07274
01121
06107
07276
02228
06261
03588
01007
00614
05427
02835
07979
02943
03905
07262
01702
05140
01704
05889
02852
02586
05716
02238
05819
00400
04216
06509
04482
02699
06286
07649
01512
04959
04412
06490
06817
04647
01362
07712
05434
00690
01584
00962
03918
03018
06853
03243
00337
03042
04786
02589
03401
05723
03724
03085
07517
00883
00320
07387
02246
01995
00018
03245
02786
05843
03262
07463
03239
03988
04671
01672
02804
07385
00941
06436
03907
01531
06401
00890
05243
06216
02548
04465
03938
03599
01478
03188
07088
06795
06235
04903
03966
03434
01920
04036
04126
02424
02763
07575
01412
00493
03295
03666
00609
01615
05646
03790
06480
03653
07130
04127
04201
05498
03412
07762
07284
01962
00038
01733
02552
04877
00300
00867
00497
03420
00444
04411
05983
03780
02118
04861
00315
02278
03159
04496
06853
01097
03768
05394
02680
03485
02483
02477
01055
02413
03573
02130
06401
07264
06287
04502
02104
02027
03287
00741
00160
03927
00171
05799
05226
03498
01493
03821
01488
04725
06986
03800
04323
04537
01549
01479
01344
06519
06705
05050
07585
06867
03259
02760
03919
07140
03941
05113
04469
03739
00895
03905
01425
03917
07153
02906
04483
07710
01115
07036
01544
03788
05917
04412
06720
06293
06898
03454
04267
02374
04087
00536
06706
05410
02378
03333
04514
03371
03341
04035
02739
07887
03466
05322
06727
02546
03185
06761
05358
06612
07292
04158
04582
07071
05747
05649
06240
00464
05707
02381
03901
03263
04202
01053
01752
00332
05638
00224
04220
07400
04075
01416
06326
04541
06363
01620
07494
05947
04495
05799
06639
06081
00668
00709
05742
02596
05041
00619
00071
03806
00829
04168
07994
01558
04909
03867
00597
06855
07763
00938
05795
03984
02850
05916
07938
02072
06166
01268
00914
04380
06896
00938
03209
03351
03039
01448
06884
01549
02811
07262
07288
06323
07402
03074
00999
04734
06757
01447
04334
07046
04885
07801
07706
06679
04439
03475
07962
06805
04127
06461
03440
00137
02168
07749
05954
05516
01833
00120
06349
07438
00180
05309
03257
05252
03192
01487
07943
00236
05046
00342
04454
05118
02864
06112
00229
00880
00813
06912
02692
07910
04250
00643
05667
00757
00330
06028
00476
05843
02078
06603
00492
03356
03264
02974
07948
01795
05513
05764
07902
03603
01987
03066
04803
05217
00008
06964
06473
07761
00521
02169
07490
01025
03115
01371
03375
04885
02315
02706
00347
02080
05922
01845
00005
00107
03332
03668
00950
01958
03523
05044
00880
03113
03824
03432
01799
05541
02497
07240
04745
06699
03790
06545
03096
00280
04790
03289
02649
00605
03934
02861
04933
07655
06937
03848
03549
02799
04772
00690
02746
04703
04744
06964
01922
07903
03106
07347
07095
03644
06079
07089
03369
01781
00225
04763
04044
00353
03487
05391
00676
00896
01320
01711
03036
07324
05735
03803
01335
00539
02563
07246
00094
04580
03070
00215
01943
05804
02621
00817
05782
05020
04710
02113
07086
07969
03045
04333
00096
02575
02250
05460
01940
00499
01292
01773
04070
06067
02609
03839
03671
05412
07685
00890
00612
07785
02183
06129
03316
07234
02020
01653
00682
03576
03355
06095
02842
05347
04287
05785
06745
06359
04443
01593
04078
00617
01327
05243
05860
00673
01241
05066
00641
06334
03087
04491
03473
00800
03273
04631
03227
06678
07164
03795
02421
06084
02304
03373
02228
00561
06418
06324
00955
05739
07158
05396
02420
01495
06453
03885
00221
00089
01092
02512
01210
04060
04293
00085
07657
04606
01702
03100
00978
03419
00616
06174
00188
07477
06138
00111
02941
01981
00323
04242
07626
06528
02239
01208
04332
05297
06913
03671
01748
07887
06742
07524
07813
04723
01162
02541
06895
03576
06916
07956
02460
00199
02636
06059
03203
01405
05613
02985
01722
00060
03830
01927
01289
02699
05466
02618
05402
03818
06647
01293
04492
07607
07668
04378
00614
02294
02755
04004
04648
01345
01990
04564
03518
06539
03086
07183
02638
03410
06782
05232
04336
03297
00718
02919
03709
05503
01707
02093
07424
04600
03132
06243
02570
00325
00384
06215
01250
01562
04883
00977
07769
05260
02319
04336
06010
05534
02639
07644
04256
00999
07503
00344
03939
02337
03567
03206
04010
06288
03287
01894
05540
01996
00500
07469
02770
01581
02207
03198
00699
06163
05471
07815
03267
04048
01477
00379
03478
00114
04342
04007
06079
06576
07430
07603
03797
06383
03198
02936
04820
05106
05504
01272
04105
00541
06018
02302
01319
07588
07734
06931
00888
04181
07306
03098
00813
03326
05963
00585
07382
05372
00228
05764
04077
04449
00325
03031
06284
04097
07135
04240
05183
05849
06539
07543
03828
07133
00330
05036
07951
03613
00807
02395
07002
06803
00249
03485
02458
02827
05253
04206
05884
02607
07104
00455
00174
05166
07025
01816
01035
04809
07605
00996
06190
05050
03101
01336
00936
06465
05041
03401
02252
00012
03224
01321
07655
07489
06479
07142
03981
06060
06615
00575
01806
04352
03756
01988
00520
01100
01327
01097
00214
07867
04901
03654
05734
02631
02456
04878
03497
04220
02075
05290
02595
07717
02795
06610
06114
02069
04145
07943
05451
07891
06053
00016
06991
07139
06604
03023
06653
02541
06049
01406
07410
05005
05586
07884
04331
06198
01505
03406
07291
06211
01899
05859
00535
04316
06150
02665
05967
03009
06275
05846
04120
03062
01426
02548
05508
07819
03973
03259
02706
07751
01197
00588
05986
01777
01825
02632
01601
04218
04701
07499
07074
00586
07174
01801
02734
04069
00779
00643
07858
04602
00808
02149
07351
02376
06404
06783
00303
00813
04795
01438
04555
06093
06646
03782
06250
03675
05429
00591
05931
03335
06190
00409
05987
05380
02447
02478
05162
06389
04640
06450
05712
07155
03652
04681
02477
05117
01182
07557
04118
01021
00401
02890
06188
01971
00351
07297
02190
03776
05043
01141
07854
05393
07162
06797
06465
05734
01259
03750
05776
07550
05480
05069
00620
03041
04732
07190
02687
03146
01092
00220
06205
06254
04523
01045
07672
00301
05774
02192
03027
04244
00510
01230
00142
04365
07523
04219
04353
05156
00253
06087
05476
00758
06534
04325
07627
07032
04724
04640
03247
05921
04570
06485
01766
04981
06958
02705
01973
05615
01189
00583
01980
00779
07547
03310
02319
06509
00079
00373
07589
07153
02922
01124
00362
02960
01952
07825
03823
06507
07951
03067
04353
03448
01477
00710
06743
02054
01918
01171
04325
00238
03978
05179
07501
02328
03725
03689
05301
07847
00928
04049
07731
01154
02710
06033
04261
02496
04825
03554
00990
01711
07026
00058
02427
05313
02663
07490
05075
06932
07806
01967
07628
05021
07264
01536
03723
05168
04761
05586
02691
07470
03772
05475
00879
03147
00931
02465
07386
06202
00596
03182
06491
07992
07296
04019
00159
03186
04837
07454
06495
04948
06739
01337
05808
06576
07307
07080
02424
02822
03522
03071
01854
07670
07494
00126
05083
06719
02168
02602
03149
02867
00951
01736
07531
03385
03869
00057
02418
07998
05603
06253
04669
06714
02208
07941
00723
07643
06062
04617
03163
06352
00045
03586
04458
07219
02593
00886
03389
03411
03767
05886
06274
01565
07205
02565
02256
03367
05615
04895
03832
02458
07813
00579
00115
06329
04938
02855
06458
06674
04847
03895
00565
07551
01214
03121
01035
03225
06899
00608
07960
03003
07172
04978
03069
03758
06530
01144
07761
04470
00087
03706
03892
06840
05615
07605
02052
03270
01140
02291
03753
05129
02353
00709
00844
01802
01688
07966
05605
07901
03423
05135
00880
07338
03012
01114
07937
00729
07794
00758
06447
01305
03324
03487
02092
01998
00518
06166
00437
02837
00835
03452
05924
05172
02584
06663
05475
00419
07071
01246
02427
07089
01608
03671
01226
06677
06363
06795
05587
04562
04121
05970
00239
07749
06208
01888
01506
04110
02924
00891
04937
07577
05274
07576
05167
00136
06088
01873
04094
03839
00697
00966
07762
04875
02260
01613
03753
03824
01068
02455
01463
03277
05531
02080
07510
06702
05575
02834
00539
06894
00262
03127
03140
06919
05854
05401
02701
04792
02405
00569
00097
01233
05575
05416
00814
06430
07270
06020
05265
06190
03292
04370
00241
02559
02075
00373
01384
03783
00374
04873
01115
01313
00825
01183
06890
05779
05170
06421
00003
06520
03923
03984
05329
06734
03503
03993
00978
01758
01378
02961
06599
02692
01422
00530
06660
00474
01983
06884
02279
05125
07856
07385
02789
06747
07143
06406
00320
04784
02875
04318
01877
04156
05430
05676
01361
07146
00277
06892
00516
05567
05676
03143
01230
05413
02854
07978
04533
01492
01835
06018
02073
00988
00346
06230
07550
05201
02485
04352
02953
06419
05788
02185
06854
01976
00946
07200
01510
00025
04636
00695
03398
04854
03496
06011
05610
00326
05834
04718
01864
06304
01985
06498
00385
05823
03224
02067
04651
04021
02888
01442
06153
04079
03386
04522
03548
04065
00491
03969
05202
05838
05929
07885
01117
07797
02746
05888
01311
07259
06171
06961
00961
06130
06246
05592
05411
05219
07245
04710
07661
00829
04546
07871
05700
02809
03449
00661
05977
06761
07429
06178
02267
06141
05599
06721
00909
04722
00518
00234
00306
05976
01024
02952
06308
00126
07294
03193
00772
05884
04317
04386
05323
04380
00265
04139
00063
04837
07420
02846
05442
03846
07396
05912
01092
04188
02467
03881
00217
00480
06960
07950
00870
04912
07194
02824
05428
05496
02093
01112
04326
02621
07725
03738
00263
07046
07039
03707
07037
04199
03816
07513
02075
07211
01324
04021
03538
07901
06424
01559
07942
01139
02716
07679
07231
05208
00144
07747
02102
02132
00343
05770
04752
04827
04641
07907
00807
00047
01162
00451
05379
06514
07584
00281
06695
01804
06530
02960
02184
03637
00611
06881
07449
07391
01518
00977
07233
06915
07876
01230
05038
04423
06240
05026
04803
03145
04252
07826
01709
00075
01164
00597
00083
01147
06088
04852
04587
06173
05192
00315
05866
07255
01320
02585
04947
05081
03402
07833
07985
07335
02586
05117
07136
06532
03373
05236
03397
02940
02883
00889
04573
00782
07467
05576
02675
02165
05061
03964
03116
07634
06179
04298
01660
06328
00137
02964
07995
03283
07892
03883
02002
06581
02487
02212
06799
07551
00224
00341
07193
03816
07097
05421
05309
01069
05386
04525
00550
05333
06459
03207
03243
07520
07927
00657
01859
00012
02989
05670
02068
03971
05936
03738
07208
03044
01278
03479
01472
03180
00350
03160
03011
02881
07778
04290
03151
02715
05324
06426
07793
03663
07821
06887
07023
07865
01129
06821
06466
01350
03894
07587
02785
04764
04867
06714
06968
05606
07316
02346
04536
05759
03980
04498
02439
06074
02084
07372
01432
03980
03735
04003
00342
02647
00480
06513
04282
01939
04699
00410
00317
07003
07624
04703
05735
00082
05167
00671
03141
07408
05021
00048
04536
01644
06284
01046
03050
02056
04960
07518
02268
01140
04430
00538
06171
03936
05143
02169
05394
02337
05106
07810
01016
02943
05896
01325
05482
06681
02265
02846
00595
00245
04220
02431
04359
05288
05315
04025
02159
05918
03709
04430
06047
01287
07381
03542
04164
07518
01047
00019
03833
05975
03667
04403
04920
07333
03290
06371
05229
07013
02725
02443
00614
05930
02198
00617
02983
01254
02966
04749
06363
06641
06237
00623
01316
05177
02576
05416
06931
07879
00708
03539
02931
03114
05792
06273
04160
04674
07521
04755
01909
05418
05112
03384
01411
03459
06030
00900
06813
07642
01703
01641
00688
05429
03172
00596
07345
03583
01698
01702
01998
05005
05185
03341
00902
04108
07743
06975
02068
00777
07682
00915
04743
00157
03828
00956
04013
03379
07752
05666
06893
02040
03164
02270
01396
00733
03319
04562
05320
00396
06769
00676
07736
01253
03890
00725
02868
03251
00850
03201
04473
03120
04128
03317
00164
07921
06590
06120
00424
05615
03690
06616
06875
02996
04631
03331
07339
00031
06265
02558
01517
00531
04128
01332
05078
03074
03260
05951
04226
06097
05375
03740
07154
02153
00800
00974
04115
04058
04155
04562
04217
00363
02261
02426
03691
05314
02430
00809
01559
00300
07631
01578
04518
06346
05139
06509
00106
07769
04674
07518
07732
07772
02408
04387
04227
01512
03429
07667
03159
00460
04621
04814
04579
02459
06192
06108
01568
05463
07923
04326
06270
00187
03229
03691
06389
07332
04718
04256
06650
05214
03945
05704
01550
06407
07539
05803
02928
04834
04180
00630
07667
02811
01178
07215
07146
05042
02844
04818
07103
07973
06172
01677
00547
02750
05510
05525
05215
03606
01045
06947
05642
06980
00533
07695
04563
00967
07619
03911
03326
04299
00528
01068
07020
05019
01348
04681
07698
01636
00128
07600
06732
02082
05212
05299
06922
01898
05166
05436
01832
06098
04396
01226
07772
07360
04201
05448
03593
05262
00699
02060
01840
02007
01982
06313
04870
06433
01457
02289
03936
03175
03709
05578
03146
05121
04694
06827
02232
00114
07483
05236
02836
07246
01751
02856
01974
06022
07050
02440
05746
03537
00961
03020
03338
06265
07873
04864
01348
05056
02948
04090
04823
07789
00506
03956
07871
01910
07728
05578
06064
00459
07374
07825
05223
03197
06394
06545
03547
02569
06171
02785
06098
02949
04920
03230
03985
01062
07806
06023
05356
04843
02144
01912
07547
01898
04185
00833
07725
07733
01741
07587
02166
01385
06349
06566
04004
06995
06713
02778
03408
01086
01088
04200
07919
05725
01220
00147
06664
00209
04120
01809
03904
07000
00235
04928
07569
04308
04478
04999
07449
01779
05713
04810
04046
04543
03932
07625
03920
04804
01401
03734
01687
04825
03231
04145
01035
03405
05704
01985
04915
04912
04660
03825
07301
00059
01863
00613
06172
00412
03790
01944
01031
03106
01247
02772
03645
04930
07582
02636
04015
06532
05724
07641
00694
03341
07833
06991
00876
06281
00426
01020
02390
01652
01910
02301
04926
03846
01946
04476
02400
04601
03629
02633
04858
07672
07325
04948
01030
02726
05560
07749
06660
03719
04807
03384
00688
05775
07765
05080
04116
05637
01933
03159
03766
01620
06785
01479
03313
02350
03335
00472
04257
06877
04798
07662
06968
03752
04526
03486
00686
02654
02637
05702
03093
01474
01374
04486
05962
01171
06132
07263
07943
00118
02901
01446
06934
02690
05497
05540
07648
06120
01522
03597
05348
06973
07525
06171
01539
04902
05174
00199
03063
00095
02626
00164
00804
01448
01926
04056
03271
02828
06685
01463
04875
05839
03174
01342
05242
00243
03908
03816
04048
03559
01022
01648
04204
06925
05831
05092
03488
01318
07193
01763
04967
04829
04474
07219
07094
00492
06433
06401
03499
01327
03122
02486
05410
03459
02724
00306
04071
04058
02115
07591
04549
03999
05265
04437
04925
03712
02888
04445
07122
00605
05755
03781
07425
04363
03290
07239
02959
04484
05524
06550
04858
06063
00791
07598
02961
05576
04851
05974
04511
04524
00540
01141
05571
03780
07694
04302
04507
06731
07435
04378
05727
01661
00064
03649
01226
04894
02694
00244
03826
03236
03076
05609
01913
01346
02929
01844
01436
02257
01655
02751
04457
05981
01779
01062
06989
04810
04249
00433
02315
02850
06965
06255
06729
06204
02508
03691
00644
05129
01633
05070
01700
00574
01811
00273
06955
04633
01059
06300
04742
06547
05268
01472
04422
05025
06059
02190
02088
04262
07190
04946
01168
06648
07721
01135
07573
00589
02371
03800
01781
04354
05583
04969
00745
04807
05734
01696
00148
03115
05586
02298
01301
04224
03374
01134
02428
05355
05417
02048
02584
00266
01001
05252
02350
07426
04172
07600
01991
00676
06729
03292
04257
07931
04213
01944
04613
04468
02146
04394
06264
00426
00418
01890
02123
06478
01065
07324
03277
00880
00528
05650
00545
00748
06454
07003
03882
03507
02945
05316
06626
04405
02370
03210
07050
03048
01079
01649
04284
04920
04265
04163
07708
04171
04854
01448
07789
01775
01577
03679
00640
02659
07557
05527
03015
02495
07585
03564
05639
06016
00941
07361
06764
03188
07506
07606
07350
01086
06136
07366
05649
01415
07905
01792
06019
02178
03378
05984
01919
00409
01362
07562
07062
06457
06251
03298
05773
05367
03534
07818
05513
06429
02035
02169
03239
00533
06494
05620
06248
00689
04636
05612
00074
07253
06509
05429
05554
06850
04604
07070
04612
00831
00393
03825
00917
00486
05223
04232
01336
01096
00353
05450
01717
02174
01592
00001
02328
05837
07048
02777
02853
00757
07432
05176
05289
06742
06960
03572
03627
00960
01525
05365
07554
06421
01392
03625
01856
01053
07069
01693
05964
04390
00382
04799
01997
07190
02399
06573
00706
00591
02485
01081
01135
06845
06368
06716
00562
04671
01040
07315
04852
04591
03523
01211
06971
01936
01708
00837
02843
01811
04208
05877
03148
04998
07369
04413
01239
04186
01357
05073
05035
04815
03145
06439
05196
01022
01543
01101
01963
06466
01775
01190
06992
02116
02378
03010
03316
01442
06113
05657
03883
06204
02436
02788
05054
01946
05735
01305
03863
03965
03814
02177
00725
02369
07913
07479
01728
00299
05090
00767
07894
06165
01907
07168
04292
02675
05677
06496
03504
04289
00948
06970
01139
07755
01790
04798
07844
01688
06522
01958
00719
04340
03021
02449
00517
03673
03383
02046
00781
05113
03988
06758
05560
02347
05951
06901
06226
07983
01297
02023
00117
01504
06023
03196
07991
07669
06657
00151
04611
06067
05735
04153
00197
01523
04518
00852
02111
02251
00536
00975
07033
03676
05634
05973
02517
07544
07799
01114
00064
03758
05273
00748
06917
07987
02687
01201
00188
01326
01779
06403
00543
01247
07122
07077
01596
05101
00470
06944
03975
00908
01777
03774
03463
02376
01615
00674
04209
04080
07550
07362
02386
07649
01578
05891
02277
02670
03649
06640
05636
02921
05621
05398
05691
07057
00288
06846
07289
00088
04929
05767
03488
05263
02404
04064
01531
05808
02016
02080
02127
07496
06714
02114
05706
07615
05863
01472
00921
07877
06255
06218
04181
03355
03757
03939
03869
05051
00307
05593
01983
05605
05514
06431
07503
04808
05399
03976
00602
03209
06041
06818
00309
04530
05582
00493
03822
07738
05237
04599
00868
02413
02479
04821
02483
02488
06911
02240
06663
04179
04912
06793
07826
01355
00854
06906
03480
02603
05932
00075
01383
07942
04573
04286
00805
05860
07198
01047
02497
01671
01528
06651
01867
02328
05411
05028
01824
06771
05006
05823
04414
04684
03644
00291
04022
05308
00904
02285
01151
07212
05193
05308
04262
03612
03536
04742
00547
03985
07630
00661
07688
02457
00467
07650
00211
00124
02929
06540
03618
03137
05183
03445
01478
05145
07161
01658
06063
04588
04677
03020
02759
07039
01232
05168
02844
03583
07063
03023
02485
05165
02242
04474
02885
00805
02602
07999
01981
03852
06587
00480
02300
04949
02869
05878
05282
03761
07117
07970
03458
02065
06384
04971
07478
02073
06887
00953
04492
02658
01237
02989
04701
00620
02270
05019
07166
05151
00354
05413
06800
04668
06503
02421
02867
05285
02581
06358
04375
01221
03354
07920
07794
06109
02158
00030
01934
01452
04016
00302
03834
06522
05871
01588
05216
02370
02694
00715
01655
04410
02335
06633
07759
03456
03928
03934
05449
02274
02498
04841
03433
07370
03910
02103
06468
07493
00482
01017
00787
03502
04817
00225
03050
07099
01801
02360
05826
00931
06878
00159
01394
05227
07812
03616
05629
02956
05937
02864
07236
02947
06049
07683
02332
00053
02931
04940
01338
00508
07089
01040
04363
04050
04397
04710
03937
06617
06342
02445
05511
04228
02634
02729
05173
02726
04789
05212
00671
07445
06168
02365
01320
03258
02453
06072
00052
05368
01863
01474
01050
07927
00382
02423
04217
01804
04776
05073
06754
01479
05195
03847
05234
04376
01518
03328
01219
01182
05528
07218
01529
07438
01776
06428
05111
05436
06979
01884
00180
00841
00548
07341
04392
04074
03566
07617
03168
01552
05669
05687
00497
00121
07099
07737
00073
05907
06254
06261
06497
03016
03086
04022
00206
01834
03741
00158
05815
07869
06863
07938
04065
00347
00432
07842
05094
06664
03301
07812
04677
06291
00010
03755
01490
03749
01531
02425
07566
05865
07278
02910
03409
07000
04605
03324
00484
05791
03394
07257
03819
04784
05532
01088
01343
03234
02254
00308
07194
00070
06469
00338
02923
02119
05882
03650
04682
02109
04206
02713
07622
04174
04114
00655
02329
06785
05961
03992
02877
04385
05829
00737
04311
04938
01550
04648
07634
05459
07969
07928
01479
00983
06773
01664
01880
05602
02137
01871
02332
06965
01273
04463
03828
00695
01279
05467
06716
03704
05397
04637
02334
02594
07753
06345
07296
01854
01866
03664
00669
04192
06223
04737
04145
00689
02967
01890
03790
02711
00907
06695
01164
04035
06719
05709
02206
05846
06551
05526
07359
05424
00646
07905
06602
07191
07410
02533
07593
00257
01076
01162
05606
00447
00507
07140
06429
01030
00208
01292
00402
06234
00371
02205
05023
05785
04005
06280
05702
05217
05887
02389
05669
00287
05376
06903
00263
03189
06948
05130
04182
05703
02991
01003
05103
07651
05001
03060
04558
06858
06467
03090
06440
06303
01015
00773
02712
00107
02318
07156
04145
02443
03996
01643
01394
06903
05605
07346
05079
06895
00963
06091
01292
00515
01631
00903
03068
05056
01565
04677
06088
06898
04756
01544
01236
04443
07674
02292
07675
06574
01055
03493
02402
05128
05200
06060
06570
06380
04380
04071
06143
05177
07027
00828
04366
01515
07465
02866
03283
05450
04058
07276
05392
07666
03240
04162
05657
03904
05536
03837
01932
01494
01979
00687
05407
05516
03968
06829
04818
02995
02183
04331
04099
07687
04504
00562
02592
06512
03313
00384
00631
01589
03110
03196
00937
05694
05283
06420
00381
02244
03341
02677
06672
00791
02439
07398
05866
00075
04433
03394
04653
07360
07370
00976
04327
07053
07830
01024
03846
06025
05722
02692
00747
03637
07268
05193
07127
03401
00552
06225
00386
03354
06309
06191
04042
05924
07783
03614
06600
02426
01573
01021
00255
04743
00458
07019
05038
03456
02065
07227
04549
07272
00137
04500
05556
04735
06840
02088
04062
06792
03356
00079
05164
00438
03085
03007
01598
04210
03070
06378
04029
02123
00930
02868
02252
00251
03499
07376
05277
00338
02925
06006
06752
07746
06945
05123
03349
04166
04230
02989
02435
00687
00866
04512
06913
06924
06759
05050
03249
03253
05872
07264
05709
02548
00554
06587
02201
03153
07184
04691
03000
06265
01550
02630
02267
05194
07431
03684
06164
06653
02610
06506
04233
05425
05855
06746
06659
02192
03800
02931
04262
01184
05410
03282
00187
06184
07971
03429
05545
00892
02333
07751
02243
02984
03864
06590
02490
02805
02974
00781
06643
07963
02976
02677
00820
03459
07094
04623
06391
06774
03524
03775
06177
03240
05624
01878
00204
06875
07727
01670
04161
04594
05111
03522
05185
04563
05743
02162
00450
01527
04491
00912
06199
04625
00948
01634
02696
07768
02380
04244
03233
02483
05711
07793
06502
06400
00917
03838
01860
01601
05364
05811
03491
02020
04162
04823
03192
07918
04408
02039
03830
06403
03250
00322
01828
05268
02066
01092
07114
05221
01221
03453
06085
03194
00413
04957
04538
04702
02782
06879
04775
03343
00212
05631
02453
07561
00993
06681
05098
01005
00341
02080
07643
00398
01334
01847
07294
02073
01311
02479
00189
07646
04036
02910
07142
07615
00723
01816
02336
05555
07926
05965
00569
00760
01077
07615
03098
04371
00633
04574
01180
00389
02603
05249
02227
05772
00187
07043
04488
07826
02173
05176
05349
06198
01837
00203
04234
01526
03859
03125
03676
05814
01858
04892
04797
07663
04282
00454
02231
05303
01901
02040
02257
07080
01375
00559
06660
04464
05286
01914
04808
07221
01361
00562
01799
02851
02661
00472
00499
01427
04034
05385
05235
03289
04453
05664
03576
06250
07303
06696
06894
03880
07586
00892
07055
00332
05075
07550
05137
06511
04763
01456
02240
07285
03647
03250
05670
00470
07888
07960
03366
02826
01989
06951
04712
00273
04740
04077
00942
07772
01471
05178
02053
04059
06587
03390
03416
05348
06828
00832
00415
02173
04157
06265
07284
05702
03755
07051
07558
05318
00145
01377
00742
01232
01726
03236
06911
03089
05314
07446
07139
06841
03912
07119
03904
06852
01629
02066
00945
05540
05391
07116
00113
05965
00304
02664
07530
00028
04282
00017
02731
04837
05324
02181
00633
05080
02259
03539
05372
07886
03268
01841
01882
03190
00901
06076
05729
03863
04331
06924
00798
00705
02590
01587
01355
07124
04057
00787
01060
05740
01358
06809
01370
02920
01126
05146
06433
05718
02086
00968
01956
05756
02157
06864
02072
01285
04698
05076
00110
01799
03978
07360
04194
02797
05119
02891
06641
06790
07900
07820
03815
01640
03404
01654
02198
06594
03139
01970
00355
03326
02461
05400
04090
04559
02018
07241
00609
03292
07915
00555
06122
02248
02590
00386
00195
03038
02132
02408
00871
04566
01692
02729
02487
07174
03033
00765
04131
03816
00134
01634
02306
02244
06426
03414
04802
04666
07943
03246
01529
06702
07708
01366
02202
03728
03914
05926
00323
06982
05315
07772
01010
04857
01662
06972
02776
02617
00407
03457
06854
01166
