05838
04309
04836
05292
06780
01745
08296
07880
04133
01873
06554
05659
07200
02478
02391
04642
05287
04041
05885
02822
05427
02184
07298
06968
03866
02155
01726
01129
04689
08349
02951
07036
05295
05046
00663
06467
07201
03405
01740
05989
03747
04683
05419
06194
00977
03531
07730
07133
06475
03453
00153
00760
00526
07897
03060
02830
03061
07297
07512
00409
06907
06672
00807
08196
05627
05102
00426
04074
06534
07573
05530
01277
08352
02446
02778
02243
03608
05557
04949
00875
02450
06971
00064
04285
06179
07449
07899
01408
03336
06754
01849
07237
05572
03954
07753
00240
02932
07027
04065
02630
08352
05454
00102
01746
05616
00302
00555
02802
00232
01088
02339
06559
08210
04502
04916
02554
07031
00155
03210
05873
06153
06706
05429
07344
04416
06967
04961
01253
02415
04583
02896
03292
03362
00027
08390
04041
02662
04270
08240
06212
06949
03488
07425
07581
01997
00036
06123
01121
02556
03092
00439
02678
07819
07908
04897
08032
02675
06644
02018
04214
01136
04830
00331
04462
08049
01152
05932
01989
06008
06484
01598
03147
04724
06218
03171
01595
01785
01735
06792
04184
00921
05686
08371
05538
05537
01917
01535
00712
00754
01707
07041
00184
04267
03438
01191
05506
05424
01313
02044
06986
00200
07410
00058
03932
01640
01841
06028
06682
01752
06148
08239
06833
07135
00247
06117
00026
02865
07841
07605
00796
03377
01587
06930
04302
06323
00281
07910
03562
04963
00066
07035
06766
01724
06269
03623
03660
01318
05673
02993
06048
07119
05791
06660
01490
03380
07307
02335
03745
01021
06868
01334
04096
00371
03357
03465
06029
05630
05252
06254
00588
04015
02008
00925
06034
06422
03512
04553
08333
07921
05047
02822
08209
05858
05723
06491
03389
06988
00500
05286
02188
05226
06890
03494
06872
04652
03023
01017
03369
02111
02915
07042
04778
02471
00902
00406
00477
07531
02361
01364
02565
06077
03150
08255
02688
02325
01325
07865
08072
04538
02024
01069
05199
01276
06182
01513
06488
07760
01372
00070
05253
00281
06890
02694
04874
02272
02337
07513
05872
03375
02770
02684
01942
06607
05282
08175
07938
04300
05513
06368
04997
03154
06410
06569
04317
05031
01901
04851
02900
00453
07736
04262
02133
02785
01500
00702
05407
06029
03324
03035
03506
07830
05320
06677
05862
01243
07287
08010
03258
05659
03187
07990
08074
04569
04206
03406
03707
06543
04371
01417
03120
07532
02263
08299
04622
06572
05567
04511
05612
01122
03851
03328
08164
04436
05711
01732
05175
07715
05106
02006
02061
02710
08079
03774
03530
02706
03897
01647
00540
02344
06892
06349
05968
03579
03742
02233
06148
03036
06933
02299
06599
04820
05602
04731
02669
02157
06938
06171
05439
03933
04950
01173
02927
08352
08208
00108
02169
03650
01886
03153
05364
04822
04251
07189
01032
04709
00704
04822
02154
02902
03890
05528
04179
07766
01541
04177
08047
00005
03727
02320
07552
03837
07303
05579
04851
05951
03787
00964
01482
00652
08241
01096
03800
07820
00726
06068
08268
06991
06802
00020
01157
01246
07276
03897
02196
04605
06169
04453
05630
03823
02352
01990
03728
03718
02137
00910
01725
03381
07508
02491
01107
01380
07815
03831
03692
00912
03871
04030
06720
02924
01190
03639
07064
00584
04469
06498
07773
06060
06337
02620
01007
02609
02498
06322
05810
01740
06705
01071
05490
04056
00319
04931
04375
06831
03506
00995
03955
07092
02234
01479
01577
02256
02226
04837
03944
02408
07875
00295
05060
02199
01586
04810
06182
07949
01081
01814
02729
07076
03154
00309
05333
05994
01152
05122
06650
01664
07688
01248
01586
05166
05101
07956
07737
04592
01610
03888
00440
02641
06231
04748
06396
00467
05486
00803
02710
03784
06040
06295
07291
07473
04913
02130
01580
00592
02842
03851
02080
02027
00365
05393
02540
00640
07626
07687
03077
01535
06912
05324
00669
08137
05976
01766
03273
00291
01467
02970
02275
04119
03988
00522
05611
04503
04544
01019
00184
06286
07026
07490
06077
03413
01571
02299
02294
06511
04039
06326
00465
02482
08378
00350
05274
00755
08393
03527
01567
06668
06189
02996
05794
07356
06209
06130
04285
01035
06181
02980
08239
01112
06492
04955
04452
04354
00128
06290
06980
03007
08038
05796
03282
00652
03979
08250
00500
06210
03773
02117
02306
05249
02486
00724
05175
04444
05331
01923
04501
00048
08180
03520
02773
03106
02684
05227
06939
05748
03751
08137
04936
01332
01467
07093
05642
03218
01335
01252
02350
00027
08009
00419
01334
06535
01596
02735
00933
01883
07518
02401
02934
02059
02879
02644
04829
07600
04261
07556
01525
00482
08061
05781
07785
06754
05964
04381
01214
07607
08227
03519
01661
06003
00785
06357
01439
01808
03618
03481
03025
00845
02085
02928
04502
05487
00268
08052
00844
02966
01740
04572
02310
05869
08244
02794
07945
05709
05995
06400
05603
05471
01154
04848
00597
00364
06728
05407
03569
05619
05724
01157
04894
07317
02621
00036
05016
01249
00638
01939
00981
06599
02165
04534
03474
07051
00834
06315
06044
00985
04829
05619
02411
02223
04200
05851
00553
07803
05940
06566
03296
06257
04111
00153
02369
08041
01242
00626
00576
06084
03929
01462
06125
06057
00692
07782
08046
04848
01115
02957
08279
01529
06582
06744
01484
06986
03418
02931
07069
03204
05559
06876
03440
03697
06078
05958
00381
03580
05856
01757
02658
05196
03490
01904
02903
08174
06909
02336
07340
01582
00513
07955
01534
08387
06746
07637
07128
00772
06666
06413
02310
07435
06630
03303
06101
01908
06269
07571
01991
08097
06451
02617
01874
03294
03468
01094
07976
06396
02131
06728
01873
08012
02810
06739
07380
01001
07404
00413
00549
02354
05902
05948
07416
02531
03541
03690
04691
03088
00433
06498
02674
07389
05398
02602
03348
03293
06651
06684
04131
02581
03115
00051
04353
02555
08089
03614
02445
07024
06417
03924
01173
05624
00554
05781
02854
05426
03207
05449
01391
00088
06893
02759
05171
04597
00430
00164
05196
06957
05667
00230
06813
05822
04153
06883
06720
07409
06755
07067
06959
07693
00061
03215
00302
05608
05520
07292
01828
07179
03697
02280
01595
06273
06389
07592
08189
01163
06431
05163
07534
04467
00969
00183
07849
01739
05681
08174
06691
02194
07482
05852
02315
00658
08212
04352
01683
05817
02662
04149
03784
00721
03832
01531
05484
05150
01933
07207
04437
03572
01597
07156
01295
03363
08208
07636
00124
00496
02438
01975
01180
06433
06756
01126
03127
07316
04058
00893
03799
01020
01631
00339
05091
04762
08285
07687
06438
06180
02330
03384
07295
04228
07275
06673
05649
03776
07389
06512
08282
06177
07470
04354
07184
02674
04213
04173
03127
03671
01394
05960
04720
01991
03472
01003
00044
02632
04871
02799
01822
07942
08110
04481
05006
02079
07902
07736
08361
03726
06226
07936
00326
02337
06731
04771
07811
06346
00287
02788
03966
04687
01345
03079
00337
02078
04172
00304
03508
07312
05160
08182
03766
08040
04496
03972
01942
02681
07082
05516
07339
04209
01733
02232
01828
05734
04593
03791
03290
07388
02968
02096
07169
05344
02075
05901
01149
07555
07079
02455
03538
07798
01590
08018
00419
02175
00049
03365
06108
07974
01827
00881
03963
07918
05241
02395
04297
01555
05254
07448
01735
00732
00051
04804
03427
02045
06067
04639
01626
04797
07429
05268
00375
07134
07811
05526
01194
03838
07623
08042
06020
08137
08397
01692
06766
08169
05827
07615
03929
04987
04140
00052
05968
02415
06149
05541
05305
04220
02015
07055
07643
06461
04731
01610
01530
02140
05571
01127
00429
05882
03157
02453
01745
00504
03099
01215
06790
05332
00917
06949
01607
04292
03609
05846
02359
08360
04896
01783
07623
02735
01889
02594
07828
03737
04699
03102
08381
05316
06892
02375
04514
06902
08191
03978
08247
05621
02162
01456
05304
02886
08213
00116
05736
01264
01566
06850
03890
00972
04170
06717
03664
04108
00302
04541
00425
06917
03580
03012
04228
03786
00672
01900
04811
01862
01498
07215
03052
07653
06166
08305
00777
02384
01351
00270
07183
07892
04114
04620
00643
01390
06406
03100
01560
02901
02106
05091
01134
05075
07487
06223
00804
01505
01540
07657
00990
04575
02633
07830
02705
00221
03563
08152
03275
03528
04557
05959
04992
06004
04264
02280
07792
06851
01721
04232
01636
05855
06889
07816
05671
07882
03002
01780
02865
00335
03036
04481
06221
06756
07344
00851
05773
00127
06484
02504
07220
02242
03405
02373
05761
06820
07683
08219
05403
05117
03686
04245
00952
03886
00350
07552
02328
03403
06336
00039
01934
03750
06284
02202
06638
02170
00307
01275
04913
02272
03110
08182
04614
06897
03322
04890
02836
04744
04616
06071
03498
04403
05553
05654
07383
00198
01822
00111
03717
04252
06229
02444
07647
03884
08055
03176
07572
08068
02967
02402
06100
06356
07061
06324
00823
08361
06281
06203
04781
03396
03435
04258
00752
06870
05886
02511
05573
00507
01437
01322
05250
01329
04957
03222
03705
04899
02419
04157
00994
02982
06143
07532
00871
00927
02805
03512
08281
02158
03308
05275
07601
05548
01696
06703
02800
01645
05954
00646
04007
02497
03471
08147
06083
06541
07581
06793
05520
07600
02770
06255
05774
06165
01471
02764
06721
06805
07082
04996
06050
02342
01865
00223
08099
06547
02298
01474
07328
06313
07504
05373
00353
06188
05079
05840
07836
05588
03480
01499
04487
07367
02761
05072
00827
03716
07180
04439
07924
03161
00503
01710
01109
05762
01203
05787
03640
02687
04494
03183
06115
05312
01564
08313
08294
03903
06890
04004
06657
03467
00675
05646
04643
03724
03355
04822
08236
06680
01961
04128
07140
02913
07217
04425
07285
01288
02591
01122
03827
02418
06400
01275
06461
01813
05834
08237
06107
01744
04364
06659
06342
00581
06416
05782
01639
05155
01789
02948
00519
03764
07482
02237
03574
06383
06492
00841
06776
08395
03952
08281
06761
05218
06644
00328
04833
00461
00431
05550
03603
08241
06353
01906
07999
07430
03589
03720
06167
07024
07492
05294
01679
04028
00291
06079
01646
07225
06972
00275
06609
02384
00698
07971
06206
03841
07837
00220
06373
06187
07998
03408
02243
00648
05853
04099
02416
08259
00022
05544
01033
06103
01826
00553
06568
01861
07513
01437
01919
04801
03892
01273
02739
04282
02113
04998
05973
05908
04577
00730
06844
04276
01595
07670
00478
02487
02147
05515
04894
02175
07045
06426
07951
04363
06331
07895
00358
03346
02719
03993
06653
07196
07482
07297
05492
00125
07274
00372
01122
02271
05954
03894
04922
08187
02971
03909
07673
05891
05368
01983
00107
00079
04136
05169
03725
02722
00197
02990
07229
01944
07321
03720
00493
03710
02256
00845
06231
04110
08024
01073
00890
01734
04613
00356
00579
04900
07969
05472
07479
02368
03792
03602
05036
00726
02994
03058
03400
03038
01282
05856
06801
01866
04923
06221
04851
00108
01419
05731
07840
03985
06543
05874
06017
03245
05517
07609
00427
02260
07185
03917
04109
01522
06223
07128
05494
01673
02839
08145
06755
06277
06695
07939
06694
06381
06138
03725
01970
04087
01390
02343
06115
06760
02724
00507
07258
07320
01904
02935
05142
01230
04496
01998
06558
05085
04201
01653
01403
04234
04972
03025
00115
03673
01960
02490
07760
01491
05977
02316
05823
05398
01583
06379
04467
05561
02073
00752
06410
06027
06288
01556
02936
01671
07024
01623
04879
05333
04641
05342
08128
03568
06292
08263
01003
06703
07417
01354
04371
05347
06797
06478
02045
03500
07936
02404
07206
07896
06484
03156
03188
05081
08386
06195
05733
03058
00567
04974
03556
05374
03116
05717
04762
00797
07619
04758
05360
02219
02205
00117
00275
06654
06312
02630
00465
07501
01270
04167
01663
01864
04345
03852
07997
00488
03066
02232
06481
04483
01913
07924
04656
03467
05198
07248
05547
05189
05630
07460
02806
01441
02441
06817
04180
01787
01040
06712
03054
00284
07909
00870
00706
01229
04234
04076
07496
06922
04011
00407
01264
04895
04488
08192
05719
05154
02410
00194
05129
02412
00503
01762
03024
00789
07937
07504
00090
07995
06488
02474
03577
00543
00080
03735
07539
07244
01037
04439
05546
07700
02331
06868
00662
07913
07482
02676
02206
02789
07478
04702
00278
06151
04628
06055
01731
01051
08249
05320
01001
04212
00373
05710
04373
00072
05964
04349
06646
01128
02437
02978
04166
05611
07020
00964
01095
02598
07682
05733
06873
02522
03092
05403
05240
03033
05113
06261
05970
04678
03812
03276
07957
04457
02650
05241
05767
07372
03133
00349
03024
02950
02167
00672
03265
04369
05171
03081
08232
05129
01925
06247
05227
07171
05033
02602
01026
01735
03864
07217
08033
01116
07976
06401
01155
04687
07355
01806
01378
03488
07303
05657
05747
03113
06150
01062
02927
06299
05587
06793
02027
00198
04581
00413
07897
01717
01833
03744
03143
03700
00615
07358
05925
03664
04407
01833
06869
01897
03324
06786
03307
07622
07390
04246
04132
07541
03846
01176
01731
02909
04338
00775
05509
06770
06904
05596
01734
06724
03767
07666
05661
02165
07769
00674
02946
04069
00806
04937
03872
01164
05410
03801
06662
00211
04661
04505
00535
01487
04635
00202
08225
08075
05682
08055
04619
03472
01441
07735
06231
05540
07289
05347
00791
07613
03811
00574
06251
05408
03480
04022
07385
05643
07488
05174
06966
08363
01186
03525
07440
00010
04154
06591
01774
07608
05112
04765
07583
06293
04373
08067
03471
01065
00673
04871
07384
03840
02904
05753
07909
03189
08243
03763
05298
03818
03850
03438
02015
03649
01255
00958
05683
07403
06630
07579
04525
03114
01288
04590
05750
00340
01031
00564
00787
01351
05812
01298
02198
08243
07628
05125
08211
01193
02105
03940
00992
03534
07348
03093
07446
07643
02184
01224
00725
03573
04563
01508
04788
00164
05878
08108
00549
05554
01003
00478
07670
08129
00981
07816
06980
04553
06691
08119
05594
03198
06495
07485
03288
02282
05267
03102
06623
00220
00923
02103
00248
02076
08197
02508
08324
06489
02037
07085
00014
00498
04005
00500
00765
00461
07946
02221
05830
06823
05698
03570
00510
01833
03993
04930
03564
00803
01242
07966
00429
02919
03090
03728
00513
06917
04945
06920
01683
01887
05610
06404
05847
01928
06586
01035
00331
03757
08085
00326
00304
03344
07115
00939
04802
08317
02458
02776
06386
07452
07325
06056
00421
05794
04914
05237
00133
07123
00010
04203
03365
02408
00649
03253
03362
02712
00765
02326
01941
08295
06059
06437
06821
02600
03669
04790
04042
06832
06599
01505
07484
04345
00481
04194
06746
06223
03071
07772
07350
07867
00660
02810
01181
04505
03126
01396
03509
02072
07938
04410
01023
07981
07408
05488
01723
06084
06481
07494
03163
03013
03125
00723
03152
04431
00329
01822
07216
06259
07005
07048
05354
06048
07380
05961
05120
02006
00244
05061
03506
00265
00174
03163
05116
04020
05271
00602
06485
08183
00821
07600
06056
04191
04533
04977
07984
02225
05225
03344
04701
04707
02000
06877
06323
04614
07741
00827
00737
03747
05801
00349
07039
07809
02675
05676
06768
05936
04854
01735
03623
04470
06532
01320
03510
08212
00398
02831
00402
00228
06037
08045
06866
00593
01195
04831
07174
04306
03267
03717
04997
04244
03559
05550
03150
08275
03383
05938
05776
04981
05055
07804
02069
05876
03890
07441
03673
05526
04627
07345
00697
07707
01058
04569
00054
07538
05443
03235
05096
06743
01770
02619
08303
00765
01747
07822
00677
03732
03294
00113
06032
03975
02599
01515
01075
02470
04595
07840
03652
04475
08023
05708
05272
00666
03059
04248
04379
03641
07916
06907
06908
06170
07431
00848
05284
06082
04784
01184
05223
05367
01466
00012
02915
06202
08386
01418
08085
07806
06812
04137
02732
05749
05375
07250
04565
03558
00188
06221
00933
03932
03337
05149
06725
04046
05021
01609
00791
02438
01540
07928
03095
04401
00961
05000
03181
00658
02067
00379
05807
04947
01120
07391
01828
00041
07183
04089
01235
07362
03602
03869
04313
01774
06448
05852
00361
07911
02224
01898
07229
01951
02753
01578
06667
07973
00231
06329
07364
00947
04575
07940
01286
02630
02676
05799
08128
07915
03930
08052
06213
03843
07848
05483
02586
02611
06707
04364
04458
02426
01365
02918
07146
08143
02588
01531
05254
01175
05982
02770
06041
06480
04602
04296
01164
07085
04538
02021
00502
04719
02742
02695
05169
06460
05026
01389
01501
01086
08103
02289
03166
06394
03758
03362
06129
04204
02408
06701
03260
07020
02924
05768
06098
01439
05496
01260
07318
02284
02040
03308
02439
04680
07269
07398
00250
05393
00356
02820
06166
06308
03647
00575
00616
00524
02545
02722
02390
06360
07531
02518
03009
01335
04420
02015
04291
07698
01709
08002
03688
05430
04242
05937
02186
03020
03676
06789
05076
02631
05923
05799
01784
00170
00465
08299
04412
01891
04130
04537
06206
00264
00007
00761
05176
00556
03962
03610
04496
04958
08188
00512
01190
07359
04762
03752
01584
03470
07454
00921
06451
08193
08162
04392
03159
02066
07231
01175
06637
02564
00755
06028
00973
03120
01073
03738
04951
05088
06371
07710
01531
06279
03706
08296
07813
00044
06262
07444
02320
01505
00289
06052
05963
06580
02453
07948
07752
04401
05646
07433
02881
00786
03098
06383
03238
06996
04173
06877
05425
01975
04274
04223
06203
05842
07755
03840
00183
06240
04937
06778
07020
03867
07735
02892
03376
00771
03377
02262
05999
00795
01218
01252
02571
00593
06283
00421
07741
06152
07871
07191
04986
03924
02267
05664
04866
07697
06643
01067
03569
04319
08119
00158
00664
02510
03765
00612
03030
06179
03193
08395
01551
01492
03663
02908
05471
08118
02856
02787
06872
00784
06170
02858
01302
02651
06898
00246
01572
08280
03846
00109
00696
01150
01301
06947
06937
03199
08079
02944
02753
02998
03681
00143
00765
06064
05080
05749
02449
07556
06615
01820
00856
06991
00932
01788
05097
03680
07084
04645
00038
06413
06023
04859
02494
01713
03686
04062
07554
01411
07817
02308
02037
07795
05245
02518
02156
03491
06898
03780
08053
02575
01771
05862
04947
04267
02831
06688
02039
05048
05900
05760
03819
02211
01083
00951
00537
00762
07150
04274
02824
06300
04198
07589
02406
07611
04642
01043
01121
03584
04785
02299
05055
02508
00664
05538
06893
02151
08031
00074
04404
07335
02358
01516
03240
06046
00102
07175
02427
05631
00354
05556
04575
07967
03355
08181
01208
06197
04115
01194
02751
07405
06169
01872
01059
07151
07827
00183
04761
02406
00106
05678
06389
02480
06847
05341
06369
05649
04363
05502
06394
00820
06916
01608
04138
08031
01708
02826
07455
05250
06148
01009
04443
01260
00701
07350
06117
02266
00191
08071
04092
04765
08290
02608
04540
06343
03722
01590
03881
04529
00832
02064
02232
04988
05867
07138
06829
07474
03917
04519
04431
07208
08393
03450
00024
02643
08163
00273
01977
07203
00000
00455
02362
00593
02716
08037
06846
03488
05451
05900
00341
01731
07463
00721
02299
06923
03112
00885
04141
07115
01777
02832
02188
06282
03847
04122
00331
03108
03709
01973
06915
03198
01802
07322
02165
02628
06860
04511
03951
06656
07254
03986
05208
03097
01685
07957
02069
00118
00976
07574
04942
04525
03406
07225
03483
02589
05761
05044
05271
01348
02368
03639
00263
00254
00818
06982
07972
05131
00582
04388
04899
03531
06816
03773
04070
02184
04814
06705
07820
00224
03080
00184
01011
04222
03462
06038
02078
01428
02203
01309
05761
00135
06271
01321
00681
07447
01115
00428
04937
00010
07422
06823
04239
07332
07580
00209
02549
01076
07269
07879
02547
02158
03748
02144
01809
00640
04302
06476
04602
06068
04746
02201
04621
05073
01296
05921
05405
08318
06922
06403
00632
02325
07639
04412
02149
02191
03758
00178
06870
02401
07184
01725
04205
01891
05910
02722
06683
07993
01177
06157
06068
00064
02513
06203
02974
07126
01877
05362
00791
05494
04609
00461
04918
06783
00358
01271
02586
01025
06443
04931
06176
04547
00833
04950
04672
05187
07380
06962
00022
01003
06221
07679
04190
04892
01044
03624
03416
08042
00883
02176
02108
03572
05334
07743
08087
00542
02207
00509
08115
00381
06326
03129
04436
00126
03373
03926
02847
01779
00369
01171
01989
02043
01964
04277
05629
06413
04136
00948
01696
04353
06830
08303
00094
00507
06124
06908
08174
00949
08069
03408
06178
02679
00899
02295
08361
05302
00311
05825
00014
05830
07489
00730
02237
00813
05499
03203
01366
03942
08367
05602
04202
06782
07337
02995
01138
08111
07608
03017
04495
02775
03470
00742
08029
02628
01446
05874
07664
04350
00773
05083
03152
00209
05641
05322
01793
04805
04926
08062
01467
04028
07439
08167
00361
06727
01578
04704
04717
05189
06796
07722
08032
02345
02524
05650
03494
03687
06548
03774
08112
02236
03785
04937
04843
05575
01515
05080
02934
05399
01784
03704
02930
01250
03628
04343
06594
02430
05619
02171
07889
02496
00766
01410
01506
03920
03124
02136
03283
00261
02672
05935
05243
01730
01992
01582
07186
05980
07678
07096
07984
01975
04479
06823
05405
02604
05400
01301
01352
06745
06969
00135
03027
03637
05570
05814
07803
03454
05945
03244
06710
08017
05598
07848
03109
02085
04118
04685
07065
01749
07923
00813
05906
03192
04789
06429
05106
06591
03209
01254
02383
05386
01855
02952
00136
00631
00122
04810
03535
08120
03281
01202
00085
04512
04850
02205
05747
07162
06838
00988
03060
05061
07376
03868
03344
05760
05263
04000
03907
00046
03026
01453
00845
08166
02251
04546
08162
01370
05756
02434
01937
05170
04942
06431
04322
04133
02737
07140
07913
02243
04398
05567
05975
01665
04024
07913
07935
05425
05408
02579
05670
05182
00984
06560
04035
08081
05199
01545
01735
06835
01451
04049
07670
05824
03493
07093
02931
05732
03694
01535
04298
05317
01408
06056
08198
05580
01439
03607
04115
05361
00510
04699
01646
01298
05533
01744
03736
03519
01920
05265
01465
05221
08332
00331
05905
02342
04218
02634
00762
07650
00270
01011
00474
03956
00577
05500
01781
05514
04570
05211
06927
07922
07995
06282
07470
07086
00711
02900
05870
00820
07378
04383
06558
06405
05185
03878
06567
05144
04737
03873
01389
06818
05827
07747
03790
03091
07956
05088
03560
07744
01931
02777
04695
05993
00332
00550
08348
07479
04490
01294
05401
05268
05177
01142
05192
01830
02016
07364
03436
07721
01373
07198
07599
07096
07651
03284
04122
01032
04351
01511
02083
02753
07384
07620
04897
07466
04261
06577
01291
06848
00120
07427
02926
08323
05960
06010
00557
04541
04700
06473
04835
03295
04243
04437
06804
04201
07585
01786
05521
08166
03364
07301
05530
05602
06229
03297
03134
01145
02921
02673
03982
02350
04567
00839
01648
01540
06804
05711
06368
05964
04186
03547
05024
02668
01399
03803
00383
01320
07906
00104
00152
06416
07128
03342
07057
04806
03797
03828
02724
04634
05870
02009
02379
01172
03082
05869
05332
03533
05041
01369
01428
06906
04893
06236
06360
03030
00077
03154
01142
04154
06025
07571
01794
03340
05119
03014
00461
03938
07579
06928
02487
03521
02614
01661
05541
06774
00966
04346
07502
04416
03555
03868
05519
00440
04249
01312
00782
01231
03945
06384
04124
04642
06650
08383
05476
06700
03229
06513
03472
07529
07038
01802
05930
02770
03414
05154
04048
02377
01181
03713
00881
04194
08333
03820
06948
03821
01746
02828
06455
08044
07742
00520
02325
00997
00409
03071
06673
04757
07813
01796
03183
02911
01439
05798
07954
03920
02498
03322
05792
05152
01189
04359
05841
03784
00053
07310
04310
03114
05517
05396
08039
05825
07537
00510
00053
02134
06315
03752
06990
00796
04572
06258
03694
04601
02644
04423
04499
03649
07085
07227
06121
00704
05201
02592
07331
03780
03373
05797
05371
03733
06525
03148
07169
07954
05366
04966
05264
01481
03538
03278
05358
06067
00054
04478
02738
06874
01008
02306
07103
01223
07820
01127
03039
01756
01238
02927
07595
03803
01801
00933
05750
01825
02502
01831
07706
07539
06481
01237
00826
02387
06645
07364
03110
02063
04759
05407
04877
01990
01095
03994
01069
06136
00675
01924
00262
01737
08023
06042
06364
07393
04687
01794
03435
04307
08221
02634
06005
02056
06597
03693
03047
04231
04661
08303
06074
02724
08290
03366
01300
05586
03438
01797
00927
01126
03766
04789
00546
01898
07064
01282
01611
03834
06161
03888
05246
05822
03476
01241
02151
04036
03799
03204
07371
02426
00968
06674
07852
03253
01837
07192
00252
01441
07528
02661
06601
00614
02473
04127
06503
06099
04285
06158
03051
01273
07829
00660
06579
02567
04913
00615
04707
00141
05467
06157
03258
08287
05681
00483
05011
05224
00186
00586
00039
04808
01945
06670
05200
03804
07983
06180
07033
08233
00491
07392
04577
04724
04989
05072
05742
06224
02792
05417
06942
04837
00053
03020
01960
05002
08148
06132
08049
05712
06254
07566
06475
06858
01558
06597
00136
07772
05885
03754
07580
02095
03365
06477
03680
01166
03917
05354
07731
07392
05707
01202
04507
04578
01401
05269
01545
03728
08038
03545
06490
04288
02172
04874
04122
02540
01185
00334
00964
05434
00743
07587
08116
05353
01439
05416
01261
06218
07979
02405
05350
04121
00656
08295
07599
06902
00666
04732
03073
02180
06633
04615
06004
07006
00490
01377
00554
06561
06561
05389
07224
07706
03313
04693
04405
02972
07358
00822
05515
07165
08041
08117
03003
06703
07355
00652
03725
04598
06301
02214
02004
03547
05044
03794
05936
06508
05610
02039
07341
07789
03207
06645
05593
01423
01439
04755
07571
06171
01476
00923
07167
08268
06732
04926
01302
00566
00334
05493
07354
00871
06614
05829
07111
01352
02792
00062
03780
06799
03297
06416
05673
00805
00424
05707
05227
02031
07348
05729
07971
00347
04471
07098
06988
07305
00984
05700
02891
00179
01167
06933
07305
06267
02953
06223
00380
07839
00491
08046
03508
00763
02851
02737
02097
03436
03241
00130
03969
08156
08373
07060
00919
03231
02715
04632
04439
01913
02433
07020
01822
03546
00849
01169
03487
06039
03721
07047
06872
03205
07280
00823
07283
03844
02259
06460
00136
04903
01310
04159
02064
08316
04022
05550
01188
07996
07954
07561
01524
03664
01498
03257
01907
00365
08120
06220
06384
07822
01915
04017
03215
01758
02859
01196
04198
00398
06934
00199
02596
06681
02729
02454
06171
05553
05274
05893
00846
04821
02082
05456
02646
00770
07576
06078
05839
06147
08201
02635
06463
04422
08083
07089
05446
01308
04448
06323
03376
00893
07489
07045
04424
02374
00816
00747
03735
03360
01079
00156
00778
02542
01598
05938
02929
06595
01503
01857
03156
04717
05191
07986
08048
00386
02709
08108
06991
00917
00052
02925
03750
06853
07077
06186
02567
00819
04790
04465
01063
02685
03119
06391
02074
04956
07803
00307
06410
03286
06131
05349
00839
00049
00358
02341
07272
05637
05285
03716
07616
07053
00890
01937
04731
02010
04681
08042
04151
00339
04319
05628
00352
01308
08295
00330
04180
07378
00444
02534
01925
05457
02888
06447
05724
06979
04330
04967
04635
00229
05286
08207
02987
07943
02775
01937
01220
04863
06128
08394
00331
01579
03920
01346
03077
03665
04963
00153
04906
05477
00341
01968
02469
00903
00689
02977
07912
03781
01336
00460
01820
04564
07645
07776
05765
05367
07581
05618
05172
00362
04477
06252
01015
04446
00523
00309
01179
05648
02982
00425
00722
02536
07466
08117
06463
02059
08083
01537
06205
04062
07427
06426
03808
07800
00478
00859
01203
00034
00594
00199
03568
07581
04949
02070
01935
00720
06343
04922
08310
01085
03894
08156
07806
03791
01151
04488
01030
07186
01250
06674
06512
00927
00767
02451
02778
02995
03709
08180
03927
08283
03834
04565
06764
01053
07340
05003
01719
03638
07413
06628
05737
01452
00837
00168
05044
07375
08041
07838
01039
04721
08338
05495
00102
04638
07809
03100
03742
06714
01054
00879
05047
08086
06551
04752
03659
06991
05045
08367
02355
04387
04779
01336
03640
04128
07896
07776
07894
02507
00347
07258
07901
03770
00198
04087
05937
07599
05564
01512
00194
04961
03028
04609
00902
05672
06223
04363
01953
06133
02198
04918
07335
07308
01036
05626
01176
04111
07154
02712
06954
02280
01274
04018
02581
05698
02916
02099
05767
03652
00580
01692
05815
02716
03540
06300
00423
07796
05141
02875
02611
07204
03857
03012
00455
01588
05964
00653
02493
04939
05161
06788
05986
00601
02393
01544
02074
00301
02766
02992
06474
01284
07101
04124
05076
00719
06514
04854
07776
06991
03917
04228
02805
07520
03499
01694
01271
02991
02224
05302
06202
04329
04911
02520
03620
04818
05372
04672
01089
04511
03848
02259
02304
08032
04348
06027
07819
04637
07457
07298
03508
04396
04092
08362
04282
01949
06375
04646
07259
05330
01354
02985
07891
00206
00137
03673
03667
01816
02023
04831
01485
03708
05432
02894
07740
05438
07364
05982
01280
05948
05799
07716
05526
00736
04277
02272
06663
06574
06619
03298
00855
05984
00400
01161
04669
07500
06459
05194
03251
07278
07758
07177
05891
07143
08160
04199
01761
07778
07785
03289
07928
02687
07958
01856
01948
01230
01932
02122
05247
07545
03961
03173
00239
02158
08022
03579
08092
02952
07465
06879
01799
04873
02870
07234
05766
05334
05253
00385
02197
03407
00144
02607
06214
01865
08323
03499
01113
02074
01462
02478
03606
03601
00950
03507
07367
07679
04191
03843
03795
02022
06774
05724
04373
00284
00626
04829
02123
03307
04491
02000
03514
02905
03179
08037
06639
00127
03234
00359
02321
04825
04293
07086
01746
04921
04630
05504
03763
02279
08270
00628
02503
03449
07447
03205
07232
02875
00823
03327
06630
00924
02502
00873
07094
01237
04624
05407
04695
01494
04054
06346
00648
03310
00895
03486
05892
01846
01229
04993
05352
04043
08186
01539
07611
08039
06528
02702
00476
05515
03863
06619
07898
00203
05994
07358
05148
03798
03619
08320
05761
08048
02997
04503
04609
07486
03944
04564
06099
07149
06894
04952
03256
04671
01716
08164
06308
08083
00021
05691
01133
05247
05800
02054
00603
07021
03466
03717
00784
01632
00246
03757
00289
03794
01761
00914
02626
00651
07458
07442
06880
05728
05246
00027
00984
03989
02786
01914
05461
05904
05465
07393
04711
08156
02590
03028
07454
07862
00939
08049
05093
02136
05279
07177
00076
07968
04799
08191
04878
05740
06723
01340
05122
02052
04529
06749
00124
03971
07127
00362
06403
01492
03185
00227
00158
01029
02059
07209
03479
04394
03505
02134
00993
01441
07266
01290
03638
03278
06002
03971
00361
01603
04526
01608
01755
03053
05867
00098
05545
02477
03191
02327
06130
02673
07441
01925
01622
07375
02453
07576
04265
00093
02735
01512
06343
05168
04017
04865
06514
01072
02832
04432
01479
02516
03496
02055
03615
03263
04287
01502
07137
02838
01879
00999
01492
01004
00557
08363
01731
01677
00783
04005
03929
06707
06331
03803
06123
04824
04498
07509
07877
00153
02683
05452
01644
02291
02836
00496
05571
01822
05395
06341
00970
02898
06970
04043
04560
02249
02889
02185
05769
03507
00445
05494
02714
07792
05511
06499
01969
00110
03992
01144
04178
07199
03736
02714
00508
08197
07270
02565
05467
01549
02041
07196
05334
07382
04372
07530
04360
02300
01384
05300
02620
06230
03812
03341
04385
02712
08296
04341
05085
01429
07095
02543
04030
07156
02011
02990
02555
00750
04594
00139
08010
00626
05173
08069
05450
02917
08122
06422
04160
02809
06223
04830
00720
06857
03175
03087
01809
03054
00850
08324
05907
08001
02532
01470
05196
08302
02119
03260
06173
02945
00268
03366
00852
05599
05469
03430
00075
02772
03854
07732
07325
06132
04306
06669
04249
06448
07066
03487
02367
00952
06488
01652
00087
06631
00130
04680
03409
06783
03826
04280
02791
04418
00073
02457
02334
03674
04388
05746
01052
00374
05367
00904
03747
02417
07221
06308
05115
07760
01746
00642
06398
05224
01808
02233
06749
07978
03733
03714
04384
08108
08190
05046
03835
05909
03420
00809
01164
06725
02125
06429
03472
06239
07366
03349
07205
07860
06652
04551
05754
07996
05042
07276
05843
07427
01692
05511
02185
06431
00529
02111
07582
07290
05088
07147
02158
07040
07002
08105
01089
00821
00573
00524
07389
04004
02192
05328
08024
06720
05274
06154
05131
00953
05870
04768
03761
02030
05825
07090
01951
06697
01451
01572
00655
00459
01499
04026
04196
05188
01013
04863
02242
04719
06999
04513
02373
07848
04394
06508
04687
04587
07684
04177
03408
00106
00762
00275
05837
08075
07074
03391
00243
04220
07142
06181
07445
08004
03781
03783
00978
02695
02467
04460
04114
03461
01153
06306
02078
06063
00216
07838
07999
00647
05278
01777
02510
04164
02267
02265
00987
00895
06005
02064
04810
05837
05367
07670
01415
00984
05552
06118
06122
06812
08312
03255
02181
05836
00413
03841
02107
00446
04188
01146
05963
02730
07356
00076
06361
01642
06851
04085
03614
07102
07004
06427
06566
02703
03552
06458
04823
05245
08273
03131
03745
02824
03350
00146
01777
05879
02816
01348
00031
00217
07948
03987
02648
06182
06465
05128
05510
06560
02793
06652
00602
07915
01916
04995
01836
00902
01559
00037
03849
08278
06076
05210
00700
07022
00275
01650
07527
01676
05758
08398
07200
06035
03835
01646
06537
03376
03938
00952
01239
01227
00110
04706
04148
06044
07417
04060
03440
03687
07711
00013
01907
07718
04197
00568
03965
06386
03842
08042
06766
02478
05835
01907
02529
02048
01789
05055
07043
01516
04819
05120
03202
04462
01880
02506
01568
02340
08086
01003
06711
06294
01901
05892
01190
00099
03855
06424
04681
00489
04056
01168
01912
01088
04058
01960
08198
03956
03159
00890
05321
07982
02408
00853
03353
02990
00058
06793
07201
04438
00520
07490
00323
01190
04131
06255
01080
06047
02383
04990
06485
05702
00503
02341
02585
01400
05265
07311
03699
06276
05419
02978
01200
04618
05877
04521
06498
00510
01976
01619
08188
06712
07236
05927
05833
06491
06503
05793
07229
00960
05817
02238
06979
00206
00645
03088
06982
05624
08290
08014
01595
07348
00512
03371
07387
02499
04637
05922
03535
03074
07943
05259
01108
01932
06172
08380
06174
07385
03149
08143
03992
07752
06065
07532
02057
00484
06613
01123
07986
00982
05586
05176
07108
06679
02263
05099
07279
07311
07829
01042
00678
01711
04266
02902
06222
00039
07940
01463
01092
06645
06775
07789
01006
05516
06602
00732
07721
08045
03996
07507
05346
00676
08116
01745
06193
00689
00502
00324
00768
01649
05313
02143
01961
05848
05349
04055
07677
01742
04210
07387
07617
08051
07035
07150
04850
03360
01241
00579
08345
02076
00397
04099
02778
00599
04733
07917
02070
04934
01504
05627
08257
02556
00037
07756
00430
02130
00188
06228
03526
06611
02840
00477
07959
06182
05708
04759
07609
06664
01427
03587
06428
02005
04988
04392
00541
00003
07186
01680
04007
02235
01065
03155
02438
05333
00804
00126
01959
02288
08292
01791
06908
00299
06011
03951
07884
00338
07679
05244
01318
07000
02905
03410
02805
00877
07805
05846
04991
01996
05956
00127
00456
01284
04374
04545
02708
05953
04611
06471
06714
06454
08224
04060
01188
03273
06991
01718
01522
01132
06006
03776
07118
03523
06866
01043
05594
06615
05125
03328
02198
05782
03338
01900
05789
06548
03705
03001
05855
07170
02198
05357
03978
02025
00500
06448
05857
02259
07047
06791
00271
05783
03687
02920
04932
00095
00624
05930
06286
07879
07511
06635
07603
05204
04631
08365
04283
01231
00456
00206
00042
04909
05857
00514
07979
00220
04101
04655
07096
07292
00873
00405
02645
06903
00837
03032
07597
03103
07753
00891
07589
08002
06839
00603
07628
07980
05678
01461
02212
06794
08007
06037
02698
05638
08056
03228
02544
05844
05270
08269
04396
02344
04615
05668
04298
00113
06789
07619
05933
02774
03807
06139
06914
07164
01865
00147
08085
06449
07284
00920
07693
08344
02137
04818
07762
05665
00574
03582
06735
07940
03643
02189
02098
05402
07590
06712
04049
04328
06106
01614
04759
07145
00374
07596
03307
05351
07698
06808
06577
04166
02957
00378
00122
07901
03841
01112
04135
07634
01608
00556
08219
00704
02536
02548
04686
05319
01114
04565
05885
03729
01096
04685
00799
05101
08148
01748
06675
03049
05573
00510
05157
03696
01292
00560
07775
08270
02326
05308
05836
07980
01226
05099
01464
05117
07906
02469
02739
00628
01046
01888
07028
03471
00211
01315
04874
04436
04059
04310
05454
08374
04086
07672
08228
02308
03975
07276
00800
01886
03545
05969
01254
07893
01896
05629
03786
00670
07260
02645
01813
01955
06207
02172
04697
02791
03600
01893
06252
00547
00768
03414
01584
05233
00922
03851
02547
03924
02528
02324
03122
00114
07952
00589
03672
08288
05669
06040
05109
00344
03258
06440
06554
04473
05561
02812
01360
06795
07954
07687
02472
03070
03895
03528
03917
07278
04996
05675
04277
02917
03180
03643
08231
07437
01118
00322
02535
02176
05591
06862
03869
04910
02704
07410
01347
01738
08376
01734
01933
04866
03853
04748
07122
02457
01300
07681
05577
06594
07032
04155
01679
00955
01727
05061
05604
01588
01751
03188
07318
06106
06848
05429
02102
07077
01427
07270
00070
04714
03088
07837
03251
03901
01718
07609
00464
00072
01530
01123
07768
07264
07723
07952
00917
02810
07052
01558
00190
03562
02528
04440
02362
02803
06404
00464
03956
05984
01702
06105
08103
07597
04148
01814
06904
03891
06431
07185
05827
06894
03887
03044
08270
04077
03359
07998
05754
01398
01864
02674
07479
04195
05932
03698
08007
05965
01737
07268
06347
08083
01918
05582
02393
06759
07033
07523
06623
00661
05598
02986
03681
02753
04229
01479
08079
05020
02938
01944
08338
01490
01576
02974
04949
07748
04863
05702
04480
05773
00689
07667
08287
04131
04173
02762
04209
07851
02931
03626
04604
08105
03255
04533
04158
06323
04896
02016
04463
04209
02368
02515
02162
04356
08397
06301
00330
01072
06942
02583
00985
01399
05378
04515
02404
02227
01881
00017
01666
05775
05222
07949
03027
08338
07772
05433
04813
00202
05046
00147
04082
04545
05763
02418
05838
03679
05694
05810
04572
03083
02027
06362
01415
02879
03422
08118
04398
08391
07398
00886
04753
04757
07718
07410
01496
05333
03315
05352
00483
07192
07145
00212
03532
01663
01017
06523
06697
00294
02221
03827
01293
04394
04205
06994
04238
00840
01337
00946
07809
07492
07702
05886
03633
03811
02630
03788
01999
02741
05232
04647
05924
03314
02702
00903
04561
03920
00805
01599
04135
00814
03312
02724
00707
03041
02469
03013
00721
03288
01529
00986
05297
02093
02111
04477
06583
03675
01243
01743
04268
03383
06869
02713
01714
01932
03097
06545
02005
08103
01804
06117
04285
03020
08025
06039
06032
06338
06424
01908
07333
08194
06464
00754
07730
01351
00996
03414
02935
01506
02921
07872
01171
03870
00744
03220
04068
06010
03534
08037
07949
03048
06512
08111
02671
03122
03276
08065
00010
01284
06891
08198
06269
07993
02243
03679
07529
06469
07017
02414
04467
03948
02612
02497
01849
01214
00604
04713
07132
06768
01504
05735
07883
02760
08119
03650
08128
01573
05023
07367
03780
06760
05682
07613
08173
06403
03590
03331
02360
01900
01827
05561
03682
06493
07311
06504
07584
04252
08101
03679
00078
07234
00597
04827
07780
00059
08388
02082
01845
01529
03748
02828
02193
06916
03567
01886
07467
01218
01357
05620
00708
02271
05493
08058
02118
02089
02735
02664
00173
06011
01544
03240
01679
03540
06271
05621
08237
06067
04524
02770
06049
03394
02752
04963
01847
05244
01720
03228
00424
05547
04139
06245
05346
07906
06723
07494
03491
02420
07928
07701
04372
06000
05208
00985
04403
01706
05795
03401
00776
05574
01570
04263
06377
03155
08311
06386
07497
06754
02064
06908
02875
04530
06053
07098
07988
08042
04977
05697
07486
02242
04478
01043
00137
07774
06793
02341
07309
07687
03236
02460
00698
05352
04378
05764
07168
01778
07821
07069
02091
06092
07771
08162
02182
03083
03519
06551
02208
07130
08020
04334
01323
05238
03157
05222
05361
06985
04015
06593
02929
02241
01000
02353
01016
01180
03064
04062
08283
00674
06821
00310
05696
00526
04590
03409
05901
03834
00381
00112
04152
04519
00111
06626
03661
02886
06624
02147
02190
08214
05071
08129
05653
04458
05009
08012
05844
06694
01489
06681
03182
02566
02965
08211
02734
01659
01755
05951
06373
02675
05155
02538
05057
05988
02502
04401
06393
02692
03460
02844
03077
06168
01468
07672
00490
07175
00356
05505
03236
05323
00056
03784
07355
07203
05535
01334
06904
04552
07993
03965
07745
04714
02916
03799
06800
05733
07246
01486
07026
02326
01701
03207
05147
07172
02378
01132
04294
01053
06020
05844
01306
05406
08113
07344
00745
02782
03687
04101
05922
00663
06745
06402
05366
05250
05141
04669
07320
07695
00474
01534
00589
01886
00663
03911
03762
00685
01822
07646
05357
04014
02631
03769
00700
03155
01361
07333
02218
07001
00787
05395
05056
01711
06833
05056
00216
02385
02058
01407
01884
07381
02702
07349
00493
07169
07565
02800
06720
04439
04907
06501
04866
07615
07135
02661
01677
06799
04090
07051
07634
02393
03397
03860
06166
01889
02676
00251
04874
04506
06919
05601
00786
03356
05774
00166
01207
02051
06140
06982
04007
00167
06165
04083
03034
00628
06545
04826
08256
04357
05315
03141
04278
01538
01042
02125
00632
07619
04102
02153
00896
03120
07167
06535
00060
02551
07359
01382
06590
07640
04552
02142
00461
06400
04576
05052
05544
00401
07729
01086
07547
07850
07213
03655
07562
06280
07358
07888
03514
01641
01196
07932
04047
03752
04695
08245
02512
06394
06820
04120
00039
05732
01429
00362
01156
07351
03009
00614
07361
05577
05443
06260
08032
04705
07357
00487
05457
06255
01805
01011
05824
01654
04024
06520
05339
05382
07187
07552
06097
05370
07793
04321
04853
04091
04087
02528
02450
06079
05179
00051
03065
03890
04778
00000
07941
03039
04328
06599
02352
08011
06451
02056
04734
01998
04352
00307
02215
04622
08391
00123
08098
04154
06699
06853
02141
08033
03489
03171
08250
00668
06338
08151
05043
03934
07595
06566
00477
00023
07138
02796
01770
00175
07987
05125
02568
07413
01000
01183
01960
06964
03751
01194
03049
08255
06037
02952
05507
04729
02312
00103
02175
04707
06683
01064
02659
07891
05162
02155
02172
04589
03949
02521
01684
08289
01762
04013
01651
07361
01059
04368
03585
02412
03094
03841
06761
01052
00835
07325
04137
02825
06592
06048
03111
02280
00776
06728
06430
07587
03803
03809
06070
01574
02719
02547
01825
03875
07588
07749
05553
05715
01028
03148
01703
04154
02441
05412
01606
02133
01385
04953
02966
08259
03277
00690
02597
02045
05855
04235
04231
03316
01426
02046
08158
02885
01915
00654
03046
01515
00764
03551
02503
04721
02610
01285
04669
00306
06372
06023
07428
02175
05212
00831
00620
07468
00610
07250
02412
06840
02052
03638
06259
06184
07922
07861
03098
02127
07317
00637
03430
02027
08352
06225
00025
05422
06590
01343
02216
03847
04859
01806
04679
00574
07791
06164
00352
05033
00277
00914
03394
03021
06089
06957
00470
08164
01200
02890
04349
03831
06290
04965
01702
03592
05522
00829
06859
03439
07422
02832
07707
07231
00657
00622
07747
04532
00758
07980
06325
03052
05624
00328
07338
00367
04948
05556
06723
01596
01136
04865
02187
03441
01189
01609
06425
07990
08023
01369
04210
03687
02325
01721
06331
06236
07964
03578
06667
08375
01750
00651
01567
01370
06480
05815
07112
02434
00905
06814
02511
02820
07301
01071
03368
04194
03346
05727
00820
04569
01059
05224
03056
03691
01079
06369
01563
05380
03934
04358
08357
03339
00146
01108
01859
01431
02784
05251
00176
03819
06746
03856
01533
07663
05765
01478
01192
04749
08125
06857
06410
01285
06761
06990
07707
01133
03049
03770
02720
06649
02668
03206
05940
03379
04750
05532
06277
05783
01438
02160
04277
05613
03997
02238
06962
02371
05474
07452
05759
00342
01771
05483
02768
06078
07982
05120
05973
03604
06942
03481
01582
07824
07097
08222
08061
01299
00254
07894
08152
00397
05308
03811
06349
02988
01237
06491
08353
04723
06209
03988
08369
07554
03471
05515
00138
05560
05382
00768
04371
05329
02410
00194
00856
03117
01803
04019
04418
06176
06551
00695
02577
03215
05583
08158
05979
05949
01014
00172
01342
02818
06710
00098
07666
03717
05453
01898
01211
06342
07077
06884
02202
05003
07170
04296
00306
07364
06068
03831
03432
02157
05740
01123
05747
07488
04906
04663
01395
06372
01205
04004
05247
00022
00981
04986
04438
00962
06458
06239
02839
08030
04399
00015
07548
05203
04424
01040
07329
02281
05433
07088
00467
02798
02209
00333
06483
08147
02771
03809
01001
05875
01381
03353
01094
07329
07921
06896
05298
01037
08249
04092
07875
00594
06855
00597
03663
06255
05155
08189
04553
07072
05117
04001
04855
01304
06378
05994
02996
01677
04844
07360
02257
01217
02906
03276
07895
02472
07327
02616
08072
02587
07534
05686
04179
03527
05043
01370
03925
03778
06964
04116
06349
01437
01750
01390
02776
02607
00316
07582
03883
03363
06698
07048
03328
06223
03449
00852
01831
06367
07827
05367
02925
02143
00685
07409
03242
04658
05173
03730
05876
03041
05024
01033
05713
03059
02918
04043
02858
07957
02506
06364
06716
05079
06769
02974
02248
05779
05124
07555
07001
00298
01281
06560
05589
05309
03771
02896
05805
08213
07713
01185
06431
06879
05308
02640
03579
05624
02370
06716
06770
01744
02456
01097
01850
03326
08325
08164
07406
03232
04001
07630
06082
01165
04012
03415
03332
01434
05771
00392
07823
08389
04509
02268
02361
02337
05644
02732
05004
02558
06142
01750
01538
01844
05691
06361
01401
02044
08025
05648
01670
02043
00084
05688
06934
06412
00665
05920
01519
01065
03025
00412
05285
05606
07387
00550
04024
07978
02066
02626
05403
07530
07486
02251
05055
01812
00534
05151
00766
03221
02163
05813
00820
03431
01071
04998
01976
05899
00732
07295
04632
01743
04210
00225
02674
05788
04400
03107
08239
03598
03444
03525
07737
00801
05877
05665
05758
04548
07245
04416
06669
07437
03413
04695
04092
05097
01224
04428
07276
08078
05465
02280
02116
05071
00225
05291
05675
06363
00144
07639
08066
00226
04197
01914
03005
05173
08152
02123
04609
04137
04485
03392
05513
03751
02771
03018
06339
01972
03122
08158
06183
07112
04100
05904
01896
01933
03490
01870
05651
06006
02703
07542
07748
06217
08201
03717
04696
04075
00859
04349
02941
05382
07520
03250
07942
06873
02083
01122
06203
04844
00834
08031
00429
04479
03360
01562
03702
00590
00841
07533
00687
07683
06288
08180
00235
04536
05861
04777
06097
00471
02162
07308
03303
06672
04132
00219
02569
04966
07271
00867
05609
03126
01050
06979
06497
02277
01906
02522
01092
08309
03227
02589
04658
07444
01400
05462
01178
01890
07291
03803
08090
05644
04065
06378
06561
06298
04005
07231
04262
05409
03508
08258
03714
04933
00608
06688
02328
01535
07470
03204
01060
00183
06811
03777
01377
05471
01867
03918
08165
07883
02562
01535
08327
04192
01947
01885
01473
07256
07445
02705
06032
06175
06222
00770
02072
01406
01976
03368
02901
02450
08248
07820
02044
05735
07325
01166
02815
00678
03533
03938
06208
00744
03243
02521
06493
06662
05909
01527
07753
06879
04778
02182
00556
01061
06569
06151
07376
03956
06308
03104
00236
02768
07155
06950
06590
05402
06085
05912
01089
02910
01554
01749
05743
00108
02620
02476
00783
05265
07491
03230
06159
01474
03991
03858
08285
06949
01512
05589
07791
01740
05578
03675
06163
03038
06965
07831
04288
06067
01144
03490
05531
06331
08093
00555
00614
00380
05064
05644
02674
04823
00425
02645
07622
06294
05697
06568
01624
03316
02641
03776
04375
00456
05133
00606
03691
01328
04800
07009
04885
02710
01513
01633
00272
06145
03539
02377
03673
02747
05203
05647
04922
04346
01498
03809
07201
01486
04426
06221
07984
04518
08246
06972
02142
08399
03970
06621
06731
03849
03433
07034
01856
05256
05981
00265
07461
07380
02616
06385
07932
01725
05122
06919
01178
01904
06028
01220
03686
00750
05720
07428
00074
06975
03356
02798
08263
03394
01419
03291
00101
03231
07379
06005
01415
03756
00982
03181
00045
06696
02704
07209
00499
04711
02807
03704
04855
03355
07537
07715
03256
03979
04543
08291
01769
00387
01366
06713
06709
02215
06286
06253
04413
05381
00644
06598
03421
02246
04874
01858
02636
07889
02862
07220
07794
06701
02200
01832
05108
01136
02717
03363
04154
05672
08065
07227
05138
03493
01961
00656
00126
01682
03375
02263
04728
06286
06318
07265
07925
01163
03068
05388
02135
04850
06776
05142
07837
03585
02521
01785
05797
04211
01526
02007
01218
04666
04260
05059
07273
02715
02778
00649
03204
05430
00256
00732
03433
00880
00918
03595
02837
04607
02705
04830
04706
04161
05280
03939
08216
03897
00797
05567
03392
04472
04478
02771
05011
07092
04715
03933
03537
05543
02315
05960
04045
04823
06503
02849
02917
08125
06992
04806
00592
01636
04300
07069
03680
07008
02523
05887
01079
04441
06087
04768
01830
08003
00058
04427
03665
07002
04955
04606
00734
05855
08384
07199
01196
01978
04503
07114
06640
02170
07503
01608
05818
05105
01169
06829
06342
00885
00252
00814
05103
04820
07102
01453
00846
01239
03646
02419
03696
01585
03094
06777
06965
06085
02015
04547
04292
02178
03028
00570
05693
02524
06440
03332
00599
07271
01284
00161
07431
06754
06745
07173
05298
02654
06931
06525
00425
05002
00510
02096
03300
00573
07586
07508
07162
06110
04586
05193
00539
02019
04595
02614
01200
01541
01408
01230
06363
02908
02858
00830
06008
00956
04500
06391
06917
02492
05884
05890
02654
07726
02542
00901
04176
02400
07154
01408
06432
06350
01814
01044
00564
05474
01431
06481
04718
01450
01368
05706
02762
01683
02949
08232
00077
06167
07586
07847
02076
06049
05052
02065
02031
03097
00289
02021
02762
00624
07883
06308
06859
05241
04839
06280
08387
04546
03476
06913
07915
01631
05495
03501
02888
06593
08012
04050
05032
00759
07446
07131
02908
08017
05639
08078
02112
04205
01708
00102
00453
00369
07024
05138
07920
06643
08337
06057
04844
03096
05695
02008
06762
07415
03520
04969
01641
06601
04048
03441
00384
03424
06806
03063
02039
08081
05922
03852
05014
00687
02275
05259
03461
00934
05013
03503
00707
07552
04839
03035
06595
05895
00474
07850
02496
03112
01926
01364
02641
03712
03671
00825
07303
01766
00196
05965
01155
02661
05840
06960
06788
05604
06665
04009
00302
04595
05518
04110
06311
04788
07102
01811
00172
07572
02475
05324
08240
05349
05998
05089
07588
01113
06116
06637
04241
02285
01861
02994
07058
08111
06117
01678
04191
01742
04532
00498
06709
06813
05488
07588
06577
00979
01050
08083
00459
06866
00326
00498
05007
01937
06524
01140
05462
03928
04299
06994
02323
08328
03117
00907
07066
07045
05974
02585
05131
07250
05878
00860
05356
07063
04366
02021
05204
02768
03183
07457
06580
04885
02573
03504
07904
04658
06083
06449
01323
00034
02801
02172
03265
06221
02656
06251
00653
04171
03125
04502
06683
02067
03236
08201
01320
02901
06044
00964
01125
07089
06560
04992
04795
07218
05558
03385
06120
05002
02056
06812
07607
01418
07017
01598
07870
00062
04561
06486
00753
00596
05161
04424
07555
00167
02386
00527
00925
02188
00543
02070
03575
03944
02947
03940
08132
03196
04773
04882
00058
02750
07664
06377
03166
01781
03607
01245
00734
06769
07093
07680
02920
07348
01203
05300
05561
04049
04803
02657
01775
04848
04345
02863
04543
04602
07386
00769
00595
07815
08124
01742
03371
04066
08269
03565
02900
02166
02047
05548
03239
04920
06208
05933
02312
02560
04664
04702
07438
04245
02044
04851
06706
05891
01120
00306
00673
03212
01530
05835
07036
01464
00289
05122
07471
08154
07027
03307
00542
02322
01190
01232
04410
00344
04454
03234
01171
07483
03421
07338
01592
06982
05489
07754
05643
03771
02728
07077
05872
06464
03206
02279
07891
06995
02919
07602
01144
00138
03336
00551
03678
00651
05423
02141
01165
03781
05659
02785
06607
01994
03446
06299
02619
02953
06582
03336
00364
06348
06227
02137
01344
02251
00324
03335
03868
02059
00386
06306
02413
03718
08030
00085
06025
05912
06926
05799
01700
07411
05682
03664
02079
00288
04789
01477
00858
04691
02559
07203
00922
07033
07719
04757
00774
06689
07542
03409
07579
02388
02743
01173
00864
01634
03530
02601
02452
00618
05656
02353
06594
05670
03472
06354
07782
06785
04736
00142
06474
02950
03711
00414
05530
06118
01479
04123
06918
03109
03809
03912
02245
01794
03801
01936
08005
04562
03552
00055
01329
07319
02639
03168
07852
06530
00425
02363
06186
05954
02970
00536
07870
03847
00044
01741
00942
00456
02328
04271
02723
02061
07913
03168
02460
02858
00188
04310
01937
04617
00243
04468
04949
05779
07625
01735
06741
01514
04161
04303
07774
00982
04423
02744
07835
01162
07160
07716
07307
06178
03805
03046
04689
03228
06865
00734
07077
02672
07876
00732
04328
01693
04041
06035
00325
06257
00138
05547
07842
02692
04443
01523
00934
07298
06332
02577
01413
02643
04343
00567
00070
07129
03770
07028
07957
08053
03039
07780
07493
03255
07478
02310
00029
05248
06372
04216
02691
06021
04772
00928
06423
04530
03916
04137
03798
00985
04795
01224
04750
07366
00719
07563
00785
05728
00051
01037
08243
04590
04341
04696
02174
04147
00869
02919
04885
