07910
07157
05722
02546
05148
04228
07922
04319
02364
02339
01598
07814
07616
00471
02413
02603
03727
02660
08272
03850
02935
00930
02307
07694
02018
00500
08119
01590
03491
01818
07882
04357
00209
06042
00531
07919
07535
03195
03673
05594
01698
01999
07547
05867
00708
01936
02522
03495
04389
03678
06055
03050
07067
06503
04361
00363
04429
00347
07658
00681
03161
03167
04487
01578
02016
02494
02977
01882
04038
06415
02963
01719
00742
04671
00978
06016
05025
04978
04323
03917
01806
02725
08257
00110
02887
06831
03191
04096
07547
01512
03126
04221
04719
04028
03508
04127
08247
03097
01956
02385
05346
03941
00942
00753
04579
04622
07228
02170
04620
01835
06130
01546
01313
05884
07295
01444
07889
05835
05861
08169
06140
00611
03019
02692
01744
04158
00871
07824
05463
01878
01890
01786
02355
04860
02887
07857
06549
02757
06044
07359
00032
05771
01601
06509
01598
02064
05612
04114
07493
06682
04239
06745
03060
03255
06132
07485
03193
06116
00654
02518
05035
07522
02360
01862
03725
02720
03223
07786
05693
07764
07419
05984
06407
06512
04187
00343
03558
02437
06457
02625
04605
05756
02477
06952
02820
07938
06973
00775
03706
03458
07963
02324
07947
04112
06193
06834
07267
04953
00212
04453
02482
05378
02808
01541
02659
04915
05271
01430
02848
06114
08190
01765
01487
03845
03943
07491
06839
02297
04839
03508
03571
02132
04764
03527
05860
00850
06910
03592
00238
03823
04812
00836
01512
07184
02256
05890
08273
00585
06071
06537
02348
00473
01374
06598
07785
01861
07665
06637
03333
00447
07994
01426
05651
04134
03523
03686
01576
04982
05390
07601
02622
06098
02189
00746
07571
03398
02990
01523
00241
02133
06853
05369
07566
03155
07878
01912
06260
07245
05979
07190
01131
01882
05793
06070
05635
08272
01055
03229
01141
03228
04382
05956
05763
08263
07509
02492
05784
02479
03179
04584
03399
06995
05539
02021
01967
03659
05801
08163
02783
05779
04005
07051
00027
06034
04328
06517
06779
06895
02127
00593
02706
06513
01553
07367
01773
07821
05966
04352
00522
06920
07274
06060
06070
03131
01908
04310
03073
00175
07335
02627
01333
04461
02607
06111
06836
07521
05117
01005
05087
06513
01385
06070
01284
02077
07917
04633
02611
02900
07470
04462
04689
01917
07092
00909
06851
07437
02888
02902
00411
07439
03837
06584
02381
03806
02677
05311
00791
06033
04545
06579
06531
04908
00556
06946
03610
04868
06442
03554
08086
08072
07196
01173
05278
06481
05541
08021
02650
08078
08046
06852
06662
03149
05983
00493
05028
02482
04843
05662
06030
04974
03774
01483
05398
06711
02096
07439
07580
06249
05729
06593
03262
02641
02939
07217
04299
01361
00995
06850
01731
03896
07740
07065
06008
04339
01188
08212
06098
05325
07365
00192
04264
07890
06196
03520
05501
05282
04916
06089
06634
04885
05674
03107
05647
03803
03613
04719
01783
04669
03505
03958
01402
06101
07233
00196
02608
06121
05609
03923
00722
04068
04731
05090
04073
02374
07486
04204
07032
02562
00190
04431
02985
03355
00364
06385
01696
03102
00969
04558
05351
00172
04097
00134
06550
00952
07137
00834
04486
00585
01213
05719
07306
05217
04570
04548
02213
02653
00889
00390
07363
02505
03949
03437
02780
02688
01615
06705
06791
03867
00127
07350
06265
00459
01824
05942
07044
01993
01776
06982
00167
00409
00129
04968
03432
03482
01996
06228
06209
03677
04513
04437
06221
03769
05501
07340
03511
03116
02660
03908
04966
07713
04274
01120
06439
02266
08053
03854
01760
05440
07562
01100
04518
00537
01357
02607
07629
04362
05226
03144
02540
00931
07280
02711
07456
04201
02694
06167
04103
04763
06983
04522
05582
07452
08120
00931
04636
06496
01100
05362
07382
07693
03159
05309
07055
01911
02323
03701
07441
08129
03033
05412
00951
05515
02289
08298
03802
06093
03552
06154
01715
05752
00835
01067
04898
03012
05884
01468
07717
03846
05998
01090
07693
03729
05039
07408
02274
00924
07682
04505
01667
00467
06851
02559
00712
02196
04966
04979
06024
01049
06859
06930
00659
06783
08005
05707
05228
03649
05018
06286
02088
04252
02119
06137
08110
04099
07798
05446
00420
05231
04672
02414
00828
05361
03297
03761
06345
08123
01691
01762
02485
02641
04947
02178
06771
07350
02240
07726
04890
06884
05170
07734
08048
04773
05230
01701
01033
00114
07544
07362
04332
06462
00865
06464
04980
03793
04976
01087
07045
00811
05453
03316
01335
04109
02160
00263
04476
07663
04297
04471
06765
06487
02500
06579
02521
00294
00292
00841
01474
05488
08009
07072
05206
07218
01562
07863
05147
04989
04906
02620
00293
06154
04244
07967
01356
05978
03706
02436
08085
08003
02939
01136
04437
04112
06268
03677
07200
01326
01152
04240
03317
05664
01329
07937
05559
02711
04555
05126
01337
07859
01321
02672
07328
03382
05671
03843
00657
02671
02577
02266
04238
01461
01203
06295
01769
06454
04562
06953
05072
01566
03491
06927
04845
07499
04736
06320
01490
07868
04707
06354
05193
01565
04307
01008
03786
07155
07510
02898
04962
07104
05778
07032
02787
02834
03316
01562
05302
01409
04682
05646
05765
02858
02784
00115
02435
05435
00746
03414
00451
07658
08106
06136
07921
01903
03410
05932
08203
03334
06122
05663
06078
06605
07055
07154
03721
04258
03643
06595
06060
02765
03796
04128
03660
08274
07384
07398
00959
06278
04684
05834
07370
02924
01714
02462
01007
05075
06613
04395
08208
07287
08027
01873
08006
01586
00201
07829
05879
02460
06323
03035
00831
07738
08092
02120
03075
02421
01931
03909
04165
03155
03508
01908
04780
01320
03248
07393
01451
02194
02811
06513
04591
03049
01872
04702
07126
06727
02988
01656
05906
08085
04681
03342
04623
07957
01070
00518
03636
02492
02204
06392
05672
01038
05883
02193
07184
06667
01938
05425
06807
07237
08238
00514
02483
05778
00718
03648
05694
01861
07993
03727
06044
04401
02149
03960
00975
01313
00319
01153
01651
05742
03719
05739
05477
07551
03789
05880
05310
04232
03148
03442
04269
02375
04937
06743
02685
02531
03716
07125
03058
05082
01902
00287
05383
03271
07794
05917
00153
01177
07093
02997
01214
04436
06929
06821
04424
08178
06395
07038
05723
07541
07381
07252
00882
07419
05951
06124
05511
03027
02703
05967
01061
01996
00240
03872
05470
00208
06208
07285
02495
06247
00361
05118
00587
07138
07842
06352
03317
06863
07851
01442
03582
04035
01110
04691
07438
02260
01998
04911
08244
06944
00746
02243
07549
05990
05208
05672
01646
03552
03616
01700
03501
05470
07763
00049
04893
04731
00105
05859
05404
01967
02450
06829
01467
02257
04462
06347
02493
00071
01901
05343
06292
00975
06686
05765
02492
01308
00308
06710
04841
01710
05582
06589
01661
05735
05740
05594
05541
05660
01366
04189
03876
01452
02121
01998
01338
04789
00454
04575
00990
02941
06832
02653
04824
03211
02398
06361
01566
07342
03162
06595
05329
06795
04537
01138
01737
00820
03214
05812
01809
01313
07342
07775
07454
07136
01178
04341
03328
06004
04334
05981
00631
04655
00591
07975
08183
05985
01495
07671
00865
07609
05452
05461
05178
01859
08069
06629
00674
05367
05254
04135
07271
00878
03109
03322
01942
05722
07299
07366
07592
07129
03649
04819
01662
05411
06993
04037
03693
06037
05545
07015
07731
03723
02243
01703
04214
06529
00316
02836
03924
06215
01833
00495
07331
02878
01954
07612
06960
02843
06170
06595
00614
07574
06487
07990
03007
08063
07868
01689
06998
00542
03187
05600
06061
06242
02504
05914
06159
04494
03219
04645
08043
01391
02057
01617
05967
05501
01362
04286
03004
04525
07957
01901
03174
04264
03957
08246
05672
02898
00339
04090
01183
04825
06357
00524
06215
00345
03490
08121
06188
06490
05505
07177
04654
07534
05228
02349
03489
01645
06040
00244
02473
02433
02039
05234
00145
00446
03355
00184
01535
06372
08034
05557
04835
08006
05916
03329
02729
00052
02672
02465
03438
07076
06351
07384
00483
06309
05284
07702
02112
04448
03297
07998
07376
06640
02619
01137
01374
06645
04504
01290
01365
08162
04457
08004
07982
04668
05884
00373
03818
02079
00696
07185
03491
03981
02492
02794
00652
07917
07283
04056
01657
08250
03444
01024
05873
03689
01099
01175
08290
00293
03268
03357
07982
01582
00808
01611
03017
02184
00468
06902
07160
01059
00881
08238
06829
01524
06757
00087
01266
03291
06595
01248
07226
04437
01618
02309
02123
06464
04038
03883
01927
02505
04888
00372
02226
00054
04971
07341
02714
04458
08076
04337
05961
07022
05030
07382
01844
00650
01497
01319
00332
01429
08046
00433
00089
01367
03115
01779
01724
04953
07807
06366
05955
05386
07144
05129
00341
05140
07362
00454
01576
00005
03345
02450
01929
06538
08057
02200
01914
01215
07954
00230
04644
03221
01990
00643
06062
04368
02837
02645
07814
00012
02248
02655
03105
01136
00131
03479
06450
05646
01442
03255
06504
06430
06255
05377
05270
00558
05257
02161
04557
04711
04492
03227
02428
04566
06745
02795
01331
01330
05631
02014
04462
02158
02816
04798
01302
01022
03274
02433
03754
06515
02657
01491
04524
02029
05129
00410
07114
03274
06702
04555
04192
05353
05056
06388
00877
01880
06078
05108
05826
00659
07007
02087
01024
07977
02575
04676
03249
06757
04008
01077
07825
07300
02956
03326
07379
07861
01508
06305
07902
01234
05175
03946
06456
06002
02318
03163
02026
08036
05620
03775
07990
07687
05953
03897
04419
00679
03488
01556
00962
07709
05378
05269
06954
06399
00195
06477
08269
05891
04599
00262
00842
06518
02034
03993
00311
06097
04157
05953
03777
07304
01701
01639
01899
02888
05810
07994
04853
06723
00001
05594
00025
00933
02471
06158
00575
06182
01842
00271
05910
07343
08267
08288
01758
02515
03714
05464
05399
07135
01229
00551
05916
03234
06964
04768
02666
00388
03710
05983
04640
07581
01677
04199
08171
07370
01620
01981
05966
03887
06750
07161
01603
07176
01103
00041
02582
01867
00203
03144
07760
05248
03219
03227
05816
03009
00741
02391
04670
01659
00780
03648
00365
03149
05860
06459
04287
01448
07420
02536
04832
07556
07997
03474
02751
06535
04804
05903
02921
05324
04957
01944
00480
01828
07439
02910
01905
05709
02359
02132
04843
00322
02425
01473
03623
07003
03614
08177
06565
02850
05992
07780
00524
02776
01980
02607
00651
03056
00514
05092
08032
04845
04348
00160
00997
01254
00392
06004
01143
02762
07072
06101
03746
04621
05412
06002
04276
03416
00823
00261
02609
07749
04083
03805
07088
04571
00460
00099
05285
06890
07216
04310
04007
05322
01000
07273
08074
02523
00595
06033
03089
03416
00411
00793
06049
06124
00189
01614
04982
06231
05415
00595
04088
06493
01794
08138
07346
02010
05587
00670
02323
03722
04074
08150
08273
06803
06141
05250
01835
02122
02567
07892
02560
01735
05684
04781
06107
01058
00502
07211
00514
01287
07114
01236
06609
07261
01269
06421
07551
02535
07771
05481
03344
05111
07845
00972
06516
05581
03107
03252
06969
06400
04085
01071
03840
07344
03911
05479
06125
01136
07500
04531
02444
05794
03544
07760
04716
05078
06855
05305
03983
05496
03106
05643
07449
07355
00520
02876
04390
05582
01718
00874
02051
07649
05776
04077
03177
02858
03856
01986
03585
01933
07190
01688
06843
01183
04529
01478
05426
06843
07668
02385
06122
05216
07234
03616
06297
02707
05004
01330
00372
06876
04194
03545
06981
01872
05449
00741
05214
05305
07131
05659
01953
02891
02469
07312
02085
01279
07542
02358
06086
01218
04181
05959
02955
00987
08281
07405
02648
08286
01461
01414
06498
05234
04348
05064
06476
02462
07019
03312
04701
04685
01164
04921
08000
07500
05072
00328
00636
01492
07681
04760
01708
01629
03890
03245
02963
02901
07029
02586
04170
06734
01758
01267
07591
00244
05206
06703
05902
05015
05807
01895
06400
08030
03427
02985
03107
08208
02233
02501
04065
06744
05467
05577
00392
08224
02150
05604
00386
08126
02696
05789
04840
00640
04572
01895
01080
00906
06285
01435
02645
07666
05284
05964
01476
07380
01232
04978
06316
02824
00716
02733
07631
05046
00624
04789
00563
02960
06290
07256
07624
03466
00560
03208
01220
00359
08230
00524
07242
03301
07277
04531
06813
04948
01891
06188
01704
06736
01896
01264
07750
03936
04074
02509
04488
02202
05300
07375
01448
03977
03893
05905
05117
00986
00408
04763
05645
06364
07345
02228
05102
00199
04775
07035
06404
04469
02060
02919
03494
04108
01605
01032
07345
03871
08150
05644
06330
06708
03040
05943
00775
03207
07812
02259
07912
00317
03547
00645
07744
07243
01904
06545
01751
06014
00133
00256
02188
02528
07558
03529
01432
07650
07060
04225
06966
08131
05025
00396
04298
04328
03906
05206
07853
04769
03598
02850
06702
03151
01663
07366
03063
00148
00216
04824
04167
03017
08168
07138
04644
05694
05873
07702
06847
00093
01977
07144
01180
07505
05959
06868
03924
01086
01340
05043
04128
06968
06360
03514
01655
00184
02839
07379
00953
07522
00608
00601
01472
03755
00529
01547
03285
03015
05886
06077
07491
01901
06352
02220
04927
02828
04863
05599
00075
07395
00516
04530
00875
06847
03437
07859
02015
06480
03207
05619
00454
01338
00937
00708
02860
02047
08102
00698
03926
00538
03629
02824
07187
00238
06394
06185
02627
00346
04038
00123
03569
05581
00255
00780
03103
00415
08014
02248
02045
01123
06582
01247
04567
06211
02946
04773
06231
05954
02668
02972
04883
08232
00373
01762
06605
02809
02617
06960
02849
02636
03823
00182
05760
01418
02414
01704
03954
05428
04834
07023
06750
03566
04814
04634
00491
01622
01676
04428
07167
00845
00208
08091
01132
05205
02119
07610
05639
06053
02554
03316
05864
03341
05218
07130
01845
06729
01487
04155
02270
03881
07862
00478
07022
00952
06118
00984
04670
03519
05694
01541
01718
04753
04828
00143
01086
05464
03498
00601
05778
04709
07378
07786
08096
01090
02077
04245
04712
00367
01196
06368
00850
07923
03258
03594
05573
01568
00234
00198
07656
02873
07665
08232
05657
00985
07090
02886
05183
03638
04138
04428
00625
08299
01235
07529
06490
02907
01601
03804
00544
03874
01467
01376
01463
02714
08061
04072
01351
05172
04518
02687
08174
00621
00325
07056
02148
06305
05045
07635
05150
05391
01145
01305
06898
07670
01659
04645
03545
02275
01725
03251
01366
06483
07630
04470
07219
06926
02631
06150
08139
00848
04094
07164
02835
07455
04925
04655
05727
08065
05728
06099
02912
02686
04476
03245
00579
05303
03272
07155
03469
07571
06098
04402
08155
01035
05972
03282
04845
05654
01429
03997
04222
04978
07906
01788
03695
07450
01465
01295
02385
03201
07365
04220
01899
01304
04050
01376
03969
04988
08228
00074
03218
02891
02247
00609
02724
00265
06284
08065
02597
05506
05095
07693
02508
05027
05366
06848
07431
02495
03942
03577
00688
06537
04026
07658
00390
01000
03001
02566
01176
06662
01253
06243
07097
07786
03997
01047
00092
05561
07512
02710
00308
02596
01332
07114
00405
06304
07970
07734
00653
03450
05696
05101
07530
01238
03953
04611
05533
03523
07945
06211
03240
03626
07901
04009
01533
04509
06519
07374
06873
08155
04727
07025
05245
03282
03784
04507
00356
03148
06346
05853
02620
03514
02114
00232
05016
02942
04433
04818
01885
07229
04671
02934
02320
07043
00830
02576
04474
04152
04879
02605
04437
06411
04728
03039
05768
03353
06665
04090
00927
03555
02962
03842
01213
06732
00645
08080
05661
04675
03478
07960
07516
02386
06522
04249
00313
07941
05494
04385
07805
07966
02933
07807
05102
07766
06761
05004
08154
00836
02524
03177
01704
01865
05546
04599
00266
01976
07052
04581
05838
04504
03527
03611
06673
05145
03955
04338
08019
01456
02040
03175
04696
04200
06754
02373
01048
03498
00153
06750
03289
00952
00291
05226
03400
05390
01087
07500
02914
05405
01248
06649
01956
04769
00638
08235
05461
07439
06158
05247
03798
03148
01968
00875
07314
03734
02354
02900
01109
05629
01016
01827
00319
05653
04330
01963
03406
01562
08003
08104
06437
03884
03300
05811
03721
00999
08206
02683
06854
00759
05718
06382
03625
05330
06777
00560
08100
04339
01704
05898
03531
04578
07782
04227
04996
03350
03073
03590
06172
03418
02511
01851
07583
07869
05777
03371
03753
03768
07319
04339
06099
05147
02659
01088
00093
00165
06049
05167
00592
05804
06148
05360
06827
05045
03847
08085
06626
00324
02178
03609
01360
00889
03639
01050
04037
07015
04566
05224
01626
05222
06093
07312
06300
07320
04350
02673
02747
07920
06159
06355
06936
00221
02895
00418
04125
01774
03551
08089
00527
02770
01120
07573
07387
01754
00748
07064
03094
01555
03176
07776
00598
06460
02500
06717
06121
03117
07055
02553
06216
07505
01095
04024
01711
02569
05669
02652
01021
06621
02150
06392
04486
01802
04481
07026
01756
01287
06500
03337
05363
02289
00066
02365
08226
04674
04112
01178
05391
06916
02149
00612
03107
03443
07109
07935
06426
06161
04445
05822
00586
07207
04844
06789
02076
03646
02589
07044
05301
07852
01132
00698
02206
07248
07057
05256
03382
07448
01641
01948
00941
00130
01213
01382
05662
04947
04000
05091
06895
04036
06376
00023
02821
03283
01549
03957
02208
00682
04725
00487
04176
07007
03937
07175
05305
04573
01977
05781
06242
07814
01159
05154
07640
04382
00014
04463
05039
07871
07646
06560
07077
01871
04413
06117
03958
06624
00849
01203
04166
02768
04932
02382
01870
06721
00825
00542
01683
01607
01669
04932
03761
03324
00302
04373
03510
01189
02869
04783
05256
03709
01626
03471
05888
05286
03921
03162
01909
02188
04920
05667
01158
00085
03935
07131
08063
02219
00370
05213
03725
08279
04605
07829
00012
07819
06554
05056
00653
01987
02745
05461
04565
02535
04364
01940
03349
06713
01887
02896
03834
07354
00874
03498
08064
05660
04150
07856
07847
06596
03770
06360
02530
00413
04058
04768
00471
00318
07311
00316
06044
08175
06907
02275
00188
06279
06692
08169
03383
04511
05760
06645
03628
07167
08015
04531
02197
00211
01188
07987
00093
03088
03951
04602
05942
06349
02668
08013
06982
07456
00893
04144
07528
00522
07230
01859
06863
04748
02418
02444
03954
05801
07151
03402
04040
06277
03187
05319
02440
02959
08070
01430
00590
00827
05223
04255
05573
00202
06774
00452
04520
06595
01717
03984
02364
05972
05619
01954
00683
04978
05770
03133
02219
03946
02709
07279
02422
04418
06910
00793
06830
08296
01731
07598
06174
06721
07444
02304
05868
07717
05041
07152
08183
04223
07569
05957
06444
01148
01953
02869
08028
08138
03641
04643
02100
03384
02049
02061
01486
07845
07117
03813
08146
07157
00075
00328
06881
08263
01681
02232
02273
01401
02552
05343
03633
01178
00910
06474
06212
07699
01165
02622
03582
04662
02857
03626
03935
06280
02124
02609
01051
05557
04694
05200
02004
01535
04484
02318
07635
06015
04569
03428
00335
01971
06251
03815
02599
01634
00552
05699
02177
02713
01967
01922
04008
06484
04711
00499
06100
02773
03978
05010
08263
04125
00750
07798
05048
08105
06211
04297
07915
06979
05086
07651
08287
03035
04984
05529
03908
06225
07776
00729
01158
02105
03446
02633
04411
07451
05847
04949
03793
05025
05498
02755
02636
04902
07598
02533
07542
00676
07143
01416
07058
00478
07855
00065
01907
07005
04508
06842
02418
00401
04084
08284
00527
00832
02118
01238
01043
04731
04633
01421
08108
05141
04868
00824
02322
05397
02716
01659
05991
05736
05589
02261
01240
03832
06731
06947
07490
04228
04042
00652
00055
01873
07130
02734
04184
03830
06596
06983
06700
07264
05970
00326
04656
08084
02649
06276
01451
01887
03517
02412
06618
03769
04240
07451
05841
07049
03108
01944
05164
02980
03880
03860
01128
04189
04732
08146
07894
04826
00204
05963
03974
06102
07688
07984
00646
03539
06761
05161
03153
07622
04862
04843
03748
02538
00509
02105
01076
05162
04545
06221
07930
04443
06110
04230
02709
02545
06931
05797
04780
05577
06981
07741
06132
04230
02744
00804
07736
07754
03651
00193
04402
04380
02157
06092
04751
04920
05579
07945
07398
00753
03990
03701
05555
02123
01381
04498
06749
07018
06312
03517
02690
07875
03264
04215
06559
02238
02739
06317
07964
01312
06816
02058
01580
03420
01208
08088
01469
00058
06600
00101
04927
07116
03963
07688
06223
00461
02336
05511
05397
00210
00273
04506
05889
05991
00312
04463
02875
01732
04543
08124
04846
01526
04851
07030
07979
05326
01225
02694
07821
07273
05624
01531
00007
03486
02964
02451
02650
02804
02236
01599
03890
03547
03568
04914
05592
07978
05461
05490
00160
05583
01897
07240
07496
01336
02701
01914
07017
01851
01050
02478
02392
02697
02712
06921
05218
05091
06733
02729
04265
07241
05901
07277
08089
04224
00048
05356
02239
00060
04673
04493
06865
01203
06766
05189
07372
06353
06457
04598
01128
04665
06457
07681
01085
04545
05204
01956
05031
04547
04994
02539
06675
05760
03194
03624
00561
03641
07412
04137
04166
07288
07209
00090
00776
01792
08012
05172
05737
05319
07284
01894
05441
03178
03080
02706
04072
01634
06827
03480
03191
03418
01227
03172
05324
00068
06027
00513
04025
05462
05714
02915
07458
04227
02556
07162
04107
03195
05733
07408
00804
08271
01201
03226
03068
02333
02594
04762
05657
06324
01773
02857
05182
04408
06664
04184
04033
04646
02753
00897
03064
00404
07036
02626
03006
05152
05120
03052
04406
04762
00263
06210
07235
05804
00449
00405
03125
06074
06482
07460
01673
00506
07339
05939
07468
04182
04313
06172
00568
07350
01480
06498
00247
02077
02004
03280
03982
06549
02117
06098
00187
06195
05784
07389
03132
07352
03995
02513
03531
05085
01318
04993
04211
07029
08105
01381
06332
03907
02462
03451
00808
07539
06619
00517
07970
02847
07729
02344
02935
07503
07104
07547
02020
02493
04267
05642
01687
07355
05156
01764
04975
01746
04417
00048
01567
02601
08278
08213
02672
04835
06395
03362
01374
06482
01611
04434
07200
03373
01895
05523
07648
06145
07632
04367
06950
03424
03743
05908
06802
05054
02363
06184
05617
06669
07959
01253
01733
07693
04067
00942
02746
04250
00116
02780
01624
06867
07743
05185
06939
07951
05057
04203
04609
00789
01198
00889
04581
00548
06994
05211
03599
05229
02285
01751
04449
04539
06683
04361
04250
07862
06115
00443
00298
00344
00205
00058
07245
04829
04520
04222
06193
08021
01801
03516
03762
00832
02030
04198
06029
02273
00295
02883
06929
01388
07730
08271
03506
00943
07807
05971
05049
05040
00583
05661
01162
08030
06003
05671
07369
02917
03849
04352
06619
06423
01558
03477
00300
07641
01099
04955
04446
06656
08017
03462
03172
02030
03681
05606
00122
06317
06550
07784
05619
04362
07570
00293
05084
08222
04568
04287
07936
04751
02127
02769
01368
04670
03172
05106
01642
05194
05377
00502
08207
01487
05322
06465
07893
04144
00567
03437
04187
06053
03748
02582
04350
00689
05249
01749
06906
06402
04013
07347
06127
05466
00117
04856
05546
07072
01795
01048
06672
04968
00141
04672
05421
01476
02333
06458
00931
00470
02707
07292
04462
03795
05677
03824
00760
01521
00887
00238
03498
00501
06670
08018
04697
06615
04612
01928
07543
03983
05159
03506
06143
00738
02331
00021
02864
04562
03510
03632
03514
04931
04069
01835
00386
07635
05845
03880
06792
03569
07317
07028
02948
00975
02332
01512
00079
01949
04319
01946
01468
05090
01384
01840
02489
01506
06026
01261
02771
02933
04193
00024
04127
06692
01514
05989
07837
07506
01568
02550
05099
01962
02815
02387
07318
00444
06957
05614
01327
03254
00719
02535
06601
01521
04830
02507
02024
08045
04395
02268
04512
02713
05962
07009
05276
02245
07674
03968
05885
03118
07098
05730
05451
00888
03671
06787
05434
04068
00231
07987
00455
04867
00076
06405
03958
03156
00913
06706
08176
01686
07877
02598
02717
00263
01509
04476
00004
00897
00084
05479
07911
05745
01935
02293
05622
06566
01208
03999
06165
00940
06168
03736
04038
03347
00553
02729
06258
06260
02669
00698
05215
00454
00009
07366
00735
00097
02470
04088
02888
05165
02753
00201
07067
08050
02207
02423
01856
06321
05948
05569
06527
05770
06173
01244
00365
07884
06130
02239
06526
00347
07794
05318
00883
03961
05178
07038
06462
05013
05836
02345
04766
05560
03372
07488
02576
03217
06362
04867
02651
04681
06287
03132
07308
07388
04707
02572
07231
04751
02172
03563
00482
06991
07820
01583
00644
03878
02973
07544
08277
00046
00810
00268
03316
02351
03218
01966
02256
04575
08096
01249
01849
02313
05899
01507
00255
03625
00085
00167
00184
03552
02571
03980
03010
08207
05667
06540
07636
01894
04261
04594
07558
05968
06033
04428
00625
00470
04058
02028
06521
05606
07842
07133
04573
01058
04809
04275
07805
02121
02258
01713
08196
05306
04962
01784
07381
05623
04348
03333
05573
07473
06307
00010
00863
03127
00138
06313
03926
04225
00981
02786
08100
00828
05718
08169
01656
00587
07907
02653
04082
07668
04772
00611
07288
02290
02429
00046
03949
02935
01021
02143
07570
03615
02726
06533
06872
00280
04149
06684
05897
02767
03279
04252
07189
04396
05377
04658
01204
03049
00005
03379
05142
08167
01933
02012
03958
06851
03890
01989
00448
03699
04019
06145
04419
00067
03515
00327
04271
04949
01110
00653
03597
06425
06679
05714
02071
02305
04839
06682
05879
04568
00898
01806
06785
06481
03427
02789
00077
04334
00290
08023
00407
04592
05170
00699
04705
03729
05294
03048
04419
00704
06061
04226
06010
05122
06453
07564
02223
06714
07781
03648
04805
00256
02979
07070
00058
07389
04353
08189
00442
03395
00364
04626
01025
07029
07535
04250
07559
02315
02302
06996
01771
05536
08202
04866
04281
04075
03374
04978
00533
07120
05717
05113
06520
00980
03931
07439
01338
02657
07278
05700
07439
06141
03893
04699
00472
06645
01400
03622
00861
06803
04703
02659
01744
05617
04298
07822
04741
07232
05030
01364
00701
00032
02012
03224
00294
06301
00459
03840
01393
00732
00728
07543
00263
06006
00012
04310
05026
07926
02730
06353
06515
07301
01318
05277
00018
04619
02859
00964
00994
00768
06900
00337
05015
06543
03775
02401
07770
07526
06918
06703
03723
06778
00502
06853
01342
01007
05382
00967
05400
02360
07178
03090
04794
03546
02347
03717
07344
03234
05638
05068
00492
02041
03504
00867
07002
02131
02248
04597
07900
01508
02537
04399
08295
04580
03916
04259
04597
03315
02914
00218
04218
02925
06294
07018
03593
07914
00865
00681
06927
06234
07683
01848
05004
01700
05723
01624
01299
01894
04093
05959
08297
02619
04903
07167
07338
03464
05362
08012
05223
06852
00838
03043
01599
02122
03316
02355
02853
06621
08281
05139
01328
00728
01367
06571
07097
02200
03425
03481
00662
05427
04132
04656
05712
02343
04885
00528
03748
07628
03016
01636
06508
06783
04650
06222
00973
02680
06886
02577
05044
00830
06798
01417
08284
01439
05260
07070
03639
01275
01925
02851
01527
00558
05463
03755
04409
04251
01155
05107
06337
06711
05993
02340
07200
04463
05535
07134
05686
03994
08006
01094
04580
06202
00993
05069
02446
02043
07448
01839
02431
04661
01992
06808
08277
06312
07692
01373
03389
02075
06816
02174
06953
04973
00463
05707
05644
05665
00368
06449
00883
04660
02074
00245
05428
00557
04257
00576
07989
02080
07377
00850
04856
06928
05393
00837
05306
03695
02049
01029
02523
00469
04220
05106
02351
05070
08261
01782
07855
02505
03810
05933
03399
00474
02208
05151
01049
01758
06139
01554
04088
07330
06105
01946
04046
05570
05993
01986
03876
02801
07305
08263
01687
01239
04688
07363
03468
07798
02847
04956
04329
00458
06457
04660
04868
00288
05343
05358
08193
05942
00310
01079
03160
03141
02770
04675
02077
04596
03871
07046
04840
06281
05423
05456
01197
01090
00836
02941
08208
05670
02529
02573
01599
04433
02048
05924
06984
02370
00418
05346
05430
03140
01983
02023
04085
02586
06118
08241
02690
02581
07764
02759
02201
03251
01781
05467
05306
02873
03679
01816
02879
00252
03923
02606
03147
05154
00976
07722
08084
07489
03547
00557
07020
02902
00697
03650
00486
02932
04715
05145
04424
03918
01419
02580
00621
06199
00450
01488
08133
06405
00018
07692
01088
07310
01634
00802
04836
03332
06460
02682
07184
07335
03721
01054
00013
07782
01905
03588
03333
05618
05783
00191
01975
05479
04913
03868
03098
04137
05713
00488
02282
05502
00376
00804
05908
01951
04860
01122
07847
07992
00413
03808
03347
00618
00392
03446
02375
00596
05690
03592
04660
03658
03553
01038
06584
07731
02802
05597
01021
07801
04040
05691
00825
03055
01441
04254
04711
07763
08182
02941
01370
03914
06910
03468
00439
04117
00887
08191
06453
06817
05869
07048
05416
00600
06676
00166
07233
08059
05709
04829
08086
02544
05486
07443
06263
01901
05611
02228
08261
03222
01276
04059
05812
03649
03887
00954
00414
05384
04068
01765
03735
04729
01682
05422
07060
03450
02206
02832
07977
02942
05918
03921
01264
02077
00919
04862
05435
04168
01555
05132
04514
05037
07002
04937
05017
02510
08014
06298
03257
02968
00406
03063
01598
08060
04964
01219
03406
06421
06042
06699
00289
04534
00758
04542
01716
01860
00551
04680
06725
02763
06432
08104
05465
00954
08269
04843
01133
00016
08288
01231
02244
05887
08105
05261
07153
00405
02063
00532
01856
07490
05679
00547
01235
01709
06061
02598
04903
07433
06654
06596
04878
07503
08239
07161
01163
01911
03119
06015
02501
06561
07680
02415
01946
02419
01145
01272
01576
04393
02536
05863
01119
05712
07539
06209
01006
06939
07386
05958
03358
04648
03199
01302
06217
04524
03275
06059
08028
02751
00665
02451
02652
03355
05544
00572
00884
05087
07426
01739
04020
04655
08127
03201
03359
08219
02249
00245
04446
01621
01174
02522
05300
04845
07696
05819
04362
07425
00890
07842
05720
02674
01119
01099
04751
02030
01552
00636
02950
07619
05520
05846
06292
00012
05151
01178
02680
00867
07845
01077
03575
06203
05096
06665
05548
06273
02376
07114
01009
01963
06892
03902
01515
00908
00426
02270
07220
05959
02033
01677
01276
01007
01335
05410
02900
03268
06185
05370
01513
01500
06783
04687
04362
07521
01140
00961
03085
07062
02279
06428
01603
06617
07706
06831
03608
03821
05908
05928
00101
00810
05310
07936
02954
00879
01979
07678
05796
00706
00468
01672
04851
05695
03627
00747
00590
03390
06856
06069
03384
07386
00674
02812
05767
01305
06108
06589
07728
05242
06339
01086
06853
00239
04544
01009
04559
00923
04292
00619
00313
06835
06185
01586
07166
03542
06473
04320
01219
03503
03113
01380
01217
06328
03839
01918
07341
06425
02897
01899
05867
04378
07105
04463
02325
06381
05291
01988
03504
05536
05834
03316
01746
03123
01267
05275
08234
06375
08077
03770
07362
07488
07390
01508
04819
04032
07067
06511
04266
03137
02221
05519
06556
04740
00176
02028
01172
02093
00698
04721
01693
02853
03121
02014
00559
00157
01607
06910
03535
04185
05911
03706
05770
03656
04068
07667
01059
06615
03690
07578
02225
06746
05597
01995
00549
01374
07714
03932
07858
04870
02922
05560
01490
02673
06285
00436
02204
04667
00940
04320
05068
06424
03307
02747
06515
04780
01646
07258
04466
04159
02732
06716
03490
03692
05185
00776
00928
05927
05165
03839
01283
04126
07782
05341
03551
04958
06523
02294
05110
03826
05315
00618
04050
05704
02249
07978
04874
03947
07326
05537
01725
00018
02117
04652
04109
01159
05748
02831
06482
03440
05255
01346
06856
01894
00802
06235
06275
08064
02977
06205
06380
05341
07207
07106
03005
08277
01901
02082
02237
01906
03008
05380
07215
05399
05214
06459
04975
06942
06386
03002
02039
04823
07390
02484
03991
03301
00359
00208
05107
07917
05044
04972
04267
01746
03413
07741
07849
04772
03367
02995
04306
03029
04921
03799
07715
02761
00981
00951
03059
05230
00637
05478
05302
05402
07605
01829
03051
02049
03129
00630
02511
00710
04828
02571
02445
06077
01381
01083
07881
05187
04847
02298
00585
07811
07688
02194
06828
06799
05063
04311
05333
04498
03750
02059
07789
05691
07971
01046
00209
06971
02615
06142
02454
03700
08018
06823
04024
06236
04178
06808
04298
01580
04537
05682
06676
00406
04498
01165
00343
03174
05124
04952
08274
05360
07800
02517
07290
06152
01298
06515
02419
07014
05294
01641
05002
03814
06988
07320
07103
05801
08296
04596
02720
07826
08006
07487
02365
06883
00363
06792
03764
00439
00329
07332
05577
00537
03444
04871
06366
05576
06589
07815
03240
07967
04897
06953
03777
07116
00515
03489
05407
07940
04740
04082
05951
03433
03324
05450
00911
05165
08162
07646
08010
02219
03416
07179
04722
01184
05989
00907
04024
04632
05100
01190
05624
00834
05877
04439
08184
00990
01232
02574
00782
03527
02258
01908
01435
06250
06320
02579
05075
01514
06092
02757
05907
02528
04627
00516
05349
04779
06749
02336
01970
08018
01098
00908
03116
02199
02994
05579
00587
06612
00657
01099
01906
02196
02545
05949
00507
04443
06935
02465
02551
04215
01892
00555
04937
06240
06624
07619
02579
06979
02652
05625
05550
04360
01333
06318
08255
00585
02034
05540
03765
04911
05228
00129
04175
00459
06650
05248
05440
02290
04059
07820
06845
07627
00378
03637
00621
08046
01897
06013
01691
02327
01203
01116
05821
04572
08028
04332
06701
00712
07228
01280
06616
01101
03739
07792
04087
01817
07304
05622
03634
01193
06873
03645
04249
07987
04064
05252
04575
05370
07580
02393
07949
06788
04077
03547
05103
06152
01271
04069
06094
04934
04506
06278
00882
03456
05284
06930
01860
05862
03400
03672
05297
00442
06702
02223
04609
01411
06615
04042
00242
01721
00755
05543
03894
00978
00291
02879
07807
00347
07362
06825
05359
03281
05532
03549
00632
03075
02317
01322
00305
01346
07433
00304
07916
02368
00632
05846
05499
07862
02805
06628
02607
03749
00196
05884
00620
02864
02889
01916
04203
07369
05893
08200
07935
07585
04583
02943
06513
05714
04220
03125
05767
01932
03164
04231
06740
01776
02509
07223
03078
01617
02370
07194
02314
06988
01321
04907
01829
05336
04910
00634
04717
00050
00260
01196
02986
04424
01467
05526
03311
06265
01012
07097
02189
01905
02380
07821
05237
06184
04071
05701
07911
00492
07282
02695
00191
02461
07533
01193
00361
07011
03022
07701
05802
08215
00599
04174
02365
07208
00435
02836
00116
01213
01340
04630
07970
02485
01574
01462
03651
07394
07224
05345
07372
03718
03499
04197
06662
02904
04551
01917
03194
01996
07086
01221
00558
03847
01886
07300
02790
04974
04200
01683
06721
01084
07414
03419
00829
04623
05781
04302
06658
06244
00418
01910
06955
05836
05672
00071
01030
00325
06749
07036
07954
02253
02946
03686
02656
06457
02741
07469
02024
01261
02809
01076
00810
03408
05601
02196
07183
07268
02386
06228
00061
00776
01883
02732
03580
00082
00619
05868
03037
00768
06982
04377
05356
04338
05021
02283
07125
05475
01032
06490
07660
06782
06418
08275
05923
03148
01621
04037
08238
06315
00576
03698
03429
06953
00442
01812
01829
06983
04636
07454
05188
06009
03454
07824
00569
04853
07808
07306
07445
07248
03268
05702
03344
07744
07281
01936
04283
02876
08029
03099
05817
05817
03912
02634
02738
04815
04426
03653
05964
02160
05740
01375
02026
07821
07044
02794
03172
08284
01774
02941
05336
02449
07023
02825
02667
02149
02479
00287
07679
00812
05611
00118
00965
05734
02526
07530
06488
07235
03269
03560
05308
03897
07667
01432
02646
01599
00918
07990
01569
04099
01592
08258
03922
06780
01426
05376
03645
05203
02975
07975
05463
06776
00430
00141
01264
01942
01293
05288
07986
02031
04994
00592
07593
05833
08108
02142
01323
07535
03583
01441
06860
07656
00185
00127
00374
05235
07581
02794
08250
06006
04046
03314
06975
01549
06502
05824
07324
03276
04009
05937
04202
04125
02233
05958
01296
06809
01483
06987
03830
08025
04255
07590
04702
05213
02522
07969
06205
04112
07525
04436
06651
00248
08195
03142
05594
05629
03391
01260
02577
05253
00844
04897
04538
03680
07857
03081
07428
01021
01217
05520
04811
02285
05942
02633
03794
04770
06342
03532
04655
01425
01144
05345
02111
00326
03659
01837
00505
01870
06561
05312
05493
02700
00823
04888
04879
06675
08064
02957
00709
05212
03298
01169
04250
03363
02460
03055
07444
06101
07554
02228
05404
08225
00927
08078
00599
04787
07965
04789
04976
07999
03240
01300
00366
02078
03216
04910
07388
06941
03689
08175
05464
07703
01533
00965
00150
07732
03557
00567
06556
04671
02114
03525
03936
03656
08299
04246
00309
03277
02951
01423
01931
04528
00032
00829
05707
07067
04639
00071
00051
00055
00916
06578
00780
03497
02947
06182
02700
01598
02017
08070
05359
02539
03013
08079
00994
02055
01726
06333
02739
07721
01733
00996
06774
02741
02693
08106
04864
01322
03911
02319
06362
02910
08225
07150
01653
07311
03319
02875
08048
05695
05976
02823
00896
04843
04455
07226
04163
08240
02741
05528
00032
01055
06396
07678
07576
00511
01267
05736
03942
07628
00385
07874
02202
06739
07380
03928
06487
04541
05374
05891
03626
06630
04162
01254
04315
01396
02893
00421
07799
04125
07861
02458
07769
06750
05052
07114
05478
06516
03082
02718
04004
00093
06368
06195
03214
03961
04601
01755
04631
06919
03143
04952
05770
01919
06915
03576
06613
02526
07759
00634
01609
06617
07472
00419
07629
05723
02496
01419
07656
07622
02186
06589
00982
01397
04481
00540
03524
05087
06984
00244
01179
00576
02191
08212
05395
05023
00507
07652
03025
06700
06684
01535
01103
04920
06936
02588
03156
00945
07736
06611
03042
05664
00423
00928
05249
01143
01603
04659
08242
05703
03649
07638
07998
00561
07273
08264
04322
00580
04159
01835
05391
04043
05684
07094
07335
05606
05883
05681
00738
05653
03553
05413
07820
05442
03929
01179
00615
07951
01595
00785
01825
01349
05440
05590
03969
07573
01334
00608
07943
07288
05641
02152
01487
03434
07484
06617
03614
04867
05135
06652
04592
01179
05731
03845
01617
06984
06129
02915
04738
07167
01421
04291
03433
01775
06353
00175
02818
03494
02609
03528
02402
07218
01846
02567
05206
03699
05192
03897
07264
02139
01739
05344
02856
04003
06485
03958
01134
04594
03493
05891
01794
00741
06147
03623
04558
03319
02508
07725
05144
05317
02899
08208
04066
02149
06722
03045
02895
04471
04911
00106
00140
07307
04586
02554
01401
01820
06052
02377
06607
00741
05094
08019
02213
02281
06732
01878
03971
00127
01265
03409
01943
01697
02312
04700
00449
07772
07734
06013
05886
05429
00834
07404
06012
07538
06718
04128
08244
06879
03171
06855
02960
01576
04001
06716
00097
02109
03594
01560
00902
05069
03373
03322
02184
07500
08175
03272
07689
02860
07148
03868
01704
07711
00640
03463
03930
01644
02094
03114
04567
04239
01551
03174
00044
00126
05084
02358
06625
07187
02033
01188
00261
00840
07702
08217
05226
06755
03652
01328
00870
07478
00021
05293
00639
06730
03378
04491
07083
01113
06838
07666
01909
07237
03639
06219
02564
02497
06876
04088
07558
02271
00362
00740
02764
07392
07885
00261
04841
05817
07800
00279
01646
05739
07086
05844
07422
03521
05775
03715
00774
01333
03473
01515
02954
01085
08060
04298
04252
06525
07646
02014
04027
05811
03457
00067
05593
07633
01475
07170
03217
00579
04215
04719
00719
08149
02077
03886
04746
06474
00264
00445
04133
00472
03817
03982
05495
01974
01145
02719
01012
07092
00232
01116
02316
01529
01353
00872
05550
04284
00058
04329
01235
04101
03376
03126
01163
07314
01112
02794
03001
02806
01185
05511
02522
06915
02669
05481
00775
03309
01175
03130
02408
04207
04176
03431
03429
07269
07723
01165
03960
01403
02603
07773
05010
04126
05524
05325
04743
08081
04497
01673
02758
02168
05104
02727
06942
02044
00865
05588
00934
04746
06674
07663
00507
03531
04864
03659
01763
05697
05798
08100
06771
00624
00691
07431
00662
06427
07694
05140
05406
07378
03010
02010
05597
00686
05480
05191
04261
07029
07909
05301
02228
03565
05461
00089
06478
04575
07446
06990
06700
08222
02211
02810
00487
06314
07340
05706
03704
08284
01075
05832
05739
08006
02101
07634
05358
01545
06571
07244
01738
06865
00033
03803
07022
01693
02952
08118
05309
05498
02028
03271
06915
08211
06897
00087
05299
03189
02031
04470
02959
06733
04726
06199
00857
07267
07948
03880
03834
05816
07185
05614
00355
02816
07741
01711
02439
00214
04072
04624
05196
03375
03908
02859
00097
00506
02197
07228
07725
00453
04449
00824
01735
05617
07628
06454
01373
00943
02513
05768
02604
07244
03807
02989
07858
05367
07869
05315
05079
00726
07121
05217
07810
02747
06093
05944
06392
05680
07042
04039
08159
00099
08081
01679
05092
05340
03176
00164
07179
07633
03442
02391
07248
01809
03037
03061
03248
05160
02473
05363
02783
04743
07086
02719
04836
04067
04838
00106
05403
04921
04833
06120
00257
03809
02050
00588
04259
00480
00423
02567
03967
04557
02798
04012
06947
00234
02606
04342
00592
00401
03849
07378
04713
00333
04375
00655
08058
01184
06149
05008
07058
00612
05633
06193
06885
06157
07734
04578
06743
02855
01248
05842
01108
02195
02208
02483
04680
05476
00827
04824
05676
05265
07181
02332
04840
05154
05889
07649
05612
04472
02917
08022
06566
07934
07775
00965
04621
07786
06927
07390
06248
03793
06596
06728
02735
05987
00298
05945
01947
01959
05043
01883
04822
03847
00357
05946
06201
00636
06612
06325
04614
02857
01693
02812
01785
04138
02230
00671
06455
05076
00495
05678
04823
04868
02470
07379
00808
05949
00563
07726
07173
06870
04635
05546
04503
01074
03417
05395
05350
01799
04539
06615
04723
07558
03251
02607
06626
08297
00135
02177
07629
02315
06605
00349
00718
04170
02163
08069
03251
07538
07003
04372
07432
04942
00118
05507
05287
04807
05833
07091
03874
02121
05687
00127
03008
01023
06110
05771
02606
02275
03986
03601
06171
07391
00812
01620
04088
02267
00835
05843
01327
02389
05486
01702
04358
07659
04089
07580
07702
04819
05854
00675
01481
06744
03075
07473
02429
02805
07622
03975
08175
07324
00474
04133
02275
00949
01974
01869
01538
01672
02421
00105
02514
00182
07316
07357
06579
05508
08223
01026
02743
05195
07290
07478
03331
04376
04648
08040
01822
04394
02367
00771
04956
03667
00124
05883
07215
04507
00406
02004
05618
05625
01401
06160
05382
00381
05596
03591
03081
04926
05625
02357
03859
06561
00910
02945
00629
03386
00709
06494
00070
07932
01493
05356
06901
01677
03739
02692
06728
05091
00436
05108
05123
07870
03697
00242
06276
05474
00336
03383
07550
05061
01862
06113
04218
07803
04135
00491
02190
07842
07463
05609
04159
05046
01584
03281
01714
01065
07855
00396
06106
06240
01527
07033
07121
05386
01414
05803
04839
02517
03503
05294
03145
02892
00871
02566
00100
05132
01075
06045
03299
06440
07310
06679
02619
03731
07924
04226
02484
02068
05673
01159
06613
08214
05017
03304
03692
07154
03326
00869
00845
01771
04417
06755
06795
04824
02935
03756
07232
05869
00995
02989
05538
01479
04981
02778
00454
04422
03761
05848
06802
00466
00077
03929
06024
07186
00921
07048
01973
00970
05621
03371
06472
00374
07150
07395
00227
08029
02687
02395
02152
05372
03652
08250
00073
00676
00560
04123
04626
04468
03655
02494
03961
06182
04590
07686
03928
06370
03239
05029
06823
04837
04790
00693
00089
04880
03362
03897
05917
04106
08239
04747
03386
01314
06588
07362
00895
00231
01376
00458
01585
03882
00506
03313
00559
01450
05361
07173
06753
04396
01199
04180
01658
07240
04626
06890
02124
03976
07333
00045
05885
03052
00722
06691
06491
05816
07857
01681
01281
05179
00829
04071
04345
05537
03706
00400
02890
05551
04649
01488
03851
06178
08041
00641
00879
00290
06748
07887
03404
07358
04052
01264
03896
06354
07772
01509
07346
05637
04909
03751
03098
05533
04642
05446
07336
01279
06691
05952
07417
05692
06979
00173
02921
08010
08133
06854
05885
04128
02281
05921
06031
01091
07281
04465
05708
05422
00718
03783
03049
00209
04254
01693
04034
00524
06947
02755
02502
00294
04117
08272
08149
01987
04550
02690
02285
06163
02887
06954
00748
05110
05664
04026
06503
03573
05281
01073
01635
05602
05564
08199
07874
04828
06918
03542
00333
04293
07257
06605
03289
02129
02316
02060
02797
01832
04411
00541
04129
05361
04807
07430
01881
06236
05858
08035
03609
05806
03688
07043
00453
02346
02209
05199
03826
00398
02663
04843
02276
04852
00404
06462
04099
05685
06189
04209
07529
03393
05846
01063
01082
00969
03821
04016
04494
04437
04459
07596
04400
00684
00554
04696
06509
05095
00754
04224
08125
05532
03627
06503
02797
07369
06107
02108
08021
03360
00382
06306
04361
03668
01914
00936
02751
01537
01726
04872
07957
07926
00122
07397
03366
06509
04480
05614
07947
06517
00598
07926
06862
02892
08264
00427
06639
04819
01347
03069
04859
00847
04996
07712
05294
03478
06159
04744
00122
07967
07084
01164
07366
04042
03311
08246
05977
05728
00244
07500
06971
07264
04394
02009
05346
04748
02689
04150
02567
06043
04279
05299
00073
08255
01076
03957
07083
05338
05130
01559
06645
03102
07948
03770
01627
07654
07419
01375
04802
01890
05819
05939
02621
03187
00061
04453
05234
06723
07006
06412
00415
03248
03612
00471
04846
06823
06836
07180
04908
05481
01458
05693
00713
01806
05894
02718
03230
04226
04542
03647
01001
07925
05710
07277
08046
03675
00160
03342
04023
06309
03366
01470
07914
02699
00041
02013
01103
00147
05821
02755
04073
06186
06897
02398
04690
05591
01718
07083
07430
05630
00135
01872
04294
02487
05091
05606
03685
01879
05070
06647
06108
00122
00807
01247
05944
03404
08087
01134
07744
03527
00392
06130
00815
05407
02168
00241
00183
01629
01453
02605
01852
00877
05926
01896
02604
02986
03292
03109
00155
02476
05164
05014
06384
03158
04452
06200
07706
06290
03233
00707
07645
07907
01399
05305
00877
04938
05233
06544
01250
05905
05981
03585
04930
00727
06556
01645
02232
04820
06331
02578
01826
03334
04369
03234
01006
08066
06553
06828
03615
03826
04020
05815
06054
06440
01844
04013
07699
05443
05508
00077
00313
02609
06643
06402
00898
05646
03821
05309
02486
04348
07846
08066
07424
06032
03002
00442
04919
06909
07154
06283
02959
01388
02108
02605
04086
03436
02161
08142
07378
03176
07504
01378
03601
01623
04428
05629
04724
00224
02200
03989
02870
04762
06299
00480
02365
06703
07518
03287
04723
00478
05279
06218
01014
01967
07667
07485
00238
04205
03900
04707
06237
08259
06070
07269
06705
01042
02454
02309
08250
01234
05086
01253
00059
05859
02912
02552
03703
00383
01046
06685
02069
07479
03899
04420
07705
04768
01352
06554
06346
03622
04975
02284
06316
03544
05153
06903
02063
00886
04439
07423
02462
02875
02346
01381
01339
02101
02171
04063
05528
05672
07742
06541
07235
00892
02028
06750
05755
02107
04109
06614
04294
04883
02800
02361
00523
01244
00358
03616
07289
04603
04309
05073
01179
06584
01789
06809
03932
04578
06134
00077
04379
03809
07505
03693
08027
01403
00589
07851
00812
06044
01254
00303
04437
03792
02770
01975
06563
00147
06788
01596
03456
07370
07710
02918
07322
06641
01154
03409
05379
07621
06787
04120
04332
06210
06148
00850
06834
08233
03714
04024
01065
06918
00741
02578
04032
03734
07456
01462
02059
05393
07420
05407
01368
03117
07172
07603
02985
03245
05266
06281
07479
01194
03892
05118
04780
02465
02446
06087
05083
03523
01124
00779
06836
03369
05543
01572
00099
03975
02104
08025
00071
06933
06373
02185
07712
02502
02265
05710
01310
02829
00312
00065
08018
04157
04032
02379
01578
04092
04759
03678
07556
01108
01761
07279
04628
04251
04298
03923
07418
01301
05089
06700
08200
04960
02460
07246
06038
07232
04591
01747
04449
05849
05981
07928
01898
02198
04651
01438
01570
02972
01880
07446
07811
04120
01738
04329
02822
05950
06338
04308
06713
01451
07034
06607
03077
02317
06761
00309
02092
00359
04264
04553
06220
05452
01725
03512
05528
06493
07840
07479
03704
06164
00301
05742
00005
04959
02779
06663
06448
04226
05186
07435
07127
06657
07841
06564
06514
01122
01611
06624
08027
00075
04731
02596
02485
07835
05075
03111
06355
07727
03269
03503
00313
05021
07913
06560
07038
03249
04204
04201
00909
07872
03559
07939
05689
06199
07509
03536
08267
01832
07246
04825
01683
00452
02979
04633
03191
06129
00699
07606
01045
01291
06013
07809
01824
03083
07161
07210
02038
00774
06937
02882
07065
04892
00024
04638
01707
02417
05086
00689
08065
03762
07111
03337
06327
04855
04394
05127
01834
06912
03650
01641
02068
00909
04672
08078
00654
01149
02400
04781
01356
04335
05639
05594
02924
03442
02202
07895
00209
04780
01212
02942
05111
00742
05722
01105
05636
06662
07887
02954
05451
01942
06300
00236
07933
04469
06394
03193
01037
03416
04895
07626
04125
05079
02168
04898
01699
01649
03640
05637
04166
02062
07275
02812
05237
05649
04554
01923
01510
05323
00782
05235
07185
04603
03132
03251
07724
07387
00483
00882
08155
02159
00974
04119
02969
02230
07173
06641
04017
06034
03075
04986
02552
02689
02079
03566
02196
07954
00823
03396
00193
07689
06471
01197
07056
02897
05359
00558
07881
03395
01811
07658
05739
02352
07219
05893
05764
08064
03903
05003
06143
05473
03211
00588
00505
02376
01512
07004
00490
03650
03890
07048
01137
02816
02234
03413
03733
02533
00844
04525
01739
04938
05522
01488
06150
07973
01177
00052
06069
06989
01000
08057
08111
01053
04098
00456
07346
03335
01026
06615
03545
00457
03635
02555
02949
01016
05526
01974
00547
04698
04459
02676
01804
02702
03932
02401
05178
03730
05742
01011
05102
05789
04765
04691
02167
07067
06467
04670
03826
03542
07981
02951
03425
02843
08005
06080
05299
07394
03265
02389
04894
06754
02438
06582
01454
03113
06021
02076
04801
04125
06810
00756
06773
02001
06959
07199
03370
02514
03868
08130
08075
03106
02129
07778
00777
05023
04629
07089
02496
01532
02550
00309
04914
03262
05770
08097
03653
04202
03677
00173
02775
00571
00218
04386
07431
03463
08268
02547
01901
00120
08161
05976
01807
06605
05838
03802
03192
07037
07190
01705
07247
06848
07637
08038
01924
02650
03890
01891
05759
00145
06932
06793
02142
03543
05242
06084
07711
05993
05506
03439
07083
02230
05971
05448
08055
08073
04480
01059
02481
05103
06497
01703
07219
03369
06922
01273
05542
02441
02999
05378
03542
06423
00546
02523
05448
00627
06425
05100
02239
00102
00639
00262
05812
06319
00042
07970
04262
05649
03223
00340
04549
03527
01793
05552
00067
03367
06657
06905
00315
05040
00156
03836
05131
07506
02279
06980
02700
05824
04831
07424
00745
00726
04737
04796
03396
04761
03189
06982
00222
00137
01395
00469
07522
02414
00895
01673
05808
02610
05506
06434
01540
08166
04515
00822
01042
05652
01516
02311
00627
04146
06178
01085
00878
04889
06150
02086
04204
03537
02465
04535
04453
04873
00629
08191
04543
06931
01727
01908
06730
04426
00242
03077
06135
03656
05904
02588
01219
02535
01339
01416
07459
01028
07967
04911
01486
06836
00768
04139
00274
06782
01929
02139
05772
07301
07795
05129
03984
03311
08072
07114
04241
02892
05971
03578
08055
08006
06912
00134
04022
07041
04085
03324
06690
00499
00980
02630
00788
00961
02602
00720
06129
05678
01174
02568
06783
07506
05322
02124
06430
06214
03338
02959
06532
04623
01874
00488
00552
01680
00786
08008
05810
08085
02258
00722
04068
07426
01957
00494
01825
06998
08039
06440
04962
01350
01647
02276
00882
00403
05838
01090
05852
07935
07078
03283
05908
00886
05907
06975
00739
01525
05559
03154
00576
06540
06743
01163
04203
06558
00277
01423
02289
07542
07085
04691
03659
02681
08089
02309
07216
02947
00252
01246
01394
05515
08284
08226
03885
04983
07102
03067
05151
06485
03239
01743
06092
06412
08182
08114
02573
06135
03497
04333
00436
00393
07623
01454
01963
04053
08219
04300
01374
07144
00222
05666
05172
03382
03819
02119
02819
05738
06472
00321
05088
01974
07405
05629
02885
04759
05849
07635
07989
02209
03920
02480
01982
06251
04549
04624
04066
02643
04126
05341
01108
02213
04246
05558
03087
07131
05935
05736
00278
01093
02271
00317
02126
05554
04942
08298
00089
06999
01870
05195
04251
07031
03787
07239
01578
05601
05947
03050
07733
03702
07825
02576
00254
06567
02046
06118
04462
05159
07541
04568
02513
01905
03640
06690
02170
03522
02029
06024
06318
01230
02074
02970
01632
06198
02242
06016
06018
06761
03124
04643
07175
01247
02749
00461
08140
04204
02180
03939
00930
08081
04577
02886
08233
04663
03440
04936
04383
03245
06890
02113
