05866
08178
00819
05716
05730
07044
04212
03521
02929
02288
02813
06760
03967
07390
03671
04471
00584
08280
03088
00071
02689
01274
06762
03789
07160
02686
02428
07368
00847
05590
07953
01648
08146
02224
05005
02100
01509
07058
04576
00749
07852
00317
04718
00048
03718
07300
01077
02039
04945
07174
03322
01571
00796
02008
01307
02189
03165
00792
05246
07603
03366
06675
00896
07726
07186
07674
05989
00195
08256
04938
01655
08063
06827
03689
01194
03404
07087
07437
04758
02597
05593
01740
05760
06181
04210
02626
03116
04245
01753
07507
00985
07625
08213
00877
01535
04085
05402
05298
00570
08145
07777
07462
07207
02926
06448
01125
05552
05024
00013
05528
05573
01473
04011
07847
01382
03800
05858
04891
03429
04588
07008
05181
06724
07844
06520
07527
02308
04156
06767
00465
01749
01458
01022
07012
00706
04234
07699
01925
01477
06655
07469
06078
04928
03232
00823
00867
08011
00600
03582
00446
08262
06331
06514
03580
05416
03929
03562
00288
02422
05204
02616
02471
03989
04605
00869
02043
05966
04896
04838
04200
07877
07731
06171
00049
00642
01006
05078
04823
00180
02484
00380
02234
02523
06129
00948
06960
02940
03516
03521
00838
07913
06248
02777
01795
01055
02124
03240
04603
08021
01707
07847
03915
02515
00966
01883
05659
06095
01445
07106
06420
08280
04866
02881
05344
04624
07634
07425
05843
00289
03340
03899
04777
01340
04196
03858
05390
02611
00149
00971
01445
01478
07592
00145
04990
04239
01061
07485
07054
01790
02980
07513
05074
01668
00576
03688
05101
07610
04471
02657
06575
08142
07263
00369
04875
03869
07173
02856
00215
01524
06989
00924
01775
02865
01926
04385
00788
01170
07412
01772
05164
03445
00568
01439
01252
00415
02647
06727
02682
01723
02671
07628
01092
07756
03452
00267
05517
05119
07943
06274
02983
06334
06685
00581
02383
05577
06342
00013
00690
00000
05199
05073
03648
03135
06399
04114
06635
05474
01976
01500
06833
07236
06351
02163
07667
04798
02586
03752
07708
04774
08232
00556
05706
00787
02011
01351
02436
04948
07315
06759
02391
04504
06118
03048
02395
03328
02508
03772
00379
04056
05749
04240
01008
05614
05614
07677
01800
04345
07803
04945
02879
02694
03154
04559
03923
00212
00168
07010
07834
07417
02217
04294
08281
02746
08029
04409
01827
07228
00892
07408
07555
03950
02963
00690
05186
07955
04161
06107
02359
04628
04157
06494
03414
01435
08225
03090
05500
03291
00756
06778
00977
03940
02069
08007
06410
04972
07320
05175
02677
01395
03854
06859
05480
02204
02906
03312
04267
02908
00835
03883
06111
03748
05337
07595
07777
00537
04980
00477
07158
06708
01387
04662
02457
07477
07094
07365
02078
06179
05895
00575
03246
02577
03431
01255
03278
07393
00981
03080
02088
01370
00560
06787
01293
06521
03443
05948
02860
00700
03639
02988
07924
06230
07852
06267
05354
07436
06888
00272
05462
02917
04225
00829
07213
05518
07566
00918
01148
01533
06178
00995
03883
00639
04621
05534
05129
04050
08207
01576
06315
01996
00475
03820
08160
02082
00301
02573
01961
04041
01680
00184
04210
07190
05376
05529
04290
05294
05259
03620
01631
01361
00160
03609
04650
06637
05681
06049
06338
03991
08149
03024
07779
01653
08207
01324
02251
01559
04577
03236
07105
07944
06702
06418
00990
06177
06602
01275
03429
00853
05999
00823
05214
07693
04778
04190
06812
06758
03396
04323
06297
07633
01297
00956
07171
04239
00727
04196
07688
06566
05887
08003
08154
06333
03708
02041
00537
02827
00917
02670
04158
07440
05093
07609
05618
03092
07770
02353
04049
00036
00623
05708
04669
04216
00667
08264
01183
05763
05300
01504
06816
07954
06868
03508
02416
00672
00616
01233
05320
03772
05711
04391
06142
01681
05174
06373
02875
05634
05422
04307
07001
05861
02106
04640
02959
04879
00147
04456
01199
06771
05710
00661
04455
05528
01417
04309
03979
01881
04078
07778
01446
02846
06029
04790
04651
06849
03085
05512
08289
03720
01011
07984
06216
02995
04076
01504
02587
00031
06188
02383
07199
07164
05719
03066
07992
02912
04892
05635
04895
06100
07865
05165
02988
03740
04371
06467
01127
04648
03019
01564
00035
06342
07789
03748
07907
04584
00665
04323
02017
00111
05508
02650
05803
05610
01569
02431
08164
02676
06626
03509
03389
05113
05621
07469
04306
05800
02753
04117
06437
00750
02326
00763
04954
05583
03456
01995
06696
07134
07641
02453
06772
08075
05633
05725
04780
06330
05624
07037
04787
08275
02443
01277
05779
07532
07343
00746
05876
03566
01511
00661
01125
02884
02573
01637
04213
06288
07904
01124
07033
01288
03861
05078
05053
06609
06689
01519
03416
04070
05215
05699
02748
02591
02307
02025
02115
04349
06534
04569
08233
00019
01281
00835
05819
03016
01057
03060
00634
01160
05049
06044
07249
01678
04733
04679
05535
03822
08290
00326
06649
02863
05082
06209
00380
00452
07562
02494
08080
03349
03915
06209
02706
06383
02366
00871
00224
01868
01548
06314
07466
04732
02519
05915
06124
02527
03343
05051
08075
01881
07541
00728
06742
03414
07278
06668
06695
01803
06311
06084
05658
07886
01161
06162
06222
00821
01992
06701
02070
08098
05486
02598
00896
06603
02586
00409
05046
00357
04622
06490
02893
06252
01210
04902
02439
07917
04234
02322
02712
01480
03280
05154
06410
06933
06436
03980
01102
04221
07305
02968
01191
03359
02014
02589
03006
00654
04061
03321
00483
06827
07639
05981
03016
01399
00629
06108
00756
02317
03871
05781
05344
01262
02420
07074
00934
00539
07689
03892
02934
06721
08295
03641
06774
06020
00616
02913
07229
02701
06234
02896
04748
07205
07256
03087
04597
07343
02234
07977
00162
06047
00712
01873
01679
02066
00106
03650
01260
02846
07035
02229
06517
05786
01404
03632
07083
01907
03473
03220
06856
07038
00503
05890
00232
06811
02513
00484
06396
02555
04280
03663
04179
06641
02681
01396
07696
00679
03263
02423
05642
05075
00023
01683
03304
07462
02749
01701
06642
06926
02560
07697
03856
06888
00533
08171
02666
06485
05492
05408
06181
03684
04101
06656
07577
04601
06679
03364
00912
05114
01992
00332
06742
01583
04660
00835
01659
00341
04134
00076
03051
05243
00729
05257
04553
07809
07281
05795
00008
01898
03120
00844
06999
03314
00540
00221
07703
00722
00401
06584
00842
06466
07867
01639
02439
07820
05650
01200
01405
01602
05935
00908
00523
02248
06473
07611
06178
00881
05749
05805
03370
07208
05434
05163
00114
04940
07356
01873
02233
01363
00980
04937
06292
03852
05749
06646
03250
07064
04226
06402
04899
05854
05872
04598
02281
02372
05640
07407
00465
03557
05782
05834
03750
06478
01284
05669
07112
00242
01394
00706
05531
02162
00895
04825
07776
07475
03706
08202
08173
07761
08087
06673
06785
01268
04281
03946
07992
02586
02652
03817
03323
05957
01896
05618
08121
03893
07034
07511
00323
02577
02439
06482
08158
03505
08050
05202
03398
05488
04242
00251
00278
02481
03446
02758
04179
02953
06270
06079
06414
04084
07499
05530
01967
05956
00046
01645
06968
08023
05331
06296
06671
03897
07353
05786
05544
05210
04698
04540
07871
00786
01712
05232
04787
05790
07774
00812
02892
04473
07426
07199
04502
02649
02437
00837
01555
00779
01158
00898
03570
08245
04059
00116
04826
07513
05353
05546
04783
00516
04794
05841
00603
03550
05922
04123
07946
03046
05308
04199
01324
04702
02823
05916
05969
07276
08129
06490
06891
02241
01283
06915
01407
02419
07983
01739
08034
06922
03247
00210
05754
06123
00027
06599
05510
06939
01615
00514
04282
07028
03242
02444
03344
02635
03967
00595
06177
05799
00987
07945
04301
06735
01092
08082
01995
06401
03430
05698
07423
07523
03039
00641
05645
02514
03016
01121
01995
06070
00798
05698
05003
05623
07163
04358
01796
02126
01580
00388
03136
06541
02128
02771
01035
05968
05087
07171
01838
07927
05824
06856
05403
03709
03077
03268
00192
07403
04337
05792
03627
07691
06317
07131
00242
06289
06236
03941
06840
07727
05992
04678
01944
02582
00171
02599
01737
02244
04982
00292
01576
02685
03050
05309
05359
07147
01616
06619
07555
01865
02071
00362
05953
05413
01602
00008
06677
04253
02395
00017
04427
06319
00424
04271
00375
03502
07433
06197
06217
07913
04883
06631
05698
05692
03415
06177
07202
04022
00290
05326
01647
07456
01762
03101
03926
06516
07862
01214
03366
01475
01752
01955
07142
06730
02060
00029
01864
07593
06045
03518
04137
04577
02456
07886
07531
06274
06112
04721
07738
06733
00934
02096
05162
07216
00876
04124
04982
07962
04473
02637
02495
01654
06230
02862
03489
06047
04564
02769
01084
06839
01055
02681
07617
05952
06870
01855
07811
05504
05340
07848
07400
08141
01815
04446
01774
00297
06299
04408
08097
05356
05839
06709
06330
01928
01893
03502
01055
07383
04504
01054
05477
08072
07728
04682
04039
04275
02165
00182
03190
04027
04968
01715
05460
05873
05082
04688
01490
00331
05139
08064
06674
01940
01708
07850
03766
03372
03574
01923
07105
04065
06548
06570
03720
03392
03463
07322
07121
02745
05989
08221
05296
07949
06739
01232
03353
06146
06004
05046
06158
02178
02523
02080
05445
00978
05164
08099
06240
04602
00376
03378
03699
06478
06684
06287
04606
06311
04565
02135
03559
01199
00581
05878
07857
01227
07757
07697
00764
02064
01475
07916
04394
07858
01639
06784
04364
06717
04819
03805
02022
01362
03752
02742
02852
05153
03255
05786
05746
04717
00737
05067
03970
05685
05395
03654
07262
00750
06231
06321
02840
00098
06984
01705
07251
05523
04492
03605
04049
08002
07325
04988
06710
03668
06012
03576
03413
06938
02119
02759
06288
04210
04363
07714
06746
02086
01850
06345
04633
06488
00144
03173
04579
06464
00031
03370
06415
04589
02181
01970
02121
03400
02701
01364
05182
05612
00419
02390
04589
07671
00066
04889
01772
04606
01032
02546
01583
03198
04245
01883
04252
06679
01228
03428
07207
07847
03544
05735
06352
02284
01742
00859
05055
01692
02125
03805
03348
06678
01743
01258
03185
05730
03870
01810
05390
00413
05283
04669
00608
01754
08214
02975
00782
02821
01372
03878
06208
05839
07978
05148
01857
05600
05296
02716
05268
05521
05823
05290
07063
05090
06176
00967
05233
02403
04709
06332
00831
06279
01757
06202
01534
03434
04595
00438
05603
00928
04128
02459
03551
04227
06247
00573
07174
08050
04871
01754
05412
03356
04704
02964
06212
06448
06538
06170
07001
07667
00536
07248
04777
05300
06905
07678
01796
01293
01637
06056
01079
02715
06890
03672
06896
07491
07674
00585
04367
06232
04485
03732
00858
01705
00621
04319
02161
05404
07954
04793
04728
01589
02251
07753
03398
08073
00763
03199
06348
05532
04468
06629
04363
06053
01404
01284
02955
06105
00542
06073
01605
05415
03341
05295
01095
01507
03524
04191
05415
08282
06016
06727
07443
00246
04814
04877
07797
07184
04440
05635
00916
03354
04657
06793
06561
06124
05166
04459
01335
04978
00817
04117
01894
05063
02736
06293
01767
05474
05758
04235
03203
02326
06914
08225
05821
01806
05545
06478
05582
01454
01251
02185
01160
01336
08025
08179
03835
04063
05267
02189
03744
08036
00409
03217
07788
07081
00004
03544
01909
00791
07691
01956
05160
08149
01763
07544
08007
05184
06732
01081
00717
08176
04077
00286
03165
06941
08175
02648
07992
01977
07083
03847
00164
02419
08155
04244
03190
05011
07180
01979
06038
01441
05142
06622
00598
05113
00740
02633
06577
07208
06570
08038
06331
02488
00825
01873
01023
00490
05550
02216
02620
02688
02443
07220
07837
05703
07443
04443
02820
02743
05881
01451
06042
05026
08277
07881
01665
05311
03571
00815
06430
07467
08117
01540
01054
03967
03859
04102
03841
00950
04150
07347
06243
05647
02902
04444
05692
00330
00769
04310
05342
07631
00862
05451
04512
00903
00919
04465
08153
07515
04424
01983
07972
05997
06759
03005
06588
05082
01428
01869
04653
02470
06258
03640
07070
01046
00801
05208
06896
01983
01121
06525
05596
01060
03500
07499
02541
03498
04771
01941
05375
02642
00545
07860
06440
02873
05010
01771
00516
07375
06016
07731
07096
03473
00156
05540
01487
06376
02719
06551
06730
00068
03147
07196
02298
01891
05298
08251
01537
07895
00559
05414
03161
06826
03133
07546
01625
05731
06824
04691
03674
07672
03685
00939
03753
02820
04198
03687
06272
02587
06808
04585
00430
00209
01507
06322
05737
06482
04556
07755
07239
00281
03869
03652
06569
06425
07661
04725
03849
05741
03270
04577
01006
06235
01861
07305
04958
01010
04786
00033
08292
07266
04993
03366
08139
02487
05356
01768
07232
04251
07475
07812
02224
03609
06722
08279
01546
03057
01163
04301
00036
05016
07400
03844
04276
02434
01992
03810
07692
00392
07286
06466
04123
01385
01981
07839
04086
00185
08212
01446
00911
05625
00426
01293
04364
04558
00402
01646
00584
05539
06187
00207
02076
01419
02998
06313
05361
07823
03745
00560
02130
01862
07007
04177
00297
03640
00793
03867
03779
06600
02990
02408
06734
01155
02294
07539
03986
08277
01586
04406
00459
06416
06251
03370
01931
01151
02648
03585
06004
08260
01244
06605
07553
00315
07733
01355
06382
06651
06864
07102
05373
01496
05753
07269
04481
00187
06998
04169
02583
06113
04803
03475
00208
01450
04582
07983
03526
06855
02322
01513
05560
01532
02538
01065
06077
02248
07084
01820
04035
02154
04951
07389
03289
04968
04154
05274
03552
02191
05582
00791
04666
04471
05360
07997
08157
06555
05077
02701
01364
06585
02276
02772
05091
05894
07654
00134
03577
00356
06556
03568
08230
01357
05164
05643
00375
05313
07645
06031
04612
04901
04371
05613
04280
02126
03660
04680
06824
06502
07338
04907
03226
03677
02693
06876
02892
07060
02092
07178
06046
03735
06496
01322
05373
02180
04970
05376
00010
04490
07294
07712
00719
02956
01968
06175
06653
01751
07555
04167
00180
01930
02661
07364
00104
01732
04011
00255
07636
06621
07497
00341
07696
06970
05634
03907
00687
02972
01946
06152
04807
04371
01149
00065
00083
08008
01054
01442
02249
02846
07300
07903
01429
04489
04953
05513
02593
02557
00352
03771
01449
00121
07169
02697
01386
08285
03401
00787
07372
03347
05766
00984
02038
06702
05418
01741
06055
00736
03420
07269
04135
05742
05877
08184
02799
05770
03150
03072
03658
07773
02798
02136
01085
00479
04210
05816
00549
00287
01028
06818
04700
01958
02094
06087
01190
05404
00413
06425
04415
01906
01831
03821
00772
03803
07080
03782
03554
02780
05141
08236
05834
03956
04199
07244
05902
06153
03311
03277
00689
06753
02668
03848
06144
07041
07249
07813
04924
01156
08182
06037
04224
03909
00889
08028
07079
04810
06659
01712
02667
04505
02181
06406
05235
08281
01248
03133
00930
05590
00909
07880
03689
03726
06482
01272
07898
01636
06883
05822
06500
07799
06564
07249
04724
03237
03549
03740
07537
04315
01336
04904
07956
04708
01934
00244
03783
02880
06129
05256
03936
04398
06646
05774
04582
01851
06820
05267
03184
04084
03281
06883
00345
07840
00845
05600
07013
00838
02228
02945
01834
00261
01132
02608
01591
01721
05141
00096
00882
01390
07018
05661
02585
02029
00262
02422
00128
04216
00459
02085
00433
01955
04266
07011
05756
04149
06023
05500
02566
04808
08008
02417
03418
08116
07503
03805
06063
00823
03125
06281
02497
01691
03183
05808
00995
01995
07547
04484
01102
01683
05943
04214
03369
04650
05038
07239
05397
07930
03832
03855
04515
07755
04709
02526
01260
06849
04841
06698
05664
05760
07711
03376
03884
02422
04272
07988
07195
03036
07632
03244
02013
00683
02212
00182
00520
02882
02918
01877
06343
04936
00262
05509
00204
01463
04418
02695
03293
04640
00542
03157
02142
01903
03890
07480
08099
01780
04853
05851
05730
00180
06846
01599
02057
05986
05094
00928
04898
05069
03002
07703
06619
07338
02258
00296
02829
07224
04015
05712
02816
02740
03734
04008
00558
01992
01299
04749
06329
06256
05637
07975
02195
00963
02279
00336
08149
03248
07752
07177
03512
07541
01648
07788
01528
01609
01352
05594
06750
02118
03157
02462
04198
00338
03024
04452
05070
01531
00649
01015
02807
06067
02162
01444
04390
06009
05271
04083
00166
02678
03656
05717
00812
05924
01878
02653
02372
04941
01972
04613
04420
01305
03735
08260
01975
00949
06150
06805
03280
03800
07404
02407
04065
03536
03802
05816
00699
00754
02376
02897
01499
02236
03544
03888
01648
06492
03576
02225
04664
04349
06642
08023
01794
03821
06413
06930
02642
01210
04698
06746
08031
06087
02669
07708
00702
05648
03394
02193
07634
01570
03193
05457
03418
00385
08150
00165
00379
07019
03725
06652
02195
01545
04606
03016
08092
03842
03980
02065
01864
04332
01742
03700
07791
04224
04331
07426
05807
05422
01839
02752
07464
04126
07283
00875
02537
05345
06352
03773
05821
00483
04905
04134
07927
07903
07888
07858
03914
06049
05228
01932
03113
00872
05288
00376
07948
00599
00655
02649
01879
01655
07703
02917
03291
02996
01632
02035
03020
03606
07819
05732
00427
05362
06401
06652
04541
05092
00735
00279
02676
05596
06855
03667
08072
05598
00381
00275
00543
05320
07327
05206
03263
05718
02275
07332
06225
05317
08236
03718
04368
03145
05500
05470
01187
05102
05836
04625
02932
02194
02145
06196
06394
06396
02440
02918
07478
07601
04733
04184
06314
07403
06266
00268
03443
06244
02855
03876
00409
00497
06030
04143
03733
08264
00773
00446
02203
03210
06307
06749
02426
03657
07560
06689
03981
05013
07840
01262
01067
04669
03908
02857
00663
07277
07874
04947
01622
02105
07991
06455
04127
04197
01802
06942
03951
00455
06995
03670
06405
04869
03361
01032
03616
07072
05177
03538
07255
03308
05961
07633
02618
03223
01726
04156
01461
07228
01595
07848
07234
01828
01218
02311
02131
03291
08136
07080
05405
06813
06793
01088
03331
00009
01114
00503
05677
07876
00445
02874
02450
02287
07550
03326
07708
04171
08067
04315
04064
00801
07541
05114
00992
02025
00226
07853
06234
06036
05097
01960
01356
03219
05973
02517
02092
01901
06451
00053
03971
04696
00982
00950
07845
02075
07208
00094
02893
00600
03063
02966
07492
01372
06601
05961
02399
03429
01294
07632
04478
02021
00097
06610
02867
03144
06206
07292
03104
06232
05331
04378
00811
02065
02909
03718
04136
07989
05886
05747
05008
06922
02925
04807
05017
02518
03815
04929
06517
08208
00341
08117
05881
05188
05355
03258
01051
05625
01144
06367
00872
07224
07727
06035
04696
03967
00718
05514
05143
07007
02289
05876
01810
05026
02563
04896
01787
03469
07210
05107
00787
05845
01309
06561
05690
01107
02871
07657
04444
05622
06006
05768
06762
06396
07510
01895
03211
07268
07861
03066
08039
01415
01468
03729
04219
07148
03483
02862
01883
00318
02570
07822
07304
03929
02048
04242
05217
06996
05322
05666
07649
04138
03697
04260
04500
03428
02668
02226
07656
00323
03297
02561
02930
06047
00367
01275
00658
02047
01991
02501
07572
06842
03379
05270
00153
00727
07535
04972
01738
01541
02095
00301
05444
05021
07902
01171
00097
08100
06182
03220
03674
04966
03700
01420
01302
01345
07415
04953
06652
00044
04821
04057
04850
01587
07414
03744
04646
00152
05506
01389
01529
06944
02258
07758
05302
05744
07491
06456
04249
06148
08067
01442
07070
04965
01752
06391
00066
07963
06619
06323
06957
05126
03054
08058
02177
04183
07879
00499
06222
02971
01857
05863
07995
02799
04420
07966
00374
05038
04777
07997
01776
03796
04544
03915
00972
03137
07979
02458
06726
01999
03748
03749
02508
01406
00382
05799
05445
00436
05009
01287
05034
07965
02624
01795
02754
06277
03657
04584
07526
05773
01476
07276
01162
04832
01004
07699
03587
06914
06451
04848
06438
07604
01421
06020
08258
07495
07449
02253
04390
01192
06072
06868
00422
04165
04163
06177
00416
00733
03307
01545
01202
03246
02556
02482
07512
05740
00363
07299
00708
05999
06986
05266
08043
08085
07746
05579
05166
04886
07799
03496
04649
04045
07221
06231
03109
07500
06626
00973
03244
06493
02212
01015
01136
07707
01753
01263
00148
05368
07974
04002
07547
06756
03674
03492
00303
00696
04044
05370
00530
00146
04584
02603
03849
07329
08263
05947
00176
04513
01932
03694
07634
00800
05684
07692
06822
02488
02831
02526
05412
02980
02296
02560
03367
00335
01224
04378
00696
07980
06482
07246
03483
04132
07696
04768
03786
03418
06766
00340
01835
07645
00631
05533
00779
03085
03114
06479
05877
04776
02633
01360
02571
07064
07650
00745
07781
01097
01720
01368
07869
04441
03801
05446
07228
01900
01050
00829
02356
03930
07475
01935
04253
02248
01061
05930
07373
02618
02266
03337
06968
03152
05361
05505
07425
02096
06967
00454
07697
05216
07878
01877
04898
04498
04792
08042
01115
05129
07492
05179
03459
05764
07545
05171
01739
01885
04700
07761
03526
00406
05305
04301
07544
04799
04165
07033
04870
07801
07180
02882
04054
01964
01558
04990
07315
01129
03872
04346
02545
07223
03064
01085
06155
05131
01361
01344
07533
05936
00722
00306
05712
01885
07298
03603
05005
02242
03027
06576
01307
04309
02204
07641
01017
04512
00399
04415
04484
07441
04843
02035
06037
02055
00579
07229
05508
00469
01662
00506
07002
07638
03284
01932
00773
00875
06134
07799
05542
07248
07965
03077
01462
02389
05811
05255
05542
00885
03943
00596
02590
04262
07280
02188
03425
04481
01674
03369
03867
04605
02545
00470
01691
03523
06962
00016
02668
03352
06736
01590
02732
06778
04448
00625
04201
00441
06998
07553
02348
07167
01524
06396
04991
03752
07828
02797
06486
02456
01203
00614
01387
02295
03532
00239
03380
01982
07492
01134
06609
00735
03744
08250
06114
07471
00224
07220
06755
07594
02784
04282
07684
00872
03212
05101
07665
06947
05637
06086
04379
02476
00219
05028
05292
00519
01178
02801
02040
01795
03038
01373
03553
02366
02263
02222
02294
03440
00517
01578
02536
01098
04569
05659
05934
03103
00221
06861
02191
04139
05603
05004
00222
07122
07406
01591
02282
07040
04516
06768
01012
04999
04424
01275
02738
07432
06504
04583
01494
01920
01619
05047
03216
07674
05218
06114
05005
01878
05464
00621
07401
01232
02849
05970
06624
01666
04068
04286
06769
03892
03201
01457
00923
01970
00742
00502
03414
01877
06764
07803
01546
01648
07390
00334
07612
04215
01942
06809
02738
00613
06978
05496
02187
07698
04263
06401
05424
05583
07996
03806
06366
05310
05522
01371
08070
04439
07363
02683
01524
05182
06222
01633
00104
05960
04038
02880
07906
08079
06326
01347
03676
03601
01481
07820
03926
06741
07878
00943
06971
01590
01544
05779
00555
01182
03961
01127
00849
07967
06709
06518
02420
06801
07850
06593
02257
05971
03338
05453
01284
03856
00989
04917
04456
04146
00178
06947
03284
04017
02201
06622
04193
03526
06611
06349
01002
06588
08105
02475
03900
01841
07878
02030
02642
03539
07441
05136
00424
05521
07660
07980
00676
00856
07640
01858
05666
02263
05781
05334
07431
01974
05384
03266
06341
00756
08244
03203
02558
00112
07111
04781
04354
07026
02063
02133
03882
02288
01566
03132
00443
07395
02178
04111
04632
02533
04434
07338
01630
05916
02517
05004
03002
00176
01860
07277
07016
02687
00004
00543
07207
02202
08086
00188
07232
06106
04885
02113
01545
05232
05438
06652
01579
02073
03965
02956
03532
06777
00995
03185
01939
06238
01624
01363
03325
06768
00805
03097
04190
07340
02692
06735
08141
04078
02503
05933
00853
07915
06570
02359
08009
03431
01188
03297
06892
07798
02698
07312
00754
00890
07268
04176
00482
00165
07513
07037
00064
00212
08165
07753
08090
02627
05890
03028
04392
00212
00989
03510
03803
02912
04287
07547
08236
02166
03696
07481
05873
03515
00995
03675
04047
03779
01572
00242
00614
05168
07735
06163
05152
01521
04319
01905
00477
02603
06871
04045
07537
05417
04952
05786
03543
07207
01428
05560
06913
04859
08047
06895
00779
07443
05741
06568
00412
04487
06528
03479
02412
05708
07367
05353
07203
05459
03304
01274
05271
07524
04759
05332
04003
00447
04329
04794
02244
00852
02013
06127
01660
04619
03220
00571
08249
06015
00820
06517
06060
05300
01711
04023
08096
05460
02426
07559
01119
06139
06766
05127
03427
05663
02770
07843
02765
04323
04219
08003
05312
00072
07765
02852
05521
07798
00968
06053
02756
01534
03380
06788
03062
01665
06293
05827
02354
06997
00726
06912
06615
05839
07532
07176
00162
07584
04944
01919
02425
00969
00931
04062
07728
05127
02766
00743
02805
00029
07938
04238
03608
04773
04684
07298
07161
01553
01187
03998
03661
02162
04912
06817
02490
02020
06115
02001
03832
07490
06620
05572
03430
06650
06536
07694
05583
00132
05411
01344
05774
00866
01658
06237
01409
03427
00022
04334
07170
07298
05328
02304
05989
07864
00420
08210
07531
07863
07678
04839
06752
07713
03552
03145
00301
02292
05478
03152
06930
01803
00299
04066
00670
03819
01689
01071
05190
07301
03305
02598
02602
01395
04789
04182
07608
04410
00438
05731
02943
07734
06774
05269
02175
05994
00035
02928
06164
05600
06470
06803
01689
03717
05344
05618
06156
05990
02023
02750
04204
05218
03592
06332
00910
03944
06357
01903
07740
01757
00974
03864
07463
06807
05622
03943
04213
02385
07768
07971
02217
01267
05067
02871
03799
02190
00440
00040
02732
04345
08210
00320
05862
05199
02381
06173
01276
01509
07572
06907
02278
01513
02984
05520
05828
05284
00030
07862
03561
03153
07512
01727
02243
08199
07578
07620
03389
06957
08212
01484
06766
06382
00880
08297
01173
04224
03382
04701
01662
05714
00939
02334
03201
02593
01447
07772
03245
01639
01127
07325
00368
02559
08112
05851
07093
06865
05386
07446
00243
05463
04632
00445
00150
01655
04485
04471
01537
07304
00068
02491
00947
07907
04761
04129
03218
01477
01265
06992
05414
02702
07376
02984
07362
03130
05694
05693
02806
04662
05331
06546
04629
06255
04848
01345
04829
04786
00948
07348
05305
01043
05999
00493
00183
03696
07167
02843
05361
04430
00604
07376
05591
04415
03098
01247
05370
05763
03259
03023
02595
07164
07230
00559
03730
06318
04544
02110
04901
07769
02865
01711
04770
01406
00671
01629
06995
00837
06684
05208
01329
01372
07606
03659
00564
06093
00588
04691
08185
04365
07159
04114
01453
07693
05762
00430
01574
03303
04956
05813
03284
05275
00537
03572
01884
06425
00644
06348
05885
01662
08008
05453
02711
07798
07937
06199
06381
01383
07882
07551
08142
01385
01470
03014
01289
03731
07664
06638
02943
04383
02580
05997
02157
04951
00639
04184
07062
06515
04690
05381
04631
03067
03148
00553
06367
04220
00922
03782
04651
04003
06669
02823
04383
01470
05391
06051
03489
00476
03107
01958
01851
01538
01663
04564
02776
00819
03364
05394
00953
08136
07129
00910
01315
05500
01831
07156
04136
08039
01609
06524
03784
08156
06000
01484
03377
03381
01396
04004
07395
07787
05459
01993
04810
05578
02463
04604
01506
08114
00026
01726
06041
05398
00628
08085
06315
05805
05286
00714
00403
02947
04014
03111
06670
01342
06804
05721
02791
07754
05260
01602
00590
05903
02473
07012
03842
06622
03478
00578
06221
00612
05468
01485
00746
08266
04937
00951
02030
06106
03628
03924
01048
01015
00597
05661
07768
01636
06980
01830
05455
02248
06086
00969
05910
05930
07793
05041
05632
02856
01834
03558
07939
03976
04532
03889
02215
01874
02330
06992
02593
07807
00125
05317
00946
01044
05674
01651
00770
07268
03825
08235
00330
02535
05960
02913
03568
04383
01509
07291
04167
03288
02865
04703
06014
06320
00746
07944
03172
02922
01113
02960
05790
05788
08262
05285
00202
00373
03269
01257
03353
03865
00057
01317
06024
02004
06052
03413
00030
08109
03987
02283
08241
00199
01188
05998
03908
07935
00958
08270
07798
07185
02556
01082
06239
06194
03751
04676
03840
00287
02013
06839
02199
07995
00895
04011
07856
06487
00555
07699
06226
08098
01755
02435
05155
08133
04427
08088
01176
07965
05849
00033
03657
06704
04844
03203
06402
05939
04018
07899
07719
06529
04440
06425
00134
02378
07684
02669
06778
07879
07109
07077
05559
02285
02900
07329
04445
03925
02262
05506
07086
08254
00783
03039
05489
01203
04781
05211
07373
03608
03297
00537
01112
00528
04084
03014
05653
07998
06854
00784
02584
01788
06210
03531
04793
08246
01374
01084
00182
01436
05557
05163
06443
00170
02838
03615
03865
02221
00783
00434
06303
03506
05264
06867
05806
03064
05639
01987
01576
04623
00957
03091
06976
02680
01122
01359
07844
06421
02890
08265
05015
01661
04900
05690
06897
01049
01293
06958
02310
06326
00674
01383
04528
03563
06594
06943
08127
01248
00483
01132
05247
06841
00564
01974
07279
02688
01857
02799
06796
01250
02987
03067
03532
02092
05002
03302
05270
05703
02061
07023
07572
03043
01346
02620
08265
08092
05639
07283
00165
03164
02733
05932
08254
03592
07199
01141
00248
04398
05915
02397
02969
01012
07825
06554
02264
07723
07949
02804
01401
05660
08100
01230
01970
03171
03903
00943
05284
07542
03772
06582
05480
03605
03453
04969
07445
03416
00387
01865
03688
03826
02440
06743
05728
01145
02629
04734
06560
00939
02628
07568
05710
04704
05178
05715
01445
08003
00164
01733
00815
01207
05688
04609
00733
02010
07763
04029
07269
03061
05019
02097
04867
05359
06335
06157
00216
03468
01079
08160
03047
04115
03618
01317
03997
05067
06841
05982
03877
08239
05979
06657
04521
03045
05088
05483
02620
00677
06711
04993
05005
01439
07407
05429
00668
05774
01110
06969
02245
03169
01105
03035
02522
00225
04460
02960
05990
04253
05412
01420
06001
00010
03762
01861
02258
06934
02767
01004
07225
02595
08149
07457
05168
04602
01204
03445
00704
00899
07751
00641
00371
04408
06550
02599
04169
07537
06539
06586
02342
05275
07068
00808
04166
02681
00767
04739
03914
00184
07565
03444
07407
08178
02120
07952
01972
01367
03734
01118
00687
01592
07255
00794
08006
06198
05271
02604
05116
01260
02585
01041
04363
04067
05659
03035
02811
05479
05128
04556
00569
05910
07359
08084
01691
03314
01602
03795
05037
04152
05763
05783
05021
06732
05787
07260
03222
04317
02302
07379
04762
06109
02599
05965
01771
05910
01373
05015
00001
05188
07978
07164
04527
06395
02884
00943
05228
01382
00145
01822
00965
02370
00094
02824
05573
04377
00769
05587
03744
07274
02666
02239
04140
04653
07853
00036
02161
04696
05157
02870
05832
06378
02057
00982
02197
01969
03556
07921
04731
05431
08151
02081
01438
06937
06456
01074
02879
01619
01586
04754
05738
03413
00952
07812
02565
05000
07435
05248
04841
05282
05255
02192
03180
05290
03365
03947
04678
00911
05392
00250
05268
07460
01758
06272
07290
06074
04459
01040
05153
07159
06542
05194
06486
04434
00527
03491
03150
02993
01356
04054
00563
02150
05264
06983
01440
02422
02422
03292
01134
06044
02348
00315
05938
04190
02183
05174
03783
03927
03186
04926
05337
05345
02236
08047
06291
02089
00528
07747
01275
00624
01930
05498
01432
00153
04427
08133
05693
06558
04592
02702
04597
05550
07683
07811
07803
04420
04047
06921
02892
05197
00226
01297
01863
04668
03714
06789
05993
00787
02930
02172
04551
02710
04868
03059
00638
00368
01164
00357
05922
02350
03274
05076
06839
07992
06625
03538
08284
07847
03196
00487
01849
06877
05174
07627
07016
02268
05851
06252
06608
02602
03489
06350
03808
05903
04293
04531
01859
03377
05744
07732
05908
06940
04442
01789
01532
03354
03822
05933
05196
02638
03062
03544
04802
01381
00855
03998
04924
07554
03942
02643
03561
04571
05286
02486
01975
03686
02882
05164
03882
01062
08022
04392
03507
00095
08186
03948
08029
06012
01843
05023
02829
00110
03055
03278
01468
05163
03224
01390
07327
06730
06013
01023
02667
05231
04308
02563
07071
03583
00524
08203
06103
05185
05891
02027
05075
02981
05388
00442
04973
07617
06804
00688
02264
04658
04714
06711
02113
06405
07425
05637
00368
03039
07178
05844
02533
05576
00412
01233
02598
08284
00485
03272
07730
03868
05646
05872
07123
02282
03086
05751
06135
06391
00008
07376
01540
05451
03179
00600
03123
04601
02355
03069
05764
05462
06538
01414
00729
05948
04465
01057
06796
01178
04418
03722
07743
05161
05591
07724
02811
08131
03849
01102
04333
00393
01603
06684
06206
00709
03209
04741
01853
03669
01657
07549
07339
03590
00709
06284
00070
02105
02703
00438
07699
05232
08019
04102
02075
00966
04135
02130
06985
00128
03277
00357
08018
01371
01909
00199
00182
05267
04170
07926
07963
03895
01120
02686
01496
04384
05048
07396
02956
04649
04051
04616
05393
03399
00864
00868
00916
01449
06966
00114
05687
04156
04642
06966
03799
05045
00355
07941
00187
05965
07548
00086
03685
05758
06587
04806
03604
07323
00956
03108
00048
07074
07421
04379
04543
07582
02369
06656
02000
05904
00366
07728
05962
01707
07392
05622
04342
04599
03385
02327
04842
07717
05520
01523
01176
05793
01342
05003
02755
07988
02944
07476
03324
00058
04695
07268
04704
05727
00310
00778
05882
01598
06110
00625
03849
02950
02979
03436
03341
03873
06986
03780
03439
03252
06887
05467
07554
02838
01114
07297
00464
06434
00199
06726
00298
05059
02791
00778
01265
00374
00418
02061
07578
01938
04651
05564
02865
00341
06431
04698
01023
07363
02826
03968
01869
01108
00283
01990
02769
05608
07806
01194
03528
02246
02573
01716
01401
00975
05441
08045
00026
05580
04699
07735
03037
00702
04539
05657
06762
03987
01176
01706
03880
07906
02210
07927
01081
00677
07841
07054
00708
07650
01555
07992
07754
01928
03593
01095
00477
03664
08020
04358
07438
06260
07755
07373
06421
01041
04017
07120
06687
00569
02357
01557
01376
03488
02657
04922
02755
02358
01677
04125
05675
06394
03544
04630
06535
06687
04117
02611
03298
07596
00388
07384
03554
06195
06604
02230
06020
03063
04030
04966
08017
00798
02976
07883
00879
02690
03991
07384
06486
03256
06646
00605
03826
07427
04862
00509
04627
01487
04067
06848
02888
02642
07170
02319
06077
04749
02840
01285
05664
04564
07729
06334
01788
00875
02547
05844
07381
07688
06537
02997
02503
07106
02050
06379
06409
03197
08120
02175
05206
02469
05773
03530
06272
04406
04757
00259
00421
07425
01188
06329
08051
05612
06999
05824
01203
01551
02595
03439
02083
05258
06014
06549
04177
00629
03320
08214
03717
05612
07798
07986
06163
02761
00477
06092
07273
00491
07797
07957
03372
02355
00656
04959
04588
07414
06543
04389
05891
07087
01664
00113
07620
08281
07255
02045
03890
01204
04519
01589
04796
02504
01360
03561
00359
04330
07444
00723
03194
02863
07003
03024
00310
06596
06972
03911
08255
06992
07821
04620
05580
06610
07214
02622
00739
06399
02175
07720
00124
07848
04001
00511
02964
02705
04740
06333
00201
04816
07962
02527
07353
08097
02750
03876
07485
04160
05688
04409
04465
04497
07162
00553
05341
01517
05537
02654
06702
07673
03043
06167
05259
04644
07828
04425
04948
02467
01763
02485
03814
02745
04623
00247
05385
04365
05947
06797
07834
01386
05104
01004
05536
03313
03269
00457
03727
07480
05397
02720
05409
06744
02770
08180
01608
00529
06441
02955
07204
00002
02575
07181
07410
03750
06939
00069
06755
02259
01389
07176
05844
07251
05399
02909
04070
08220
02055
03390
02790
03145
00206
08070
00886
03746
00816
05105
03151
05331
03788
03136
04176
07830
02547
00081
01504
06193
04662
00735
00553
06211
02129
02296
01961
01994
07663
07900
02514
00494
05967
01962
04697
02343
02160
04754
07650
04817
05162
02833
05400
01165
05365
03942
04097
02323
04668
02006
05541
00370
06775
08134
03225
01453
02702
07886
05818
00448
04202
05249
05508
00356
00893
01981
05773
06828
04722
02309
03730
01167
01551
06433
00470
07283
06908
00079
05793
06377
05041
01987
02605
03192
01288
05598
05305
02797
04248
03144
01715
06100
01462
05424
03172
07256
01758
04925
02537
07332
07762
01718
02281
03694
05947
01668
06042
00690
07889
08288
03922
07916
07403
06852
04092
07876
06351
08190
00023
06283
05900
06736
01695
02515
00833
07768
03430
03623
05149
05804
02714
06761
03478
07375
07875
06104
00003
01582
07355
01382
04292
00681
02487
04736
06544
02574
06421
01290
01690
02280
02466
02395
00401
07065
01591
07520
01756
04510
06235
01437
07931
03629
01212
01392
02604
02294
07120
03327
01051
02203
06159
00282
01405
06953
07236
00121
03511
02427
03512
05216
06179
04818
02470
05825
04915
06160
01018
01020
04216
04238
04193
04374
00295
03385
06839
06363
02526
02292
00392
06349
07561
00288
00803
00995
00615
08198
02957
00300
07814
06161
05991
01673
06063
01117
05408
08225
02751
00840
07325
06370
01583
00908
06082
01458
00401
04706
03310
00174
04741
07017
04020
02928
01912
04696
03114
03348
06224
00594
07486
06439
07037
00208
00708
07647
03918
05340
00662
04095
02769
03297
04396
02367
06058
03819
04265
03302
02334
06702
02242
03764
07681
03780
02026
05523
04929
01907
05522
00650
03990
00605
03472
04955
03184
05718
01003
00438
06024
04533
08194
06815
04176
07259
07527
06911
04844
05077
06246
03212
02625
00996
05534
04674
06110
02810
05900
05869
05398
04705
02584
02492
05231
00729
04446
03925
03848
03157
02322
07511
02977
07502
03243
05769
01536
00858
03921
08133
00487
00220
03341
01505
04731
05057
00632
05959
02120
08095
03317
06968
04975
00179
00987
07135
08061
03829
00415
03423
00633
06584
04671
00170
00877
08172
03885
02394
04325
02051
07182
07085
04826
01668
00711
07006
00963
07536
07281
04200
02063
02039
01045
02199
07482
03016
03208
02194
02313
05756
02045
07938
05525
01660
08098
07074
05264
08023
08048
06436
04644
05169
06484
01964
02928
01723
03630
03661
02302
05709
08276
02224
03206
01282
01076
01174
07170
00320
04307
02446
08051
06759
07620
07927
07874
03416
04329
08191
08097
06562
05860
01728
02741
00581
02561
07430
03443
00051
06520
08028
01642
04980
03619
05496
06819
07863
06303
01204
02076
02984
04124
08034
05839
05886
01942
04952
03896
02900
04554
05579
05950
04111
05946
06483
03322
07350
05038
06406
06605
05382
03352
01073
02030
00822
03011
07199
03369
05644
04432
05003
07370
03667
06958
04819
02981
05056
00504
02947
06650
07176
03773
01615
01129
06572
03748
01735
04038
02184
01890
05897
03340
04854
01318
01658
02467
05526
04927
04518
03523
06003
01577
01858
05520
00841
02945
04352
06348
06446
05375
04326
03544
00137
02915
02653
06848
05790
06060
04617
06306
02483
05682
06918
06702
04907
07338
04521
01184
02568
06324
05125
05042
01713
00377
02585
07088
03386
04579
00738
07690
03193
01818
03411
02207
00449
04988
04569
08153
05156
04869
03746
07248
05687
05290
02990
07020
06631
00472
04116
04510
00609
00954
04495
06478
03289
02644
05008
02601
02407
07326
07109
07066
03394
01953
01804
06530
05103
01856
05490
07149
06724
02135
01700
06924
07773
02193
03416
01382
03348
00413
04925
02155
07055
05784
05248
07828
03644
05334
05167
00380
06347
03379
03204
00979
05184
04648
05487
08146
03420
06722
07721
02844
06840
03746
06149
05977
01288
03820
07653
03156
04975
07191
02942
01670
04185
02340
07821
06678
05595
06455
04446
01227
01322
03509
02303
06623
00826
01191
00855
06414
04198
05815
04333
05738
02837
01783
04319
00479
03241
00095
06228
03878
00104
03768
03178
01892
00004
05995
07190
06208
02820
02791
05337
05758
08205
04657
04363
00764
03303
06354
05283
01838
07300
04823
07527
06411
03723
01164
06080
08174
05687
05693
05938
04455
03207
03127
07828
07968
07478
07940
05450
03852
01047
04855
03376
05356
00035
06371
03616
06679
01080
00926
04333
02403
05226
01065
00283
02491
07905
06179
00454
03648
04458
02755
08154
07293
06871
01560
08282
03975
07697
05101
02526
05885
06266
05934
07451
06797
03956
06934
05109
06932
05781
00997
04976
04093
03084
03390
06243
02254
00009
04115
03379
06618
00138
06145
03865
04039
03061
01108
04115
00320
07920
00322
06261
07591
03863
06340
00450
07790
00356
05587
04159
08231
00621
04765
00615
06962
03647
00689
00902
05871
00493
00072
01286
03454
04999
06786
01803
07000
06741
03073
03802
04023
07336
00217
01519
00113
07419
00557
01721
04674
06532
02545
03169
05824
06410
08237
02584
06152
02258
03795
04138
06052
02070
07378
06558
01699
02814
01071
01122
00981
02399
07573
07897
06945
01375
00872
04818
06509
04858
04501
03221
02097
04331
04358
03932
07915
00010
04589
08078
03867
02406
02292
01743
04803
04692
03917
03273
04330
05926
00464
04969
04179
06866
05782
00835
04285
07416
02167
05783
06661
05183
03425
08228
05052
05041
01152
04095
01624
06962
04898
01369
03082
03174
03260
03526
01805
06758
05038
00794
02842
02580
02424
03742
02720
04232
04630
07704
06131
07559
03412
07977
05834
03964
05071
01599
03578
07806
02295
06847
04622
05821
01522
06901
03353
06097
02794
05099
05443
04857
00755
01041
06015
04262
05408
06794
07841
01331
03192
00936
04832
03101
02181
07597
08185
04623
07445
05482
07236
03735
05961
04827
07255
07161
07439
03630
07284
00438
03739
06017
00859
04297
01994
06709
05014
03434
06072
02328
05070
00596
08068
07027
01816
08189
07678
05406
02116
08029
05178
01430
05845
05831
05728
04172
00837
01380
00504
04928
03441
03322
01410
03533
06822
06986
00670
03280
06607
07127
03571
07480
00139
04198
02479
02309
05574
02275
07501
06330
00248
04074
06078
02609
04138
00623
06296
06941
05349
06983
07545
00235
05433
03355
06476
03214
05100
02560
04603
03349
01964
02806
03926
06111
06704
02203
03131
02466
00314
01071
06768
01477
07724
07745
00773
01972
07829
08109
06562
08023
05984
04014
03346
06443
07102
07384
03133
03160
00901
00234
05393
01372
06859
01862
08092
00417
00512
07605
03402
08006
00464
03302
04563
04488
02626
02631
06415
05132
00857
06315
01866
07514
01520
01157
00267
02400
06943
00294
01276
04145
05372
01789
02509
06829
00208
07071
05375
07597
01493
02193
06807
06897
07933
08175
01243
05654
04689
03869
03617
01811
07084
05156
03908
05633
07326
05855
06824
00314
06729
08207
00078
03662
02035
03701
02089
04148
02930
07381
03116
07368
02073
01979
02870
04199
00649
06990
07940
03012
04209
07636
08065
00887
01570
00757
06143
05824
06202
01329
07142
00025
05683
07309
05319
04334
05793
06806
05563
06389
04097
05569
02878
05301
05562
01510
00335
06236
03683
03212
06202
02010
06673
06283
01669
03750
05911
05641
04820
05668
02996
02423
07052
05477
02302
02475
04647
08230
00245
08084
06934
03496
03254
05566
02575
07777
00042
05312
03278
06360
01007
07684
00372
01351
02215
03676
05672
04786
08240
07912
00458
06545
01156
02149
00709
06554
08076
02330
07413
00401
01284
05250
04782
05821
08176
07756
06480
04611
03854
02083
03064
02475
06045
04714
02751
03500
00485
06649
05754
00349
00896
07318
07690
03566
02321
04354
03607
06516
00448
06413
00937
00817
05275
02085
04823
04848
06948
06703
01320
02884
04335
03900
04751
06090
05554
00950
03846
06084
01424
06604
03007
06497
01720
05204
00264
07583
07829
06952
06858
06752
07388
03208
03037
06170
07180
00157
04990
04541
03125
04140
05885
04312
07371
01762
01185
00379
01930
00853
00411
07391
04032
04625
06684
01209
00351
03937
07524
00942
04022
02853
07432
04432
03688
06947
07339
00345
02372
01094
05529
04604
01323
08290
05236
06650
07387
02995
00653
06231
07072
03094
00016
01319
00581
02858
04427
02632
04098
02481
04197
06540
07578
07174
07206
04073
07044
05423
08011
03885
07327
02291
06902
03053
05843
06953
07984
00710
02246
01593
00715
05750
08160
04285
00161
04017
02799
03161
07834
03156
02528
01948
01208
07644
01319
03050
05969
03020
02697
04422
08075
01239
00121
03169
03024
01005
02412
00114
04003
06245
00766
05021
07555
06437
01187
05775
02779
02840
02434
08263
07584
07560
05973
06287
07016
07915
07014
03511
04984
05415
07751
07319
08029
06095
03306
06628
01287
02378
03019
00024
03966
04095
02966
04019
01502
06342
04700
05895
02262
03381
04786
04532
04153
07727
00994
07545
03350
05828
06155
00775
03511
00539
06304
00735
02461
06508
00561
04388
04979
07517
06959
00267
04728
07307
04617
05395
06422
06587
01463
08097
01593
07627
05171
03328
07457
06615
06670
02494
01486
02404
04758
05199
07394
07117
01886
00876
08033
03346
01020
07077
06636
07758
01836
07867
02566
04125
07481
07828
05437
08102
00673
01721
00242
06688
05908
01102
02413
02671
06858
06147
06279
07346
07271
04847
04193
03507
03569
04569
06627
05999
00490
01110
02398
02594
03011
06657
07980
06246
06052
00167
02006
06188
01173
06940
04374
03488
00387
03860
01643
03887
05653
00055
06411
03032
08238
06910
01697
00083
05892
01222
03131
04692
06594
01128
08242
06459
01963
07580
00193
00126
02884
02336
02285
03506
04308
07821
07828
02764
06454
02556
03485
07343
01831
02002
01163
05750
08011
00262
07068
05535
04591
06956
07947
05963
05337
01551
04151
04931
01645
05104
05706
07336
00919
02975
01254
03523
08001
01636
01430
04091
08282
00038
06206
04603
03749
01560
03114
02309
06986
07901
02220
02317
01599
00686
07856
06008
06672
00807
00145
07940
02248
02962
03367
03953
07802
07603
07069
04286
01933
01177
06909
02974
06416
03260
02222
03159
05222
02958
08182
02489
05774
00672
02936
07163
00079
07892
04493
01274
05077
06923
02576
02347
01528
06113
02288
07092
02113
06906
02031
07869
01538
05177
03836
05529
07978
07920
00101
00287
07899
08007
02211
05353
01509
02238
04808
00407
04076
01826
05948
02582
03805
00096
03436
02289
00622
06581
02616
05894
00104
07250
00126
05234
07903
03475
05656
00167
01825
06987
07207
05395
05871
05987
01063
06701
06933
06285
05632
05259
06433
03717
04490
02727
05952
01374
02733
06172
00273
00402
07171
06830
03127
05472
00196
00671
07229
01352
04101
00976
07665
02973
02397
05979
02447
03191
01724
07162
04755
00715
04153
03189
00447
00412
07531
01446
08070
05757
04332
03666
04570
01469
05979
00681
04565
08287
01968
03851
04863
02646
05598
06853
07749
07106
03917
06971
01477
02330
00638
07592
03267
02521
03085
00780
03932
01659
03134
04227
02610
05569
02856
01754
04524
08257
03866
01579
07992
07797
00210
02093
06074
03995
01964
07178
04351
00758
03365
07159
00672
03996
06559
05870
01318
01207
03578
04864
05915
06631
04432
05796
01526
02493
01904
04963
02863
03170
02344
06458
08251
04372
01263
02379
06500
07466
05919
03094
01310
04252
02136
04979
00205
00493
03405
00377
00970
06196
02691
01752
02445
02687
04184
05812
07829
03242
08246
05355
02824
04873
03439
04453
05389
06773
00833
02504
05052
00292
00774
00382
01953
03793
05990
01243
03758
06810
00208
08188
01963
07318
01936
00678
04340
06687
07239
07961
02022
02124
06766
00624
04450
00057
06773
03518
01395
04696
00018
06076
02335
05320
00210
02341
07554
02877
04399
06087
05431
02474
04402
07455
06883
00291
00725
00853
00744
03727
07597
02727
01247
06351
01174
03856
06394
07182
02194
07905
03370
06572
00696
00863
01660
05750
06883
05200
06247
01751
01828
08144
05291
01345
00953
05180
08125
00244
00122
03617
02004
04888
01874
07767
05518
06242
03539
02926
06671
02044
01695
07091
06980
02774
04189
05628
07144
05982
00640
04102
03990
06281
07131
00000
05778
06383
04245
00485
04441
02520
08104
07314
06436
01901
03201
01905
05120
04519
00294
07122
00870
05240
04736
03320
07994
02118
06392
06629
07046
03729
03886
01116
05737
07365
00190
06124
04549
03321
05135
00098
03802
06217
08093
06512
05153
07126
02243
04260
04365
01056
03622
02924
04970
02541
04629
02315
07924
01568
06489
02837
02982
02653
06033
06213
02941
07876
06564
01076
06399
02538
03083
06052
02782
02869
00431
05387
08110
00008
03851
01229
06149
08050
00107
07063
07451
01007
03025
02873
04734
03332
00065
06720
08033
04693
05088
07826
04838
01786
08281
04737
07988
06415
05641
03014
06571
03977
06865
03511
02587
06873
01026
01239
00308
06564
00857
00065
05878
07546
05853
04697
05583
01129
05414
06114
00178
02662
06420
02523
01604
01062
04401
01421
04165
05766
04360
00841
00114
04245
02859
04356
06833
06483
00624
01238
00542
00896
03472
03101
05214
03119
04473
07571
06525
02781
00062
05395
02078
06866
00077
03567
01226
07213
06052
02814
04558
02617
04837
04580
05411
05045
00045
04754
06339
07650
01709
00984
02895
02492
06949
07151
00259
07153
04680
06649
02535
05366
02392
02843
08028
02080
02930
07738
02026
05951
00659
01186
08137
05468
03740
04732
03406
04780
05936
03545
01378
04672
02264
03254
02111
06309
05078
05239
05086
03293
05715
07988
06248
02184
01368
04294
04060
00652
02912
07185
04683
04592
06073
07326
03644
05113
05892
01853
00651
07723
04758
04773
04325
04743
07593
00747
03489
04623
00845
01473
05471
03393
02721
01487
05482
03901
06218
00153
01219
03851
01526
01792
07444
01780
04109
05671
02431
02450
05194
04134
03314
01010
03429
03846
07397
06355
00934
02472
01823
01073
03585
06457
02092
00019
08131
04359
04407
02455
07330
03842
04280
08268
02474
08038
02871
00954
06245
01688
07629
05254
03833
07764
02911
05941
00308
01696
06561
02394
06549
04580
04119
03812
01374
01711
00875
00850
02681
00891
04016
08016
02037
01298
02200
03975
03974
07503
04534
06196
03992
02056
03658
04261
05902
00314
00670
00359
02491
01651
04917
07434
07894
06461
04570
02032
06220
06411
02544
04903
04951
05057
07133
01277
05805
04409
02158
01388
05870
01780
01814
01192
04911
04353
03047
00216
05537
06016
03126
05882
05874
02368
08122
01050
07311
07503
03561
05605
06319
05237
06978
05585
05396
03065
03962
03581
02308
00407
01322
06368
03331
06777
04263
03898
01336
03537
02415
00406
00774
02903
07813
03192
01625
05665
03547
04998
07434
06371
01298
01451
02944
03945
05461
02468
01297
00660
00295
01755
05413
04453
03217
02654
02621
02013
02993
05480
00097
07442
04323
04303
01424
07847
08213
05398
00505
04075
07948
01471
02596
05324
04806
05713
00665
03140
00314
04680
04853
08189
00600
00082
01196
05649
03750
04518
07372
05689
05284
07068
01796
03167
00350
03199
04064
07807
05411
01711
03113
00146
01538
08092
04868
00971
00233
07765
00976
00672
01344
03025
03049
07449
00317
00691
00617
03684
07010
00301
03035
02120
06344
01423
07131
05159
08212
05171
04305
01132
06564
07121
03828
04199
01485
04309
01127
05716
05926
01465
07848
04550
06672
08172
05353
06196
07986
04426
06929
03287
01412
00873
02883
04003
05105
01857
08241
06924
06734
00346
07112
02273
06422
00246
04812
08256
06727
06730
00592
04578
05055
01817
02229
06058
06409
07012
02189
05009
00874
07042
02698
07752
06613
02880
06667
00749
00687
07254
04071
04853
07099
05568
01465
04131
01450
01143
01077
02563
00735
02140
04585
01314
03519
04255
03432
06397
01139
02194
04708
04545
04007
05825
08006
03236
07584
08114
08260
07443
07997
06305
02275
08182
03596
03094
06255
06438
08128
02580
07053
01726
06914
04810
01364
00159
08149
06285
00863
03281
00243
03529
02122
07887
01579
02029
00556
01480
07741
06961
03726
01633
03697
01095
04395
07643
05564
07223
06839
01517
03932
00264
03425
06807
01002
07212
00141
01669
04191
04716
04340
05155
05852
01965
07125
04431
04471
05951
00024
06642
02184
07675
01092
00477
00457
04004
00457
00152
04667
00819
05077
07468
03537
01801
00914
01428
03630
01951
06422
01341
04735
04940
06997
07632
06071
04846
06047
07727
00956
04370
04510
06616
06363
00292
04648
01086
06811
02396
06207
00872
06770
07310
07056
02140
03885
00537
00935
06571
03711
07262
01045
01823
06374
06549
01140
03574
05139
01164
02637
06932
04644
06328
07722
05153
01319
05098
07975
04114
03629
06291
03124
03165
00648
05913
03838
04124
02083
04605
04795
06410
03648
05025
06194
02502
00964
07546
05280
05211
06020
08228
07066
08209
04248
07759
03081
02508
03034
06711
05788
00153
02368
04964
02052
07902
06646
03219
02300
04993
01142
04188
03021
06279
03266
05836
02182
03191
00750
04265
03014
02305
02515
04301
07143
02543
07052
01768
07933
03075
06847
06906
03173
03916
03744
06784
08107
07707
04571
03588
00473
05295
04547
02032
05918
00904
06468
05472
06653
02541
05665
07104
00736
05546
00763
01012
04216
03145
03568
01327
02512
03216
03403
02291
05162
04683
06989
04575
07090
01584
00139
01593
05923
02397
05695
01799
03971
04103
07359
05776
06327
01249
05628
04192
07764
01596
07513
04000
07136
05240
01003
05240
03941
04581
06761
08051
01449
03273
00271
06105
04828
05969
02095
01041
06426
01612
02892
06346
02173
03083
08149
03908
06639
08039
01466
06512
06760
00657
06028
01905
04152
00103
08091
