01865
08056
07765
05454
05177
00321
00831
03712
00516
04643
00311
00115
00788
01467
06504
01483
00819
03180
00640
06585
02625
07791
03833
01846
00960
07964
02983
04019
01152
07422
03979
00349
02228
06165
08139
05542
03303
03149
07755
04494
06020
07116
00340
06713
02634
03001
03679
04249
05840
05776
04375
08164
03034
06282
05520
03865
02232
08113
00152
07940
03224
06120
07632
01049
06631
07665
02374
08013
04081
01129
04251
07696
01402
06654
05972
02854
04584
07240
00415
05565
07008
05557
02468
01432
02081
06847
01621
02138
00240
02192
06364
06287
08129
03654
03591
05652
04295
04233
02762
08175
01401
05672
06194
02009
01674
05180
01193
05143
04778
03589
07995
00320
03990
07968
00764
07369
04440
03034
02748
02004
04068
02630
05568
05191
03593
07370
07957
07209
01096
05328
05931
00535
02893
01920
03957
05829
04471
05387
03289
04960
01549
04146
07496
03455
07678
00252
07579
07882
07757
04039
00239
01139
07080
01830
06671
04602
06211
04753
06317
02276
06398
06619
07085
07691
05680
03300
03478
07032
02141
08062
00870
04405
02307
04708
00641
04767
03542
01822
00413
05281
04443
03154
03581
07660
07943
03381
06431
05490
03732
05519
03636
07762
02868
07749
00404
00493
02965
01791
07988
06335
04754
01601
02349
05289
05034
07776
02610
05028
05072
02522
06406
02256
00438
02367
02559
06514
02062
07031
05875
01387
01654
00697
00197
05861
04903
00515
05540
05746
01906
03535
02905
07445
05360
04194
01098
07569
06717
02008
06488
03224
01568
00971
04417
01795
00698
03883
06939
06425
03960
07887
07478
04459
07094
07817
01205
02572
03658
04320
00321
02701
04635
01151
04393
06238
03348
05939
03873
05905
04920
07809
00374
03609
04243
04606
00324
03456
01379
06544
04732
06429
07274
00617
06430
02572
00121
04389
03711
04024
04794
00305
06646
05004
06738
02699
04496
02575
04889
00544
02590
07965
01696
05544
03273
06674
05109
06782
05914
05209
06158
04035
04127
01963
06448
06091
01597
04228
02274
06927
00775
08007
08195
07049
06745
07297
08101
05551
04531
02955
05628
05110
01173
03721
04703
05735
06044
07631
05466
05543
06510
03699
00045
06441
04271
00750
07285
04606
06721
00133
07493
07517
03969
05556
00417
03693
06476
02497
06326
00254
06550
02742
05825
05472
00082
03616
08155
08052
04947
01365
00253
05607
00301
04186
06782
04116
02553
02370
00806
04328
05484
00323
08166
04681
07259
05939
08047
04896
02780
03104
02539
03366
02860
02300
03611
06507
05185
05199
01694
05921
01739
05151
01235
04591
05892
06338
07396
06170
02496
08156
03871
06045
03139
04348
06618
02497
06118
08144
05921
03703
01838
08129
02063
01362
07689
04730
00231
05931
02493
06058
06254
00884
00007
07881
01688
07573
06245
03806
07915
04885
06897
02943
01579
02680
07666
03938
04835
03543
07248
06024
01061
06790
00820
04834
06966
05518
06922
02419
07993
01315
02356
04677
02574
05168
02908
00615
02503
03349
02325
00660
03103
02411
01334
08167
05671
06350
04997
00730
02207
04961
03300
03494
06301
05288
06003
02157
01469
07638
01250
02611
00477
00543
04400
02507
03499
04816
05109
07454
02309
01811
07216
04702
05317
06462
00806
00208
06479
07658
01096
07304
06344
02690
01767
08031
01062
03130
04215
04679
00918
01630
06349
00767
06934
08092
03246
00089
00527
03266
02518
02953
05974
02265
06426
06889
02159
04252
00650
06679
08094
07625
00742
07896
06804
00877
04532
07573
01155
01455
05508
05955
05511
02282
07056
07298
05432
04494
03114
04651
00831
02953
04420
06180
05333
04454
00159
03232
07971
03815
06992
00319
02177
06479
05989
02885
04959
02800
02624
01582
07065
03667
02253
00287
03234
02807
01830
05704
07337
02072
07593
01013
04120
07904
08050
08020
04943
07884
03522
04857
03116
00261
00172
07716
04492
05623
00536
02716
02659
06958
05694
03205
05940
05243
01520
05685
02573
05407
03268
00981
04090
07775
06029
07747
02317
07405
02229
03355
05695
06711
03681
02398
03998
07384
00249
05411
05466
07445
00938
07177
03997
03155
00586
05375
01695
04163
04615
04786
05819
00879
07941
01462
00786
06910
06786
00320
03154
07315
05176
06160
00674
05764
04102
06684
04477
01894
08083
00047
01944
01686
07600
01776
00466
04466
08185
04143
04527
06382
00464
05634
05985
00739
04293
02806
02235
01594
01574
07625
04811
05534
00199
01356
04732
07487
01127
02782
07021
00650
03415
04572
02418
00877
06239
05068
08157
01313
01710
00289
01384
06817
00461
04017
02209
06063
03177
05857
07914
06550
03260
03746
06772
06954
03951
06685
01977
03627
06646
06970
01099
07480
00936
07846
02715
06991
00313
05987
02265
04731
01181
00745
04765
02247
03100
04154
05977
02231
05965
07947
02483
01207
02448
05919
06602
03034
07963
05758
02852
05516
03096
04258
06713
02779
07578
06322
02864
00520
03723
03367
06140
07628
02691
04475
00459
04357
04167
06546
06387
01072
05571
01433
02313
07264
03733
06667
04192
01116
03544
03403
00682
07327
04009
01155
01621
01569
05010
00451
06693
00155
05033
07229
05866
02440
05924
06604
04366
00631
00283
07029
00029
04340
00913
01006
03289
01598
03233
05548
06321
06067
05009
03440
07046
02272
05893
02033
07994
02621
01419
01909
07245
01405
00607
06944
05061
00843
03619
07504
05961
07647
05196
06031
00394
04392
03251
02407
07175
01788
02742
04196
03827
04507
04587
02170
00965
01482
00560
00280
01284
08091
03962
03500
06189
04257
03377
03686
05659
07337
07748
01169
02393
00476
04070
04443
07358
04553
06780
00654
02550
03383
00049
04663
00313
03872
05585
04732
06131
05378
03822
07843
03095
03927
05170
00869
04704
07932
03658
05633
07942
07198
04851
05469
01217
06200
00492
01487
05414
06985
04416
03225
07923
05731
01502
07931
07352
02310
07735
03859
04043
00275
03203
07327
00384
00525
02752
01499
07852
00377
06064
03414
00116
04670
01389
08135
03071
03879
05548
01757
01892
01838
06764
04355
05841
00267
02521
05467
05106
01105
05218
02033
05938
03826
08115
06024
05625
05473
02599
07634
06563
03005
06157
02633
04040
05789
00294
05859
04229
05014
04841
01690
01702
07890
03787
05537
04790
06339
06798
07874
04749
03293
04501
04220
03668
06546
04689
06354
04776
05279
01907
06951
01825
01531
04263
01749
07990
06375
06049
06294
05751
06049
04918
05721
03615
01763
01402
05342
04395
03920
03177
00973
02507
05599
01548
06847
07629
03176
06939
04424
03176
00147
04689
04829
06491
07888
04096
04504
02730
04600
04002
00146
03570
04547
04337
05472
02755
03179
06947
06734
06415
01982
05798
06615
02690
07313
01420
02479
02600
02135
04355
03408
04341
00585
00996
02880
07261
00047
05517
00252
03025
02309
01021
06902
07698
02176
03148
05017
00286
05712
07549
08061
00764
03768
04801
03302
00013
06360
05416
03271
07009
05900
01758
03804
00603
07357
01097
02653
02707
07269
00562
07542
04350
00192
03479
06571
03451
01694
02612
05089
02908
06204
08074
07440
03495
01138
00797
04820
02176
08176
01677
02227
00926
00234
04769
00289
05271
02467
00554
02750
01480
05613
06620
03594
02940
02190
07380
02455
01224
00974
02333
04644
07001
04725
04582
05170
04219
03138
03168
06878
07672
05405
03270
06543
00521
02494
01174
00570
06451
07543
02310
00641
06329
03980
06564
03131
02305
03507
03711
04813
01638
03582
08132
04445
01282
04782
03005
01079
02366
01409
01460
03632
05375
07284
03640
06688
01262
08068
00690
07781
05453
03597
02479
04266
05473
01886
05961
02614
03112
00164
06188
04081
00048
01818
04522
07490
03290
00490
06148
04259
02089
06718
03102
01334
07267
04999
02086
01177
08131
04111
07049
00260
07576
06345
00329
07339
01037
02502
05446
02063
02094
00587
08136
04399
00700
00869
07646
07093
07805
07039
02839
02891
01715
07978
07307
01443
04543
07259
08108
02190
02194
02363
05438
01996
01144
00840
00688
05202
01785
04016
02023
07098
03029
07517
02750
07732
02619
05212
02851
00539
05999
04312
01256
07930
03342
04436
02253
07492
08103
01549
00991
04627
00391
01893
01167
02841
01681
07060
07745
05122
05760
03201
05975
06059
03938
01943
04250
07051
05396
07162
01669
00623
00540
05801
00878
07716
02607
07501
05057
07573
06287
06119
05578
01605
04504
05801
03983
00134
06423
00738
07144
07440
00535
01917
06756
07301
00458
08027
05305
08017
03089
07364
03951
03071
03312
03781
06538
06678
00689
05044
08171
07242
00819
02567
06466
04391
00271
02674
02105
06969
01670
08175
05104
03703
02562
01207
01640
06461
00280
02255
05062
06416
02143
02598
05599
01037
04472
04946
05706
05699
06705
08091
05455
07263
07168
04231
07066
02189
01528
04068
00835
07596
05531
02981
02525
01019
05485
00388
06152
07751
04568
01941
02150
00254
06913
01411
05751
00590
06118
01715
00170
01007
06995
06670
00552
05143
03952
03149
07046
02204
00968
03693
03703
04524
05657
05537
03555
03928
00347
04231
06313
08031
00438
06171
02916
00639
04596
07079
02165
03326
02712
05324
05060
06694
04770
08074
06780
00967
00529
01555
03691
05455
02827
00790
04906
04564
00012
04864
02223
04050
07272
02340
05397
02096
02423
03347
06957
05589
05948
01727
02459
00208
01497
02297
01815
05589
02011
02723
06758
00339
06462
01911
03884
07522
07285
04718
02200
04330
06440
05292
01445
03102
04778
01713
04321
06112
04533
01323
03772
05422
07476
00286
03038
06354
06069
05486
08124
01639
00522
06268
06057
03191
00275
07675
06726
02689
03009
05294
02590
00752
07169
02179
01912
06791
07915
02799
00705
05889
05926
01141
06173
04365
07378
07226
00298
02486
05113
03895
03449
02696
00554
00625
07666
06118
03036
07189
02892
02785
05708
06341
03406
05171
03547
02455
06980
06970
07151
06213
05585
01216
02508
05655
06653
04062
04471
02092
06395
05473
00119
00920
04282
02333
00152
02495
04590
04901
07733
01120
00010
08141
00266
06564
07180
02503
07787
02910
03550
00281
00716
01861
00908
05800
02941
04564
03311
07374
03690
04138
05053
06598
03429
00581
07306
02737
00264
04146
06023
04416
07331
00703
03269
05569
04750
02618
03694
00048
01428
05122
04057
05306
06596
05139
06960
07943
06493
06615
04103
04600
02549
05880
04195
08171
07606
00170
00285
03848
02365
00693
07882
04131
03649
06016
03576
02514
01085
07153
04279
00913
03009
02481
00921
03449
08091
03812
02375
03679
01174
07246
04282
04592
06716
00049
01939
07802
05078
04675
00760
00766
05716
00349
05075
03298
06298
00126
07072
06195
01970
04997
06394
01447
08168
05886
06699
01328
04071
05219
07407
07053
01645
07460
05716
07275
01941
00554
02288
03120
01681
06636
00526
06872
03265
04309
01462
02224
00124
07333
02480
08192
04954
00187
00205
03510
02037
04644
00530
02565
07146
02413
07498
03709
02847
05069
01199
02611
04298
03086
01573
07721
04595
00082
03499
01145
07943
04457
00031
02730
03163
03281
02620
00133
02785
03175
07930
03586
03970
07057
01299
00611
03032
07790
07262
04618
04135
06413
06801
07342
01207
03274
04103
03497
00088
04975
00140
07797
03811
08119
03073
02660
00841
08069
05305
00951
01899
04316
07359
06998
06228
07992
08153
01926
03383
01553
04757
06217
06560
06336
01790
03104
05594
03689
06507
06691
06117
04808
04492
05824
03433
00673
04882
01850
07611
04583
01738
02497
06963
06454
00870
04607
02384
07453
02105
06667
00369
07146
05964
01495
02760
05049
00649
00467
06965
00488
05131
04748
08125
03361
07296
05695
03452
06963
02629
02175
04822
04962
00668
06695
07414
04842
03468
05362
03977
07371
03613
05341
02410
01542
00535
02021
07611
01454
08078
00269
06964
04026
00836
04824
02491
04839
06067
07229
03369
00370
01837
04697
06005
01754
01634
07678
05903
07684
04141
06744
05459
04056
04708
00648
00383
07865
06466
06378
01563
06938
05626
07057
01021
00148
06346
06403
05189
04532
00426
03663
04492
04985
05167
07018
00476
03651
00353
06016
07723
06087
04069
04640
07082
03975
00111
06329
04708
00302
00192
04160
07006
04889
03768
03380
07570
04889
01801
05624
02047
05366
02920
02175
02400
02389
01960
05967
03839
07153
02668
04852
05014
03072
03560
04692
00410
02372
05677
05595
04709
05722
07839
02189
07574
00391
04653
04880
00319
00414
05605
03653
07691
01911
04841
04539
04690
06937
04634
00483
01146
01568
07087
07347
05987
06354
00234
01298
01552
01627
07719
07530
05021
07328
08114
06363
06665
07416
03652
02451
00865
03327
01225
03724
06678
00540
00570
00118
07365
03050
07938
01868
07225
02204
02015
00147
07671
00218
07678
07300
01894
06808
04211
03610
02713
08093
00444
05239
06786
01177
04081
03633
00516
08047
01851
08130
05349
07034
01782
07125
00622
01804
01220
07348
05313
02073
07447
05831
01390
04171
07474
02126
01410
07655
05580
07840
00452
06956
01611
05564
01013
06796
05121
02068
05580
03114
07893
07978
00699
01139
01529
01195
07081
00530
06044
05600
00789
01004
04243
00379
05812
08194
03672
04414
00487
05412
06399
01135
07540
01546
06721
08063
00086
01454
04951
05218
06180
06077
01885
07730
06692
05693
08120
04964
01802
02273
00765
07092
04481
00415
04216
04219
05620
02970
06542
03646
00505
03539
00743
02339
03178
02058
05787
06485
06002
06155
01696
04470
04945
05228
04349
03580
01692
07378
00191
05508
04148
03844
07821
03883
03969
05783
01657
07532
05914
03552
03974
01899
03948
00224
07401
06600
04485
08113
05637
02711
00756
07359
01383
01453
06158
06042
05090
06861
03031
06888
04872
06144
04300
04783
02367
07538
07953
00944
06211
01465
06580
01959
05661
02777
04804
06271
03432
01195
02415
00867
02875
06228
00479
00590
01160
03409
05329
04972
02617
02825
05290
04802
04882
04483
00101
01343
00030
00109
02781
05926
00257
03526
00132
01380
05231
03852
01070
03292
02880
02431
02421
00610
01145
04535
07873
07413
00016
05064
06852
00269
05084
05723
00623
02051
05630
00305
01804
07488
02912
06264
00482
06158
04272
06432
02294
03883
02848
01871
03676
05171
04894
03976
06858
02261
04019
03995
07485
07326
01171
05158
05203
08082
06120
02096
04252
01689
07106
05534
03653
05589
01703
04703
03058
06218
03155
03130
03536
03887
05220
07647
01916
00393
00909
01611
07795
05038
00957
06813
06888
07030
03027
05365
04491
02830
04169
00613
02084
04767
04553
08167
01268
06155
06208
01709
00891
04175
07198
00872
04596
02804
04079
04000
05257
03776
07010
07283
03580
02057
02683
05137
05900
00026
04318
04939
05608
04286
02866
07019
06019
01353
06688
08039
00468
00317
00767
01392
04240
04338
04750
00783
05774
02783
05877
01534
00647
03429
01624
00220
07369
06676
04032
01474
03502
00004
01936
02339
03053
04909
01649
01105
04717
06922
02770
06506
04234
07016
08048
02762
06381
03909
06478
07457
02308
01108
03025
06717
00563
06876
03203
04674
03541
08024
00322
05254
02507
05594
07052
06921
06776
02872
00161
06858
03614
05720
06644
00333
07521
02720
01879
06247
00319
03718
05931
02004
01152
04734
04577
01696
02431
06978
04016
02226
00653
06347
07027
04439
04766
08142
02662
00234
08058
00386
05221
06785
03451
03054
02497
07403
05062
05247
00208
01949
05032
05127
05048
06636
04902
00346
00247
02468
08073
01937
04986
05575
01508
04153
07952
01434
00027
04654
01427
05761
01186
01128
00346
06843
06527
03016
00381
00264
00861
07356
00959
00126
05918
06430
05169
01987
00748
01971
04361
07829
03699
00703
00950
01741
00071
07501
00998
03563
06838
06620
05990
05770
06554
01670
08005
02916
06598
06978
07813
04760
06081
00881
01639
06535
07243
05933
07635
05687
00563
00813
06505
00031
04027
02502
07495
03441
02098
07684
03159
06061
02548
00678
06043
01474
08111
00439
07848
01559
04436
07216
04517
08104
05831
04362
07414
07188
04965
04514
04497
05715
02026
02878
04164
02277
01620
04827
05433
06790
07016
05849
07584
05509
03751
01550
04959
04316
04996
04807
07112
01738
00869
07454
03407
07419
04539
02916
08142
02505
01847
04615
01360
03748
07011
07783
03534
07508
00827
08091
02697
05928
07366
07761
04429
07831
00981
01442
07325
04556
04142
02395
08001
00087
05261
07800
01985
07133
07416
04315
05349
03761
00342
02578
07787
05548
04043
05663
05987
02985
06146
05688
01562
02099
00736
06167
04985
07271
02848
03509
03258
00110
00001
06351
06303
00211
05048
02242
01479
07195
04675
01162
08181
01018
04980
04046
00390
04497
05998
01344
07823
07621
05007
03536
01313
04084
02873
00936
04586
02993
04126
05114
03793
00631
03864
05414
03806
00409
06075
02032
06635
05728
04584
04182
07547
08134
02526
01966
01086
06463
00607
01270
06150
00103
05404
04518
04617
00526
05622
00663
00019
01008
07930
07727
05431
05770
04960
04332
04826
03887
05289
03990
07148
04824
05706
00066
07387
03425
00825
06360
02974
02712
03355
05158
03716
05297
02367
01893
03998
03549
03707
02593
07215
02481
04649
03263
07799
03747
01653
01879
03982
07391
07574
03144
03275
04111
03654
00914
05425
04801
04424
07983
07283
04658
02677
05491
03468
01768
07467
05275
00725
02782
05267
01154
00220
01952
07013
01437
01453
05638
01306
07960
03160
00038
05710
05626
00798
07722
06712
03884
02345
03656
01751
04023
04312
02064
07562
06090
04116
06032
05116
07915
01738
05020
06715
01477
02100
00641
07068
04847
00630
03592
04172
04485
05402
06160
00357
01880
07129
04676
08075
01457
03527
02475
05890
00724
01865
01519
07950
01391
03854
00445
04719
05008
01839
02739
00527
06150
00820
07120
01592
02504
07157
03716
03063
04770
07218
00992
03671
01607
00855
03665
07956
02336
02023
03446
06485
06289
05875
02713
02677
01429
05111
07099
05230
00472
01346
07767
02706
02890
06785
05928
07055
01308
00879
07518
01910
05450
04722
03644
02985
04417
04916
04357
06663
00474
03308
04453
01877
00732
05505
07852
01722
03192
04908
03309
04351
01158
00775
07621
00449
01269
00941
01686
05684
00135
02686
04435
07078
04138
00263
05990
04494
01491
04093
06709
04495
03942
04628
05508
03877
00544
04704
03723
03762
01533
04663
05640
02117
07766
06401
07536
07607
02714
08181
00406
06108
01837
02113
01086
04739
03886
02341
00947
02130
03129
00973
08028
01297
03694
03809
00014
07976
06009
07003
07627
05408
03832
01541
03728
04011
03443
04660
01292
03474
07285
03877
02772
06417
02730
06746
06259
07352
05473
01448
02495
05953
00968
06408
07303
00808
02214
05721
01080
03836
06435
07831
08079
06257
02244
01290
05248
00048
00571
04813
01085
08044
02908
05160
02235
02113
07682
03325
01366
00122
07031
02748
05157
01895
07330
04467
03448
02338
06643
02854
07558
06556
01290
03591
02179
04633
02974
04402
00374
06909
03241
07399
00312
07825
03672
01516
05352
00990
06289
03782
08092
03701
05837
01853
04931
01736
02597
03586
00789
07505
01816
02741
01027
03189
07498
02127
03587
05531
07001
01488
04588
04055
05369
06118
03560
07862
00911
00388
03631
05046
01307
02970
04152
06116
03310
01063
06835
01913
02763
00695
06433
08153
00570
04906
07565
08177
06783
00748
01628
06965
02730
03466
02519
04651
02903
05695
08010
03991
04333
04363
02468
03396
04316
02861
01847
02748
01967
03541
01657
03852
00162
04905
06177
01623
06277
04145
08006
07382
02197
04593
05801
02608
00276
01003
02947
04044
04767
03454
00760
03440
00029
04975
01587
03972
01656
07898
05483
05984
01476
00813
07211
04631
07972
04913
08136
05655
07564
02790
03179
02838
06465
04338
04510
01787
05948
03886
05075
07725
06645
07397
08016
04588
00604
02370
07991
04498
06459
04813
00378
05070
07136
07881
02940
02013
00447
06229
07530
06349
00067
06261
05552
03503
06285
06572
07159
06320
01461
05552
02181
02444
02453
03651
06477
02536
03950
06753
06549
04259
03097
05859
03191
06336
04696
01486
04895
00570
08173
03912
02779
00052
05495
02977
03384
03980
06046
00946
06617
00611
02724
04966
01067
06797
03755
05489
05452
00967
03173
04192
04081
00281
02295
04743
02382
07218
00879
06425
07401
03474
00404
04631
06560
03153
07052
05496
03008
05577
02376
00481
04535
05194
00388
06986
07145
01410
04603
06637
05551
04726
07656
04651
06519
07898
03015
02117
05100
01465
01537
00948
05645
07410
04430
02677
05668
04111
01061
02173
04653
06907
05343
04332
06254
00015
06602
00129
04845
06273
01497
01810
07140
00257
00457
05190
01874
00113
03526
03250
00852
00129
02236
07148
03857
07788
01753
07367
08091
04331
07991
00819
07192
08108
02768
04984
02696
03431
01986
02991
08170
04852
05898
05821
06079
02828
07316
06685
03408
00506
07368
03233
02890
07902
02553
00405
08055
02958
08016
03888
06097
05385
04949
05431
05912
05114
08077
06056
05907
00437
05207
06112
08187
00985
07304
06681
04370
05538
07686
01060
04299
04753
06762
07919
06395
02923
06158
03819
00300
02571
03534
06524
06027
07165
04108
04950
00711
01640
00043
04600
03930
04070
05869
02960
07093
00499
06808
01307
08091
07400
02475
05911
06855
00315
03966
05495
07970
03141
03607
07857
06148
00103
04521
02296
06892
03650
05463
03770
07611
00978
01407
02453
00074
04981
01577
06570
04532
00518
03246
00086
07437
04713
01710
06065
02202
03346
08034
02501
05475
00847
04472
05301
04211
06926
07476
05415
00592
03940
01219
00704
04830
05236
00171
04618
04326
07040
06935
07724
00787
03966
02687
03350
03493
06154
02867
04048
08070
03140
08000
04326
03826
06310
07083
01034
06836
03381
00467
00110
04988
05809
06203
07660
01060
06714
05701
01628
04602
02353
04778
00745
01455
06912
07149
02032
06878
02959
08016
00038
01744
03716
07589
06837
03196
02638
01207
01843
01317
02646
07474
04504
07875
06827
00524
04465
07579
07208
04879
02462
04930
05660
00559
00060
00013
02886
06181
07655
03156
07931
00886
02808
07460
01662
05590
04247
07516
05626
00582
01566
04840
02935
06909
00337
07385
06951
02778
07213
03381
02795
05919
04308
04546
07671
00497
05482
04934
03126
05052
01952
04931
04427
01699
05035
03094
03718
06998
06071
05126
00000
03844
07725
06617
07355
00079
02174
04282
07680
06320
01003
07143
00670
02735
00579
00855
04148
00628
07440
07801
06107
00452
03958
00991
01083
06067
03929
05906
05208
00344
00610
06639
07289
07862
04101
01182
07958
00966
06802
02523
02683
05098
06694
06861
01429
00333
01614
05044
03383
00086
00384
04145
07617
05131
01389
02405
00606
07809
06719
00139
00017
02666
01331
01649
07540
02760
01906
03185
00572
03717
00130
04775
03940
01413
01820
02491
05244
05835
07546
07798
04901
04768
01303
00401
05236
07707
05642
00016
04617
04234
03585
00614
02660
00982
00822
07506
00859
04997
04352
05768
06841
00648
06217
01850
08110
02821
02143
02628
03951
00591
02042
06832
03666
06041
02601
07998
00273
03994
03881
04517
06352
01297
01282
03271
07612
00362
05584
04118
04810
04497
06547
04460
04058
06635
01099
04241
04558
07101
07645
02950
07290
07068
06874
05038
02442
01083
07994
03036
06426
04490
01948
06150
00966
03259
07808
02017
05815
01273
03020
01839
05079
07209
07143
03612
01625
02818
06109
08119
07648
03017
06648
00739
01778
01525
03599
00748
00448
02602
02758
00214
04661
04729
07409
02625
00088
04284
06014
03218
06096
01558
03086
07683
08036
06097
04096
04315
06836
07650
02939
03448
05671
06311
00157
05496
05194
05528
00132
06022
06561
04115
07008
00114
07293
07649
00916
02010
06602
07583
03311
04004
03068
01471
08059
01614
07630
00396
06265
07644
08134
07789
07679
00592
07824
04840
02352
07728
00429
04776
01318
07833
06288
04273
05926
03546
06798
04720
07616
03643
07999
05488
06785
03052
05293
06687
01607
07962
04976
04791
02472
01436
05555
04072
03527
00652
05759
02562
03901
01256
01849
01697
07544
06488
00395
03169
01954
01771
01020
07049
03121
07322
01724
03492
04678
07990
03785
07738
07420
02677
07871
06429
03807
07503
03295
03407
07855
02751
04511
01321
03655
00565
07154
08078
01414
05152
03483
04391
01362
07152
05619
02423
07676
06658
06301
03158
00395
03541
04850
04556
07264
07954
07159
02043
06484
01664
02303
04782
06146
04221
04885
05632
07284
00985
07946
03389
05517
06883
03535
01342
01816
04303
07608
07456
04636
00456
06013
00283
01629
04423
01230
01304
00319
04229
06819
01364
01297
00829
00101
05026
01860
04978
03965
06300
08183
01576
06774
07369
01128
05863
02321
06218
00417
03170
02469
06703
02037
04662
02369
07543
04598
03390
05552
03268
01916
00875
04248
08133
02035
00344
07039
00725
04890
00667
00386
07488
00923
03632
00619
01462
00028
06600
00390
01760
00697
04430
07240
05336
04596
00346
03181
00149
03123
06079
07709
06563
05187
00103
03777
00217
01590
02526
02112
07828
00663
02555
03377
01913
07726
02187
07740
03488
03908
02480
07593
03292
05244
01207
07500
01591
03724
01143
03636
04882
03047
08165
02735
04273
03073
04757
07036
06221
02366
02091
05676
03612
07479
07247
05581
05875
00114
02342
05645
03427
00029
00773
06367
06649
05214
03809
07429
07159
07138
07514
05451
01417
06152
05998
02099
03858
01953
03377
07827
00797
05143
05330
05623
07303
03807
01353
00628
07545
03772
06061
02594
07363
02322
04906
06148
03340
00587
06479
03536
07886
02441
04646
03389
03951
01465
06956
02726
05618
05416
07352
02826
05099
02541
04168
02493
01042
05290
04119
05487
05871
02201
05308
07943
04036
07791
00147
07508
04592
07055
07918
08143
07223
03334
02959
01688
02271
08070
03596
02955
02701
01961
07933
00631
01854
02684
00345
04411
05906
03533
01508
06629
05778
03083
03070
02760
00594
06569
01117
00018
03498
07558
04586
02696
07950
01108
07441
06038
05197
02306
06938
00878
01607
00736
07900
01523
06344
04159
00881
07700
04425
05395
06413
03216
05566
05967
03832
04034
05569
01555
04299
01042
07517
07299
06999
04373
02879
06959
02953
06507
07055
05107
04633
06787
04789
05618
03834
00205
03285
03244
04236
03171
05861
07849
04149
00749
02134
05544
05262
02072
03149
01769
04433
07290
00910
02652
06273
05132
00134
07796
05706
01644
01143
00451
00791
01094
05537
00418
04074
02279
04771
07765
06925
07054
01032
01618
01528
01296
04782
06940
00364
01710
01755
02736
06116
01652
02096
04355
02611
05600
00039
04654
05664
05317
06433
07783
03246
04788
00336
07733
05512
06302
02771
03272
06994
06880
02488
02610
04282
03620
07395
04862
07493
06440
06285
00044
07014
04021
07920
03301
00434
03389
00430
01521
03815
00418
08042
04003
06395
01031
01182
07214
04008
03702
07883
03743
01301
07870
04991
07598
03760
08101
04065
05505
00135
01778
03168
02207
05006
05160
02089
07007
03954
06576
06872
07058
05964
04462
01101
01483
05497
06213
03879
05402
06679
05746
07239
01327
02202
06570
04691
02273
00605
02849
04067
06155
08036
00464
00264
04983
01517
04026
00144
00219
03991
05699
07743
05173
04802
00062
03767
00243
00430
04449
07552
08003
01976
06383
04546
00596
00895
03506
00119
06320
02877
01754
00102
01174
01265
06951
01682
03928
04201
08095
06929
02870
00092
05764
05480
06156
02541
08037
01428
08007
06276
04863
00379
00256
05431
04944
07985
03074
07574
04560
04702
02750
07860
00197
05581
07160
00977
02713
02600
01205
07356
05922
00335
07068
03630
02422
02455
01070
03378
04896
07647
04115
02136
07435
00653
06026
07841
05690
05951
00461
03372
08090
02174
00607
05439
01125
02125
03787
03834
02564
00999
03498
04485
05224
01790
01168
02409
05853
04032
00780
05524
05507
07100
04122
05670
01434
02547
03287
01177
07553
01361
06257
06045
03307
01642
04488
06177
05959
03265
04548
08102
00571
00700
01844
07293
04237
00827
06136
02601
04725
00880
00812
06111
04489
07064
04698
05898
03590
03871
06491
03259
01457
00978
01777
06421
05648
00686
06724
00774
02055
03750
02151
07154
07498
00561
00014
02530
06044
01242
06311
03497
02466
03305
00090
01567
00799
07783
04622
03303
03837
02078
03265
00283
02917
07967
06699
06287
05011
00998
05296
03651
07233
04047
06920
00578
04486
05732
06333
03423
01034
07438
03136
04479
03841
03600
00832
04969
08137
05532
06513
02474
06122
00509
06765
04958
04098
04323
04513
00873
00185
03773
05439
07435
04288
06569
04963
05513
00561
04567
02300
08192
04626
01156
02249
04245
00052
02698
00885
01456
02987
00684
00368
05471
01377
07494
03332
05823
00091
02123
04825
01229
07639
02305
05997
03106
00208
07136
05236
07692
00241
02448
01767
01930
07786
08031
06692
01536
04617
03793
04050
02632
01984
01554
01631
06906
04846
02639
01465
05554
00237
00595
05661
01231
02752
05589
06359
05356
02015
03254
02278
02888
01144
04857
04891
02880
05340
04916
04974
04500
01627
02642
02373
00070
07220
06594
07523
06158
02981
04611
00704
05787
00924
01774
04474
00885
03512
05805
02240
04206
04567
03794
07335
02678
02180
04072
07819
00406
00636
07190
02171
02588
00158
04250
07202
05509
02973
06978
03798
04921
01619
01573
02374
07127
04939
07816
07548
00865
06699
05533
06165
05875
05685
00126
05409
03541
02776
05303
05532
07064
06023
03010
00752
06573
07222
05499
07060
06553
00773
02379
02508
05453
06267
01555
03782
06921
04351
01046
01999
06256
02997
05241
07569
04031
00452
06311
01202
06328
04464
07252
07369
00283
05297
01955
05999
01883
06400
00067
07127
07014
04688
00244
03115
02374
03216
06983
07645
01990
07868
02036
02047
03550
04467
07453
04768
03367
00769
03336
01220
05226
05601
01618
04734
00730
06278
02326
05788
06946
06718
02588
01671
07353
04460
03647
07126
07978
01936
00495
02638
07552
03045
01725
00456
00143
05424
03741
05255
04326
05384
01629
04844
02528
02509
00820
06800
07473
04121
07278
01565
03870
02918
00796
07578
00069
05691
05200
03249
07524
02422
02502
04310
01149
03983
04414
02462
02247
04863
00941
07633
07344
05444
01451
07390
05158
00162
04720
01762
04221
06023
04696
07549
00778
08011
02758
04193
07678
03849
06452
08127
03391
05375
06800
01496
03744
01046
00130
03821
06105
07398
01505
03155
06945
02010
01862
08046
06015
02659
07865
02497
06873
01539
04087
02751
03371
07481
03909
06018
06505
05572
04374
07878
01536
00645
06368
02048
07902
00182
06861
04176
07570
03728
00518
01944
01262
05790
05977
01096
00377
05004
03123
05456
05841
00451
06480
07001
01301
06268
04055
06856
03753
06062
03347
06464
02738
06718
07932
00483
06226
07322
07325
05565
04462
01394
00398
02957
05730
07843
03041
00720
03526
07769
05329
01171
07081
05961
02655
03181
03172
07640
03631
03512
02434
05619
00375
07674
01755
06436
03447
08020
06312
06022
06843
05246
07080
02246
05382
07100
02297
02198
02153
06042
00915
00230
03713
04591
02742
04217
02743
03993
06403
02874
06896
05749
02744
02753
06069
01440
01525
05525
06189
00456
00396
07287
06270
02344
00470
07649
07018
00716
07575
04042
05894
07929
06179
01248
06046
07888
05683
06016
08092
03863
01368
01452
06416
06899
08128
07954
03985
06743
02469
05820
04850
02218
07595
02433
07847
04983
05042
01168
00695
00678
00673
07085
00755
07819
02476
00977
05428
04336
01300
04370
02195
03636
02637
02364
01130
02231
02205
07434
01096
08177
04799
04926
00666
04214
07327
06584
05845
08191
00801
04070
07559
00177
06874
06169
04333
06522
01912
05407
08063
02309
04237
00650
00704
04460
03823
07989
03914
04861
00067
06958
06374
00354
04359
04893
01489
03513
04759
05215
08058
05076
01182
07863
06487
00686
02023
04178
06320
07116
00620
04301
02107
03771
03675
04014
03702
00651
06641
07787
02780
06927
02814
01042
00030
05896
05592
00158
02571
05950
03820
03619
01090
01586
02799
00159
06756
04083
05578
00141
01102
02171
04764
07087
01860
07701
07385
03039
02938
07365
04353
00450
03820
08019
03891
03794
07189
06526
03440
05278
04220
07090
05668
01976
08002
00989
00726
04915
02072
04851
00529
00566
06414
05796
07532
00130
00230
00583
05108
00860
08159
05230
04569
04319
03173
03205
03205
01025
02318
05607
06937
04504
01824
07848
04906
03633
03645
02177
02720
00749
03784
05979
03007
05825
01394
02387
00159
02680
04741
06694
08118
06095
07474
05897
00262
03780
05909
05520
07473
07060
06230
01729
03079
04704
00459
06420
07154
06411
04352
02561
04425
05339
02633
06254
03865
03393
04446
07836
07770
01166
06413
00365
04053
05269
04214
03804
06827
06903
02623
05496
03473
07942
01552
07622
07472
01938
07985
00291
07481
04554
00967
00419
06533
05096
07613
07137
06674
01707
02863
02339
01361
04721
01434
07224
02252
03817
02160
07849
04278
00115
05231
02066
07747
03221
07961
00636
06030
00122
07662
03464
04513
06505
02693
03889
07319
01712
01058
05391
03262
05290
01745
02324
02712
07724
07209
05916
02568
03432
03723
04382
00841
03876
01570
03305
05130
03818
02532
02605
06038
02797
03534
06152
04145
01837
00103
06625
02268
00343
05731
07340
00585
05908
00527
03978
01914
01851
06148
04421
07532
04974
07756
04205
03737
04878
04002
02178
00659
05460
01918
07206
06956
01621
00222
00926
07642
03441
00048
06989
00056
03961
06603
00181
03576
03106
02710
02331
02189
07898
00680
05029
07204
07174
07998
02443
06818
05653
02492
04152
05392
06373
08083
01867
02668
01552
02216
02574
03706
04050
06364
04170
02599
04690
03088
00277
04238
01883
00353
02897
00347
07430
00105
00410
01220
02181
03454
08068
02240
03998
05564
01095
06463
04618
05149
01160
05994
01721
00857
05277
02348
05932
04825
07060
01453
07967
02092
07248
00527
00745
06109
02282
02289
06977
01828
03872
01721
03823
07376
06796
04878
05764
02078
03204
04300
06902
00235
02553
06241
04804
01309
01126
00940
03891
06640
01631
03869
06531
06189
06355
02991
06113
02629
04376
00778
04113
04875
00034
03782
07095
00503
07999
00346
04370
00678
04906
05353
00623
04687
06946
02310
00549
02393
07734
02366
02498
06016
04871
03452
01586
06174
03770
03587
02278
05102
01440
04676
02001
05491
07580
04367
00882
05911
02409
00046
08014
00304
04694
06188
05030
05981
04598
05757
00329
08191
03416
06319
02998
02394
01360
07142
00448
05651
07632
08086
07133
00179
07158
03785
03749
06577
00931
05200
06180
07693
07974
03422
06964
01457
06091
04784
07754
05114
05371
06633
00770
06876
02664
03506
01922
02365
07397
04719
08065
06935
01017
08108
07618
06217
05374
01566
03977
05095
03434
06750
05624
01461
01881
07808
07006
07987
04885
07330
02965
03626
03587
03616
00446
05917
02315
06556
04475
06299
07540
00810
07321
00288
06225
06498
03488
07859
00028
03951
05281
05635
00534
04580
03067
07610
06344
03358
05009
08155
06713
02773
01004
02824
05660
00988
03040
07828
06484
03879
02461
03352
02288
05804
02901
02633
03629
00771
06645
07846
01252
04279
03225
07823
01914
01406
05193
01145
03149
01237
01962
01534
06298
04589
02322
01857
00544
02266
03892
07479
06256
05593
03900
06561
06052
05217
02703
05286
07441
07627
07338
00301
08114
02252
00318
03513
03562
05145
06101
03101
08118
05889
03212
05198
01141
07046
04364
01800
07308
01445
01950
01688
03290
04174
00523
04025
04613
06877
01325
01931
06296
02446
04598
05901
05434
04632
02875
05203
00403
05744
06668
06563
07141
06214
06979
01217
03765
02516
05566
04530
04020
01611
05362
08061
00479
06688
03366
01469
02239
00940
01506
05556
01310
02377
03499
08026
06439
04624
03812
06347
05456
07711
06129
06846
04951
05127
06731
00753
02318
05524
05403
05298
05508
02494
03013
07985
01682
00213
05995
07513
01631
01857
06930
02117
03240
02911
02893
02031
06999
02455
07773
03643
04774
06578
05890
05683
05200
04474
04376
04404
05829
04601
03600
00573
01944
01027
03514
05455
03095
03168
01460
03720
07951
05185
03786
07994
02073
02676
03266
07016
00044
06683
05298
04497
02944
02614
01960
00693
00748
03721
06566
03268
02957
02888
07689
03958
03236
08006
07332
03909
03963
02693
06854
04982
06683
01776
03852
02655
02325
04741
00940
00050
04059
02886
05711
04240
04362
05614
08058
02129
03919
03216
05170
01311
07467
00883
04881
03578
03700
05995
07425
02550
02769
04585
04236
06264
06545
07250
06670
02008
06161
03621
02423
01505
02121
01509
02657
07955
03089
05198
07890
06218
02925
04813
04406
04671
04882
00280
07885
07468
05396
05333
00908
07013
06605
06183
08067
07378
07052
03290
02747
00825
04824
04152
00513
04936
07760
05940
04507
07704
02776
08043
01669
01941
01290
00666
07552
01498
04318
07371
07641
05841
02743
04497
00530
04184
03500
08011
03911
06119
06544
04942
00366
06646
01943
01474
03308
02724
00357
00254
01520
04378
02100
07784
06383
04085
03945
04509
03147
07138
01748
02166
06152
02933
03235
05507
07989
06706
03258
01674
01331
01804
04536
04856
01206
04259
06193
07216
04508
05928
07868
02785
01958
07485
00048
05505
00651
00847
04352
03416
03035
03501
05383
01399
05423
06683
07402
05431
05499
02191
02289
02654
03172
08148
05610
04613
01604
07556
06634
06045
00479
08169
01688
01991
07017
01668
01544
07970
07862
05615
02305
05375
08157
03222
01212
05241
02714
06023
02313
04001
03494
06970
02640
08109
04990
04788
03264
00872
02069
00958
07615
01477
01855
01154
02399
03245
07555
08013
06025
04672
04971
06888
04329
05304
05659
08009
05230
01001
03380
04398
00428
03716
02044
08137
02136
07787
01044
06823
02191
07359
05574
01035
07379
02300
07912
05968
03780
05087
03697
03427
06623
04670
04431
05982
05581
01733
04475
05681
02530
02225
07242
08076
01791
07605
00200
08095
01831
01914
08155
03282
02108
02980
05601
07688
05507
05991
00063
02254
01130
06432
03192
04514
03028
03016
00742
02071
01455
03731
01760
00804
05907
07447
06383
07164
07718
03336
07191
06592
07128
00480
03871
07456
03561
03924
03996
05810
01218
06817
06752
04369
05951
02701
05707
03366
00374
00811
06083
05564
03260
00318
06254
04045
07445
00494
05689
07754
04981
00321
05227
07360
03136
06936
05499
04862
04019
02434
06282
06179
06133
07071
00935
00572
07061
06746
04870
02267
03337
02026
05916
04971
01616
04178
00697
07984
04533
05707
01498
05516
03536
01931
04337
03235
01626
03767
06052
06928
05686
00876
05743
07672
04855
07883
06319
00244
06265
05419
02885
00733
04472
04481
07746
05152
07703
04562
00125
03665
02910
06401
05550
06331
07851
02003
03710
02293
00699
04511
03894
04353
03325
02676
04464
04862
05876
07291
01333
01525
00431
06516
03932
07696
04663
00404
03748
04702
07372
02683
06158
04068
05988
04340
06562
02725
06913
06653
08165
03762
01718
07190
02060
05685
00246
02191
02615
07127
07497
00410
03141
05498
07355
02920
03759
06000
01147
01896
08068
07826
01341
05521
07977
07901
07860
08032
01674
03478
06504
04533
06506
02638
06591
01880
06987
06337
06324
05273
04186
00665
06897
01221
04754
08199
01169
00476
05187
07657
01511
00104
07983
04047
01269
01640
04353
01040
03322
06242
00394
04697
00194
03391
00873
07653
06731
02695
07150
07953
04730
05694
05340
01950
00096
04967
06089
00193
06325
04052
01131
08111
05263
06736
04128
02898
01231
02035
04690
06953
05696
05645
06149
01763
03109
04838
02086
01828
03605
00673
02362
01024
03214
06625
01249
02844
00467
07004
00597
05500
04747
05844
01971
02551
01128
06708
01436
07758
01424
01496
06040
00532
07868
02421
01096
02184
05963
04399
06302
04517
04562
02561
06843
08106
06930
06175
00141
07165
03022
07368
02579
05083
07743
07712
03783
03747
01614
03385
07167
07760
01117
07033
02431
06173
00298
03662
04886
07570
02105
01534
07331
00221
01061
06908
06589
06228
02019
05428
00508
01951
00052
06200
05439
04235
06676
00659
00939
05080
01043
03674
04252
03156
06928
01179
02955
08048
08133
03205
01380
04744
06611
04191
00555
01672
02115
04556
03267
06258
00149
07204
06251
03780
08161
03327
05237
00919
00232
04994
01043
02498
03677
03435
05512
03644
02158
01057
04281
05665
04873
05229
02878
05876
00757
04373
06081
06322
00934
04591
06258
01207
05636
00403
02932
00834
01081
05105
04384
05771
07053
06137
00212
02646
06040
07057
03263
06855
07299
01073
00611
04620
02987
04346
02800
05538
07947
07701
03545
07176
00901
04745
04621
01800
04588
04772
06845
06932
07633
04674
04773
04053
03281
02355
03720
03854
04231
04303
05924
03103
07275
01109
07543
00925
06742
01129
00269
07287
04833
07315
00967
03628
03433
01596
08162
06568
03737
06980
03409
01038
02741
00215
07719
02054
05342
01446
00845
04279
06710
05921
06924
03344
06802
00362
00344
03049
06671
00805
01306
08127
06930
05651
07040
07180
03912
04678
00778
01820
05175
02183
07596
05403
06607
07131
07419
01117
05913
00188
05590
03406
02338
05764
07811
03199
07795
02884
07594
06522
02321
06370
05826
07445
03780
01041
02182
02066
04894
02242
07996
02735
02090
02761
03434
04073
07726
03666
01485
00740
03870
02970
02391
04053
01566
07834
02348
05032
04196
07190
04442
04197
01016
07180
08146
00461
03001
03736
07775
01219
06590
00621
05034
01326
04709
00861
01431
04139
03835
07809
03184
01063
02217
04700
00756
03649
06231
04441
02540
02750
05472
05550
02226
02399
01873
07072
05838
04341
01791
02405
06542
05884
04396
04993
06721
00629
07286
04680
03792
07045
04060
01531
07209
03683
07750
00613
01042
00351
05320
04917
03063
02102
05762
00126
05368
07098
02975
04873
07745
01174
07864
05164
00087
01119
00613
04060
06132
00870
07839
08078
01448
03739
05509
04756
00212
03651
00744
05467
05611
06873
03925
07264
06088
05747
00159
06259
02662
07795
04031
00131
07312
01790
06297
04425
05726
02554
02676
04761
00784
02152
05845
03179
05970
06993
00728
02824
00701
02348
02749
07352
04677
01293
02307
08048
05020
05130
04028
04944
02162
03175
01468
06579
02191
05905
02462
01920
07999
03735
00757
05317
06937
02157
03477
06235
00556
05050
04756
01124
04311
05378
05720
02689
05475
06486
08133
06480
08118
04774
02611
03395
06135
08064
07706
00588
05849
03178
02651
00604
05311
03428
03613
05987
07714
06297
05305
01449
01762
01652
04354
04979
03550
06520
05436
02697
01273
01991
05000
03693
06676
02124
00033
01766
05042
05820
03390
02434
04979
03846
07252
01378
03025
03196
04608
07375
04137
04153
05134
00554
03374
08138
02680
03697
07192
05882
04902
04222
06275
01422
05351
04393
01552
05959
02674
00310
07917
02965
01987
04401
05265
03656
07213
01550
01248
04986
01880
03405
06111
07569
04104
01890
02357
00969
06666
02883
07063
03845
01075
03778
07782
03293
06406
07586
00886
04212
03562
06975
07726
02601
06326
07086
02471
00949
03306
02195
06978
03620
06083
00770
03339
05852
01578
05797
03284
07643
03227
03492
01871
04645
03077
00554
02716
04898
03834
01700
04435
03158
05660
03452
07727
02170
01642
07100
06992
03361
02038
07023
08114
05909
05941
02313
05319
03103
07050
01262
02326
04269
07311
00472
07382
03917
00945
03682
02659
06456
06806
04137
04195
07802
01094
05971
03310
00206
04588
00711
06072
06750
05647
01444
02605
07776
07433
04590
03895
05469
04339
00675
03055
07131
06547
08091
02678
06386
00699
05910
02286
04499
02175
00695
04426
01883
03619
00478
06390
00768
01126
04492
02020
04739
07455
05127
01757
00083
00083
04461
00785
00315
04432
06878
07675
02569
02330
00290
02179
00879
07911
06657
06521
02182
06128
03185
00571
04398
06262
07418
06819
06371
08055
07862
00368
03258
01796
04324
02568
06233
03024
01395
00679
02180
07591
07843
03182
07291
04896
04832
00187
00321
03793
07608
02640
04751
01405
02844
02187
00671
06581
04499
05066
04501
07008
04121
00272
06287
03424
06878
01880
04982
01243
06779
01709
06596
00802
08184
00860
05965
08002
01769
04279
04203
07116
00287
05447
05257
03003
05026
00413
05289
00122
03668
04453
00017
04135
04649
06567
04535
05616
05691
04155
05990
02625
03833
06833
02489
03879
02191
05082
02836
05715
02369
06854
01442
01582
02034
00243
00536
05334
00705
08142
07816
02562
00418
04978
06299
05312
06515
03082
02958
03128
07485
03420
00325
05661
04714
01797
01093
01264
02166
06771
08010
01144
04101
02458
06409
02290
08108
06014
07704
06624
00796
05802
01138
07241
05537
05867
06430
02230
00682
05013
02023
00988
02825
01888
00151
08019
06993
07365
02500
04482
04159
00451
02484
01908
03072
06816
04149
08171
00378
01574
04293
07031
05232
02861
03288
04179
02509
07678
04328
05213
01266
00787
05519
08176
01426
06841
00528
07776
00170
03807
03323
02345
00814
03414
03887
03436
05543
00692
04617
03342
01312
06774
04211
01975
00024
00858
06136
02140
05810
06742
06940
00818
00567
07857
02601
02832
02582
04748
03732
00399
00698
05485
03493
04913
05441
06232
04349
00043
02580
06657
02002
06336
00034
04098
08150
04547
05920
00421
07726
07624
01779
03496
00062
01256
00542
03627
00986
03256
04215
07942
04655
05309
07915
07731
00871
03893
02202
01221
02955
06341
01181
00492
02092
06315
03644
05102
03706
01655
01292
06140
06333
00755
00669
05190
00770
06300
02818
05148
03629
05907
06506
04722
03861
06173
00771
01806
03437
02203
01846
03762
02574
01911
06261
02632
07986
04580
07753
04383
03955
02768
07329
01625
04378
01353
08156
01518
03004
07824
07512
03465
03758
04607
00851
04580
04282
06891
03062
07690
02650
05078
01025
08065
04904
03148
01689
04267
06224
06599
00022
04567
06597
01897
06458
06489
04808
04805
07556
00202
07984
01107
03386
07773
05387
03814
02589
03248
04810
07468
04966
06875
05386
02433
08175
05504
04759
00952
03148
01711
05571
00416
07975
04708
03836
05550
04611
03047
07084
08101
00945
06784
01074
03935
05766
05717
02726
04470
01406
03906
00081
01259
04337
05724
02450
07066
07851
05034
03069
07176
05482
04840
02399
02450
07616
02297
05092
04660
04640
06456
05873
08187
05606
00867
07326
00464
01743
02773
07635
02361
02664
07431
01771
04869
00650
00890
05910
06235
03930
07523
00672
07888
03927
02115
02823
01531
05461
03762
05906
06319
04654
04560
05772
00284
02784
02072
07368
05634
00522
02345
01127
04164
02808
01401
06604
06917
04142
03552
06593
01849
05344
00631
00563
04898
06192
06236
02199
07198
03937
03515
02456
01313
03872
04266
05921
03861
05779
07409
03732
05130
05433
07564
00541
02691
04441
02174
02305
06855
05815
04652
04528
07104
04601
05995
05289
07164
03592
03103
07029
00350
06937
04257
07635
03761
06739
03011
06787
00432
04475
08123
06966
01564
04971
04803
03634
04666
06489
07593
00188
07504
01595
01008
06694
06685
05433
03465
00264
07954
02747
03967
03954
02521
07145
01742
02039
06024
03809
03175
03254
05610
04635
00931
02042
07938
00289
07825
01202
01325
01218
00710
01154
03347
01933
07520
07504
00481
06331
08095
08051
00023
04053
04976
01924
06481
07365
06712
07449
05756
04200
00785
01943
05831
03064
07012
00605
03835
04600
05763
08040
03824
07857
07625
02672
00429
07418
07265
02193
02707
00404
05728
05581
01159
05835
04800
03007
07035
05168
04610
05035
03552
03803
02846
00209
02674
00134
07466
01745
00848
03157
00437
02552
03022
00306
01359
04760
07425
00589
00423
05510
05622
06976
06496
02556
00911
02432
07577
03311
07939
07455
01696
06819
07145
00967
06642
05786
01825
03545
05433
01731
01015
04035
06938
05655
02293
00616
05386
03671
00915
00106
05445
06954
07294
00611
06115
03259
03746
07984
01920
02502
01901
04222
00726
04627
00058
01239
07648
01707
05071
05885
02645
02463
07124
00327
06208
00665
05439
00953
02192
00954
05312
08117
01201
03050
01918
07160
03582
02454
07773
02384
07240
02443
06677
07105
05632
06728
04936
01943
04301
07226
06383
02621
06259
07386
07985
00564
00280
06833
05890
04159
00508
06379
05564
05635
01772
01049
03444
00924
02523
04112
06083
01323
03910
02120
00431
08164
07018
03207
04742
00635
02653
04059
07447
04414
01389
03814
01261
07446
01081
04123
00712
07639
03906
00896
03201
01007
02533
07388
03042
01595
05408
02463
03600
07517
00406
06281
05439
01402
06913
04650
03744
01871
05579
01665
06521
03732
03137
04481
05593
05361
00925
03437
03846
07413
02774
06203
03565
07509
01454
03998
00878
05129
03696
00222
01209
06074
00707
05787
07520
06536
07928
07559
07859
04800
03948
00681
06738
01403
04594
01685
03683
02817
05728
02912
00104
06996
05012
05690
02868
04314
02412
01604
00434
01666
05951
05537
05633
00943
02090
04449
03304
01730
00683
02281
01274
05449
05620
03110
07998
07982
00236
05271
05887
05747
00720
01539
00890
03409
08089
00695
02793
02888
01466
00930
03339
03649
04497
06684
06613
03239
01799
07344
02130
00044
07878
04051
00290
04463
04918
06781
05994
06626
07835
05508
01695
04738
07551
03399
05848
06713
07792
02200
06480
06581
00245
06299
05685
01123
04642
05411
00296
03270
03381
04364
08169
02041
05685
03539
02990
02861
04271
07617
01471
03555
01716
07494
05098
03827
06290
01315
00622
07957
05716
02024
03094
03869
00249
00436
01012
05108
04735
07530
00455
03081
01145
01328
06394
08070
00188
01995
03834
07359
05034
06655
04348
03109
06497
02763
06257
01729
06180
00313
08128
07324
04259
06546
05526
06498
07849
00368
07332
05856
03938
00429
05716
01939
07335
03313
06673
07143
05752
04881
06563
01161
01292
04394
00900
00708
01736
06270
06842
02327
01794
00013
03769
00928
00360
00764
00844
04434
03826
02763
04456
02794
08001
04656
03814
05464
02066
00410
05586
02936
00067
07816
01596
00167
00209
06039
01891
00843
01396
03930
04713
02188
04160
00444
03047
03207
01584
01489
07157
06729
05584
00138
04030
06743
05335
05840
07686
08172
07991
00015
02297
04101
02539
04580
01178
04942
06445
07914
00492
05815
01617
02421
00745
05305
02369
01585
06948
05419
06093
08101
00181
05305
03718
03345
03201
05179
04632
05767
05626
01724
07778
00054
01834
04537
02259
01776
04168
01193
02355
02982
00901
06972
04923
08010
00134
04604
06322
03841
07022
02536
07037
01443
05686
04192
07657
01667
01316
06354
03856
03026
06814
05795
04750
06672
02721
07937
01095
02250
02195
01589
04992
02383
07976
02038
04966
01036
07141
02976
07646
02216
01935
05452
01810
04249
04223
04465
06645
05061
06844
03424
04364
06677
02933
03685
02208
03132
06874
01273
06852
03373
05629
04868
04119
00226
07635
04680
00559
01361
04033
03130
05347
06009
06092
02657
01138
05250
05849
05432
07005
03498
00710
03088
03550
02036
02651
05110
02908
00051
01544
01269
00060
00965
00237
06524
07749
07691
06664
06384
05112
04428
07542
06228
02939
07136
02097
07708
04072
02178
02722
06642
07310
04351
02628
00871
08020
04876
06765
05539
01013
02012
04537
04720
06661
08102
03604
04705
03566
01701
03852
02304
01287
02145
00873
05972
04714
04706
04138
02857
07673
00717
01494
01514
04708
05336
07747
02481
06849
02095
07022
07095
06512
02217
07663
03584
02866
07804
07128
00285
05310
00300
02067
02221
05863
07619
06765
01733
01925
06931
07851
03316
03095
03199
05327
00508
04770
00391
03719
02058
02249
03370
05530
07759
02657
00094
08072
04375
01751
02611
07541
04438
06840
05437
04969
05042
03972
04824
07407
07140
03224
01126
08048
01280
02263
02452
01908
06964
07141
05179
07756
00334
06488
03890
00478
02949
07619
03928
03422
05737
02800
02135
03950
05543
02729
04820
03418
03493
07906
04611
07458
01844
05807
03568
03365
06003
07910
06376
03590
06079
07009
06846
05750
06352
01922
06809
02678
04591
05611
01066
05222
02860
06297
02948
04447
03036
04668
03124
05962
07696
07814
01048
03371
03809
02597
05676
01125
04615
01871
04135
01275
00848
01081
03124
03624
07341
00500
01877
08156
02864
00676
05409
05772
01322
03446
04854
00309
02658
05518
07722
03668
04664
01898
01315
07669
00719
08071
02095
07086
00552
03886
04085
05271
03747
03226
06706
01272
02089
04912
01752
03646
00789
05556
02777
02212
04489
00588
01041
05091
04828
06803
02753
07742
00209
06644
03072
00036
08051
07353
07372
01034
03476
01031
05086
06044
03637
07223
07724
00792
00440
07700
03736
08048
07897
03556
00213
00834
00083
04774
02577
01869
05670
06158
06886
03034
02918
07143
06435
00989
02696
01830
00776
07974
04541
07110
04742
07609
01153
02230
01973
00886
02221
02707
05079
01261
06288
