00870
01307
02634
02965
07399
03897
02623
06375
00749
05716
06019
02829
05611
02725
04924
00140
00185
00774
05217
01881
08286
01066
06050
00785
00126
05298
06710
05435
00450
01581
04210
01775
05914
03124
02343
03096
04681
00920
06275
02550
03852
06003
04972
02612
05789
06629
07114
01876
00838
04743
00960
00477
06507
06549
04367
06484
03965
06378
00115
01196
08069
03782
05015
08488
00849
01267
03016
04766
04214
02837
08157
04477
00008
02279
08074
01172
02034
07336
07339
07070
08126
06968
02757
02559
05481
01617
05816
04437
02799
01321
05568
08189
05834
02420
02982
08100
05529
03115
06173
03001
08178
01912
05711
04361
01233
00894
03062
06030
04312
03557
00621
04262
03851
04868
03896
06936
05835
02887
04075
05501
05420
08304
04112
04940
02089
03694
06219
05489
07953
05600
03540
03800
07100
03644
08439
06550
05763
02447
02279
07053
05245
04149
01014
04328
01879
03135
08242
04463
07350
00889
08214
06776
01960
03783
07995
04827
02253
02085
02726
04273
00709
05325
03298
04391
07913
06405
00599
07108
05614
05477
05702
02837
07165
05564
03119
00300
00212
00060
03710
00000
08410
07091
07799
06094
08020
00682
08222
02146
05287
04492
02042
07261
03474
01244
01273
06755
01060
03936
04885
07542
02207
01962
05558
07462
04478
02429
00205
04241
00808
06277
00933
07791
08250
08353
07612
03442
00954
01582
06537
07099
07271
04696
05201
04472
01970
08048
00876
00999
02890
03801
08206
05717
03856
07129
02660
05225
07938
02324
03098
06116
06146
05181
04566
04868
01683
03157
01086
03357
02408
04245
05718
00620
00608
03236
07729
04104
00027
02153
03480
04063
07471
04147
07750
06218
00775
01138
02535
01521
03561
06615
02899
01213
05886
02972
03377
00084
03729
03154
01197
02883
02005
07816
07347
06144
08143
04041
02868
06275
00964
00159
00464
08092
01283
01594
04138
05598
05791
06617
02363
05634
06524
05343
01776
07560
04377
07506
03015
03743
02851
06438
03393
06904
05693
05651
00732
05403
03548
02030
08188
03866
02373
00754
05984
02501
03573
05668
06199
03980
07336
05469
00213
06065
08339
05502
07096
00508
01265
02579
01519
00967
00622
01849
05990
01027
00136
05467
08008
01950
06530
04428
07426
05397
04302
01890
06417
02438
03962
02798
03068
02102
08134
03948
06804
07556
08446
00772
08425
00642
02388
01727
07514
06246
03878
00140
07396
06286
07758
06030
00939
07736
03202
01943
04163
04588
07871
06143
03819
06439
05189
08430
07392
04498
07178
07293
02828
07369
03416
00816
06298
05114
01225
03494
03439
00415
05210
04266
02915
08219
05004
04150
01170
01905
02675
08338
03121
02054
04772
04865
06616
00217
05611
04604
03135
08126
07902
01116
07930
05456
06350
05959
01342
03156
01892
06920
04758
07390
07839
07016
00878
06147
05672
01633
02544
04234
02670
02317
00169
00112
04294
04964
06114
03587
02304
06527
04024
01498
02724
04781
01742
00971
02291
00064
00959
01112
03273
03165
06320
04880
04136
03798
07339
04361
02196
04173
00841
02245
02443
02357
04919
00086
06896
03456
08433
05253
01915
03832
00733
05544
07907
01268
07114
02248
05745
06648
04027
00701
00116
03222
06080
02859
07715
05651
06664
07267
05823
08256
04786
06068
05134
00202
06102
02132
06345
05574
07464
04359
05253
07615
04000
04126
00587
01977
02668
06102
01133
03990
01563
04952
05454
01337
07183
01290
04481
04940
06027
04679
01945
00912
07211
02227
06322
00659
04232
02290
06871
03736
01539
03306
02846
05474
04286
01989
03756
01572
05572
01398
00994
08239
05035
00569
00393
03471
01608
06706
03205
08120
06646
00130
03651
06515
05955
06912
01876
04596
06796
03067
03854
01911
06951
03037
02125
02116
03480
02913
05867
02061
06157
01447
05942
07699
05847
06560
01031
01796
04767
06385
01821
00963
04242
02684
01343
03543
03754
02341
04283
02907
05273
01272
03200
05211
04903
07481
03787
01263
00576
04110
02210
06177
08211
03721
07022
06073
00391
04652
06327
04361
06429
05754
00198
06139
06519
04552
06459
06239
02272
07053
05684
05557
01300
00173
04263
06173
04780
05424
00128
02839
06451
03403
08287
06470
07939
03900
03089
05337
02787
06730
07973
06424
00385
06597
07660
02021
06581
01019
01581
04502
03382
04481
05907
03964
06154
07405
01213
03807
02252
00136
08239
03945
08477
03817
07265
07581
07616
00861
03373
06364
05559
01298
03205
01106
04188
01878
02318
05772
06452
01222
08323
00474
00680
00868
02812
06360
00473
06210
04944
06710
00630
06772
04813
02469
06729
04300
04744
04018
05823
05242
04863
00638
02667
05260
00460
07524
06241
01414
08073
03401
04808
07494
07844
02578
04432
07162
00326
03721
08362
02006
00259
06219
06768
06325
01470
00122
06465
06688
08184
02590
00535
04714
00146
04758
00678
02544
02936
01772
02664
05236
05568
01143
02644
00502
08080
01854
06693
01851
00382
07541
05377
05318
05830
07140
00166
07266
06769
06744
07764
05825
07045
07015
00276
07482
04388
08388
06834
05725
02691
06455
02402
02529
02168
07659
00954
00453
07724
05453
01432
04772
07023
01175
00390
01814
06965
01423
02516
06527
06987
05196
08181
07866
07851
02394
01723
06672
01586
06345
06861
02200
00192
07710
04251
04403
03889
06616
02560
06594
07206
01425
08471
08267
00638
05977
07397
00213
03085
04454
05807
08324
04724
02982
02570
04628
01967
08448
00403
03407
07379
05241
06980
06821
03163
01827
00945
07136
07590
02292
07332
01538
01436
05477
06562
05767
00399
00587
04886
08497
07952
00299
03859
04113
05979
05185
03257
05991
03684
01203
00017
02687
02636
01691
07308
04356
01724
01468
05706
03948
04940
06387
06276
01569
07129
07545
00743
05209
01029
08098
06612
05740
01968
05156
05323
01207
07857
08190
00191
04679
04022
04772
03388
02733
04297
00100
00391
05081
07819
04915
00398
07649
06175
02542
07605
00630
03209
07473
06209
02743
02837
00741
03697
02603
06068
06223
03319
02409
03202
02252
02557
00243
03805
07464
02500
00987
04909
07063
06370
03287
02721
03498
05848
03985
05335
08489
03331
07854
07340
02181
07697
01920
06815
02557
03643
01185
04536
01310
01423
06052
00785
00596
07481
02296
07245
03185
01850
04852
01185
04921
03693
01831
02336
00976
06468
00375
08259
01511
00682
08398
03730
02445
03789
01660
07206
00862
08460
04944
00220
07367
04108
03923
08447
02693
05884
00130
01986
03297
06197
00501
04509
08301
08103
04837
00502
01944
04851
01223
07335
01500
01402
02892
03624
01629
03989
08123
00143
08359
08146
00566
00217
01833
01274
03038
05139
03144
07769
03473
08325
03974
07170
05452
03536
04016
03318
08440
01598
08080
00960
06258
02473
01469
07963
02592
05304
05953
08240
05238
05602
02517
06318
07372
04845
06559
02232
02341
05254
08480
04490
08061
03241
00302
06176
00416
03175
05873
00897
02654
01664
05675
00447
01603
02823
07638
02477
01144
05696
07993
05402
01284
03426
00199
04924
04710
06354
04179
07726
05656
06876
04458
08122
00177
02733
02968
03316
00273
00954
08473
05099
07101
07621
00069
07065
02826
00526
04406
05352
05186
04975
06549
02400
04506
06264
07949
00872
08431
00563
03704
01776
07032
06353
00886
04609
05010
06343
06575
05600
06167
02544
06752
07698
06690
02227
07837
00554
05256
06761
02938
00055
06431
01665
02134
03181
03554
03388
01625
01714
07217
04792
07258
03540
00612
04996
03051
01702
04440
01419
06969
03935
00923
02250
05249
06088
05693
03888
06505
02920
00755
03765
01073
03328
06843
05562
05070
04793
07222
03053
07048
03390
07774
04413
03132
02991
04717
04454
03701
04690
07067
06455
01877
03622
07528
02652
00552
00578
02669
01214
02828
00402
01229
05098
02964
03797
04117
02087
05414
01625
06302
08468
07849
01268
03979
08150
04940
06943
01097
03858
08461
08126
03303
00056
03122
04119
05551
03341
05150
03033
06152
04711
01398
02517
05458
04543
03334
04691
07527
04758
03506
03780
03696
07985
03021
07819
04820
01448
05441
04715
03494
05405
08279
06764
03775
00151
04582
04054
05270
02630
00347
00119
01264
04238
00615
01139
04364
07297
03668
04102
04415
06953
05567
05487
02494
00899
06083
06405
03500
06289
00355
07844
01628
01487
05754
07117
04612
02179
02376
00970
03631
02350
04106
05781
05806
05687
02239
03028
04505
04695
03353
04459
04150
03635
04327
00957
03939
05087
05337
01528
01904
07383
07258
07613
02785
01276
06427
03089
08242
08036
05268
04175
04874
06331
06163
07666
08125
00087
01438
04878
01544
04119
00478
01584
07692
02424
02135
05187
06791
00080
00583
00830
06092
00649
02610
02250
08347
04859
03517
05740
08052
02898
01726
03478
06373
00591
02436
02560
00659
07324
08344
01856
00894
07491
08471
08021
03152
05620
07152
02744
07159
07056
00258
00049
02024
01571
05719
03744
00145
03273
08032
03598
04680
00745
08394
05250
07126
04642
06974
03638
04146
00836
04845
00675
08101
07975
08186
00356
00916
01787
03552
01200
07070
03629
03345
04950
01336
08149
00429
02455
03279
04881
00886
03063
05916
01006
05391
03472
06476
03193
00572
08080
00515
05934
01569
00469
00699
06933
03602
04628
01030
05478
00268
04052
06980
03139
01221
07733
07843
02976
06504
03917
00714
01504
05728
08078
00577
00123
03563
04546
05043
02252
00483
01989
05314
06726
01624
07366
01892
05886
06749
06505
00378
01072
02053
07191
04726
08483
06086
05926
01486
01798
05736
00240
00365
05006
00629
03177
04899
03374
08201
02267
08304
04007
03174
03075
03086
02788
07326
04684
02462
07273
02199
00014
02886
01608
08077
07901
06426
00173
01455
07469
03817
01765
06489
03824
03820
03870
06986
02826
00653
02014
00773
01029
00202
03177
06826
06712
05297
08132
06275
07850
01523
01216
03906
08049
07704
00476
02690
05019
05022
05021
00112
01314
00112
05564
03172
01188
00980
01033
03734
07891
05512
00527
01831
02752
03729
01163
02674
01473
07273
07871
05475
00933
03222
01752
04975
03208
07786
04555
04727
07709
03150
07678
05511
03124
06435
00371
07755
04736
00251
04555
06367
08414
04821
08057
04664
06904
04481
06052
05888
06574
06123
03971
03450
01807
07552
06137
07860
05564
01122
07310
07663
07605
03184
02301
06425
03085
08029
00066
03555
05797
06556
00307
08021
07460
02741
01828
08274
07546
04831
01037
07048
00287
02670
06766
06961
05704
06967
05434
04685
08393
04332
00835
04288
00929
03498
00329
05320
02827
03607
03201
01616
03762
05720
02242
00381
03517
03963
03157
03126
07142
07926
04134
05675
07884
08088
03903
07306
02474
02145
01356
03521
03643
07478
00448
05360
02909
01159
07243
06912
07300
07113
04125
05115
04284
06720
07028
01814
07513
08186
00710
00844
02818
03659
07403
03612
06341
06971
07142
01230
08040
08162
05918
01825
01926
02198
06007
03569
06728
01772
03675
00700
02142
00087
03025
06754
08106
04385
06968
05917
05304
02017
02897
03584
00193
04608
04027
07664
02814
05520
02855
08174
03663
07900
01405
06504
04986
01393
07242
03162
00026
07036
02553
01329
07542
00708
00664
01238
05712
00187
04235
05970
04162
02245
06649
03122
07676
01251
05859
08155
00634
02627
05407
07604
08417
05701
07205
01147
02783
00823
04384
05207
02888
04855
06988
03434
08469
03033
08356
03624
01203
08272
05737
07336
03143
00722
05742
02539
00925
01607
08450
04648
01931
06547
03904
08477
08474
02272
05638
01697
02777
06452
04806
07063
01881
05629
02624
03968
01585
06262
07697
08322
04078
02882
01149
07815
02194
07031
06717
07897
02844
00485
02605
03000
06656
02742
04016
00406
08105
01377
06823
00475
05251
00267
06242
04356
04362
07111
03951
03103
02395
05403
00669
02909
07065
02172
07732
03605
03609
00341
03924
08057
07839
05367
01884
01902
06200
01298
08418
00193
02286
02125
02633
07144
06711
07678
05650
03249
07906
01779
00683
02313
00682
03967
01697
01846
07209
04050
01366
07319
03510
07081
06973
05576
01193
08215
00606
07278
03512
06116
07306
04212
08066
02807
03627
02841
00999
02995
06128
02370
07301
03524
08429
02637
07124
04600
04510
04055
07482
02145
07406
05479
08075
08072
02262
02200
06915
08389
06624
01709
05744
03492
02872
03977
04444
06191
01834
00434
07344
06550
02386
03187
00056
01967
01032
02181
02472
06812
03063
05102
01471
02412
01725
06853
01194
00441
06657
06047
05131
00095
01834
06263
05273
07997
07328
03362
04756
03514
04106
02090
00795
06345
04011
01292
05578
05030
05793
03677
07097
04928
05424
05598
07740
03635
05571
01316
06484
04995
07693
03483
07745
04759
02955
02707
01469
00260
08263
04358
05183
02887
03726
07849
06946
04010
03747
01081
02464
05228
06848
05902
05089
02099
08217
01834
08005
04530
08295
02221
06773
06913
00295
07821
07071
05652
02960
06018
03272
00154
02655
06884
08093
08146
07891
02132
04194
04087
05170
01230
04661
02037
01312
06748
06854
03623
07210
03668
00003
01610
06718
05019
05025
02268
01449
05182
00520
04875
05417
05084
00144
03620
07190
07242
04676
06503
04589
02047
07963
00797
07313
06791
07038
03833
02810
07846
05333
08178
05687
05903
01950
03318
03303
04359
07764
01052
06561
06573
04937
08318
05870
06147
07780
05061
01447
04866
00718
02215
02351
04617
02196
00027
04355
03120
04585
01117
01802
03048
01571
06629
04057
04854
02157
02538
08176
03937
00378
07388
02557
07473
06636
07091
04801
00042
06856
07411
05910
07266
07395
07589
08258
01771
02755
05724
01299
04665
04621
07756
06535
00164
06134
04932
07686
04247
00148
07411
02242
03947
04811
04494
02619
04248
00105
00185
06229
07123
04775
03836
02116
04669
04910
05805
00018
00620
06203
05427
05663
08162
05563
06907
04282
01047
04451
07511
05180
01733
04412
01111
01104
07724
00950
00672
07866
05356
02599
01881
03764
03030
06763
06150
02539
01203
07627
05927
07446
08352
04795
01097
07814
04375
00881
07208
06863
01395
07810
01537
04622
00820
01504
05201
01736
02062
02997
01727
07666
00839
03494
07470
07679
07616
00142
01209
00533
04528
04167
06784
07911
01045
07937
08046
01417
04280
04743
08029
01065
06096
03938
04143
00984
02495
01716
05546
00087
06121
01822
08334
06608
00120
07151
03900
06830
02085
01425
07791
00168
03315
06813
03187
08141
02512
06463
04521
03322
04574
00148
00782
00817
03633
02677
00721
08391
04576
05317
01796
00116
03278
06718
08295
02330
06711
01573
07887
07876
08152
04476
03082
04462
03570
04830
00724
01791
00972
05190
03324
03067
07363
01120
04025
07235
07051
05582
04507
02173
06250
04002
04426
04841
03345
04138
01096
07486
06791
03116
03764
01326
06677
06188
06407
07006
00648
01589
07872
07934
05830
07719
02385
01870
06516
04064
03016
06330
00210
01692
04956
08268
07937
04700
05560
02263
00149
01116
07246
05095
00598
07477
08034
06708
02001
01695
04766
04240
05061
05458
07050
06898
06845
02868
02253
03297
02010
03791
07578
08299
02064
02569
02257
01087
07845
00362
06938
06833
02279
07281
04937
02937
01279
01095
04257
03677
05476
02881
02071
01021
07205
04798
01554
00210
00815
04686
05688
00139
04135
04157
00863
07765
04536
07915
07135
05933
05102
07904
07417
01357
00074
01621
00105
06636
03966
00599
07402
06810
04569
07128
06677
02143
05740
03772
04892
03287
06792
04497
07197
00500
03448
01483
04140
02606
03584
07027
02731
08285
00732
05359
06728
03372
05098
01852
01081
05632
07999
00128
07023
04959
01185
08423
05465
07496
07062
04361
05389
08297
07309
07296
01909
04381
03634
06913
06284
04023
04504
08237
07788
00076
08187
08303
03456
03245
02657
02769
04198
00753
01330
02975
02470
08459
04315
06494
06939
03279
07335
00948
02988
07951
02638
01561
03216
02460
01495
08021
04927
05967
07857
06774
03804
07911
08207
08050
08123
00549
02288
01350
00224
05156
03135
00623
04895
02255
08276
07304
05391
06704
06483
01053
06842
01662
03478
02143
02106
02347
07589
03365
05126
07592
03615
03819
08293
01203
03512
03186
03407
05668
07050
00870
05307
06236
02438
00492
04252
05262
00407
04570
01457
07743
07282
07641
02877
01514
07101
08429
07175
03505
01110
04757
04015
03103
01313
00287
04665
07603
04266
04507
06755
06653
04736
00236
06843
01296
04795
04991
00519
00501
07189
08013
00940
06636
08041
05515
01151
01522
04740
00445
05418
06314
00776
02908
07656
00068
05699
04345
01208
00162
01505
01888
04780
03097
07689
08285
02315
07282
06010
01363
04023
02024
04877
06903
01101
03576
03118
02108
05623
00935
07579
05509
07149
08402
01273
01190
07217
03034
05646
02397
06200
02582
07558
05421
05909
00880
07483
08142
02448
02990
06595
01401
05809
07315
05704
08145
05992
05353
04610
02743
06049
08284
03137
07338
04118
05017
03187
00356
03416
01734
07114
03782
00011
02483
04483
05291
08458
00193
01406
08337
08330
07526
06558
06952
02116
01021
01245
08283
00997
05093
02261
03996
02578
03438
02167
08408
03485
06299
06364
04281
05943
04995
00118
03670
00242
06727
04765
01545
07019
01181
06879
06551
04312
03492
03491
03236
07040
05659
07613
01205
02363
01687
02427
01476
06053
07685
06976
02759
03256
03465
00034
01022
03017
00666
03751
04963
01405
02863
05320
02924
02713
05616
00397
08408
04364
08130
07746
05922
08345
07224
02500
00647
06440
04723
02289
06050
00946
00169
06172
01211
02205
00594
02976
06246
04019
05823
05464
07571
07632
01504
01145
07823
03051
07246
04773
02540
03012
03442
03243
07581
00828
03349
04713
02133
05866
04913
00149
04663
04390
00929
00189
05612
02741
02902
03498
05013
02876
06229
08498
07520
06786
03897
08298
06462
00629
07805
03955
04263
03629
05303
04627
08241
02571
02866
04896
07270
05857
06514
04392
04022
04204
02370
04520
08166
00236
06989
06207
01192
00960
03082
07572
05935
00840
04714
07769
05858
07819
02872
08438
02225
03919
06713
05608
01595
04257
06638
07502
02188
00391
00892
00879
08079
05432
01627
01044
08477
04346
04775
02941
04278
01743
01151
03575
05584
03618
01587
06412
00182
02290
05321
07759
03293
02689
01700
02287
02803
06803
02283
02059
04749
07294
08293
04680
01199
07338
07253
01215
00080
01322
05948
02247
02092
04314
08419
04866
03951
03600
02880
06144
01370
06637
03481
05577
01789
02421
04649
00941
02324
04475
05858
04558
01599
04888
00100
03869
04562
05743
01616
00825
00193
04126
08397
05301
04581
03799
00308
00726
01456
02982
06134
08190
03639
04176
00540
01340
07899
08081
00726
05208
07510
08080
05802
04716
06816
05863
02093
07404
06846
04614
05800
04143
01390
01956
02320
07307
01593
04209
03834
01363
06199
02963
01391
05988
04341
05164
02201
04689
06644
05886
08441
06361
07709
05350
08273
01500
04881
06527
05148
02759
03301
00631
08332
05776
06708
04936
08475
02069
08073
07621
08307
00676
06979
07624
03333
00068
01911
01324
01281
01496
08413
04696
05761
00529
03462
03698
07263
02419
01938
05290
06393
02936
01907
05023
06060
00105
02528
08200
00077
06526
02316
05685
01897
01673
06714
03901
07659
01113
01233
05784
03368
04792
05692
02910
05342
02330
07913
00039
03046
03336
07995
08154
06901
07601
01459
00928
00746
01050
05228
00586
04950
08300
01039
05596
04765
08291
07126
06778
03389
03994
05279
05452
05773
03574
04154
00317
06876
08286
08017
03585
02584
01196
01072
06048
08426
05581
05213
00760
00524
06238
01517
04391
07947
00270
02933
05306
05686
04978
08113
07986
06823
06521
03370
04077
02381
04309
02655
03661
07808
01431
04558
03168
01214
06570
03545
02572
07354
05887
03226
03015
06715
02529
00439
06731
04202
04332
03550
04363
04805
01921
02957
00034
05990
03276
05210
00950
01751
01562
06235
03886
02352
00355
02313
07977
08303
06411
00530
03930
00780
08113
04273
05431
03206
06681
07314
01898
00145
00467
08251
07408
07446
06928
01311
00222
02348
04881
06986
07463
03121
06173
08258
01544
05350
08384
06429
03879
05940
05202
08371
03225
05188
03638
01319
03070
00794
06307
00689
04591
07063
06261
08275
01260
01604
04380
07823
08246
06387
08455
01414
01825
03805
01405
05087
03414
02161
07660
00194
04286
04213
01832
07907
01146
07787
05121
03098
02532
08283
01009
00078
07588
05628
01783
06563
04852
00444
02573
03029
03994
05050
00390
01623
02963
01943
04890
07700
00217
07245
02450
00929
00534
01257
05124
03960
07457
06471
08252
02013
02479
06856
07423
03928
04931
02904
07889
04866
03378
04382
04966
02801
01373
05501
00381
07444
05161
04000
03413
07035
05813
06750
00293
07209
02896
08193
06463
06332
06286
04506
01074
07670
06625
01450
06840
05042
05969
04035
00475
01553
01240
02209
05492
05651
07480
00868
04066
00249
02255
04864
08413
08194
08346
05412
06559
06067
08439
07088
08297
04476
07664
01478
01831
00665
01405
03489
04017
05813
03949
05657
01125
05147
07686
07362
01266
06183
01503
01527
00916
07231
08098
00499
07999
08259
00339
06168
04603
00170
08300
02756
00549
00604
04977
05825
02187
00938
06319
01492
03733
01550
00481
08287
00260
01820
04998
03896
08453
04384
03670
00311
03999
05393
01173
00528
05679
06671
00682
04948
08157
07683
05873
06427
03707
07736
06935
01130
04202
03070
00520
08232
06653
02891
04531
08395
01550
00417
03318
00885
05940
06620
05876
06014
01535
02264
02408
06299
01080
06782
07153
01114
03524
01012
06884
02761
00321
02584
06483
07733
02204
03413
04303
02261
06324
06805
03904
03943
02668
04317
01505
06167
05760
08001
03155
03014
06464
04339
01324
04270
02263
04701
07693
07681
04894
05460
01077
05179
02780
07412
08376
02783
06953
05809
00552
07098
08239
07356
03607
00970
03803
01112
01319
01246
00321
01144
06285
03998
03238
01894
06411
00903
06667
01021
06529
01833
07958
04440
05374
02637
02382
07952
06784
00834
06201
05893
07643
07124
01794
04440
01086
01477
03505
07991
03461
06227
02846
02138
04079
06750
03641
07622
01520
03059
03540
04905
00379
02731
02204
04831
04017
01615
01159
00296
08469
03692
07748
07726
05393
01594
05528
06813
00547
04770
08067
07897
07758
03690
00459
01137
00772
03846
01445
08487
08320
01305
04504
03836
05801
03453
05572
06758
04609
03660
06078
08011
08292
00296
03042
02026
05113
05862
02785
02530
08267
05954
06174
08251
05790
04071
03237
01838
03090
01163
02558
04255
08373
00938
00260
06818
03556
08185
04318
05551
01254
07385
05848
00567
02941
00574
00183
02913
00971
00958
06710
03625
04730
03978
00728
00092
07290
04665
07052
01429
05451
03831
02932
06808
06422
01946
03335
06162
00039
03941
06446
06337
04901
06666
02904
04590
02923
07450
04803
03517
08256
03142
05551
07192
04336
07285
05959
06933
05680
02157
02531
06586
00668
07564
02687
07806
03139
07384
06842
00770
06868
05835
04256
03949
07421
07554
01355
02030
04924
04448
07870
05049
05683
01407
06743
05681
03964
01007
01993
07385
05654
06046
07162
03041
00728
00389
06587
08448
00212
05734
08160
03240
04765
04030
07960
00978
00490
00042
01404
08057
04674
00453
05904
06062
04128
03001
08174
07774
06235
02280
05880
00792
00220
02918
02922
00933
01513
00530
03065
02890
05158
07629
06515
02569
03635
02382
02190
04009
05168
00685
00268
08464
01210
05283
07673
01562
04235
07556
00913
04180
07441
07488
07262
03843
03360
03162
03175
00200
01709
02015
03579
06289
03700
06260
03679
03958
02622
01736
05058
01701
03280
04820
01647
07655
04664
07764
03006
07085
00505
05383
01116
07424
08026
02132
05797
05945
02296
01321
06264
07392
01493
01224
06302
04576
01706
02249
04085
07421
02486
05290
00940
02850
07677
00455
06872
01834
00047
03143
02617
07610
07961
02931
01750
00928
06570
03678
00984
02599
06707
06249
04638
04923
06485
00314
01990
03992
01157
03204
07928
00571
04798
07218
01312
00929
03064
05697
06111
03289
07852
05540
05371
01533
02743
00499
02204
07365
08284
00484
04942
02480
02170
06495
04476
06203
05949
07728
00440
07404
05464
06199
01865
00016
00048
00371
01367
02045
01815
07508
02249
04112
05995
03619
08297
00242
01984
04469
00209
04034
07365
08013
05993
06832
05148
07798
02539
02097
01064
07549
06314
08144
02007
02468
02196
05611
01378
08125
04715
03051
08488
07837
04730
08478
02556
00529
02385
04903
06607
04194
06742
07825
01541
05493
00440
07832
04049
06263
03610
07289
01019
03127
00634
05965
01599
03635
00064
01038
00384
07816
06597
05958
00082
06243
07373
06661
01567
06712
05408
01565
01856
07305
00498
06741
01848
06652
07547
07279
06429
03782
07790
05535
00246
06333
07854
06974
03698
01714
00278
00932
07140
03516
03361
02946
08198
03736
00246
00135
02671
05342
01943
07914
04303
08424
04586
06101
04989
00778
02478
00722
05577
06003
01402
07703
03885
01172
05275
02043
03854
00478
05329
04432
03772
01198
07540
06644
05594
04905
08474
07942
04553
06622
04040
06245
07845
02740
02406
04943
00665
02360
06336
01448
06835
02585
07807
03641
08208
02798
00746
00177
05007
01066
00681
06548
02033
02292
01216
06203
01236
00385
01989
02380
08237
02120
03941
06191
00749
07204
08132
04605
04208
03901
08243
06241
05698
06500
00308
02017
05602
02445
00469
01076
06459
05648
00816
04378
03163
05084
00435
00572
04296
07785
07274
02162
00731
07508
07228
06771
07359
02521
00743
04041
00814
06761
00642
05598
06803
03494
04078
00527
02868
06608
00390
04047
03604
01977
01891
05099
05002
00145
06435
06730
02752
04517
03906
05992
08374
03034
08343
01577
06963
01767
04605
05253
07899
05488
03773
01874
04356
02841
00677
02478
03426
04638
06659
07114
00241
07361
08260
01476
04433
03011
00393
03381
04378
06840
05620
03658
06476
06515
05868
02750
07798
03965
00294
03846
07234
02154
03284
03430
00688
07013
01828
00968
04448
02806
05942
07325
04075
01155
04655
08167
08486
03254
02342
04442
05485
00147
04753
01460
08467
05685
00845
02642
06715
04220
07479
05336
03024
01295
02211
05113
03239
07976
07811
00931
04529
08349
04542
08257
05860
01688
01076
08361
02171
04775
03128
06188
05058
06274
03336
00630
07440
01946
01541
00899
02451
07120
00788
00143
03057
05447
00338
04239
08001
06680
02092
00288
01250
04652
05422
03218
07898
05052
08185
04165
01016
01564
01225
02404
08443
01588
02214
05256
00942
01909
00915
00260
00000
06641
07392
00643
07481
00251
06833
02449
05711
07045
05616
07351
04331
03228
03516
08147
00101
07678
00189
02361
05895
01727
06760
04133
02226
06570
02390
05938
05083
03170
03265
05498
06336
03322
05872
06123
01527
05390
05764
03782
03912
05345
07465
03085
00304
01351
06439
02216
05163
07023
04398
00080
07394
00063
03600
02691
00214
01816
08265
07651
06465
05313
06338
04647
00694
07703
02887
06597
01805
08044
00835
07815
02621
02774
02947
03036
02857
02955
06423
07718
07222
06090
07816
01178
06431
08336
07775
07579
03404
02661
06123
02104
04285
01119
04834
06666
05555
06366
07854
08236
01777
01233
02207
02459
00100
01020
05913
07600
07821
05599
04303
03228
02909
05028
07196
05886
02163
00326
00775
05597
02115
00214
04007
07726
05891
04262
02428
05324
06526
04749
02556
06703
01368
07137
00182
06046
01407
00113
03116
03719
03741
02215
07465
05222
01133
01841
07737
06121
01893
03473
03310
03359
02603
07931
03885
01311
04054
01164
02242
07348
02327
02704
04262
06684
07661
03140
05037
06149
06730
07987
05227
04460
05401
05452
01044
05489
02368
02229
07204
03460
04464
02622
08087
01131
01880
01711
01666
00008
06043
05032
08347
05619
06142
02497
07999
06769
07614
00091
08012
03056
02495
03166
05215
04035
04857
00640
00828
03252
06620
02711
00373
04973
00591
08039
05490
04797
04475
03447
01742
03257
05351
02350
00663
07448
07756
00534
05556
03895
08121
03769
06832
07869
01888
03812
02363
01479
03780
08197
02697
01516
02040
02860
01503
04973
02071
05834
00843
02000
07843
01107
00348
00750
01995
05470
08434
01695
06055
06027
03104
01266
06283
05198
03167
01914
00372
04194
03260
04102
05588
04814
07775
02788
07033
05519
04903
06192
01984
01666
04417
04220
04684
07458
01136
02775
02026
04537
01088
08305
02786
02962
01604
00458
00839
02110
07646
00783
02679
07431
01133
01722
02951
06230
05234
00728
03646
07541
00740
05034
01686
07039
05678
05926
01687
01273
06916
05856
00111
02773
01513
01901
00498
07672
07071
03435
05711
06069
05326
03407
03398
05585
00839
01772
01594
06040
04626
00805
06003
00102
06815
05247
03260
01037
02509
01161
06934
05095
00417
00537
03585
00956
04773
05100
00809
01736
02478
06561
04077
06543
04057
02590
06636
04345
04514
06024
05936
05773
07939
01043
03488
05941
06951
07147
00295
06253
00438
07949
00207
06213
06214
03369
01001
07581
06200
05565
03874
08024
06721
01763
00138
06321
01505
00029
07321
04719
04969
04286
05411
00726
01553
06832
00598
07867
04588
00909
08323
07601
02753
01043
03574
01787
04976
07674
07279
01440
07466
00744
03333
06921
05163
02547
06358
07449
00372
05363
04690
07930
06604
01394
06941
08364
05308
00318
01620
03556
02292
01583
02380
00035
00242
06635
05541
00441
03774
00782
08098
06725
04067
07406
02699
07651
00100
01120
03185
07409
01315
01125
06353
03763
08120
08340
01927
04217
04324
02197
02610
04448
08477
04999
06341
08474
04901
02263
04334
06490
02357
03423
02951
05448
06379
01278
07914
04561
04709
07793
05866
04844
07087
05442
05056
03697
01021
04656
03745
05347
00193
05164
05844
03346
00831
02871
05064
00710
02394
05338
03748
03599
07064
03755
04639
04890
03535
07121
04137
06280
02302
04963
03574
01750
07343
00006
02067
08325
01606
05770
02066
02261
01664
07351
01143
00522
04715
00561
02559
06623
07981
03145
06372
03775
05017
01307
04867
01861
08425
06326
06557
01975
05974
03123
04477
05111
01330
04966
05088
04635
03180
04209
04231
03248
02139
06319
07798
08394
05808
03082
01531
05849
05830
06238
00273
00684
05020
02987
03354
02295
01414
02765
03096
00488
02006
00191
06195
00640
01022
01617
04589
06463
01486
04055
03088
04814
00283
04591
05726
01000
00479
00078
05575
04541
01201
07400
05775
05295
07050
07015
00267
05647
06178
00815
05821
04952
08357
07268
05572
01315
06641
06391
06425
03052
01253
06666
06849
04928
05144
05840
01425
02164
04456
02201
06613
00262
04499
05636
03590
02175
02822
05319
01633
07181
04070
05163
03200
01262
06120
00226
03443
06234
07897
01829
00381
05007
02220
04659
02302
02331
01215
02169
06369
02220
06013
07327
08075
03419
00230
04205
02983
04638
05129
02111
05777
07569
07940
05166
02933
08368
00306
01813
01629
00256
04481
06439
00172
02479
08092
00435
00482
03498
00474
05342
00641
01930
01525
02996
07826
04502
01983
00160
03697
08489
03491
08426
03183
02464
07341
00967
04561
04811
01148
04596
01810
03405
07233
01320
01902
07657
03492
06768
00779
01657
06814
05020
05654
00754
04466
02768
02134
05887
05478
01688
03268
04207
04167
02530
08386
04884
02206
06131
00391
07146
07233
00069
00534
04161
00000
06692
05483
06045
01157
05567
00271
08032
05652
06770
00375
05722
08137
06690
05430
00596
01208
02273
04692
05785
05449
01597
06276
04395
07825
00832
05224
06451
01506
01591
07700
00637
05072
02559
02064
07430
07058
00560
06502
05971
00770
02609
04520
02788
04545
02572
04976
07598
03467
01032
07682
04775
05167
04617
02791
04576
07720
02157
08486
08019
04694
07401
04437
02363
01320
03870
03511
01053
02004
01279
01306
02563
07890
05464
00665
07620
00186
02328
07346
03054
06884
04680
06481
05540
05946
03604
08180
00043
04621
01563
01111
04497
02158
04565
05545
05113
07492
07609
03223
05870
05430
00807
05001
01522
02430
05591
06322
01443
01622
05192
04901
01819
01376
04234
02509
02721
08360
04795
05191
05116
00270
04756
07527
01199
07425
06481
06888
02610
00068
01347
00113
08237
05649
04974
02740
00978
07556
04251
06528
02825
00462
01270
03740
05737
00745
00193
08179
05438
02977
01450
06727
08479
01197
02816
03092
07718
05572
06126
07946
06642
00392
00172
03103
06877
07901
00179
05227
07638
04542
05167
06302
05230
05121
02599
05421
04780
02677
06585
08334
07615
01292
06485
07701
03841
03860
04842
06652
07517
04811
03528
08222
01381
01888
04704
01376
07750
07677
06885
06046
04630
03186
00544
03121
05937
06728
03119
07658
03252
00962
00811
03602
05507
00550
07772
04977
06084
05757
07602
00862
05457
03069
00655
04609
08103
07052
08177
03576
03298
00513
03065
00308
05338
01851
01477
03908
02507
03298
05198
00364
03973
05622
08107
05631
07978
03074
04395
00883
03978
07626
07861
00766
03922
03279
01391
03959
01413
08360
06376
08095
07955
04130
04068
07651
01411
05776
05254
06835
07092
08368
03804
00895
07416
08203
03379
01442
04390
03025
06706
05203
01058
05078
01782
06425
05411
06600
05572
02612
03865
02916
04507
03242
05673
05392
00712
01253
00671
05103
00628
07198
05551
01193
00685
01926
01207
04143
06945
04050
05641
01703
02464
06032
05940
07389
03126
00642
08293
04500
00074
00427
07745
08220
06469
00036
07938
05298
02126
03170
03536
04951
04158
05545
04713
03147
00329
07247
01348
05784
07969
05819
08363
01999
01871
07579
00992
04846
03040
05801
01224
01384
06440
04978
02648
05768
04499
01850
05856
02353
05958
06432
02945
02344
05417
01289
07437
01494
07671
07508
07758
04720
06450
05677
06086
06581
00221
06272
02639
04355
08364
01563
00115
07816
07028
04539
02514
00864
02692
05526
05415
02520
06476
04629
07798
04857
02544
06717
05528
02823
02529
00710
00962
00142
02380
03153
01875
00282
04508
04403
05375
00287
06143
01590
05439
07551
03040
03150
02263
06137
08256
01142
02077
02704
04248
01055
00999
05076
04087
01230
07042
02518
05833
04793
01510
06605
00984
07702
00421
06513
05218
02284
07306
03478
00908
06308
03912
06350
03914
01273
00732
08245
07040
05542
08192
04260
01097
00811
05320
03196
06103
02234
00351
06034
03592
05608
08359
04215
08089
04281
02738
05444
01284
02902
03023
00416
03207
08097
02625
05208
08464
01750
04211
05553
06711
04456
07596
01181
05605
04528
03002
01289
02855
07119
04750
05487
02859
07500
06874
07663
07119
03356
01907
01552
01006
00366
02170
06185
07053
00235
01651
04370
04215
03187
06698
04641
05862
05830
03918
04978
01827
00897
03839
00235
06996
03181
02916
00694
06752
05709
07170
07393
00423
05593
01196
05779
05608
03368
08463
03488
06374
02920
05298
02056
01455
05074
06336
05078
08024
03095
01798
03572
05058
00553
05601
04146
05717
06218
01720
07691
05716
01199
04607
04121
07184
07548
07248
02573
04138
04528
01655
02079
03144
07563
07449
05820
03916
02627
03161
05290
01814
05319
06936
05582
04319
00101
08283
03570
06327
08348
08431
06945
05219
00938
08065
05070
04595
03591
05236
04973
00168
01757
02396
06785
03746
08461
01073
08077
07978
01876
08005
05882
03671
00047
00403
07829
06587
04013
04545
05927
01944
03186
05477
00345
05129
03177
02312
04678
08483
00368
01648
04540
03430
01800
00140
02330
05165
02596
08002
01357
01905
04011
06052
04423
07691
02770
00468
00681
06336
03784
04227
05669
08475
03636
08297
04434
06349
00109
01360
02364
00941
02198
05391
02429
05011
05497
01846
02734
03891
03074
06063
02532
07845
01493
01387
00303
06555
06240
05647
01369
04687
00948
01510
00304
03549
04959
00001
02869
02669
08486
00766
01548
03612
03273
04870
01701
07081
02336
02078
02194
06816
05983
02373
06963
06473
06362
04712
03480
07526
06302
04823
02245
06472
00211
03948
01956
05897
03386
04478
05585
06072
03672
01621
06458
06480
05026
06724
01979
06762
04153
00852
02020
02810
07865
00999
06974
03643
06450
06953
05044
07680
03378
03669
06506
00735
01658
01395
02901
00624
06425
04843
08371
06261
03639
05617
01330
05558
07656
00026
06344
04912
06343
06280
07745
02704
01906
01231
00904
06785
05264
00321
01065
03482
01222
03968
06652
08063
01889
06906
06715
06540
00157
01250
05854
01557
03562
07378
03436
07037
01331
07640
01631
06025
03611
02947
05121
05463
07257
01862
03765
02948
06309
07784
02609
08292
02226
07961
04934
03614
05259
08125
05803
03628
07921
01339
03451
04893
02010
00364
05468
06637
04383
00314
06557
01010
04673
08007
03912
00857
01727
00479
03459
05109
03429
02631
04390
06128
06880
07760
01112
02299
08449
00768
03871
07617
00089
06248
07377
02179
01323
04615
04842
05715
00545
00863
00897
00127
01573
04114
00619
03302
06610
00828
07719
02022
02200
00692
01387
01813
00618
00933
08424
06573
03168
01267
00176
00794
03433
05051
00065
02944
07233
08144
02767
01419
03124
01920
00604
01700
07322
07839
04180
04797
03440
02318
06071
06664
00474
04073
00851
07360
08427
01491
03539
01298
05257
02071
05158
08084
00246
07280
01847
06116
04287
01609
05913
03956
01001
05772
01570
00201
06118
08498
02888
01086
02877
01517
06439
02251
02046
04960
00736
02311
04072
05383
05592
00028
05219
01215
01310
07998
02922
06909
04098
01335
08162
07736
06817
00798
06746
04584
03622
00401
07491
08475
03463
06518
03403
04032
00538
00623
08309
01075
08297
08350
02180
08348
02356
00548
03484
05326
01822
03552
06060
05312
02890
07173
04870
05532
05939
08425
00805
05744
01724
05194
07517
06539
03082
03832
00632
04968
07837
07172
02823
05033
08121
01171
04471
08151
06870
04926
03182
00774
02319
00431
04441
00165
04956
08418
05447
03617
06931
02078
03761
08387
05261
00979
00666
05692
04379
01184
07707
02744
00739
06929
04391
08143
02038
06941
02965
08176
02335
00958
01727
03690
02574
07038
03851
04598
03216
05617
02021
01932
03030
06105
08371
06219
00173
03331
07368
07448
02464
04803
01113
04917
02301
03532
08299
05431
07411
00381
00443
04250
05742
06988
07903
00027
07453
05206
04741
01033
02265
07800
00523
02847
06950
03280
07513
03985
03267
03980
03361
05818
07331
08140
05080
08327
04059
06531
07993
00142
02332
04921
05863
00166
02085
07820
06552
05155
03206
07346
06983
00642
08371
05581
06246
01400
02760
07706
01373
00068
02644
08152
01894
00578
07954
05544
08366
06393
06536
08396
08078
07669
07481
02973
00632
04596
01892
08450
05704
02240
00271
02702
02866
01195
00284
03469
04950
01037
01905
02396
07039
04314
08443
05400
01202
00604
01179
04278
00550
04276
07828
01525
04274
01507
02770
04151
07563
07999
02208
05537
07904
02449
01578
05899
05877
02954
03305
07057
01795
05728
06499
03228
03217
07283
07852
07592
05792
02368
05732
00879
07725
01464
05052
03567
07517
05444
07303
05190
05250
03872
05173
08015
01032
02549
03829
01940
02028
01771
03129
04387
01844
03584
01892
03430
06485
01057
02645
04064
04663
01935
06391
08225
02354
06797
04980
00062
01026
07160
04232
07399
01648
00099
03470
05062
04476
00938
03758
00394
07727
03935
08413
02380
01986
06106
06734
04001
07298
06578
07712
03700
04060
05539
02274
03083
00669
01622
07335
04982
01478
05431
05261
06456
02913
07328
07519
00684
02495
04552
03832
06252
04931
05118
06664
06432
00925
03588
01615
03013
02389
00027
01185
08192
08179
04522
02072
02686
05978
03851
01869
07115
05125
06930
01862
06201
06609
02062
03925
06447
06675
06913
04778
02102
06047
07616
01071
00163
07033
07392
08017
05818
07756
02635
04873
05596
02728
06511
00020
07357
02826
07094
07711
01957
08391
05239
04675
01313
04573
07369
00244
05028
00046
01863
07898
03885
04619
03300
01305
00433
06386
06076
00582
06326
07473
07955
05999
04419
01534
04994
00364
05305
05656
08277
07493
04560
01395
02504
02936
07428
00720
03123
04671
04011
05025
04716
02359
01608
05912
06807
01544
02933
01251
07250
08285
08014
03915
07795
04668
05547
04802
01235
01883
06116
01420
00405
07138
05903
02418
03644
08181
00411
05439
00482
04535
07196
00167
05274
07076
04204
07829
08028
08476
06029
00261
04545
08029
08204
03807
05846
03263
00894
01120
01803
02193
03181
07118
02805
01691
05116
00736
07723
07866
02305
03572
08170
00539
07015
06217
07740
05227
07936
07974
04713
03710
01207
00240
07785
06012
01399
06452
03629
02329
07774
05172
02272
08053
06845
04039
03214
08451
07493
08397
03810
07635
06830
01673
07700
05811
04956
07200
06398
01343
07152
07455
07199
02090
04117
05864
07247
03385
04456
02666
01239
06850
04101
07793
04896
05729
01911
05322
06500
01095
07164
04517
05803
05096
04467
06810
00036
06521
02095
07486
07997
02280
00497
05681
04265
04687
04193
05828
02257
06803
03882
08065
06246
07085
05440
04233
00854
07872
02508
03203
06702
03918
06311
07127
03995
03078
03991
04233
04002
07663
04079
00407
08499
04994
02242
07287
05861
03585
04260
08442
03629
05516
07665
05274
08000
01266
00855
00458
04154
06478
01223
00879
07605
05045
08247
06524
03155
05171
00599
00308
08277
05049
02426
00717
07582
03521
05212
04669
00556
04933
01242
02484
06245
08039
04530
02972
02597
04574
04634
05317
02340
04663
07780
08365
04288
07019
07988
08484
03306
07792
00202
01354
04250
04560
03118
05810
08052
03913
01194
00443
02277
06623
06996
07583
08075
06780
06129
06843
02550
05325
06341
01893
04329
05511
02896
08105
03565
03417
03770
06979
04992
05770
06409
01231
03697
06187
06021
04263
00867
07842
04873
07806
00497
07550
01287
00470
02783
04083
02400
01456
05903
03918
07332
06032
03903
07834
01434
04504
05174
06230
07681
07945
03425
03411
04394
03860
01317
05935
04945
03188
00310
04844
06135
00081
07072
08263
00714
06791
03375
06887
04925
04173
00376
03370
08431
04572
06804
00820
07075
08276
03935
06623
03029
05069
00914
00044
02108
04628
05951
07087
03771
01585
08494
07899
00791
05409
00782
02301
06004
06992
00396
04698
05740
02720
04136
02196
06201
08330
08159
06481
01394
02043
03662
07368
01678
08464
07245
01946
02441
03975
05854
06368
01075
05033
07037
07131
06178
08416
00914
03721
06905
04326
05599
05075
07144
03833
07896
02973
06304
03402
02268
03137
04103
08445
03784
05652
05619
05378
07132
07127
01249
03070
07248
03710
07125
02917
01441
01308
05635
00256
08456
04198
00776
05025
00066
01434
02585
07378
05564
03952
05706
05023
04527
07664
08499
04180
07856
05751
05106
08474
04054
06865
01120
07307
01182
03228
04569
06285
04192
05814
01443
03548
03278
04225
01451
08048
04579
07555
04868
05637
01791
04522
07832
05627
07148
06610
01625
08482
06132
03446
00017
03302
04050
05346
06879
05016
02071
08399
07195
05057
00492
05401
07900
06541
08322
04441
04592
05784
03649
02122
06140
01329
08374
01294
00363
03860
05836
02891
00238
04418
07605
04429
02662
06996
07915
01152
05817
01077
01441
06146
05178
01256
05492
02193
05605
01754
05329
07651
04900
08341
02373
00156
00374
07839
04236
07001
02729
01543
07349
03244
07689
06369
05915
02975
06143
02505
07202
03854
06407
07132
06909
05777
01516
01796
07429
05247
07479
03207
04182
04178
05184
05735
07249
06679
02401
08222
06930
06723
07335
02327
05561
06163
06370
06277
03893
06553
03993
04957
01272
01651
07052
08387
00506
03425
00184
01135
06177
04861
04449
07096
03986
06499
05146
03522
08410
07688
04701
00486
04572
03311
03809
00814
03419
08249
05466
01300
01860
03230
02264
01251
07354
01573
06785
02085
01302
06854
00481
05734
05017
03320
04252
01814
06453
00826
02487
05973
02521
00483
04951
06247
01370
01757
08163
05758
04551
03687
03652
00153
07791
06039
05456
05481
02043
01415
04353
02927
03262
05751
00308
07492
05690
03273
01831
03192
06482
02410
04959
00790
01233
03876
06470
04842
07659
01202
05668
05032
07813
05571
04589
03117
01127
05675
04553
01593
03771
07596
01344
00020
07301
07445
07921
07483
01235
03370
04478
07462
04498
02299
06957
01171
07722
04151
00523
06334
00643
01237
00422
04196
07090
00190
04784
08295
05528
00619
05063
06476
00562
02906
01519
04360
05989
05011
07029
02909
01068
08068
07870
08032
06773
04258
00495
07868
02668
02197
00777
03571
02404
04592
03660
05894
03684
03097
01398
03475
07750
06570
05701
00525
06348
02660
01305
05347
07083
01842
01810
05063
00081
06096
04566
00275
00414
03455
02172
02635
08131
02592
01264
00877
05236
03332
00797
00381
01909
05166
01142
01245
00172
07769
00081
04598
03241
06990
01319
05202
00070
05830
00573
01213
03646
06264
08183
03038
07546
02701
01267
02022
05796
08073
00741
07721
01168
05319
04947
06230
04172
02767
04544
03654
00855
04335
00949
06297
06846
05716
05140
05135
07935
08322
03981
01930
08124
02894
08492
07057
04336
07905
07002
02670
03185
05805
07067
07238
02623
01457
01396
06145
07409
05210
01420
08293
04726
04937
00139
00479
07193
06845
07872
01889
05446
06678
03144
07315
07181
06396
02841
07409
01922
00890
04507
03483
07544
06802
00467
00696
05298
00525
05213
06474
01312
06165
00064
05258
05578
05663
08489
02000
00552
05083
04348
01725
01454
01487
04549
03289
03935
04620
00539
04897
05050
04224
05595
00165
06168
04354
07068
02464
07425
05960
03610
07220
00753
07238
01933
05886
02027
00148
06908
01995
01618
02689
00671
06885
05404
06824
01451
07037
04325
02444
01337
03037
06488
02805
05723
04032
02125
00515
03822
01565
03415
03937
05691
06161
01209
04839
02713
08383
05816
04852
04056
06442
07135
05495
02906
00200
07392
07842
02448
05850
03219
06842
00396
01089
02969
06150
02433
00331
03815
01454
04002
03999
01041
06421
04756
00755
05822
06002
03427
02811
08366
05312
01941
00783
02844
07865
02900
06462
04153
00769
00514
03675
02069
06337
04571
03350
06009
05830
08442
01599
00771
08280
08075
04890
05179
00535
06637
08311
00970
00829
01512
01866
06405
01636
03363
00063
07539
00367
04662
07919
02992
00924
01991
05175
06424
08040
06718
02679
06484
08111
00313
04912
06091
03364
01918
03491
01664
02752
01146
05148
00020
01575
03207
07178
04676
00695
07214
06978
08390
03833
07666
04744
05029
04720
03849
05979
06750
05217
08082
06936
05305
07465
06276
06729
04029
00149
04646
04533
00285
04699
00238
04164
00444
04107
00053
00957
06752
06709
07718
05799
04807
07131
02459
01316
00607
05140
05625
08403
02525
02887
07198
04262
07501
08189
02814
00896
04412
02993
00671
07528
06906
04025
04367
06597
00162
07299
03685
07531
02217
03104
06343
07351
04444
05994
05202
06756
08115
06000
03415
08218
01816
05661
02419
03212
07727
07782
04159
04359
02436
05914
02714
06305
07170
01550
07971
05588
01443
06930
07071
06102
03750
02121
07428
04654
05544
05276
03209
07214
03449
01930
05663
06214
01187
01361
05064
07830
08113
05241
00078
08159
03041
02918
00406
00158
02930
06509
00476
07752
04201
02952
04268
04152
04084
05086
04211
04192
00788
07646
05124
06640
03608
00555
08272
02277
04506
04270
06693
04388
06160
07406
06376
02543
08079
07352
03556
03981
06274
00734
06424
04083
05690
00805
05079
05696
06063
06071
06450
03241
02638
03148
05990
05986
01197
04430
05068
03940
01165
07560
06859
07363
07635
03480
03210
01093
05807
00376
04319
08210
07701
07650
02804
08035
04289
04256
07384
01894
06574
00392
01250
06744
04500
06990
07807
06090
05964
06680
05354
01130
03649
04319
08069
06798
05376
01699
07022
05267
01743
04245
06920
08043
07124
00277
00032
05717
03482
06667
02964
08371
06030
06883
02355
02194
08172
05173
02992
04602
00872
04752
05509
06849
00180
06191
06676
07757
00780
01320
02037
03574
04301
02001
01778
00634
04995
06402
03568
01525
00641
03869
00955
03122
03423
02191
02302
06227
06412
06911
02064
01185
06142
03056
07647
04087
00256
03120
04051
02185
08210
04015
07667
01902
03760
04491
06037
08363
04573
01541
01580
04603
03107
04322
04392
06247
08428
03686
04325
03519
01235
03533
08387
02967
07506
06380
05174
03933
03756
08002
01963
06425
00075
05383
05476
01175
07328
05835
04854
07356
03267
03880
03704
01154
06554
01386
04387
06510
03938
06512
05364
01046
05585
02004
07046
01053
03227
00597
01179
05327
06200
04997
07442
02669
01391
08409
06432
02728
00013
03521
05028
00415
08204
03868
02703
02212
03420
03053
08484
08132
02141
00798
00473
04735
08155
01214
07365
04942
03098
00626
01295
06721
03620
07101
06467
02805
03714
07164
05731
04194
07744
03201
05711
03679
06194
04603
04911
06959
06908
00835
04872
08260
05768
04491
01727
06039
04491
04777
08358
02070
01698
02312
05844
04170
00041
04970
07311
03102
04891
05769
05780
03125
02227
03119
04032
02644
07302
03453
03327
06583
00758
08276
02347
05302
06152
03384
02726
05306
04131
01155
04055
06498
04020
08443
02435
08479
04461
04560
02185
04087
05794
03471
08313
00309
03856
04127
04871
00423
02623
02685
00202
02706
03154
05769
03152
02275
02005
01629
01709
08311
06610
05114
03172
02160
00320
07386
07907
05348
05414
00815
04274
00060
01929
00743
08024
02325
04294
01409
02142
00203
02323
07512
00081
02242
07224
03476
02867
08378
04690
03573
00817
07444
02204
01264
02508
08123
02982
04961
06894
00057
04855
07319
01924
08301
08054
05716
00383
03815
05553
06605
03975
03452
02123
07654
02473
04324
04441
04578
03800
02051
01276
08217
04003
01751
05641
01299
06867
07616
05497
03653
03143
05837
05740
05460
02930
00375
02798
07655
07036
04817
03273
03867
04358
05730
04094
07429
01272
06156
02927
07143
05820
05518
07690
02988
04641
07381
07949
01953
02234
07800
06218
01278
01673
04670
03345
06299
02169
01313
05524
00619
01444
05064
01027
03631
02122
00430
08166
08352
02431
06446
02536
07855
04707
02032
06137
06214
08092
05350
04925
04044
08324
02368
02928
02011
00330
08454
04694
05982
06028
04747
01745
05405
05575
07623
07417
02281
00399
02179
07168
02801
00822
08014
03203
04631
07000
06884
00877
00933
01924
03293
06679
03679
04450
05832
06928
00465
00144
00010
03956
07238
08432
06534
08141
02233
07101
01328
02873
03697
04710
05582
02907
07496
04289
04419
07516
07293
01831
00414
05822
00558
03121
06288
05273
07097
02295
06042
00142
04771
01209
04325
02481
01268
02076
08009
04271
00006
08382
08145
03178
00919
04282
01065
01881
00314
02655
02062
02119
07618
00937
03063
02087
03600
03103
07933
00610
05744
02115
03100
02942
05382
07247
03801
08483
02838
01440
02200
02284
06672
08282
05503
01492
00156
01392
01418
03991
06251
03218
07471
08217
03163
03265
00938
05861
04416
00990
01225
05326
00003
06259
01641
05735
03541
02603
04404
00481
06041
01773
05708
05836
07508
00681
03150
07111
08130
07399
07116
06288
05858
07285
00209
04320
07790
05707
06539
01931
03985
03826
06247
07089
05222
06386
04513
06678
05013
02485
02343
05239
04514
00850
06003
08450
03706
06670
05761
05215
03422
06395
05324
06597
04551
02663
03750
03098
08245
03668
06514
00622
00208
05694
07617
07299
04864
02973
01185
02058
03405
03253
05854
06698
04907
01504
07695
06979
01217
07891
07642
00264
04389
04085
01404
00810
07780
00345
01836
00466
00922
05831
04148
05650
03272
04092
02929
08237
02875
00127
07391
08136
01806
08039
06892
07520
07418
07778
02248
02819
05922
03606
01819
08179
03685
01556
05310
05330
01766
00528
03812
04576
04779
06597
08380
02239
07799
00246
01628
04018
02042
06260
08314
01656
00128
08003
02203
07787
04381
05296
08184
00761
07644
07513
04233
04203
05111
05117
03854
05878
00467
01678
04829
06196
06494
05105
01538
00192
03609
02693
03006
03849
03461
04797
06287
06685
02834
07900
06325
08117
02666
02575
01897
05714
06787
02194
08467
02424
05172
08115
04778
07942
04139
05108
05429
02802
01921
03764
04770
01429
03931
00098
05030
01892
01148
05625
00304
06164
06860
07068
00499
03680
04631
05082
05770
03501
05933
04458
03131
03218
02286
04694
03772
05554
01841
02630
00202
02191
07694
07177
06633
05944
06985
07623
01270
06067
02123
07085
02048
03225
04399
08401
00544
06075
02090
01538
01668
01328
01087
03321
00871
06645
01035
04015
00539
05989
02478
07956
07217
07673
07167
04948
04082
01255
07654
01921
07032
01520
02806
02868
02551
05775
01023
08253
02286
00975
01426
07482
02201
00636
01308
04963
01392
08177
01553
07725
05812
06107
01349
05258
07026
06218
00206
04738
01270
07287
06622
07540
02841
07044
06517
03970
04110
07855
07783
04674
02767
08062
00382
05062
07547
07116
07770
01796
01718
04323
01646
04433
03457
01878
04867
00044
02157
02045
03633
07378
01279
03207
01134
00967
07296
02744
04176
05632
03503
00165
05687
02429
05140
00694
00140
03499
05634
03654
00765
02096
06381
08378
07716
00486
03232
06964
05488
01213
03409
03314
00447
02148
01391
02260
02626
06300
07771
07855
05291
03329
00736
00104
02469
00058
05161
04357
02375
03120
03304
05699
07446
01895
00784
07390
06953
07105
04296
01813
08383
01135
02247
02805
07860
04965
02877
04898
03593
03026
07616
08225
00686
03142
06173
06225
05670
03337
01561
06149
05994
04722
06427
00311
02436
07788
04436
01843
07148
05468
03650
05755
00732
08416
01403
07951
01767
01636
08010
05476
08312
04304
02432
00630
01921
04674
07489
05976
01416
07478
00658
06753
01267
00148
04794
07821
05212
05913
00281
04237
03304
08066
05389
03556
05388
03590
06761
01914
00914
06158
00825
05215
07054
06400
00939
01622
01437
04314
07391
07780
05259
00889
03946
07029
04977
08194
07966
01686
08274
04576
04327
05760
07975
01272
02753
03028
05714
03767
01417
06856
02220
04098
04226
05667
08416
00404
05001
02285
00424
02285
08286
07410
02466
06138
03954
05014
04064
02141
01589
06537
05141
02150
00577
02708
03572
03269
08306
01540
06019
06560
03462
01060
00669
08261
07365
02243
08009
03985
08069
01248
06811
06835
07055
05122
05870
08088
08098
02878
02552
08496
00389
02743
00773
02900
05685
07070
00662
07778
05689
04092
00387
02085
05093
00042
05789
06790
00603
05124
08158
04260
04464
04046
02662
05921
00200
02099
00175
01017
03257
03395
03145
01572
00257
02500
06015
00788
05573
07285
00559
01793
03945
05428
02897
00914
03942
03466
06228
05405
02038
03242
07030
05687
06278
00574
07798
05638
04148
06774
00599
06067
00968
05563
07575
07180
08182
08247
06891
00427
07077
03909
00262
02361
03310
07639
00486
00315
03493
05653
05126
04579
02329
