03308
07599
06046
06662
01731
05315
03847
04414
04902
05602
02136
02704
05141
05981
01204
05432
00173
04482
03964
00339
06986
06531
03983
05084
07624
05397
05377
04872
01900
08685
02385
08076
04031
01586
04697
04580
07298
05904
07187
04221
01440
01424
02200
06623
04529
05962
05653
00986
07485
01912
05319
05695
01186
07788
07426
05628
06788
02829
02602
01152
06097
04031
04653
05956
01041
01145
00209
06403
06651
00689
04101
07585
01726
04743
06059
00317
03153
08166
07902
06665
06850
08452
01482
02311
04923
01937
02888
01537
07129
05980
05780
01341
01737
07178
01407
03092
07413
06936
06006
03969
01636
08348
05461
07354
08244
07775
01521
04994
07061
00218
04509
07650
08151
06275
02688
03495
06852
05623
01147
00938
04048
07426
01899
00540
07434
03259
07725
04567
06968
00123
04822
05033
00512
00549
03856
04960
05113
01464
03118
02131
00457
08604
03580
01069
05348
01627
06150
02516
01531
07764
02583
01889
06888
05283
03487
01555
00738
06957
05257
02270
03041
02506
04012
04647
07947
00416
03125
06326
04526
04678
02365
00327
04121
07043
01290
06969
01007
08413
07160
06393
00931
07095
06530
06255
01330
01135
06231
08608
06043
07664
02295
07657
00113
01180
08143
03419
01184
03990
02736
00420
03806
07028
06332
03406
00205
06632
02456
04963
04585
03153
03213
00801
01692
05877
00770
06912
07718
08269
06216
08474
06491
03301
08413
02391
07060
02203
01160
01330
00145
03018
08489
00560
06258
08076
04397
03128
02105
04257
03524
03735
08012
01191
06827
01042
00293
01384
04306
00155
02231
03979
03618
03125
05057
06343
07041
05273
01028
00981
02378
01882
00233
04781
01637
07616
06625
08452
00597
07101
06361
06630
07452
06664
06248
08663
04296
04604
02180
06572
01534
07877
07129
01691
01581
01962
01828
02891
00898
01426
03476
08535
06843
00513
04320
07054
00355
06340
05620
03458
03795
04386
07838
03114
02631
07583
03868
03468
08441
01901
02292
07652
06215
08505
02049
08175
03708
06467
00426
03956
08408
05096
00310
08389
08173
07686
06146
06614
03159
03566
06342
08544
05181
04473
04866
05453
08622
06275
05821
00804
03425
03502
08213
06560
01260
08132
06119
04753
01573
03082
01914
01047
02524
02101
00175
04251
06677
02297
05002
04712
07194
00444
06756
03767
07461
03592
04942
03188
07556
03618
00995
08498
00842
00192
08667
02069
06497
01258
03730
04954
04338
02486
07080
05351
07493
03337
02986
06905
02587
06806
04966
06048
00747
08310
01945
07655
06624
06986
08311
06910
01537
04226
01464
00761
07058
05662
02070
00058
01435
05658
08118
02374
04371
01847
07796
03332
02375
03997
07531
05783
05783
05638
05369
05975
07994
07209
01454
00284
02833
08035
07671
07207
07913
02279
08331
07986
04462
00740
06858
02475
05597
02442
06816
03473
07698
03889
07721
04587
03399
01673
00551
03337
02832
00959
01839
06036
01783
05485
02578
03738
00318
06031
05819
02260
04797
04450
00222
05710
07442
01958
06655
01145
03291
02507
06656
06363
00438
02424
07777
04523
05224
05353
02282
00959
01500
07511
04840
00340
04471
02070
08298
01329
05169
05106
00748
07269
07604
01207
03237
08327
00014
02180
04301
07627
06961
02544
05933
03667
06066
02140
03399
07836
07094
02476
03103
05988
02893
07237
05972
05878
02769
01095
02830
03673
06891
03113
04248
05528
07094
02950
06025
03770
00465
07603
05396
07878
01440
02951
01688
07807
02231
08270
00631
06815
04045
03883
05275
04174
05831
06517
03644
02858
07185
07421
08405
05805
06524
08610
01917
01391
07127
05534
01666
05935
00616
07753
08052
01745
04179
07625
05900
06522
06648
01809
02249
08444
00394
01454
02773
03671
01584
06367
06058
04197
07232
08464
00555
00659
00748
04347
05853
04426
07384
08392
08523
03726
02539
00192
02289
07229
01138
03833
02930
05135
01619
02960
07397
07433
05600
00304
00110
02785
00742
07227
01291
07174
03373
04791
00205
05377
07318
06699
05222
00612
04124
05459
00484
03498
03030
07243
08611
06921
00401
05708
06289
02556
01642
00042
02231
01184
02039
01930
07549
03066
07046
08513
07455
04650
04380
07831
08695
01257
01235
05418
02554
07881
07140
04509
00618
02961
04072
06558
06214
03613
04989
04854
00962
07019
01286
03196
02331
06369
06423
02675
07415
00143
05828
06330
06326
05488
07397
08087
01268
04949
05343
06412
05319
00350
06974
06931
05877
06194
00731
06857
08231
07638
05909
07094
04285
02969
00091
05243
02537
02555
02305
00592
04692
04256
07380
08469
07592
06684
07849
04381
07053
02758
08158
06954
04075
05642
01796
02104
05616
05004
05481
04328
07456
04663
07546
02437
03593
04718
03465
04812
04774
06246
04444
05509
05215
00225
07533
00574
00022
00723
07707
07130
00489
05752
08240
00823
08588
08298
00597
05746
01748
01365
04683
06024
03050
08324
05354
00363
00234
05506
08331
04373
03668
00615
02960
03501
01564
03270
04753
02729
03614
07772
01363
06965
04505
02807
02468
01210
07797
07085
04370
04886
07780
06631
05440
05223
00294
01030
08171
05239
06981
06349
04815
01004
03164
04349
02842
04582
06680
01983
00702
00658
03549
00412
03402
02584
08596
01415
06791
04813
06974
07147
01785
07799
02533
05251
04194
04607
06142
08385
05796
08358
03906
08219
07923
04248
08410
03145
07593
06573
08139
07679
08581
02109
00772
08094
05271
00900
06451
06388
03557
01411
07806
00837
02084
07506
03770
04941
00411
01883
03003
04379
05582
05352
02428
05712
06071
01417
06846
06410
04285
07365
01416
08304
01357
04399
03401
00995
05118
06912
01621
08065
01326
01348
06555
05102
00631
03207
00688
00857
01652
00579
05314
00619
00392
04128
05259
03159
00509
00567
08033
08364
07598
06444
04791
00824
07048
03595
04442
02302
04823
04969
07443
02372
02117
04021
06484
02307
07816
01458
04610
07087
07629
00732
03917
06314
02030
04279
01424
02634
05119
08595
01409
01256
06069
07815
05341
01237
01196
03689
04637
07823
00227
01031
04516
02975
01131
08616
01329
00295
05429
00442
03829
05595
01209
07704
01826
05346
06080
06973
06823
07523
03090
01835
05847
04365
07329
06993
03086
04389
00310
08177
07680
05159
08033
02450
02117
05288
06964
07655
00930
08042
06293
04435
05309
00821
00294
00089
02299
05903
08310
08513
00671
03164
08406
00541
05752
04176
03034
07231
07161
01421
06485
01139
06737
03829
07689
04845
01514
08593
00384
01885
07003
01761
03237
02219
08341
02181
03494
00989
08178
04491
01153
05316
01397
03455
07651
03612
08626
00752
03109
02381
06599
04389
05047
03091
02326
08405
08692
06873
03941
04039
04019
03222
03268
06731
02063
00072
05953
00750
03638
02198
08333
08629
07884
08533
00196
03305
08384
06348
04763
03697
03621
02970
00947
06745
06522
03118
08165
04268
01480
02573
02361
08562
03684
03310
05240
06033
01337
01319
01734
04510
02973
00495
01554
03534
01180
00574
06197
05678
06047
00217
06685
07156
01410
02739
02122
04989
04183
07566
04836
06457
05991
01650
05676
05442
01400
01513
02701
01474
02223
05615
05744
01507
02245
05185
02224
00028
01948
03921
08395
01466
00110
05232
01162
06720
08412
00624
00359
01345
03770
05069
06594
02805
00265
06356
08399
05675
07167
07228
00043
02442
05139
06985
02342
07762
05332
01114
08670
03871
05292
08306
03991
01321
05269
04251
00080
03998
01384
01496
00515
08457
03579
02838
08254
00247
05860
04190
05053
05529
00545
07673
08444
01574
06959
04689
01424
01339
08291
08187
00306
00237
03088
08474
02688
06487
03950
07384
03893
07921
01821
00964
06893
05592
06689
03717
06902
07128
06454
05913
05638
00520
08409
03878
07217
05389
04006
00682
05999
00270
03918
07693
06999
05633
02528
02909
05111
07119
07067
02622
03064
06274
00823
01128
01830
04644
02705
03978
06317
00299
02227
00257
01843
00012
06521
03562
08294
06536
07953
04545
05687
04043
05432
01591
00224
01140
02077
00543
05928
03151
07322
03481
03396
00063
03707
05191
06762
01611
05987
06718
02274
04120
03657
04321
02248
00708
01463
02125
02923
05718
08286
04265
01407
02390
00595
03053
02603
00884
08602
07535
00726
05725
02412
00397
00659
04699
03064
01318
01344
06539
00827
03835
08011
00992
06222
04610
06080
06098
00911
02291
01100
04868
05039
05352
02084
00783
06577
06859
07019
05285
03300
01178
03573
07191
01360
02014
08684
02575
05426
07061
03396
05850
07393
08335
08319
05986
05401
07696
00716
08244
00643
04457
07077
08209
07315
00960
02045
07042
03107
04025
01024
04310
02621
05671
05762
02971
06757
02953
00134
08662
05565
05583
08607
08461
05952
06585
04298
02726
01366
04086
07295
01587
02565
04429
04103
08509
02843
03477
05243
01599
06452
00760
02674
02975
01971
05335
07885
01182
04434
08377
03523
03989
05738
01649
05729
05064
06217
02569
02392
03205
07314
07001
05758
06087
04283
00129
00572
02081
04718
01761
07605
08113
04158
03351
08541
02889
07374
08478
06957
05869
05736
07645
03210
04746
05048
00751
01301
00779
06272
08239
00089
01939
07552
04273
03657
04072
02203
07348
07073
08116
06524
04338
00068
03301
02891
07341
03529
06003
07392
06104
02966
05262
03095
04807
00895
00984
06027
05308
04980
02770
02709
07556
06441
00191
06232
07797
08698
04734
02845
02794
06951
01962
05945
01232
02836
01920
01360
01344
01290
05753
06883
01188
07465
06838
00934
01590
01854
01412
01743
03569
05205
06345
08611
07534
00056
06253
08398
07450
05948
04889
04035
04907
03992
02304
06314
06512
01975
00108
06781
01279
03708
03904
02746
05930
07190
00804
05167
02515
07854
06913
06225
01761
01212
02204
06191
02123
01958
03101
08135
06824
04017
00913
05307
03659
06153
06217
04934
00390
00788
01686
07678
07007
01391
07787
02361
03428
04528
01730
04312
05516
06165
03192
06260
07154
01035
08230
02973
05606
00627
03580
08266
07006
05865
08254
00358
00279
06399
08570
04549
00670
04813
02006
07674
06826
08159
01087
04921
02576
07812
08115
05070
04243
03458
03864
01720
02125
06243
04089
01733
04159
04143
01534
03695
04289
03345
06783
07288
03854
05724
04882
04635
04271
08550
00728
00006
06982
06000
04623
04589
08691
06253
03594
02113
07206
03645
06645
02102
08429
00939
00087
06175
02954
05370
01726
03131
05440
07785
05198
06241
02155
01954
00350
03641
05862
07984
07072
01158
01137
02242
00996
03433
03816
07764
03133
07372
04211
01054
08608
00197
03180
05780
05230
08174
01903
01188
05020
02333
04865
06788
01621
05216
02404
03319
02329
01946
08286
02663
06062
07938
04981
00809
08501
01098
06380
00560
05062
08505
00129
02749
07628
01217
08583
05805
02612
07263
04302
08269
02628
07981
03557
02322
07562
02830
06248
00861
06707
07071
00616
07930
00750
08394
01085
03857
08418
01078
02967
00254
00347
04210
01116
03582
05497
02871
00373
04144
04958
03062
04528
05858
00423
07783
03895
02953
06327
02735
07728
00451
00869
01306
06220
07970
05063
06665
06417
07463
05840
07724
08260
06786
00794
06904
00365
06042
07676
01333
07356
08681
04320
07675
01720
02177
03693
05108
04505
06782
07965
03287
01966
06604
07542
05589
02754
00838
02951
04268
03074
01709
01434
08533
02268
03383
02612
00606
01546
04987
03773
05657
05265
03745
07242
08509
04714
01703
04073
01643
07480
06435
00288
04034
01236
01562
05999
01355
04413
05123
02592
07431
05606
08248
07880
02758
02671
04561
07289
07010
01749
03318
07350
04939
05263
07759
05800
01433
03770
05569
08639
06284
03028
05644
08576
03103
07800
06696
00287
04333
02166
05488
02959
04845
00271
00501
03383
08472
04080
05165
07413
07606
06901
04647
01702
08277
06352
06368
06257
00495
06604
06821
05192
02500
08256
07380
02781
04539
01044
08645
03070
01561
01928
00794
06741
07940
08676
03982
06487
06291
00104
04587
05304
03591
06686
05638
05686
02737
08393
02824
00551
08375
01252
08368
07875
08026
01640
04936
01999
06010
06715
07787
04737
07257
00648
05044
01308
00746
07697
07924
00846
00645
02943
05122
07193
08381
08088
07064
07400
01498
00433
03038
04129
03405
00599
06183
02440
04250
00294
05448
02129
05164
01210
02857
06015
08005
01262
04719
03369
04448
03390
03116
02243
07424
04800
01922
03142
07399
05703
01923
07424
01309
06177
04759
00070
03876
03328
00432
05020
03296
01652
02338
08681
02088
04119
07291
07929
04227
00357
02930
07348
02782
06379
01536
06891
05975
06388
08024
02589
07039
03808
04964
04700
02281
02121
04914
01724
06261
03446
01429
06478
02117
03567
02933
00498
02979
07568
00092
00946
05265
05931
02522
06189
04799
08136
08214
05444
00138
02939
03160
08648
07431
04749
01704
06787
03090
00600
05915
00765
04256
04984
00896
02543
02896
01918
03239
03915
07677
05023
00622
03750
05962
05325
08182
02807
04953
06678
02724
08670
07214
06044
02817
00993
06948
03888
05109
00050
06320
05627
00088
05966
06873
03499
00663
08634
00589
02274
02168
03929
03734
01382
01280
00142
02151
01522
00591
05220
05778
05224
03372
03275
02694
00320
02380
05517
01861
06476
07352
05219
02747
04846
05254
05603
06976
05780
08380
07368
03684
05535
01265
03968
05170
02436
06790
00485
08462
01276
00809
07194
00507
06406
07096
06294
07054
07207
03340
01957
05576
05837
02678
04094
03984
02993
01860
06708
02812
04239
00333
06092
01202
04169
07322
02805
00352
08217
02688
04740
01897
02087
00631
08195
02627
00296
05070
06108
06510
03624
08382
07067
05535
02755
02865
07301
00154
06343
04831
01417
04710
05105
02468
07830
04706
06419
08306
01726
02009
08409
02562
08246
01836
07573
04121
08361
04068
05426
04481
00415
03559
03420
01209
07932
04139
06899
05347
07163
07682
05004
03846
08414
07770
06109
04643
03631
01717
06669
04417
00156
02829
05909
01892
01335
06125
06824
01096
06354
02932
00896
00828
07667
04252
07618
01394
02968
02580
06435
07947
03665
00318
00270
01866
01467
03787
05327
03537
01870
06777
01181
05424
02426
01888
00740
01942
04704
07878
04816
01412
01748
08564
07255
01537
05062
04717
04279
06480
06198
02461
03189
07656
06125
06916
02003
00346
05263
04263
03055
07453
02287
03068
05717
03159
02550
06305
05613
01152
02952
02418
01155
01244
02004
03104
04518
01867
03499
03123
05995
05612
04296
06116
02084
02376
05227
07148
08279
07856
01828
01776
01785
01157
03603
02489
03617
07701
07991
06282
06154
04343
02592
07046
02463
06557
06218
02131
07580
06937
05603
07428
08286
05754
07433
06855
01772
02909
00794
07832
00472
00664
04156
01679
07838
04680
06278
01573
05447
04775
04888
01833
03258
08157
00419
04848
03968
07830
00358
02243
03243
07801
05068
07683
02951
07633
05940
05687
05573
00929
08682
02546
00592
05859
01373
04192
08568
03498
05390
05375
02577
08176
04035
03026
05282
00903
05005
03902
04736
06732
07624
03322
04543
03546
04654
08541
02819
01149
05051
05852
04123
04559
06808
02193
06507
00753
01545
04734
05101
02315
02977
06347
07875
07273
02202
03579
08452
08073
08559
04987
07781
00922
05807
02997
01454
05376
06048
05316
01397
04579
00324
04265
04395
03906
06407
02806
01734
00897
05133
03775
05024
07498
01787
03381
06063
02665
05114
02714
00206
02731
08489
06312
01635
05229
04217
06680
02925
06675
00918
01219
03114
01403
06764
04203
00827
02388
03319
05159
01409
00967
08205
03609
01009
07949
08123
01893
01659
02901
04028
07417
01118
06026
00149
07248
05055
01400
06788
01050
03009
01071
05129
01226
07570
02644
02483
04038
03321
05928
05841
06378
07456
06812
05965
05917
05016
02963
03833
05416
04327
03324
03466
04605
01130
07240
07101
00371
02721
00700
04142
05772
01813
08396
00276
06933
01729
03458
07889
02050
02016
08270
05089
01682
07006
00376
05153
03282
02437
07512
07514
07298
05745
07735
00937
05949
00389
04410
02581
04225
04981
03776
03341
01654
01085
07578
00103
02177
07066
07751
06326
03351
04744
00350
01153
03292
05192
07982
03625
07958
03457
07192
05581
03545
00011
06041
03781
01700
03539
05429
00688
07919
07286
05601
04722
08388
00549
06261
08587
05629
05866
06188
01986
02840
05945
00132
06611
08615
05570
02339
03237
03283
03983
05435
00487
04031
02497
03463
03281
01029
02153
00103
02242
08564
05821
00215
05978
07390
07209
05121
01995
01058
06016
06675
07981
05114
05612
05520
06547
02951
05767
05310
02064
00242
00295
06405
00111
02151
00888
02233
05019
07569
02689
02230
07664
07544
01530
04561
05627
00355
03733
08494
02716
00786
04141
02412
08134
06461
05063
06070
03824
05472
06828
03552
02528
04399
03680
08402
00749
02077
02144
03542
00794
04860
06173
01800
02905
07423
02972
05495
02282
03332
04490
07960
01313
00603
03609
08222
07323
03361
03888
08274
05262
03567
03020
04016
07591
01089
06217
00803
03482
06174
02957
01950
05609
04006
05508
04623
00210
07726
05344
07642
07283
06005
04599
01791
05151
00096
05719
08290
06751
04906
06846
06504
06062
06971
07944
08387
03190
07514
05647
08094
08525
02560
03810
05366
06514
07286
00614
02893
08386
08268
04873
07998
06209
07482
06228
06543
06553
03186
03688
03468
01709
05499
05877
04076
05547
02500
05488
05704
03622
00428
05759
05160
02919
03338
04096
00410
07883
00925
03395
07160
07493
00914
06820
06946
03206
08515
02221
00032
02807
02208
03600
03122
05138
06765
03297
02618
05546
07674
08312
07428
04897
04688
06262
01461
02711
04697
05995
00793
05961
01267
01335
07450
02652
02014
06205
03387
00397
02003
05706
02727
06934
04962
04694
06875
01466
06728
08391
03222
05290
00550
06459
04870
04476
01737
06491
03413
08549
01111
02826
01120
04148
04852
06706
04493
00470
00138
00356
00296
00961
01647
07439
03402
04229
01732
08451
07465
01133
06816
03921
02080
03303
04139
02602
04027
05519
07609
07238
04797
06950
08447
07590
04882
08036
05803
06841
04900
00315
03633
05568
06473
06335
06275
08685
00650
00476
03079
04291
07860
06167
05324
07761
03068
04510
00081
00020
01847
07506
02210
03847
04931
05106
05417
03250
01536
01961
07534
03631
06434
00292
01772
01186
01808
05848
00571
07930
05288
01952
05566
03297
05549
06884
06957
00037
05666
02986
02149
00742
05057
05768
02065
00034
07884
06967
07541
01059
07205
08075
07927
06252
06397
05905
04833
01301
06582
07474
01122
00572
05390
07209
07205
03230
08472
06236
06631
04631
04663
06519
00634
01548
07949
05159
08614
07731
00825
00187
00212
06841
05762
06762
04859
01684
07004
04841
03014
06918
02910
07042
01377
07158
07117
07041
01408
08634
00776
00399
08502
03019
08653
07218
00584
05378
02156
06122
04304
01591
07236
01010
06061
01204
00610
00514
08249
07327
03879
05184
02487
00445
05534
07256
07128
01540
08610
05019
04964
06504
07985
02741
05314
00835
05929
02587
05727
01127
06322
08396
06985
07333
01095
05539
04477
00003
04982
07082
08095
02177
08169
01490
04674
05137
03786
06512
07571
08575
07879
00984
03620
02297
04216
08377
01750
05048
04859
04441
05668
07431
00802
02779
01543
07380
05432
07658
01034
00062
00401
04572
08183
02707
01204
02664
01781
07627
00835
07938
00185
07657
08130
07238
06536
08041
04017
03737
04979
00667
06044
04380
06298
01416
07477
04865
04611
04654
06612
01748
06562
08523
07540
02490
07130
05187
06315
04978
04283
06263
02264
08674
03512
00684
08449
06837
02613
00251
03167
07327
00049
01727
00178
01824
02581
01844
03282
02007
03101
04555
02624
04896
07693
07936
00027
00345
05016
01371
07990
00831
08081
02660
04578
05919
05402
07646
02258
05467
01414
02324
06735
02328
03908
04288
07339
07795
08418
05932
06662
03193
03200
03745
02747
06582
03765
05030
01993
06138
00841
01482
05553
05751
00605
00684
00889
02291
03528
05577
04667
06299
02027
02576
03540
01252
08495
03302
04481
03398
08024
04051
04732
05635
05321
05025
06344
07499
05544
04732
00686
01467
01756
07096
04668
06286
00541
07788
05676
07128
04010
07544
02386
00142
06476
07366
01695
07791
02499
07229
04046
04523
06223
01158
08117
08545
07793
00708
04421
08366
01089
03507
01111
06581
07346
01782
00675
07893
04213
07287
00991
05808
06191
06575
03801
03846
04610
02887
03639
02717
00528
08549
08580
06433
01843
01305
07396
02771
06101
08141
07296
00924
07108
07107
05296
05120
03975
08142
04150
05504
07455
06071
04427
04973
02900
04019
06446
00823
07036
06746
02289
06254
08170
02555
06785
06721
02741
04039
03278
05993
01696
05964
08007
08156
07298
05027
06664
08683
07319
00858
06137
05306
05385
01016
01124
00564
06901
05482
01952
03019
05954
00449
00064
00950
01541
02082
07459
03902
05640
07469
06234
00562
01172
07685
01381
06519
05758
04180
04615
03820
03533
02685
04712
04043
06790
08652
06161
04405
07618
03762
04575
06289
04973
00373
00445
07493
07980
08197
06976
08184
05404
00571
05501
02236
05831
04724
06770
05376
00568
03538
08191
04038
04750
05106
04231
05664
07311
04885
05015
07452
06131
07650
00574
00974
01212
00913
06676
05534
04552
08254
03355
03528
02218
05620
03202
03701
00359
04986
03761
01447
06177
00264
04245
08508
08454
00680
04682
04028
01554
06215
01753
03349
08411
02034
02999
01312
05007
07443
08648
00347
06561
08157
06511
02005
05105
05469
07390
03751
08436
01837
00220
06921
04687
04631
01712
03228
06789
03540
03646
08367
02745
01895
02620
06128
08043
02662
08177
06463
06698
04060
06569
07582
08551
03244
01118
02376
05549
01073
04997
06948
02984
02031
04726
04817
01736
02839
00325
04612
00611
05815
05797
05090
00363
08385
01331
04589
05443
02074
01876
06414
01914
02411
00128
08237
05757
07744
04831
06164
04818
07734
05054
02793
06997
01431
02551
04076
00700
00047
07631
02774
04439
04078
01520
04168
07153
00937
02411
04815
06155
03327
01208
01353
07438
06266
05821
00802
07245
03734
02617
07630
04517
07546
00846
02422
07156
04109
06459
08033
06725
07816
04803
03008
03834
01703
00019
02722
07534
00446
07863
05916
03486
05783
05253
08469
06822
03146
03147
08050
02489
07817
04222
06360
05553
05945
05904
00815
04113
03033
01558
07736
01337
02114
05960
05179
08112
02852
02023
03551
02334
07877
00252
04706
01082
03776
04031
00421
08343
05662
04670
03509
01362
08569
05577
05997
03346
07917
00236
05240
00848
00747
03192
00042
02439
03188
03716
01307
03325
01664
00766
04892
03669
07034
03845
06755
05849
01849
05838
01785
08347
03424
04616
08283
06707
07798
00334
07687
07184
06047
05975
06645
04156
02052
03641
02702
01020
04287
08151
03296
07453
06496
06233
01540
06092
04436
08251
00145
07035
07990
01090
07566
04381
08081
07706
06700
04742
05664
08405
01870
01872
01310
07233
06837
02502
03175
07549
05524
00654
08259
03370
05241
05083
07130
07101
02527
07082
03668
06666
01825
07338
08648
03723
07439
00618
00240
00898
02707
06189
06071
04934
00082
04833
04424
01125
04226
03918
05103
03116
07233
01523
03455
06204
07344
08576
06707
04640
07846
05435
08049
07925
03987
00072
00073
03001
04317
02180
04346
07224
08198
00961
02428
05557
07604
01152
00386
06024
02335
08596
07838
04618
00557
07179
04136
05966
00380
04000
06956
03596
07048
05655
06565
04860
03439
07279
01411
05036
04727
05290
04547
02359
01536
07074
01198
03350
08279
07079
08308
06161
01231
04940
02624
08087
08255
07208
02210
08012
01408
07858
02564
07007
01249
05367
00269
08664
00729
06285
05848
02156
03474
04120
02378
05628
07704
01683
03057
04581
05108
01152
00101
06565
06527
08165
04291
06123
01271
07004
06116
01893
04794
08552
00163
04635
08674
02634
08460
08253
05549
04282
05638
07593
02721
00434
00732
07551
00760
05669
02773
03270
03330
01054
06678
06907
02064
00640
06780
04574
01742
03750
08527
00350
07024
08300
06369
01838
08431
00325
02260
04338
01522
04820
00508
05823
04540
03817
02677
07470
06162
01476
05882
02273
04034
02886
06402
04008
02932
01693
03084
07973
03811
07887
06310
01022
02579
01879
07462
00306
06946
07618
04086
05047
02566
05749
06846
03067
01296
06892
02584
07820
02847
01124
01360
07934
08187
05398
04594
03628
02504
06108
04998
04970
04458
00305
03258
08593
06603
07197
05083
01878
04422
05627
01509
02222
07691
02190
06737
02139
07384
05035
07842
03575
00787
08337
06828
00033
05053
02624
03142
01762
01548
01716
00174
04406
01744
01166
00763
02341
01669
06501
07018
07637
07348
07527
00819
01580
03883
06967
00459
00872
05264
01527
02343
03231
00046
02050
03644
05722
05793
02360
04526
01406
00988
03459
06548
08689
07404
08262
07685
00579
07002
07321
00953
07089
01906
01047
06409
00476
03120
06580
00590
07130
07653
03247
05030
04849
00108
00273
07146
07850
00626
06168
05185
07445
03575
03027
04796
08212
04259
01831
01739
06162
07413
01919
08563
04353
04852
08069
07586
02035
00511
04128
02521
07754
01035
05307
04040
05445
02013
02628
07625
05975
01145
01178
04151
04847
01971
06364
06502
03653
01436
08579
02242
01915
03009
06320
06016
06636
02104
07487
06040
04860
08285
08260
07932
08126
06961
06272
08505
05494
08565
01055
08193
03978
06189
03973
07938
00235
05211
02364
05599
03954
04851
04153
00421
06337
05574
06707
01372
04440
08369
04725
02036
08132
02188
02964
07323
04696
00359
03532
07332
04912
05191
06648
08195
05995
02458
04926
03772
06725
02838
05473
07994
07005
00293
07114
06289
01690
00847
04422
04447
06240
07500
07969
02125
02774
06437
04292
06798
00310
06569
05409
05566
01181
06729
03733
03493
06759
05205
04548
00398
06926
05841
05189
00286
06463
04785
06080
00078
04234
05442
03131
05758
05832
05167
01549
02968
05816
00535
00480
03381
06494
08312
06047
07807
08538
01313
07095
01869
05956
03201
04351
00675
03566
02489
01614
03545
07381
00136
01937
05520
05074
00833
07719
07944
04076
02342
01644
00141
00810
04688
08555
04705
04954
01908
03052
02578
02733
07233
02902
04837
03011
06435
02607
06944
08320
04952
05348
03523
05349
02617
01400
06630
00933
07278
05234
05372
03344
06199
01327
02683
01509
00987
02266
07597
03928
00839
05782
08644
08642
02455
04966
08075
07265
01538
07344
06933
08625
07375
06849
07762
00445
00845
02134
02148
05156
00003
06335
05856
05916
01897
04848
01247
07552
07131
05121
07137
05050
02376
04652
03969
07292
03704
03451
03066
07676
06446
05499
06373
08352
08550
05775
01711
02652
02023
07610
07844
00775
05329
00912
07420
07684
00049
05245
04633
05288
06782
04256
02909
04166
04184
02403
03544
04948
02560
01024
06015
08302
04984
08415
02037
06586
03561
06395
05627
04233
03791
03840
06740
04261
02556
00335
08478
04544
03337
05942
07320
08421
08050
01726
00881
05314
01485
01145
04290
06809
02323
00650
01060
06053
05071
01381
03309
08350
05156
03377
02673
07822
04798
07644
00433
03534
05740
04333
06243
02716
01777
01281
02745
01054
05660
01316
05569
04260
08019
04368
07474
04872
02477
07689
06379
02767
08080
00775
06372
08317
01035
04905
06069
05922
05311
07231
08290
06615
08641
00474
04068
01828
07208
08092
07660
04188
03357
02350
07790
06095
00145
02652
00330
07897
05538
06320
05882
04842
06194
04807
08155
08254
00097
07966
00891
00476
01266
03828
04108
01040
05238
06689
03556
06240
01642
05646
03404
02778
00879
00328
06235
00227
08307
03855
03111
07234
01097
02477
02135
06780
02269
04945
02526
02090
00584
04013
04143
05078
03196
06567
04367
06640
03881
03675
02159
03848
04835
01536
04898
03240
08135
01518
07195
05951
04625
00023
02260
03834
07092
04510
06097
00464
07166
07451
04048
05285
01966
06314
02818
07231
06801
01376
05114
07624
03821
06032
03349
04592
06977
00700
01298
07216
08289
00951
02456
00565
02248
03151
08115
00779
01225
06012
02012
01513
00549
00811
07034
03074
04957
01649
06810
05579
00595
00168
00810
07695
05545
00716
04506
04612
03237
04632
01727
07839
03700
05560
01886
03392
01164
02020
07473
01309
00114
00322
00441
07393
08236
08060
03420
00385
08151
01917
06005
07029
03505
08378
05063
06226
07770
08459
07710
06533
03085
04267
08370
08464
00374
05185
07647
05764
06772
01792
04149
05349
07689
04182
03866
05559
07361
04959
07325
08067
01489
02692
03798
04971
00328
04830
00060
05184
01681
05668
04874
00353
07384
01306
07639
06440
07366
00838
08352
01221
07856
02081
08293
06391
03467
01678
02965
07435
03732
01450
02734
05532
03467
06920
05321
06172
08058
01917
04530
01550
05816
04016
04845
07381
02087
07528
05297
06346
07751
01694
03502
04399
08249
00334
02430
07742
03633
01739
03792
03636
01436
02747
03927
08467
06297
00822
00310
07308
00066
04922
00837
03535
02468
06159
03547
01149
06753
01229
08273
03432
07283
08075
02696
01302
00494
05076
04047
06039
03677
03765
02129
05884
00169
03281
06019
01533
03155
07053
05113
02895
04681
02917
01420
04404
00017
00921
01376
08086
02091
06057
01763
00054
00536
04863
06390
08354
07067
06618
02322
02861
04264
03668
00860
06746
08352
04725
01299
07589
01637
04851
00107
07205
00614
06783
02220
07985
07183
03245
03556
08578
04607
01673
01734
04485
07875
07059
01388
01935
06273
04500
00100
07964
00445
00375
00727
01638
07456
04190
07430
06175
06242
07490
04551
03186
06046
00414
02388
06537
01010
06729
08639
07267
04672
02096
01859
05256
05516
07834
00646
05401
00419
04718
01248
07930
01902
04367
00955
01792
03389
06536
03106
07593
07964
06687
06888
02734
04524
01744
06726
05068
03369
03443
00862
08247
08063
02386
06213
04520
04708
06650
01952
01340
07006
02253
02503
03056
06046
03176
01093
08576
01324
05031
04356
04200
07218
04754
01104
04493
03620
07313
00332
03291
08502
03380
00203
02823
05411
04263
05189
07713
06648
02441
01487
04848
04249
03024
01933
04433
04016
00346
02391
01306
06641
01892
06523
07639
07371
04150
05607
05563
01751
01443
05258
01342
01675
06379
06700
08364
08569
07508
04083
02674
02047
07756
08014
05461
06709
05007
04893
06966
02030
00828
01551
08290
08466
05834
02565
03311
08564
02997
01931
08105
07704
03824
01481
03224
02962
06650
02500
01400
02651
03748
05343
01260
01348
01822
02229
02295
06465
06622
06680
01010
07846
02028
08472
05208
05026
08565
00947
01239
05217
07213
00417
01629
03132
07731
08093
05641
05409
03799
06439
04405
05080
02172
08692
05934
06903
00265
03048
03582
00937
07414
03978
03367
04742
06084
04171
01044
08086
00977
06724
00637
04607
05039
04810
08040
06494
00116
08078
05530
00977
04667
07157
04322
01961
03598
04919
04092
01911
04679
00631
06195
02810
06246
05527
05053
07156
02965
07874
00098
07420
06535
00618
07485
00504
01683
01217
01378
01627
01052
03631
08631
00147
05530
02763
05506
03709
01352
03231
05751
06562
02593
06794
05788
06099
04147
07310
01209
04689
07970
04314
05438
06607
01258
06422
05708
04433
06020
06010
05200
00853
04166
00277
06187
03465
03439
00711
04919
07513
00093
03533
06235
04786
07463
03542
06042
07460
02839
01763
02038
03385
02073
01096
04541
08404
04006
06799
04025
04061
04167
07625
03800
07523
07782
05091
06795
03356
00132
00687
02608
04292
02178
07513
02635
06109
02901
07197
08069
06166
07924
05332
07597
07644
06716
01875
05029
07058
04656
08379
05153
07098
07064
00354
08391
01694
00881
05802
08410
07468
07143
05670
04004
00382
08601
07663
06700
02421
06906
04557
05870
00209
06929
01859
05402
01934
04128
01759
07435
05074
06879
05583
01812
01915
08299
04241
08470
06244
08538
00586
08145
00036
05277
05476
01817
05300
04872
06450
05345
00739
05611
06389
01959
06360
05839
03444
08436
05338
05917
02960
07123
03751
06263
06874
03097
07131
00252
06507
03291
07325
03437
01787
02715
04878
04477
04137
07178
08289
03179
02975
04515
06503
01744
04297
04694
03183
05813
02744
08083
02438
02018
05630
02874
02601
02988
03145
04117
01340
04958
02055
07407
05732
05574
06748
03993
01065
02317
05890
02983
06082
01632
06321
08510
01141
02245
06597
00557
07686
05251
04519
07465
00932
03981
03338
06782
00389
00335
00288
05019
02768
03158
07868
07399
06053
01118
03590
01750
02916
06379
04957
02104
07326
03305
05905
04480
05881
02258
00242
03845
07074
01201
06029
04535
03814
05108
04098
05084
01470
01159
02674
08243
08149
05068
07576
04057
04637
04132
04876
00699
08368
02256
01756
05228
01265
08037
03319
02288
05791
05722
00415
08139
04951
05743
04437
01643
02294
03716
02260
05629
06477
05892
05009
00691
06721
02016
00483
04139
03967
03680
04915
01188
00226
02800
00370
00965
02124
01349
08202
08256
07142
05834
07027
06590
06167
00738
05304
01397
03173
05776
00175
03219
06473
06763
08302
08064
01381
05813
01623
03455
06711
06759
06743
05448
00236
02982
01063
08150
03954
01415
05035
02128
05416
00318
05428
06161
06521
05037
07634
04556
05736
07210
06823
05428
06743
00939
07596
03712
02193
07209
05301
04867
01458
04863
04003
07623
02131
07352
03619
00403
04156
03993
04090
06193
03043
06570
01013
01082
04594
03469
03874
04765
06093
02560
06296
02418
00061
06844
03801
07867
06309
01298
00674
01554
02888
08578
02956
04026
07863
01312
04050
06884
05313
07971
02402
04543
00561
07293
05806
06351
08004
03977
05257
06163
01469
06331
05767
07727
00986
07194
08265
04913
00625
06821
02933
03807
00127
04092
01130
06401
07200
05447
02093
04801
00489
03263
00976
06661
04368
02116
04996
06962
02639
00033
07247
04747
06400
08503
08146
02969
00027
04810
08694
05764
06500
07933
02582
03296
01297
05539
07849
03987
06650
00652
00322
02022
01197
08075
05184
01192
02613
07019
07765
05470
03298
07217
06387
08301
02569
05396
08575
05706
06614
08643
02670
06619
08136
03004
03369
05240
07134
04845
03964
06933
06829
02377
01903
01895
01789
04026
08301
07039
01344
05010
03159
07882
04721
01653
07790
06171
01666
01181
04229
06512
03319
00333
04733
04064
01152
03732
06198
01474
04209
01858
07859
07242
01468
03920
01663
01653
03999
00773
03448
07734
02565
06337
05525
01792
06984
07378
02227
07136
05206
04735
07180
02989
04521
01485
00969
05675
06739
00346
03358
04556
00370
08492
04148
07046
01341
06234
00194
08686
07513
00202
04765
02167
07760
02583
01455
08487
02224
07303
03383
02794
06068
04130
00976
00504
01948
08410
07684
06601
04130
02418
04019
06981
03186
00885
08153
04499
06726
05531
04328
03407
08359
04791
04787
01343
01657
05909
05493
03839
04465
06569
02590
00801
07134
05986
04593
01976
07701
06656
04426
08546
04306
05671
00415
05021
04100
02192
05282
01738
08333
04703
00106
00028
05196
07491
01999
02277
01464
08275
05183
03548
00650
03034
06368
00994
01462
03838
00140
02655
06795
06187
02516
06489
03881
08390
05329
01584
03001
07289
07081
07030
02864
06941
02694
05221
01240
02975
06257
03522
08004
06701
02610
01630
05719
02264
01816
03133
06241
00840
00943
03528
05442
04912
00110
03902
05312
07728
07661
02302
07196
06737
03024
04985
03948
05362
02210
08555
07048
01346
03076
04913
03259
02419
01052
03581
05877
05755
04811
06161
05959
01558
07824
01879
00967
07702
04768
00866
00783
00362
06219
08163
08153
04039
02855
02791
06853
05202
07305
01308
05963
07632
00233
07151
06323
06908
06299
08444
02367
07145
06536
06115
06868
04160
06474
07471
02329
08521
00117
07305
08586
03067
08619
02959
00501
08699
07799
07981
02511
07297
07339
07957
00433
00129
00095
05971
01813
04425
02670
00465
00885
01680
02780
04654
07584
01664
06205
04494
05297
05481
04374
08186
01797
06354
07470
05250
08427
03305
04460
07358
04402
06694
04512
06799
07047
01570
03816
07127
08486
03210
02889
07747
05760
00155
01615
04046
06135
06248
03210
01859
00746
01571
06735
05962
07707
05350
05167
03752
02904
06582
02326
04471
03066
06539
01048
04228
01937
01322
00486
01115
08104
03142
01240
00115
03348
07450
04196
02369
06729
07794
04335
03042
02125
00054
02695
04684
02186
00348
05525
04197
07223
04281
01836
04376
04743
07002
04140
08530
04633
08629
00269
07432
05824
01627
00692
01879
07559
05470
00536
01216
07233
05936
08425
03499
01565
06439
08107
08633
07844
01564
05362
04905
04768
07346
04307
06412
02884
00788
06878
02507
00861
02091
00298
00294
06482
02923
00627
07180
00615
01650
02711
03226
00321
05938
02889
03282
06058
05928
05114
06080
01039
05157
01614
01992
03636
05806
04619
01715
00703
06412
00852
03569
05489
01605
06741
01308
05842
03099
01143
05954
03860
01826
02625
01248
05775
02834
08446
00195
07525
01471
06065
07730
01781
06636
00071
01630
07930
08144
06571
01386
06634
00080
02985
02562
01084
03330
05286
01406
07392
07947
02831
07249
00301
05091
03757
02505
05113
04142
01492
01726
05097
08023
04056
05738
03827
06418
03190
07995
01583
00752
07100
03249
07822
07174
07893
07424
07810
02439
00032
02733
01859
05662
03859
00917
04534
01468
01699
02639
04813
02643
01279
06991
08290
03129
04863
06677
05922
07440
06468
06071
03950
05058
01493
08375
03360
07095
03229
00457
04616
07602
00680
08217
05329
03873
06563
02026
03580
01865
02289
05318
01824
03381
03448
07494
01857
04179
02949
04186
06684
03273
06940
03687
05883
07779
00888
00633
00054
08119
06279
07339
00909
07517
05149
00437
07956
00456
07352
05681
03390
08238
00681
07231
08118
07632
08693
04896
04706
02795
05891
01138
06742
01732
06346
05757
05347
04418
02910
02058
03477
05241
05129
08405
02986
04051
00096
00546
00314
04835
04860
07200
05341
02208
08351
07809
03659
04187
00480
00599
05168
06817
02716
02953
05851
04188
07190
04222
03517
08255
07698
05958
08089
01898
01161
05242
07478
06049
00281
06799
02617
03478
03617
07552
01435
04265
01117
05285
00463
08019
02236
07552
06027
03691
05133
02862
03725
03074
07080
04671
01270
05415
06166
08567
03578
08583
06577
00756
00825
01129
08424
04441
04534
03764
08030
04098
03935
00120
02117
03451
00470
07144
03545
02563
06835
05455
04826
08005
06335
08010
06780
07714
08393
07669
01539
00058
02799
00973
02344
07650
04956
06329
01796
01431
00121
04611
03263
06588
08363
07230
07399
08326
06984
05530
00623
05228
01957
02912
07055
03527
01084
08451
00811
06116
06150
07941
01304
07246
07754
01159
07723
01688
05482
08069
02813
03158
02898
01965
04736
01932
08379
01449
06505
04187
04689
00345
06694
01676
06397
04863
01299
07916
05310
08463
04524
08102
02618
03831
02422
08637
02286
01736
02328
07693
04324
07099
07529
07909
04657
04602
03977
01656
03183
06616
00541
02925
00344
01300
04439
05369
06898
03971
02882
00319
05427
03172
07950
06774
01409
03928
00989
00283
06366
00839
06804
03363
07129
01445
01698
05605
08442
06456
05782
08581
04584
04095
02159
08532
05839
06900
00508
04440
00020
04996
02126
03381
02421
03039
02675
03566
07389
01275
02025
00141
04040
07061
02092
04561
04541
08178
00009
07778
06929
02373
03440
06960
03546
05307
05096
06133
05408
03757
03047
02662
04111
02350
05373
03293
01846
06760
08575
03896
06772
07808
08469
04906
07754
07398
02059
01439
01445
00623
02341
02551
03714
05578
05258
04112
06000
01723
05292
05300
02624
06235
03791
06057
01736
00869
04364
02804
00651
01046
06532
07670
06802
03867
01682
07123
03265
07813
03025
08189
05216
04446
01075
08600
06060
04163
02652
08528
07242
01107
02023
01848
04635
02605
08468
03959
02151
08474
06218
07021
05512
06570
03311
01619
01066
00837
07219
06480
08325
03664
01438
05411
04507
08237
08043
03782
01405
02864
06898
07274
07744
02279
03576
00830
00921
02473
03926
07094
06347
05980
00424
03093
04445
04592
00577
07342
04856
08333
07709
03196
08526
07125
04918
04773
08021
08616
02068
04901
04515
00372
06628
03360
02391
00428
06028
05001
04478
04573
03117
01820
08640
03648
00382
01395
06442
00168
02157
00697
00501
01580
03692
04627
05140
06269
00182
01083
07638
02077
00511
08200
08359
06605
02610
07212
05887
03881
00875
05334
02346
08437
00750
08339
07055
03493
01095
02664
04866
00962
00299
03514
06692
07256
04983
07051
06179
05415
06536
01445
05027
00022
00988
00987
05629
00829
03357
08097
06339
05074
04548
01361
06861
05627
06756
06365
06631
04834
07884
00695
00215
05513
00131
01343
03837
08543
01327
02857
00779
04165
00966
02647
02687
04378
00098
07943
04430
02804
00568
05674
03759
08068
00152
02705
05763
07833
00875
03060
07176
07894
07345
04821
07376
08054
05713
00507
00769
01768
04440
02895
07303
02009
05379
05709
02707
03034
00594
05004
01560
04696
02810
02485
02799
08550
02026
01294
06035
02352
05099
04934
06667
01430
05913
02253
04068
00665
00834
03430
02804
02752
01529
02505
07245
02444
07147
08179
03042
00588
01684
00217
03911
02131
03789
07809
01697
07864
06431
04729
01035
05368
02388
08466
08159
04048
07181
02932
04732
05802
02708
06644
06228
06322
04519
07906
01667
06274
01766
00538
06793
04558
07291
06447
07381
04339
00229
04174
05090
00222
02411
05649
06997
07725
01094
02620
04053
06119
06285
08510
05877
07049
06065
00604
02080
00006
03798
02787
07315
07791
08089
08240
04530
06935
07044
07089
04825
00733
01668
00040
06832
06297
07978
03479
05355
04647
08306
02247
00416
07084
06628
08182
06541
00737
01840
02680
01101
03912
02097
01383
01263
06206
05494
05582
02796
02876
01319
06784
02023
04032
04663
01711
01994
05112
06419
07379
01467
08481
07910
06297
04796
00365
03227
04804
04541
08319
08057
03119
05345
03021
01481
01715
07164
07924
03731
07492
04668
03116
02467
07287
08618
06315
02439
06986
01917
00983
03587
04652
03066
02576
02552
04473
03562
03172
05749
03422
06969
07919
06604
05129
04492
03071
04402
02670
01162
03901
08635
01799
03497
05135
07045
03943
02388
06409
00575
06751
00116
08026
01001
06063
00268
00060
01035
07735
03714
00900
07320
02349
02529
04013
08669
00622
00484
01469
02743
03081
04689
07525
02134
01981
01836
01589
08580
01228
02439
07631
03911
01429
00383
04334
01186
06075
02829
02040
06971
07239
08486
05982
01717
02247
00329
00636
00053
08606
03059
05268
03417
07204
03925
04975
07864
04835
03383
03147
03986
05513
00852
03301
05911
00944
07983
02070
01878
06097
00549
08390
06944
02404
03480
00033
03747
02096
07944
03197
04651
00657
01309
07642
07228
08694
05606
00745
02234
00730
00641
06388
07456
01982
06747
00546
08475
03040
08196
07267
06852
04928
00107
08076
01591
07796
05452
02641
08396
01083
07968
01956
06998
00351
01877
06222
08635
05339
04828
07141
01594
07076
03475
02208
05777
01052
06276
05704
02379
05558
05364
06711
08185
05136
02529
04679
03062
07410
08369
04266
03617
06385
06195
03377
05104
01884
08391
07768
04403
07980
02158
01867
00106
04787
04124
04091
04655
08043
07115
02797
02556
02272
05833
06420
00785
05827
03010
02267
04219
00834
00951
04965
01946
03477
03375
01356
04097
07036
04840
05077
07575
01885
00598
05257
05368
04053
00585
03826
06015
08366
07620
01550
00541
00535
02195
04958
08440
04383
04549
05599
06369
00272
06731
05933
03942
05396
07330
06728
01079
06500
00316
04647
07609
06713
03182
02150
06542
06200
06905
06160
05013
03049
05275
03515
08190
01623
05865
06143
04605
00216
08660
05045
06460
04672
00620
00686
01326
01801
01697
01042
01179
06614
04605
03949
02014
07100
02512
02493
03728
04322
00004
03218
08464
05789
06276
04839
03071
02804
06127
06653
01348
04075
05933
07167
04684
06434
01303
00936
07673
04509
05488
02478
02202
07339
04173
05496
03717
07971
07590
02287
01096
07045
03099
03382
06853
06834
08382
05779
03260
00450
07062
07355
08643
00571
06453
01322
06253
04819
03427
08116
06968
08440
04015
07408
05267
06447
03064
04922
01576
07506
08561
08443
05627
07152
02957
06894
02551
04543
02267
02944
02061
06210
08381
08237
05252
01561
02016
01401
07040
06725
00408
02157
02811
02037
01906
04019
06250
07270
08496
05410
06308
00804
03109
05743
01834
01062
02051
06437
07351
03781
05241
03971
06151
03202
03249
04388
06167
04080
06610
06306
06520
04537
03715
06499
02922
06204
03297
00781
07967
03885
04756
00916
05993
02110
00878
06813
08520
07213
05404
02252
00469
00187
05705
02263
06620
05891
01765
05651
02362
07669
06099
00723
02752
00531
02995
06723
08520
02658
07848
03460
02710
02862
02389
06572
05310
07315
04144
02494
07248
03072
06672
07357
07176
07834
00796
03779
08198
00710
00085
08630
04159
02516
03447
01601
07754
03143
04561
01144
03438
05643
05283
06944
06871
05178
07729
04007
02171
02832
06671
07422
05009
03594
06368
08230
05738
04949
02156
03398
07100
04341
06550
01029
07334
06500
06278
04100
01406
01950
07220
00694
07259
00378
03233
05259
03271
05462
05116
08652
06290
03492
00042
02421
05092
02781
06591
02631
00220
06489
01034
08189
06122
06253
06495
00097
01897
03378
03867
00963
03158
06630
04184
02457
06392
04095
06572
05931
05173
01808
05673
08428
02173
02820
05171
03498
04354
06180
08469
08414
08573
04365
00578
03243
01008
02711
01472
08637
04578
06577
01280
07559
00563
07320
00746
01198
06573
04135
05694
05114
07108
02242
06016
05345
07925
06280
03424
03339
04760
01215
03427
08629
07775
01430
00544
07922
04059
00365
06222
01589
05213
06613
04599
00325
00766
02445
00545
00644
01597
08262
05040
03601
06938
06742
01398
08457
03709
01287
07699
04518
02640
02930
03669
06835
01346
03572
00459
06772
04173
06889
00081
07674
02940
04156
05982
05159
06666
00055
04110
05399
06041
06839
01375
02755
03507
06894
06230
07924
02974
01417
05382
05263
00900
00969
07418
08181
00432
06489
02197
03990
02512
08625
03188
07599
03312
01471
05015
01857
02987
04895
03876
07328
05997
01939
04089
01315
02805
04640
03748
08400
00292
04855
08090
03924
00723
01080
08538
02885
07107
06568
06689
06464
00123
06591
06107
03844
07756
01304
03799
01181
04469
01658
07091
03058
03352
02297
05267
05168
05017
01546
07417
06919
08011
04352
04679
04603
00533
07899
07054
00737
05336
04759
01230
05062
03862
02946
03470
04537
03938
07595
06990
07437
07816
05638
08244
07665
05855
06862
02141
03135
07024
03827
02809
05696
07858
01925
03629
08534
05763
01354
06565
07097
04522
01550
01909
01059
08633
02353
02794
06535
04211
05740
02596
07630
00524
03517
06814
07313
06482
08177
04187
04568
03145
03050
02970
06099
01725
03754
08220
03118
07615
02249
07439
08159
00254
02227
01411
04793
08289
03778
08527
00569
06679
05713
05101
02684
05754
03329
02318
00239
05876
01719
00368
02883
03132
05621
06834
06121
03546
02338
08104
02738
05691
04384
07757
07333
06832
01135
03166
01110
03824
02004
07448
06863
00753
05425
06245
07786
06584
04000
05079
08034
01530
06367
03226
07779
04901
03211
05009
01613
03343
01586
02785
02133
06597
02927
06902
06518
05159
05764
06131
03563
03608
05690
02317
07562
01606
01398
03863
07890
00228
06373
03557
01314
06172
02122
00911
07009
03620
05839
06994
05091
08040
01269
03159
04030
05483
04050
06579
05447
02504
05066
06390
04171
01836
00678
01627
05325
05481
08392
07905
00594
06509
01127
02941
06116
06673
05960
06965
07201
00746
05495
06057
00252
04035
03556
02473
02854
06164
07349
07483
08494
02379
00192
03251
01440
04676
04791
07189
06544
06995
02728
04493
04595
04451
08644
04642
04743
06194
00536
05882
02523
06033
00654
07367
06418
08678
08466
01781
04541
05145
02580
01610
02637
01075
00375
01314
07408
08500
01665
01327
02015
08644
01709
03317
02492
05795
00091
01481
03359
08595
02778
06792
06710
08075
05248
04231
05567
05269
00060
01353
00526
00208
06992
02013
05567
03845
06334
01378
00788
03240
06120
06670
06187
00056
07481
04727
07431
06167
04375
07645
01888
00791
06223
03409
00740
07411
03765
01862
07091
06966
05173
04878
00527
01199
07407
00380
04785
05168
05906
06433
03579
00889
05100
06345
08611
04294
06973
03248
03158
01917
02450
08639
05443
02595
07543
07342
03095
07797
03817
08475
04812
07651
07062
08688
03878
02804
00310
07229
01730
04318
00658
06074
02747
00373
07512
06497
08283
06867
05123
04709
02834
02824
05651
01742
05871
08511
06013
06703
05188
05613
00080
02486
00316
02612
04690
00391
03488
06405
01037
04282
06042
05865
01147
02104
05862
00222
07934
07789
00312
04066
04455
08472
02035
02616
01478
05122
08328
02098
03629
01644
03234
01823
06145
06324
07274
05787
00062
05063
01485
04005
04817
05583
02653
05073
01120
05616
04537
08503
05265
04421
05349
01784
07564
08538
00053
08053
05111
02648
05366
06777
07761
00000
01431
05084
08114
04048
05571
06266
04113
06888
00032
07732
00500
02947
04632
05151
07242
07319
00356
04772
01353
00070
07890
03201
00771
01374
05887
06627
06174
03463
04706
00399
06598
02781
02061
03535
01831
05631
01642
01461
03740
00234
00346
03087
03876
04474
00638
05483
00809
08171
01243
07313
07614
02556
01735
06101
04131
07574
01182
08522
02127
07707
04563
05422
04591
03790
06789
02503
04058
00252
03811
06081
01335
04805
06516
00036
06339
04381
02075
07857
05436
07577
05645
05307
05520
00673
05217
04751
00005
07917
02702
06295
00002
05245
06970
01131
06281
05114
03215
04794
04524
05843
06474
07222
08465
06672
07883
07821
02259
07639
03883
05788
03275
04889
02243
03200
00336
04967
06051
08323
04496
04610
01663
07025
05531
05753
08245
00989
04435
06827
02658
01232
08581
00657
05755
04876
07702
02625
02786
06661
02966
03297
05103
04037
00663
02007
01013
01478
02620
01146
04789
01231
05293
02223
07889
03164
03262
02697
01402
06050
00190
02019
03976
06439
06829
01493
03235
02130
02551
01698
04387
05056
02558
03053
00482
02111
04904
07054
01595
07756
07241
00449
01799
05373
02375
00610
05583
07116
07611
01731
07820
06787
02993
03495
05187
02224
03932
08420
04521
00617
07636
01233
07740
06950
03297
04206
00513
07924
02625
07888
08588
01674
01179
06076
04466
02345
02083
01608
01730
03577
03958
00335
07756
05516
06974
02783
01996
00964
00578
07325
05934
06673
00104
00200
01631
07043
01569
00406
03362
04985
00667
04044
06758
06748
03558
01884
07633
04677
06236
03250
00094
02235
00723
05772
08136
00220
08009
02435
08022
02766
08532
05968
05628
00913
02572
00920
00848
05612
00380
03749
04015
05493
02397
03353
05887
04587
03931
03212
04636
02675
06735
00790
06867
06443
02750
02630
05575
06303
05851
06867
06311
01246
06592
06146
04541
07230
01987
01133
04849
02811
04980
06863
03891
08206
06516
00409
01964
08265
02508
06433
06300
01032
04808
06685
05496
00451
03507
03842
01374
06767
01803
08147
07721
03096
06279
02362
05713
03523
07106
00519
04688
00214
05100
01573
03847
00385
07431
04946
02772
04248
02514
00670
07176
07711
04514
00747
01378
04057
06490
02583
04158
01170
03998
03379
02341
07596
02690
05321
01602
06577
07952
04526
05186
01016
01131
05375
01109
00385
00763
03413
04733
08139
01794
06991
08332
06445
04677
01860
00929
04820
00968
02450
04288
00381
05612
03579
02171
05122
02023
01510
05154
00420
04250
00934
06487
03573
01279
00043
02607
01495
00787
06886
06181
01214
06218
07521
08281
08477
01662
00355
06693
02940
03555
07666
02039
05383
00356
06254
06383
06907
05671
07165
06124
02320
00235
03246
04387
00521
05279
01724
02309
01719
07352
00985
04989
08553
05763
01139
00081
04413
04521
08454
02326
08554
05428
04567
05944
08301
07299
03058
03864
08581
08251
07835
00713
01820
02416
02544
07541
07812
04263
04731
02641
00985
03921
06410
03109
02376
05438
01381
02610
00595
06957
02667
05935
07240
02647
00566
01230
05411
06036
01513
02779
05790
02765
01104
02275
04360
06196
08687
05471
01847
05527
08134
03581
02424
04207
06677
00620
06091
04973
04328
02304
07671
04874
06872
05441
01500
05333
00402
06805
07977
08235
00060
03500
01069
08335
08378
01632
03634
04636
03514
03975
01449
00347
04917
04396
01972
04673
07410
03655
02571
05562
03012
07445
05915
01926
06483
05712
01292
04616
06904
06681
02426
02905
03316
07135
01895
02363
05391
05983
01080
00060
06002
06101
07365
05362
08511
04323
04727
08232
02796
02719
08539
01823
04904
05939
01925
03238
08505
02968
00090
00162
04203
06410
07546
06770
04511
04095
01218
07639
02795
01361
08067
08122
04167
06579
08353
01882
01988
07396
08683
02596
04041
03137
00023
04354
02052
00745
02817
00721
02243
04896
07849
02981
02007
00549
00975
02273
01238
01678
04907
05453
05345
05765
08210
07365
04170
03187
03173
02622
01172
01665
08280
02788
06243
05056
00423
04006
03368
08072
00160
02120
01607
00641
01642
03079
06713
04193
01895
03335
06181
05542
06915
07191
04665
07619
03282
01275
05277
05862
03875
07626
05572
00002
07124
04812
05200
05963
02323
05002
00377
00942
05270
06454
01874
04271
08011
06262
03000
06031
03802
08696
05899
00280
00861
00640
01996
07107
01899
08437
03360
05376
08008
02450
00664
04961
08673
00065
04710
03209
04963
03244
03935
03425
00343
04080
00716
01242
00377
04560
01589
04574
07906
04750
06806
07351
01953
04319
05329
01942
03048
03346
05465
04105
02525
05582
01019
02072
02288
03515
05994
05163
01892
02183
07417
06729
07050
06653
05068
01354
01181
01899
06903
02453
00501
03836
06629
01201
04459
05234
06036
08159
07610
06306
08511
04625
01161
04983
07413
00718
05464
08629
01600
07553
02640
01734
03399
08108
03120
00727
01212
05110
02610
08113
02231
05599
01387
08496
00827
03644
08667
06348
06518
01034
05609
00486
04762
01283
01968
06467
08195
00800
02266
03108
05248
04542
02793
07283
05186
03852
01628
06170
03051
00059
03280
06449
00944
01329
07558
04246
03206
01637
00798
01065
01203
07543
01904
06714
03629
07820
01002
00887
02568
01824
00637
05275
06198
08460
07146
08305
05233
05920
07832
04247
02624
02785
04487
04294
00326
07517
01012
01791
00612
06807
00614
01656
08566
05883
05460
08037
07186
04500
01047
01323
07196
02092
04979
06423
08258
06889
08371
04892
06272
05749
08209
03510
07521
05544
05815
05170
05037
06634
03121
08659
01842
02684
04625
06931
04303
02633
06521
02508
05387
06582
03319
00819
01180
05511
06698
06951
03764
03178
06457
07432
08480
08585
07594
08538
03204
05139
03737
06488
00063
06601
00055
03253
06729
04170
03934
06449
06466
00485
02654
08342
01677
03484
02987
07124
07575
04642
08410
05336
07807
01302
08082
04100
03200
01166
01101
04567
05658
00800
07128
02163
00325
03880
00039
05333
03327
02970
05537
00490
02560
02668
00588
04156
06105
03704
04138
03136
00066
07840
03389
06129
08329
02799
00588
05870
01013
00331
07931
01646
02399
06441
05203
02257
02793
02029
01612
02840
03553
04324
04762
06198
00753
03633
02439
04318
08245
06099
02095
05296
03664
00917
07804
05219
02556
03667
03406
05461
02042
00101
00127
05931
04739
02375
01076
01769
03014
05667
03288
06370
06055
01932
06361
08049
08379
07820
00822
01482
08214
03825
02504
00684
06618
05101
06590
06157
03218
06959
03548
03401
07519
03347
06186
01725
04070
04017
03014
03051
04717
01891
00772
03534
04444
05933
07195
02431
07441
04970
03646
04243
01387
01665
04345
06413
07235
03369
07589
08624
05885
05663
01610
05314
06601
05713
03516
08641
02812
02189
03022
06483
01557
02480
01236
08001
01106
05581
08419
03908
03660
08389
08555
06355
05518
05052
00608
02485
05831
08324
07698
01860
00814
05583
07976
06388
01024
04979
03185
03310
06825
01345
07034
