05637
02226
07168
06116
00036
08097
07809
07139
00741
05805
06614
01737
07610
02429
06623
03862
07092
05368
04558
05714
04941
07481
03507
02988
06648
00666
01049
05560
01409
07145
01792
00386
06670
06275
06397
04795
04514
04269
03855
02524
04937
03930
07800
02508
06873
00143
01105
04075
08036
00382
01807
03033
05374
01432
07851
01933
03094
03557
02565
05342
03712
01854
01694
05928
06658
06955
00035
07899
07166
02125
00294
01058
03565
00692
00940
05308
02726
07013
07528
02031
03841
01829
03096
04895
07926
04641
00838
03292
02377
05095
03298
05956
03397
06267
01267
07686
06458
00343
06519
06152
00728
03085
05629
05889
00210
01930
02966
05949
07951
03388
07320
07989
02516
00725
07624
03959
05779
00340
02330
03571
05024
03642
07567
05982
07287
06238
04987
04368
05089
06253
06325
01405
04000
04316
03736
03992
02655
02120
07987
02764
03286
00876
04629
00696
02576
06643
05476
02114
00347
03653
05793
00257
06269
04432
01497
06967
05009
03200
05446
04186
02824
00727
05604
01407
04582
01991
04739
03553
00364
01542
01667
04364
05773
02289
02343
02846
04174
07874
07923
00832
00639
05971
07761
06946
04968
02884
03240
04048
05416
01504
07680
00060
04338
05609
06497
00105
07402
00742
01114
06463
04466
06277
03898
00094
04082
01642
01543
00994
00909
07591
01979
00724
05663
04356
04164
01878
05021
00258
07239
05500
07173
00780
07946
07819
05995
04861
01803
07016
05411
04213
00930
02766
00692
02796
04475
04766
05582
02725
03295
07836
00258
05596
00566
04942
02623
00818
01421
06161
00009
04379
03079
02900
08074
02134
04594
00105
03480
05865
02384
02347
04395
03779
06813
02442
07399
06491
05054
00283
04549
06292
07041
07907
01387
04395
02280
04468
02323
02618
04500
03831
00484
01438
06324
03083
00684
01631
05370
05035
06856
02892
06914
05519
03416
03526
05717
00103
03498
01255
03649
04702
04408
06728
07772
02597
01055
06976
06270
02183
03803
01547
01478
04184
00424
04983
02945
06698
02151
03706
03077
05906
06087
01482
05373
02096
03539
01348
03149
04341
00429
02130
01926
00222
01616
07472
07540
04921
05019
05973
00968
06657
03815
02827
05117
04720
02552
07170
06023
03505
06007
07197
01288
02100
00686
01232
00334
00781
07601
06850
05409
03000
01785
07479
05190
05819
07388
06418
07018
03007
01202
08064
02922
07006
05819
07148
06339
03711
03553
03116
02201
04839
01084
04678
06413
03662
00104
00989
01197
01042
01192
01175
06329
04280
00134
04859
03592
07271
07755
06632
00740
04951
00613
00200
03139
04553
05538
03907
00439
00941
00213
03600
06869
05800
07605
05562
07561
06393
07722
01421
01350
02168
07237
03521
03486
07137
05286
05132
04265
02495
01965
05687
01540
01237
03614
05161
01488
01275
03350
02600
04189
02014
04524
01378
03537
02813
04672
06233
01681
07379
07979
05761
01644
03415
06304
04606
00706
00991
01455
05765
00169
03502
04065
02214
04328
00965
07100
04580
01293
04003
03873
02974
00357
01194
04320
02295
06137
04170
00035
06163
05552
05606
04984
07207
07156
02610
05485
04351
01091
07594
04133
06122
02979
03765
01785
03291
02902
00303
07372
01888
05897
04158
02901
07499
05251
05837
00716
07994
02974
05374
01844
03467
02142
02028
04484
07445
05529
06065
03872
06079
00452
00314
02347
05647
04593
05035
03647
07612
01257
06539
03433
05889
01733
00619
04036
00833
06984
04879
01161
01643
07860
04997
07629
01030
07963
06483
00255
07695
02081
07089
05316
04072
04737
06360
06265
03889
05748
00934
02416
00074
05025
08013
03068
07987
02132
00603
04999
06093
05002
00672
01749
00198
02079
03612
06187
04720
04971
07577
04066
01419
05625
04658
07851
02084
04294
07426
00860
06715
00583
01246
04953
04685
06419
00653
03040
01471
07755
06978
08018
01815
01343
00141
03600
07392
00738
00191
02727
00777
05583
01096
02136
03435
04728
04343
07923
04932
08067
03001
03915
08061
08016
07980
01224
04085
06997
06983
06477
03624
07478
01859
01961
02734
08066
01872
02821
05948
05330
07997
00743
07297
08073
06691
06786
00142
07604
02233
06130
00544
02769
06313
04323
02640
00895
06739
03746
01945
00541
00379
02196
04955
06820
07218
01424
05887
06947
07866
04380
05426
04834
01675
07632
00123
02555
03845
01643
08053
00014
00175
04466
07256
00299
06459
01643
00019
02474
07144
02415
06671
02850
07562
02028
07806
02647
02064
04407
03794
04346
04912
04529
07795
05216
03788
00109
05952
04032
04472
06407
06383
05301
04014
04072
04199
03580
04421
04943
05398
05663
02831
07974
08093
00144
04942
02602
01727
07160
02185
02929
06219
03856
05024
05242
05334
06245
00805
06016
04040
05428
06823
04247
04716
06258
07629
02596
03918
01402
01149
04308
07782
06002
05803
04785
04063
06647
04924
01041
00373
01506
02556
05352
01490
03299
03367
03220
05115
07724
07637
00060
03759
03751
07042
03946
01000
07025
01941
03162
04529
06720
07305
01369
05737
06221
02441
02403
04379
05359
06884
04537
04525
00383
05329
02786
05318
03633
06886
07445
06354
00983
07681
04108
03120
00921
05433
02641
06736
08026
06669
06290
07124
01463
05614
01862
01593
07449
00528
08039
06611
06581
06963
04675
00329
00212
01125
05453
06672
06785
02707
01904
00256
08063
01985
04434
02652
06843
00011
02843
02994
06000
01074
07328
00347
04257
02761
06960
04838
05973
03492
06259
05972
06359
00663
04402
04623
02900
05044
01371
04228
07187
05828
07214
06272
02811
06747
06160
03535
00940
04630
07504
04669
05743
00891
06692
04121
04696
01412
07663
03486
04411
02299
04817
01386
02443
00218
01655
02759
07172
06953
02669
00522
02571
04595
07966
07346
05776
03038
06416
05929
07328
03777
05037
06414
07409
05933
03862
04103
07335
02089
06282
00819
07752
07950
03190
02189
07356
00174
07353
04867
00056
01333
05659
05281
07093
02142
02728
05586
03318
02932
08024
04682
00859
05316
07349
04423
06984
02776
02177
07541
02477
03142
03029
04888
05436
06923
04487
01180
00490
03336
06928
04741
00011
04295
00037
00475
04262
02207
03853
00217
02488
01529
05053
07521
07801
06675
01857
02179
03192
07675
05959
07599
07737
03201
00592
08018
00542
03334
03198
03933
06453
07581
07369
08080
06030
06368
03243
06114
07960
04356
01953
05494
06863
02350
03279
00019
06530
01202
06652
00398
01443
05114
01114
00740
06988
01257
04676
04559
05819
04787
05692
01758
00038
04423
04967
01781
02393
05639
04705
01539
04569
05304
00678
06030
07647
00035
07018
01856
00566
06349
04234
06364
07927
02027
04519
00673
04151
01225
07117
00717
07823
06324
07800
07959
03715
07816
05715
01762
00603
06989
07139
06165
04184
04618
00507
04763
04576
04491
06398
00036
07030
04432
06180
00674
07648
07499
02698
04070
05763
03507
02918
03384
01189
05692
02672
07354
05262
01043
00812
06357
01221
00465
05581
04534
02321
03880
05161
05331
01593
07151
06442
02722
06373
07975
07553
06851
01956
05116
01316
06535
00418
04566
06063
07602
01126
00965
05899
05089
05050
01939
07474
07485
02515
03484
06774
06052
05132
01041
07502
06549
01934
02398
07996
07516
00391
02218
06450
06512
06169
04218
02459
05292
02166
02790
07605
06625
03533
00279
01593
04866
05503
04174
00590
01579
01440
00570
07043
06744
06610
02613
05617
01650
03825
06733
06159
01248
03664
05114
00846
06535
06031
07344
06111
05528
06222
02194
01411
02068
04343
02283
05481
04986
01157
03446
03796
01058
02413
03218
06973
04694
03529
05215
06947
03357
00132
07055
00810
01275
01024
01941
01977
03866
07340
03915
07298
07368
04618
07212
04805
00244
07992
03344
06376
04276
00452
07593
03586
04050
03750
07768
07866
01037
06363
08073
06983
00278
04943
01409
06907
01232
00451
08056
04272
06193
06974
07686
04763
01588
04747
03743
00064
06047
05008
04871
05987
01059
06625
07566
02098
03155
03546
05521
00967
06518
00907
02034
04066
00857
00092
06266
06040
01801
00386
05255
02207
07422
01409
03026
07330
05204
01531
01111
08035
03023
07078
03340
01364
05014
06030
05217
03780
02058
01434
05333
01252
01730
05085
00114
05959
05699
06801
05383
03002
05712
05340
03191
03676
07927
03191
01238
00654
06527
05716
07600
07103
01339
07187
01186
00896
07154
06209
08050
00487
01294
02574
01615
07105
06206
04573
00517
02166
00038
07394
02963
05941
03578
06065
03322
00189
05783
04777
03699
05845
00771
04425
04706
04091
02120
06334
05962
05227
07259
03393
03792
07955
01507
06409
04419
04634
01933
06896
01355
08024
02181
03309
01123
02673
05966
02465
00293
07010
06402
03506
03144
05825
01926
04213
06793
01119
07865
02276
07847
03981
01441
04306
00677
03497
05250
00136
04819
00091
00178
05736
02468
07188
05561
07175
01198
03842
04042
04720
05337
07438
05773
05320
05706
05071
06957
00839
08073
04012
06462
07429
02126
02750
07419
02244
07576
06648
00789
01266
06384
07832
03704
01935
03784
07403
01544
05663
02253
06792
07848
04254
07356
04997
02667
00516
06017
01139
05687
00588
07962
01098
07379
07972
01666
02558
05878
01356
06877
07420
03706
02148
06693
06668
04004
05592
06979
04304
03153
00179
01140
01518
04521
07464
02632
06136
04204
03810
05352
01469
06730
00261
07236
02303
04321
07346
01179
03564
01070
00756
07996
05642
02041
01002
06435
01577
03506
07295
02029
01803
07820
03136
03950
04642
01777
02336
02703
07542
03217
01081
02591
03125
01800
07067
03103
00513
04791
07399
03919
01210
06067
00538
01517
05678
06288
02792
01425
01181
04921
01280
03654
05777
03110
03230
05079
01775
01436
03496
04034
02000
05600
00006
04387
02615
07862
07524
01667
05404
06337
01495
04704
07602
06548
03561
02000
05286
07033
02785
06824
01854
01338
00543
01226
07057
01493
05772
01516
04532
04533
05371
06750
03121
04231
05504
01120
06135
06624
02126
05476
05095
01747
08097
05998
03626
05147
01649
05141
01185
01947
03278
04495
04538
04278
01597
00142
02996
03768
01003
07609
07306
02701
05685
06798
07081
05346
00404
04569
07569
05909
01656
06347
05838
01818
03381
07054
07868
06370
05702
06756
05412
07411
01358
00016
05790
00126
00420
01424
07329
01092
00894
06853
00978
01136
05890
01237
01549
07575
03818
05251
02392
00926
02175
03878
07154
06541
06721
04815
05445
03626
03980
07477
06973
00260
04211
01351
04338
05257
05118
05985
04960
05415
07483
03905
02798
00454
03467
03373
03796
06136
05602
07737
00730
01715
04201
07490
06870
00493
00395
06382
05761
01950
02796
07912
01587
01602
04882
07917
04618
02462
02102
06721
03894
01104
05643
01964
05047
04111
03202
01724
03214
01752
04367
03848
03881
04540
06011
02363
01859
03412
00167
07179
04212
06956
00465
01166
03599
02197
05342
00281
04970
01908
07544
03725
04238
02347
02805
06479
04661
05930
01597
00672
06452
04944
05122
06087
05842
02617
03646
04734
00468
00724
07151
01900
01466
00346
07650
06429
08044
08082
04013
07612
06106
03632
05012
07399
01565
04984
06547
03289
07260
00184
04907
00388
02618
08031
05522
05295
00338
00029
04525
05649
06349
06232
06237
07760
07151
07169
07129
02734
00747
04740
06300
04118
05709
07098
02851
00828
04074
07156
03082
07675
05911
05721
03644
05824
07807
07193
03004
00191
01663
06274
05268
01537
06887
05693
03801
01085
05459
07453
05466
01513
01515
00015
07222
06274
07285
01285
03515
03985
04586
05850
06233
02292
07664
04733
03476
05847
03927
04430
05256
03284
00686
04066
04879
01867
04381
04782
00585
01304
02357
05849
01815
01043
07088
03779
02060
03596
05496
07403
06098
05076
06367
00011
02534
02713
04422
05023
01940
03191
01362
01807
01253
01185
08095
07697
06434
00041
02764
07543
06855
06564
06871
06915
07673
01774
04139
00789
05594
00566
05504
00374
00803
05851
05800
05025
07786
00673
06316
01652
02338
07987
05037
00966
06060
05763
00870
06025
06538
07477
00119
06048
02923
01829
07879
04137
01961
00751
00979
00004
01615
04021
04599
07999
05714
07944
07118
05358
06628
05605
07240
05916
03312
05667
04108
04506
07953
00925
00586
04104
03673
03853
05014
07377
07214
06385
01467
05204
02854
06883
07821
07276
07876
04227
02282
02802
05411
07417
01559
02642
07570
07924
00220
03091
00289
02855
00210
04408
05508
06080
03265
05691
02425
06711
06558
07547
07680
07045
02141
05215
04596
02428
06892
06622
02961
05704
05573
02478
01230
03232
07971
06999
04337
03115
04953
00741
01565
05115
01631
02730
00700
00284
00082
00670
06201
00521
04214
06237
04317
06692
06330
07248
07763
04804
00704
05105
01998
01119
04992
02996
05880
05759
03921
06815
01072
05918
00383
01773
04656
00259
05899
01607
06993
01556
04528
00721
05825
00301
03927
06492
00580
03091
02610
05053
01599
03241
06130
04837
02394
01509
05555
00804
07983
00572
02285
03301
04556
03812
06134
01252
03478
05187
02988
01211
01325
07888
02344
02463
01217
06094
00168
00527
07698
07065
04029
05547
05864
03329
06670
00030
02501
02461
00590
05674
01945
05397
05680
07777
02841
05438
00642
00070
01320
03347
06427
06526
07018
07869
03091
05870
04214
07447
03753
00222
06987
07675
05127
04262
00959
01098
00342
05529
07721
06160
07129
05958
05481
01817
06161
00996
01534
00395
00791
05423
03564
05439
00746
04117
06660
07903
07395
00720
05658
07826
03903
04653
06062
02068
01620
00117
05186
06286
01220
06097
07780
03158
06163
02935
03231
06784
04485
08073
07008
02399
00541
00550
02016
04823
04376
05887
05661
07545
04481
04241
02091
02886
00437
01664
08004
01182
02056
04662
04815
00159
00960
08010
05786
03914
06266
05674
05631
04637
04279
05328
05467
06831
01171
00021
03239
04023
01822
03657
07299
01076
00245
01995
00364
00911
07636
04684
05064
06461
07478
05079
03429
05847
01857
00828
04733
04828
00892
01867
04010
01250
02011
03518
07962
00243
04815
03922
03981
03747
04487
00837
05778
05107
05791
00188
03933
00660
02183
03084
05287
07494
06896
07217
03605
04601
01335
00184
00250
03437
05003
05054
03922
08034
07498
08025
02102
07298
03943
01581
06062
02288
04995
02989
01164
05655
00819
08082
00306
07363
00222
04017
03209
00785
01940
08084
03045
03052
05451
01753
02180
07880
05181
04455
00369
04281
02035
05563
07731
07389
02961
02860
07667
03492
08091
05013
03463
06155
07824
07778
02599
01031
02050
05465
01678
01073
06899
05319
06050
02102
07952
00580
02141
05967
06207
01833
07886
04555
01978
02016
05360
06703
03887
06573
01230
01176
01086
04563
03903
06056
00908
06467
01141
07720
06206
00058
06605
07982
00958
06023
06469
06410
00430
04591
06402
00335
06325
07601
07749
07684
05792
02242
02982
00653
00850
07066
06977
02500
02361
05477
00157
06985
05390
00672
07606
06166
04067
00200
07035
02705
01607
07760
07201
06948
04194
05624
02567
03754
02691
04063
06754
05283
04505
05079
06561
07743
06482
04789
07683
04021
05431
01898
05493
04655
00169
06684
07196
07253
05344
05865
04591
02770
07259
03686
05630
07636
07179
00335
05215
04320
05981
00979
01930
03490
03223
06102
07336
05979
05655
02882
07252
00077
05085
06570
07043
00241
05270
02072
06422
00721
04658
06371
04946
00508
07342
03433
01952
04821
07130
07110
04035
05192
02639
03108
03739
00932
07321
07488
01472
02448
04381
02675
06184
04105
04638
05142
04194
03592
07610
02652
02056
06894
02779
00249
06520
06736
07932
00128
06299
06829
01858
07823
02487
01367
05813
07819
01099
01197
06556
00223
04693
00872
01500
06470
07671
05622
00494
03769
00183
04768
00051
06019
03650
03212
01818
06587
01340
01897
05376
05320
03491
06283
07248
06545
07090
07152
02250
05248
06173
04301
01790
05029
01058
06679
06932
05064
00902
05934
00442
01191
06934
04216
02946
07287
05133
05923
02992
05846
05000
00520
00760
02725
04681
05687
05671
06544
02949
00932
04620
04039
06573
06345
04331
04630
05216
07510
07016
00397
02771
04187
05597
04505
06178
04720
05099
02810
00803
03819
04124
05285
07661
03924
04399
01743
06952
02409
02679
00485
03407
02170
00793
00860
05907
05011
01957
06628
00554
02337
03262
02825
06448
00879
00779
06357
04288
03277
00078
02929
07106
06564
03795
04548
00758
04454
04728
07254
04936
06101
00853
01879
01929
02911
04471
00802
04667
07632
03351
00281
07030
05559
03200
02743
00528
07952
02189
03297
05431
01911
05278
00232
04825
01834
03691
01780
07209
04013
04140
02157
05041
02871
06548
07270
06211
07218
05380
04386
03126
05668
03674
02836
00593
02980
02179
01916
03355
03912
05671
02925
00988
03757
05165
01522
03936
04758
06963
00644
07658
03662
05088
05113
02595
01563
06484
00138
03837
00556
06557
00864
01806
04367
05736
02314
04338
04798
06364
01416
07942
06385
02919
07863
03343
03787
00302
04200
05119
03982
05200
05260
02847
05976
00342
03326
07658
00413
06018
04024
04142
04816
04782
03036
07229
04182
02337
03041
02855
06418
03089
07763
01831
00134
02576
01189
03288
07311
02384
00867
06474
07675
03397
05868
06942
05672
01083
03104
06907
07966
00838
03723
04527
03039
01395
07433
05374
02419
04552
00499
03545
06262
04359
07325
00788
06806
07867
06414
03198
03146
04861
04316
01554
02353
00127
05093
04363
01630
06887
01450
07656
02104
00235
04268
04591
08021
04332
03045
00665
04355
01349
02220
07160
03358
03758
03433
02055
07075
03690
00583
07226
08091
01371
07578
06398
00461
05241
06081
03116
04745
00890
03605
03231
07140
03013
03097
05503
07709
00360
04614
04934
00426
04637
04370
01787
07801
04494
05628
04594
00480
07081
01131
07267
03799
03071
06379
06525
01849
07147
03759
08099
00373
03800
02117
01727
03182
04220
01744
07051
00263
05025
03944
05886
04025
03819
05223
03303
01156
06915
03094
04516
05764
07630
03850
06478
06213
08049
06261
00745
00430
02458
04292
01760
04807
06281
02330
05508
06242
07669
02604
06662
00628
03866
03953
05967
01686
04847
03694
04791
04442
01352
04626
03410
00433
06240
07056
07639
04102
07113
03018
02873
06481
05601
04630
04789
05987
02156
07396
03491
06397
00464
05258
00126
00072
02742
02587
04863
07931
04554
01364
01820
03348
02443
07166
04982
04838
05064
06286
03653
06397
04463
00942
06186
02792
00777
03800
03364
01256
04819
01638
02722
04857
06683
05080
04024
05550
03307
03868
00713
06186
03423
00679
06682
05866
06770
00936
04845
00187
05160
06378
01245
00600
06855
05935
01374
07049
03009
01122
03509
05442
00448
03761
01859
03215
06881
08072
06507
05731
03567
01553
04305
08021
05791
01621
06344
02739
01091
06441
03564
00188
03456
05095
01203
02315
05425
07275
01819
00706
02297
05901
04690
04627
02856
00457
01460
03504
03607
05002
01489
04190
00583
01045
03179
03010
04797
00573
04559
04103
07280
04813
03738
06753
04982
00210
04254
02679
03924
00607
02940
01117
07762
00156
03305
05212
06184
00534
07795
01998
01823
06280
05346
00019
01987
06347
00959
05159
02898
05396
07147
06787
01202
07324
03507
05402
00029
07105
00803
07900
01662
01591
01412
07184
03203
03407
01986
00908
02266
05323
01031
01871
03193
02752
06760
04212
05763
05766
06062
02606
03940
01093
00328
01387
06469
04593
00399
06727
02606
00087
07586
06093
01097
05107
06773
00705
03725
00930
05750
00064
06711
00401
04313
00373
01884
07965
03273
03455
00499
02675
01510
01345
02846
05048
07921
00574
04953
00269
03782
04584
05239
05992
04643
06478
04551
00930
02499
02987
05499
00374
00185
06339
02843
02828
02819
03506
01284
06608
00862
01744
00171
03970
02833
01611
04553
06049
02354
02416
07998
07948
00961
02569
07252
01024
03221
04332
03702
02774
06244
00853
03189
07006
04055
03546
03202
03648
03139
00488
00357
03707
07638
01308
07823
05527
00334
03951
00076
00981
05397
06326
03092
04506
01694
00266
03356
05928
03420
05647
06735
02725
05726
01833
01800
07898
01183
02152
03072
04333
04411
04209
04465
00680
05690
03574
00590
07253
00625
02195
05220
04403
06280
04988
01527
06594
00951
06275
07315
05151
02238
01378
07734
07868
03331
03782
00455
01263
08006
07947
07048
06258
02009
04416
00733
01318
06694
01667
06626
06861
06690
00470
02799
05447
05752
00597
02018
07889
07967
05456
04514
04630
06757
07426
05839
04846
01173
05127
07087
04868
06211
00751
04804
00940
06680
00004
06027
01326
05665
05598
00865
01011
02554
06012
03136
01361
03036
07190
07719
05631
03110
05569
06408
05675
01613
00046
04074
07612
00215
00374
07315
03301
04488
00317
04226
02403
04652
02827
02482
00163
05832
02220
05629
03131
02999
04520
07592
03206
06501
05922
05244
05800
07109
00174
07573
02076
00531
01074
05855
03263
07185
02102
06275
06926
03850
04017
05656
06939
06102
04116
01335
06613
01894
01093
03436
00260
05675
06964
05838
03257
00891
07402
03187
00168
05250
03363
05142
07705
05071
05364
03286
03817
03884
05183
03352
05172
05456
03702
00560
06579
02648
07618
05965
06880
06021
03464
04047
02484
04701
07571
00663
02658
05073
04717
07338
06534
07174
02225
01834
06588
00857
00862
02630
04722
05810
01257
04445
04666
02524
03412
05495
05941
07192
04599
00476
05401
01907
03477
03714
04609
03325
04633
03802
04330
06892
03660
06262
07939
00130
01422
04034
07931
00256
04552
00069
06260
06273
01764
01551
04212
03635
07876
00009
02675
04248
05910
02505
06427
00280
06145
02461
01408
03067
04930
01527
06880
02191
03358
04971
04663
00869
03715
05537
07865
01041
04203
01189
00377
03655
03928
07081
07554
05124
03826
03123
06706
01906
02807
06408
06538
06737
03176
04684
06748
01016
07422
00647
03268
06136
02492
01137
07710
01007
04141
02224
06078
03616
01058
02412
02218
03334
01713
06428
07389
01012
00669
05618
03325
03854
06058
01319
03371
02994
04993
06955
01775
03574
06977
01753
01227
06165
05521
07332
05908
01920
03138
06593
02543
06548
07406
00484
07587
03009
05067
06234
04152
07299
04734
03493
07758
01558
04690
00560
06168
07491
05845
03018
06403
02843
05751
03210
02375
01182
03354
04692
01012
01277
08035
02655
03063
05442
06922
00326
03740
04297
04394
07006
03620
01757
03264
03627
07351
03467
07117
02655
03307
05151
00551
01292
00941
02854
05644
06361
00550
05141
05171
01853
01767
06916
03877
01356
06462
07065
00495
06898
03780
03720
01018
05081
06775
02201
06032
00008
04877
04834
05378
04731
00996
06099
00612
00395
03893
07903
06332
00334
04632
01699
04187
02014
06977
02299
06258
00956
05613
06387
01637
04840
02240
00324
02623
06578
06339
04495
03049
07731
00604
02189
02081
05708
00737
06935
04823
06485
04974
05578
06667
00682
04671
00983
02674
01841
04769
06645
03512
01887
03038
00553
01967
07620
01928
05979
06229
06362
02875
04881
04664
00210
07595
00594
07522
06707
00376
01506
04129
05083
02166
08079
00541
06900
06033
06911
00777
05864
01841
01625
01649
00458
07959
03270
06782
04886
07948
06979
01840
05303
06340
01057
02844
07983
00763
07296
06317
03787
02252
05097
00225
00554
01283
00139
04434
07693
00273
04088
02076
02837
05631
00814
05247
02100
03864
06548
00193
03625
00875
01291
02052
00720
05529
05628
03734
00711
07460
01964
06143
01673
02898
05607
03240
00952
00630
07488
07063
07404
05036
07158
07246
05650
01068
06433
06433
06902
04827
00024
04116
03479
02691
02228
06314
03394
07514
06973
03621
00123
04766
03716
00290
04144
03033
05065
03670
05206
00962
04116
03326
06005
06748
03196
06728
00120
05224
06111
01390
01495
06450
04457
05112
04071
02842
00828
00784
07560
02003
05741
04314
02517
02365
05345
03695
07672
07201
01855
03854
05012
05553
00786
03040
01257
03263
04567
08081
03327
00662
06285
05396
02220
06796
00329
06937
04732
04445
00024
01627
00651
00173
02784
06873
04098
08028
01324
06866
02118
05214
07045
02488
02786
01049
06822
04478
06211
07468
01978
00094
06587
02864
04854
00714
00884
07502
02761
03094
00299
02979
02365
00288
06954
03511
02533
04717
01410
05577
00952
01743
01981
03485
00426
00185
06307
04883
06536
03942
07888
05580
03702
04194
05152
06876
06046
06999
04775
01879
02624
00192
06252
05662
02778
04881
00449
07169
07785
01682
05032
05294
03149
01906
04250
04761
05202
05128
02469
01295
01849
05097
01007
07010
05319
07454
04186
02707
00373
03097
05646
01895
02880
04810
05020
02056
06723
03251
03993
07699
04084
05689
06558
01987
03983
03108
01104
01802
01643
02611
03443
01677
04751
01540
00381
02322
07201
06193
03156
07644
05003
00195
02916
02546
04126
06013
06641
02138
06324
02931
06465
04330
00849
04782
06959
00486
01790
04959
06239
04008
00883
07671
07084
02100
03784
00157
03313
07744
08039
01532
01020
02305
04424
05869
07530
06861
01833
06925
05828
03376
06725
02403
07558
04089
02861
03864
06334
07485
00087
07352
01964
06092
02279
07178
02982
02373
07479
05550
04027
03041
04142
01246
03116
07116
06217
05803
02295
01482
02666
05357
04248
01965
02259
07877
06647
05808
06087
03308
01365
01733
05060
02768
06686
06905
07082
04292
03595
04352
03040
07281
05767
02532
01189
05972
00258
05830
02672
02480
02835
02996
04909
04289
05655
03438
03908
06127
02288
00628
07413
04317
03386
04718
03115
04565
01922
03247
05301
05988
00008
05909
02167
00088
07407
01265
01365
04794
02212
05923
06019
03206
06747
04688
00977
02262
07420
04528
06946
05679
03142
06540
00217
07307
04458
03640
00807
07837
00983
06987
02684
00103
07641
07091
07136
02365
00376
05201
02014
01703
01807
07810
05157
07860
04338
04232
04827
08063
02334
05796
00760
02659
04000
02016
07151
01096
06030
07287
00852
00970
05501
07772
02142
00484
06650
01832
03776
01778
00424
04426
00463
04383
05615
06121
07178
04758
03625
07715
06255
05473
00115
06173
07418
06357
06111
03528
03576
06889
05232
06342
00494
06973
06969
00090
01000
06688
00135
04070
04365
06989
05078
04010
06357
05375
06904
02070
02407
04672
00499
00653
05788
05028
04009
01874
08056
05184
02606
06673
07324
01161
07357
00794
04402
04875
00626
08069
02930
04002
02516
07814
01421
00744
06687
03977
01984
02547
06426
07394
00030
02490
05661
07282
02779
06411
05570
03242
04307
03451
03673
05918
00883
02706
00448
06147
02754
01379
00853
01446
01195
06075
05941
06451
00791
00006
06678
00501
01151
02306
02317
01145
03989
05888
02061
06443
07924
02279
05420
01758
03965
00096
03069
00995
07724
06184
04743
06304
05832
01876
07121
00192
01820
07734
05993
01159
01115
01782
05332
01500
01435
02876
05541
07174
05766
01750
02626
04091
03894
03567
07604
02558
06076
01730
05593
00849
02124
06412
03693
05219
02827
06600
01842
03435
03941
00696
04898
01684
04933
06690
00872
06738
03112
05903
00146
03450
00983
05333
07085
05447
04302
07023
05054
05649
03371
02476
03002
07199
07534
01813
05534
03922
00451
01857
07625
00736
00869
00213
01658
06187
04074
04581
01090
03865
01857
04568
07051
07757
06691
07143
08016
03525
02604
02969
03906
01429
07422
01684
02315
02221
05620
07088
04177
01950
00896
05261
01237
07141
02069
00924
07759
07327
05256
01495
01715
01883
00135
03057
02010
00315
01723
02565
00219
07015
05611
02194
03991
00512
02049
07633
01488
01395
06063
00993
00223
03074
04966
04287
05467
06416
03481
06441
04747
05258
03133
05128
07166
02543
04470
05970
02901
03504
07985
04283
00337
04073
01528
03885
06063
02423
02984
00663
06906
04166
00410
05371
05913
03456
06710
00439
01742
07685
03056
01325
06907
06362
00172
03023
07479
07165
01373
04671
07185
05135
01627
06309
07566
01409
00947
05971
04045
05157
04756
02794
03256
05217
05315
05110
06369
03314
04586
01436
06455
07702
06147
00808
04495
03596
06845
05586
02639
00894
02769
02406
04502
01341
05179
00164
05463
03317
01723
06115
01472
02740
02967
04478
03719
04776
03487
01895
03992
03029
07684
05608
00981
03753
00194
02409
06507
02824
05652
07912
03830
06773
06210
07510
04441
02970
07027
03910
02575
06272
06061
04619
06870
07922
07091
05475
06482
05164
01349
04542
02006
07633
03311
06202
01572
05358
01736
07736
06587
06922
07310
04793
07723
03862
01827
04653
01820
01674
06158
07184
05794
07378
03517
08079
07793
05708
05079
02429
04726
02820
03206
05858
07291
07562
07195
00554
06777
04959
02906
04351
06895
02901
05505
08085
03314
04809
03461
08051
07215
05273
03732
06531
01673
07640
02126
03640
04274
01374
01563
02004
04685
01452
03322
00316
07315
04283
00152
04448
03195
00042
03899
01679
00058
03467
04539
05856
03475
02483
04488
07173
00808
04962
05998
04793
01600
01225
03697
00721
03730
07880
05331
03480
00990
04532
04889
03979
05378
02077
05067
00040
00654
04150
07185
02630
05070
02490
07319
05902
06767
01151
06423
02026
04690
05774
06958
07700
00749
04609
08013
00379
07923
02261
01760
06909
00106
02537
02286
00840
06123
05664
00198
05854
03219
06043
06581
05492
00482
02122
01333
07923
00702
06357
05631
07331
04525
01465
07694
04250
04446
03901
06723
03286
01426
03162
06196
01911
00528
06410
01809
07286
01124
07816
00183
06438
02990
03778
04886
05324
00645
06513
04653
01292
03579
05626
04744
00540
01316
05626
07333
06017
01703
07311
03127
01505
06506
00399
06105
06262
06873
04343
03684
05342
07555
01024
03217
03088
01445
05198
00058
03347
06492
06625
04147
04411
07530
06133
00393
01208
06248
02391
00283
04979
04159
01150
05449
03332
07905
02584
00830
04658
00263
05280
00785
00063
00106
07002
04648
04228
04378
06151
07050
06717
03164
07107
00316
02077
02711
07510
03755
07124
05574
02962
02352
07478
06898
06407
06512
06988
01274
05196
07103
06155
07409
02258
05993
07962
01743
02176
03340
01166
01929
04937
01069
03896
01739
07847
02506
06434
02379
01693
06009
04619
01252
04068
04136
04908
02481
03923
00697
01349
05088
06293
07268
02254
06952
00108
07623
00558
07535
05747
05630
00454
03677
03117
00313
06867
06386
07761
04235
06826
03850
05171
04460
03193
07983
06117
02900
00319
00395
06739
05507
00010
06981
05453
00413
04161
02931
06578
04632
06228
01458
04562
02236
07216
07694
05598
01783
07140
05797
04841
00998
03282
01487
02331
01956
05620
00407
07712
03762
03614
07613
00487
04007
04188
03075
00761
06863
01989
00771
01261
03840
04644
02732
07151
01544
07844
04437
04541
07446
02695
02972
05782
01843
03264
05394
03681
01097
07377
07080
04715
04188
00652
04926
01649
00181
00022
07692
02428
04472
06679
07611
03092
05282
02873
01105
06400
06985
05950
03161
07592
05752
04529
04490
06501
07054
04857
00276
06602
00126
07551
00182
02076
07025
00811
06890
01535
04801
01597
04230
02948
07598
05217
00019
01723
07287
05755
06681
01574
03663
06543
05619
05425
04006
07282
06093
04054
05836
05542
07736
07709
05904
01995
03897
00364
02653
00734
04150
07900
04618
02312
07602
04855
03496
04680
02072
02195
04231
06475
02420
06429
01010
01309
07834
05827
02447
04813
02080
01200
01427
03425
04666
03770
00430
01556
00065
03698
04520
05793
01553
05688
04785
06448
07128
04086
04014
07309
03221
01290
07097
00541
04085
06812
01138
07961
01306
01539
03440
05270
01594
03881
07085
03316
00771
04737
07993
07315
06917
06860
05654
04691
01908
03776
06065
07504
00228
07581
04321
07526
02263
03290
07046
03156
07134
03573
00931
02308
06848
06719
03953
04551
06004
04775
07237
01593
07122
07551
05013
05811
04691
06420
03760
00238
03994
05382
04599
07773
00230
07015
02299
06621
03957
05363
02822
06057
06641
01402
03378
04128
05091
05337
04865
05841
07827
04827
04911
05310
06404
04283
06958
06294
02993
00619
02517
06449
03451
02233
05451
06443
01290
03518
07990
05788
00031
04143
02564
02003
06460
00516
00386
05706
03388
07685
02565
04586
00349
04116
03479
00165
07584
06213
06523
04372
05588
04161
07492
04620
03908
02234
05556
03629
07599
03640
02772
05725
07602
05360
01365
00346
01669
07102
02795
00411
04470
00605
00453
02398
02239
04924
02777
07404
04539
03105
02864
02830
01061
06701
06895
04435
02064
00911
07659
01323
00427
04594
02063
06338
02877
07049
02580
08036
06421
04634
04385
00333
00109
07859
01661
06604
02213
06901
07998
03565
03440
01608
05603
01868
03790
07509
02098
01250
01760
06103
06192
00454
05392
00347
04962
03905
07469
06099
00695
03166
07016
05198
07808
02554
00690
02694
07020
01509
02231
03792
00340
02526
03699
05481
04830
05017
00780
05463
07335
04541
01531
06418
01062
02494
01916
05837
06378
00997
01641
00608
01915
02099
03414
07003
06272
03172
07776
04995
01878
04564
05053
02653
03913
06953
03629
06601
00438
06125
02487
00428
02983
04500
06061
06141
02198
04166
05265
00286
07025
03209
07369
04466
04247
05185
06303
06597
06866
02073
00836
03256
03793
00066
03123
05124
05612
05172
03705
04346
00998
04669
02042
06663
03275
00691
07575
06366
01684
07814
06508
00503
04837
00347
07442
06129
07729
03660
05723
05356
03609
05715
06669
06983
03407
00271
02920
04640
01573
02922
03151
01358
05515
00593
06079
02166
06766
00786
06320
02523
03995
03584
08081
06760
02520
07774
00499
04883
03366
07937
05566
04347
07273
07608
02248
05447
01688
03314
03582
03870
06992
03863
02764
03844
04333
04356
07821
04987
07020
01833
06549
07580
01604
07289
02812
01128
03088
00109
07989
07518
00858
07927
02787
07655
04246
05231
00539
03181
01538
07659
01883
02570
00662
00206
07079
05421
00403
00135
04999
06491
06073
00848
04529
04076
07075
00751
04045
03229
06876
07850
05459
01257
04628
02899
01168
04976
07040
00195
03617
03336
02635
00267
01565
05664
05449
05141
04465
02748
05126
02753
00003
00730
03029
03136
05205
06858
07835
05738
03020
01237
05100
00028
06793
03513
00809
05873
04659
06186
04991
04534
07139
04516
03343
05373
06042
02212
06363
03339
02253
06413
01934
07987
05887
00824
01168
04771
01500
03033
04217
02197
04129
02025
07841
00151
06912
07908
00364
02608
01769
05576
02587
01303
04804
03181
03779
06778
03275
07177
05027
05512
02308
06628
06414
06744
04228
00640
07859
00594
07106
01606
00565
03865
06707
03221
02757
02375
01503
07656
05074
07168
03439
07704
02505
05033
02057
01424
04287
07126
01368
03660
06397
07328
04321
08078
03607
06017
07043
03943
05921
07937
00772
06875
01154
06010
00440
04336
01854
07556
02451
01760
04355
01722
04607
05664
04912
05074
08092
05120
06151
01728
04177
03157
01713
03307
03164
05453
02057
07405
02734
04933
07429
03465
00521
04375
04701
04998
04430
07159
02306
02254
03639
04133
05794
03242
06906
03240
07644
03221
05172
01145
01086
04365
01702
03740
04120
06361
07946
03776
03995
04061
00018
03854
00450
05816
05325
04186
01205
01396
07023
01594
07491
04533
00760
04678
07425
01319
04004
05750
00425
02586
04082
02420
08021
01752
03779
03472
00056
00746
00430
06780
04790
01477
07019
02309
02037
05091
02913
01613
06344
00442
00969
07037
01036
05585
05009
05183
01701
07686
06785
02540
05479
00653
01465
05675
02996
05038
01463
03390
07475
01942
00177
06043
06125
00059
02504
04864
01627
00651
04016
03851
01464
01616
02285
02536
05910
05462
02406
05640
05769
04162
06412
02268
03339
02922
01530
01388
06202
01182
00568
04466
06316
03889
06322
03976
02818
02022
06371
02289
01593
07254
02511
07436
05853
03327
03527
07142
06895
02940
07820
03118
03403
00836
08091
05136
04319
04257
04443
07291
00892
05849
04176
03240
03119
04767
04037
05159
07663
01812
07043
07221
07893
02966
00957
02185
07016
02775
02399
02456
06705
01435
06842
05860
05420
05791
05253
00064
00573
00998
00855
04698
07885
07078
05525
05736
05852
00664
03539
00041
05336
03937
00303
02111
03025
05389
07619
04904
03941
06855
00661
04894
06798
05535
06560
05246
00007
01308
07237
04658
07644
01637
04532
00171
06138
01902
00753
01085
05351
00552
07615
03528
05110
03047
05541
06865
00136
00033
05232
01112
04104
00283
01989
06456
07836
00716
02567
04017
02241
06262
06328
08064
03336
00914
01958
04182
04359
07752
05929
02504
02601
03595
07150
04951
06421
07063
05047
03141
04530
04100
06660
03610
02324
05760
01354
02426
01714
03602
05190
01819
05174
03750
07991
05235
07161
02617
01369
00961
04740
04813
00294
04465
07212
02318
04375
04839
07021
06447
07602
04652
02183
00152
05852
06423
02458
00606
03750
03515
08068
07850
05794
06162
00785
06055
03940
05975
01939
07810
01758
04922
02328
05524
06454
03672
05298
00251
03870
02510
08061
04183
02178
03338
07004
00104
04571
02440
07285
00880
04575
03332
01547
02114
05850
00690
07271
04054
02860
00232
01067
05709
03077
01952
06584
06498
06094
00028
07390
03295
07528
06203
07070
04542
02523
01822
00951
02391
06794
05725
04642
06527
01379
07209
05117
07151
06295
06673
01652
04895
03487
01937
02452
02886
03284
03123
02447
02719
02341
06718
07512
04806
04577
00110
06067
06413
01077
01745
04262
02023
00316
04928
06297
01606
01668
04237
05260
00709
00480
02621
01503
07733
06525
05579
07117
01434
03126
07576
00866
01102
00121
00782
07640
01097
01515
00235
01550
02463
00648
05944
02116
03647
01685
04915
04614
06402
04907
02674
07355
00793
00241
02437
05417
03480
07490
06594
00456
06887
00828
00830
05073
07307
00017
02832
08007
05214
02060
03415
04740
06165
06028
03884
01409
05502
03798
07049
00168
04410
01336
07010
06674
06861
03843
06826
04130
05257
00001
06922
04172
06866
03636
02517
01520
02203
06852
05084
05019
06587
07252
06893
01204
00106
03733
02816
01137
01050
04558
04326
05391
06755
00603
02786
00293
06219
06677
07479
07825
03580
08068
00371
03314
07791
05970
07825
02722
03510
00104
00681
00146
04390
00514
07146
01508
02267
00958
04215
05325
02626
00458
02195
00681
03132
00372
08050
03708
01877
06924
01204
03327
07012
02298
01784
03240
02887
05168
01123
01899
01687
01567
06668
04231
06528
08038
04460
05409
00967
05533
00640
03251
06862
04521
06154
00684
03054
00339
08045
00060
03857
04431
05157
05992
04942
03554
05478
02648
03280
06157
02466
07841
06775
03107
01417
04174
01054
00865
05977
05406
01151
03364
05452
06349
04358
00315
05190
01225
02181
02348
06689
04915
04473
05130
04094
05539
02701
03197
03145
03949
03939
06990
02598
07294
02413
05314
05052
04035
06130
00882
05165
03632
04679
01396
04731
06878
03550
01329
05992
00391
01932
07315
02240
05959
07703
03010
02488
05513
06658
00880
04393
04438
02597
06193
05208
08051
01709
00797
01429
01658
05346
06229
03266
03243
00202
05270
02304
01370
03638
04374
06854
03551
07339
04275
03851
00499
03573
07118
03106
02805
06676
02249
07973
01058
04116
04702
03731
04539
02657
07128
04651
06316
02069
07223
04642
05578
04464
04316
02177
06677
00454
02835
00527
03861
01799
06450
05713
07623
00113
07095
02361
06653
07356
07621
07511
01778
06490
01211
05231
05831
04426
00371
00011
02983
06746
02427
06016
04118
01862
05127
05072
00611
03646
02255
03375
05876
05296
05926
04628
05063
01397
06564
07780
02179
05429
03068
03077
08007
07689
04427
06968
02895
05219
00022
01149
01217
04011
03494
02124
06431
02704
01099
07178
00989
01250
01582
04647
06449
06769
04280
02482
01635
04663
04157
05975
01075
05828
00714
06299
00142
01243
05775
01367
06898
07302
07468
00848
01273
06159
02663
01471
07397
07361
05208
02898
06941
06470
02125
07305
06076
06330
06869
03552
03060
06778
00359
04346
04898
03188
04999
02719
02913
04315
00957
02019
02389
06683
06227
03646
06335
03357
02467
05332
07627
03570
04101
00918
04261
02174
06931
06723
03368
08004
00875
07894
00425
01462
03125
04537
06900
04502
05858
00255
07618
00604
02821
05908
03460
06643
05546
06765
07215
03311
07557
01419
02909
04242
07824
03304
02108
04150
01289
04769
00698
03359
00859
02568
07470
02534
05168
07121
01669
04085
06253
01588
00984
01304
05870
05055
02026
06793
03064
06098
05530
03600
02825
04337
06665
04557
07668
01941
04618
05274
04182
04730
04614
07482
06165
00565
06111
07840
03527
00181
03916
07258
00630
03406
00199
07685
02348
01722
04364
03882
06974
01725
01246
00256
04504
07404
01453
03869
02344
00257
02763
01018
07214
05217
06099
00698
00992
07214
08060
05867
03994
04430
06258
07881
03939
02037
02792
04185
02104
03627
04346
06550
03613
00093
06593
04527
07453
02026
07505
03047
01637
07296
06412
07263
03166
07309
04138
03694
02022
03963
06009
03039
01486
02478
03310
07505
05802
05733
01845
01463
06829
05574
06439
01112
04299
02552
05058
04700
07437
05159
07411
02382
03184
06877
03455
06015
04842
01919
07115
01691
07990
00820
02954
07148
00962
02631
02909
03042
02020
07281
03160
01111
07291
03705
00604
06204
04137
05268
02085
03461
06678
05441
06565
00219
03967
01925
05262
06475
00652
00809
02609
07040
04379
00872
02912
00062
00639
04037
01359
02929
00369
07786
01444
02704
07375
01206
04156
08099
05939
01166
04662
05393
04303
06530
04935
02269
00607
03492
01456
06159
03718
03238
02229
01794
03215
05684
00314
02733
02560
04714
03508
02166
03981
05864
02965
05940
03768
02169
04921
01081
07253
01349
07522
02496
03926
00273
03379
07882
02608
05850
05037
05112
03364
05782
04698
05517
01272
00048
02224
01957
06750
03592
01831
06604
01960
02058
03755
06046
03571
04404
05756
00605
00835
03383
04963
01562
03655
04151
07286
01906
08090
05018
02813
00640
00957
00954
04126
04319
01775
06464
05118
05850
07888
05454
05364
00916
00302
06630
05102
02418
05183
00709
02776
02600
06572
04362
02195
00895
05250
01715
00523
01510
01049
00282
06816
06825
02301
05793
04622
00123
03580
06112
02008
03584
00402
01620
06893
04301
02883
03854
06886
00600
07473
02903
02679
01569
06534
00807
01153
05879
07700
06537
02244
04746
05288
07276
06947
04409
00789
01811
02117
02607
02231
05999
07391
01223
06837
07227
00520
07620
00351
03707
01252
01648
05520
04902
03634
02969
01035
05030
01033
05070
03757
00841
04906
03257
04977
06468
03848
04565
07140
06193
05453
01679
01012
05470
01145
02319
04248
00870
07854
06832
06753
00993
07919
05590
05000
01503
00617
01203
01237
06818
02155
04280
00920
01123
01717
00487
01334
06504
07345
02542
01087
01661
05939
05140
00467
04125
03192
03824
00463
07337
01142
07498
03391
00567
00983
03274
00386
06445
07915
06584
01042
07761
03787
03046
02805
05084
05664
02857
04293
05451
04185
00667
07633
04702
06935
03710
00460
01748
01763
06650
00271
00233
06193
05089
05779
07711
04412
03600
02177
06228
02869
08055
08031
01889
04297
05254
06392
01751
03084
05395
00832
01108
07824
05715
07094
04093
06440
02792
00919
03163
03326
04593
06531
00373
03507
01162
00886
07679
02582
01544
00570
05788
04190
00545
03557
02187
01826
00005
05715
04633
04572
07972
05092
04520
01071
00512
03723
02855
01767
03827
07555
01977
08021
05110
06408
02105
06111
00896
06009
04524
07393
00778
03996
00354
02167
02774
07458
06790
00833
00931
01783
01324
07678
06785
05166
07890
07292
03292
03487
03945
02907
03310
00322
04667
02452
00607
03169
07841
00478
07536
07490
05581
03686
04462
01447
01205
05240
05536
06607
00408
07050
07149
05838
01990
02779
00773
06860
04304
03945
06577
02626
00619
02649
05198
01498
05701
02504
00441
03183
03446
02356
00742
00330
02972
05647
01857
03220
01738
00717
04098
00255
00799
01933
07005
07799
07915
04150
01064
04535
00272
00544
02870
07869
03663
02985
01842
01217
03539
03727
06868
06041
06354
05000
00873
06377
05531
00694
05177
01358
07607
00465
02562
03868
07260
06802
01596
07391
06493
05177
01740
03322
02703
06555
05742
06172
06559
04894
07807
03905
04088
05987
04105
06511
04948
06443
02849
03558
01951
04274
06291
06041
05638
02284
00600
06217
03807
05985
00791
02905
03246
01881
03758
06375
00705
05805
05387
00058
07186
07761
07056
03527
00237
03379
07754
06714
02049
07617
02503
04803
01196
03215
07959
03146
02366
05864
02302
06997
01596
05707
01532
05149
03353
06865
07237
03425
01738
05042
00552
05603
06420
01086
01086
07847
06722
01415
05377
03709
01827
07441
06375
04955
07673
04910
07850
02945
04896
01115
07841
04162
04366
01115
02916
06492
07383
06515
03267
03831
01417
05543
07453
06703
00086
01777
05372
02133
05735
06980
08032
02973
06633
00232
02928
01465
03259
06905
07962
02413
02574
00986
05519
02526
06562
05617
07632
05013
07686
01808
07988
01055
01576
00726
06902
03595
06434
02669
08059
03925
07580
00028
02069
07821
05375
05486
00219
05587
03387
00506
03672
06746
00298
02604
02852
01951
03576
02549
08022
02429
00528
00951
03557
05447
02941
03129
03030
04003
01967
00634
04018
03018
00848
05653
06330
05801
02690
03250
05235
04835
05511
04095
05281
01972
05040
01466
02799
06327
01264
02663
01024
02967
04436
03506
06917
04385
07649
06811
02023
04242
00622
07746
06346
06238
05996
00013
02765
02998
02157
02689
00337
05522
00999
05422
01691
04980
02282
04380
03853
06047
02641
05271
01916
03756
07195
06702
02961
07455
04943
03888
03236
05600
05833
03323
01087
01832
01704
06806
04384
06167
04544
04518
00072
05341
05521
06506
05732
01382
00554
04813
03033
06583
04964
06434
06952
00823
07692
05786
00405
07338
05200
04848
07993
01929
06271
04730
03436
01275
04776
04771
00105
04653
02603
02515
04881
06518
02431
05892
06662
01761
07159
07606
08016
03703
00902
05458
06947
05352
04079
05907
01188
04454
06533
02135
03350
00506
02372
07158
06565
05856
01067
02977
00522
04499
03547
07490
06791
05082
02398
02990
03787
04033
03190
00423
03569
03327
07224
00809
02900
04660
05964
04749
01950
01995
02083
03322
03499
07007
01113
06212
02003
06016
06122
02586
01605
05573
05031
00419
05939
07040
05918
01021
03017
04303
05109
03887
05109
04686
04945
05010
04233
03314
08044
02423
07237
02469
08001
06543
04888
02247
04140
07432
01014
04741
00669
06376
02193
02572
04911
05843
01092
07482
03542
07278
07382
02394
05122
00179
01227
01282
07787
05445
02741
03886
05038
02334
01406
00935
05582
07032
00522
06546
00575
02205
07573
00352
02384
02361
07762
02939
04004
07258
01643
07771
02576
02596
01412
03798
06280
00495
03624
07466
03076
06410
07624
05593
04482
07902
02095
07603
02761
00604
01091
07797
01766
06532
03925
05389
07963
06823
02979
00319
07673
03064
07043
07779
02382
05351
02377
03580
00104
07702
02680
06089
07770
04946
07633
06363
00828
01690
07116
03320
05227
07599
05972
04467
00248
04925
03209
06748
01105
02917
03642
07967
07234
00700
06637
02809
05733
01907
07656
00167
02993
07005
02114
00236
04549
05879
02394
05050
06177
05411
00076
07969
03120
03673
04817
06496
06072
01207
06826
04429
04923
05559
07046
00099
05307
02995
07253
03154
06149
07000
06484
01676
00275
05168
05342
07308
00143
03519
00338
05076
06300
05921
01868
07859
01503
03187
08002
06333
07341
06851
07583
07195
05393
07706
07079
06852
03713
01048
01662
07199
07729
07311
06731
02410
01126
06638
01929
07839
02662
05169
06821
07565
07773
00047
01135
07127
02630
01311
04915
03521
03548
03064
05961
04628
04783
07852
07425
03777
00907
06388
06304
03246
06786
01031
00056
01030
06751
02284
03471
02222
06243
00473
01147
00348
06853
04618
04514
05475
06135
04471
03717
06057
01631
00408
01267
01855
04296
08031
05368
04087
04645
02639
04001
00808
00412
06707
04359
00474
00801
07426
00583
07969
06622
07527
05524
04821
04875
07658
03340
01728
07151
07598
01482
06772
07841
05821
07022
00819
06910
06937
07648
05613
06523
03737
05462
06605
07455
05549
05584
00489
03408
05639
07277
06424
05271
05108
05228
01181
03171
00190
02894
03178
04718
07036
00407
03363
03606
06179
03813
06273
00499
07136
07745
01880
04750
07893
00129
03181
07115
03356
03186
03296
07281
06188
01675
06211
05441
01378
06755
00143
07490
07451
03056
05585
01015
05849
07013
06565
00767
03055
05949
07158
00655
07755
03851
05271
01377
03952
01038
01832
07363
07237
02019
01234
02646
04148
05714
04985
04938
04915
05421
01144
05370
06777
07089
03273
07883
02629
01494
04414
05819
05765
01318
00912
00428
03159
05114
04242
07265
05569
03244
03494
05680
04934
05122
02836
03285
04557
02964
07676
00008
05154
07406
00291
04705
03887
00045
05289
00115
00557
06488
06299
06366
02253
06047
00272
05520
04062
07678
06534
06376
01157
06960
05558
00154
06817
04543
03932
03962
04476
05605
03274
06179
01959
03754
07836
07231
02942
05905
05751
04092
02972
07025
02059
05821
07686
03484
02534
06809
03374
03043
03238
02180
06560
01841
04278
01209
07936
03458
00737
00663
04080
05028
00661
06741
03110
00893
02536
01698
03853
01473
01754
05145
00881
00295
06970
02790
06877
03602
05030
02369
01429
04821
00190
00085
07653
04808
02060
04597
00097
01911
06196
01018
03563
00254
06243
04184
05107
00031
02302
06920
05766
02660
05969
06444
05690
00352
06581
03588
03801
07405
02351
02408
05341
03516
01547
00617
07217
07404
02254
08061
04743
02674
00948
07883
07786
03615
08013
04381
05622
01676
00383
00340
06394
01434
06061
04823
05515
03542
00620
03188
05376
02728
04483
02176
02657
01488
04520
06630
03236
02530
02262
03458
04966
07103
07570
00200
00012
03757
04175
03980
00876
02612
00630
02247
02516
04800
05879
04736
00658
06603
07469
00315
06095
02208
04749
01567
04325
07805
05542
00679
01113
04726
08021
06924
04707
04738
05253
03983
01899
01111
01705
07733
03480
05816
06859
04543
03450
00890
03825
05843
00096
00149
00163
01262
01053
02252
05152
05362
06274
02424
00852
02300
00829
02486
06375
01775
04208
05584
06249
07667
03304
03679
07403
02987
02630
01070
08075
04018
06265
01247
05412
04438
01998
03179
05439
07693
07916
02456
02646
04357
04094
01503
02063
07366
03352
07961
00784
00454
06539
05883
07163
07084
01182
06733
04541
03072
01066
03575
02266
06223
03725
02660
02916
06979
03063
04148
07267
05834
02881
06742
03937
00920
00783
07503
02634
00708
03637
01189
04932
04486
00079
02132
00254
02119
02407
07746
02467
00782
03416
06556
02942
00703
04029
00348
01797
00243
08098
05802
06335
00907
06835
01923
07854
01250
01244
07265
01833
05794
05897
00574
07555
05555
05476
02383
06931
06567
07628
05218
07541
04418
00308
06051
05797
03029
07386
06788
04650
08018
04621
04940
03961
00323
00947
02018
00985
04468
03397
02675
03909
03632
06244
04137
00937
02541
03446
00232
05169
07136
03104
00344
03766
03671
06691
04977
01831
04925
00467
01395
01425
03664
01488
02046
01271
06642
06121
01165
02410
03994
05906
01763
03853
04135
04161
01770
03453
01444
06433
00256
02160
05002
00372
06880
01024
01863
02200
03351
03815
06327
04361
05806
02185
07424
00685
03019
02781
00337
04060
03396
02285
06508
03943
02879
01062
04450
07193
01060
01993
00403
03082
00573
05441
07510
07988
05140
03897
06880
05263
03191
06297
05204
04248
01453
00225
00644
03234
01701
06862
02666
01918
04068
07154
03958
06593
04108
00591
04561
04212
00612
05839
00115
04059
03564
05095
01211
07515
04393
07134
07467
00116
04143
01986
05515
06475
01586
05586
05454
08025
06111
01159
00772
03348
07636
07497
00099
07882
05767
01272
05049
07813
04245
03765
04432
02130
03462
02247
00565
01371
06901
04820
03407
01103
05205
00021
01608
07215
02552
00817
07742
03736
07525
03586
07100
06741
07205
01397
05280
01748
06731
03358
00865
05581
01436
00185
05322
03254
02093
00564
07625
05665
05908
01877
07870
05368
00663
01886
05124
08056
03417
00000
03554
03818
05919
06534
01736
07051
00955
