02711
05407
07786
08294
03638
07179
04038
02528
02789
01751
06387
07148
06577
02228
03411
06582
06524
07163
03444
02066
03758
00487
00848
01025
07009
04895
00365
05093
02893
04147
06902
03722
01298
07916
02752
00444
05807
06615
01393
07447
06179
06949
04695
01309
01313
06002
00801
06149
05196
01430
01375
07067
06981
02309
02515
00257
01215
06063
06293
03338
00282
03179
01183
06238
05240
05645
00122
06073
07149
03056
01630
05597
03625
03493
01204
03890
05932
07146
00130
07013
07829
02955
01439
02797
04348
06862
01439
00674
06279
07015
01411
07773
01448
05703
05393
00882
00130
06231
05415
00317
07741
00293
01280
06459
05995
01942
03925
05772
07381
06247
07287
02730
01520
05421
04978
05404
03394
02585
06922
01650
01933
06614
06232
01491
00630
02450
04121
06668
06726
01004
02871
05808
04959
07483
04089
06984
02962
06544
02006
07298
05402
00277
06170
06607
00071
06622
05549
07657
04924
05623
03757
02287
04737
04812
03930
01962
01157
04349
03849
00986
01190
06373
07275
05983
07562
01681
00612
05454
06864
05027
05900
02536
05856
00225
01192
07661
07232
02341
02570
02815
02226
06899
01004
01938
03979
02473
01876
06404
07177
05647
03222
08022
05201
04042
03066
03185
02811
01936
04308
02611
04767
01723
06378
08111
01178
03975
02965
01252
05202
03070
06116
05406
03731
07357
00191
05602
05971
00521
07732
05096
07773
01881
02832
01560
07691
08196
05400
05003
06633
06195
01270
00892
05834
02984
02308
06049
02802
07678
08229
06619
08157
06409
07232
00735
06948
05802
07173
06297
02638
07712
07162
03291
02770
00563
07983
03434
00128
06621
06734
04235
07718
04051
02967
06525
05953
03170
04119
02124
01861
01543
05716
03668
06985
03118
02529
01208
03885
05746
06680
05757
00210
03962
04250
04687
05580
08231
03067
00862
07648
03395
06375
03295
05979
02456
05581
00050
06432
05425
05414
05012
07522
06129
01910
04033
03183
05253
02404
05240
03641
03772
03903
02551
03905
05111
06681
05514
01966
04196
06451
05885
02348
02156
07300
00550
00031
04285
04837
07294
08296
03289
05482
07499
03522
02013
05082
07947
02629
05834
02496
03856
03745
05461
05133
03943
04606
01503
06731
04244
05581
06332
00641
05611
01810
00401
04888
04501
04640
04898
04939
03702
00787
03382
00710
04715
08001
07102
04578
07110
05209
03356
05921
01566
02800
01204
00308
02896
05789
03026
05611
07579
08293
06615
04072
04000
02264
07367
00016
06371
00087
03932
02263
05898
01939
02892
00987
02592
03746
06829
01184
03889
05118
01858
06480
05696
05143
07554
05566
04992
02403
02492
01685
03793
03897
00227
01075
07791
04917
04261
06083
02424
01048
06659
04664
03138
01795
05867
07968
00460
02674
05581
05838
00066
04120
05893
07800
07609
06946
03574
02088
04133
06774
03222
04681
04009
06726
07121
04675
01345
07957
05810
04689
04116
02802
07630
07932
01549
06743
03368
00721
07401
05365
05711
07170
05179
00023
07922
03457
06830
07781
08181
01598
06908
03340
04702
06737
02044
01027
07347
02705
06726
03456
05052
01383
07176
02446
00113
00814
07609
03607
02485
06227
07822
05551
02654
07997
06120
06720
07085
07616
02165
05143
00419
07640
08009
07996
04669
02318
03704
01945
05393
03551
01914
02811
00565
00384
01342
06587
06290
00629
08204
00451
08151
07741
00527
03339
04203
03987
02603
00149
08050
00121
00069
04373
06883
02914
02475
05461
01015
00198
05579
06276
04262
06726
06001
03961
02535
02161
07941
06398
00438
01763
05883
02484
05022
07171
07649
08061
08294
07880
07147
02216
04225
03090
06850
03738
00897
00652
02327
01082
00305
00044
03801
05276
07975
06162
04654
02737
01529
03233
06710
03283
05564
05042
02905
07077
01563
03294
03131
06595
06458
06832
02287
07628
07190
05066
06197
03971
06810
03586
05761
08232
00713
02057
01088
02688
05975
03595
04594
02077
08158
03236
02891
06185
04025
00239
04760
01797
05536
07530
03993
03799
02379
06307
02900
07441
07418
00558
02269
00260
01458
03064
02421
00008
01452
00344
00758
03021
06595
00592
00013
01732
07676
04907
07963
01286
07024
06574
05178
03686
05110
07497
08211
05545
07322
07849
01298
06187
03355
03416
06114
07244
03392
02209
08203
04527
07991
06317
02538
06050
07146
04955
00851
01438
07074
04725
06970
00983
06758
06475
03200
04212
05114
02342
00298
05450
07903
08009
00084
02402
06810
07580
05908
00573
02036
04279
02830
07307
06412
07793
08232
05276
07037
05191
01947
00932
07688
03395
01217
02399
07198
03742
05250
04261
02502
01930
04713
06754
03041
03589
04751
01718
02767
03640
05020
07912
06443
07956
02595
05318
02745
07407
03033
07947
07063
00863
02474
04364
04410
03960
05355
05536
01166
00875
02671
04614
01388
07279
01241
06153
05713
03195
01916
04932
02207
04423
00885
06356
00881
01549
05946
08195
03000
05792
06796
01439
01421
02528
08248
06984
07484
06116
05912
06859
06162
01206
03197
04460
07266
02889
00868
04226
03966
01853
05696
02727
05084
07898
00775
06007
05689
05879
06831
01986
01091
04707
01113
06847
05191
03031
01573
01555
01373
05768
04744
06007
06515
03634
01146
02922
04218
08278
02500
01962
03945
05949
00202
02971
01492
01315
00759
03589
07736
07660
03373
00164
07812
04481
00293
06251
01352
01638
02873
07785
01419
05615
07832
01501
03560
07333
02819
03104
01094
04605
02020
00993
08033
02868
06241
06316
05713
04278
03820
06040
07213
00185
02630
06351
05461
07325
05931
04977
05768
07838
06791
07310
04301
00054
07951
00089
03842
07037
07723
00782
03588
06247
05177
05518
07347
04854
03140
06826
03961
03890
08210
02094
00181
04790
01052
07733
07397
03887
00011
01479
08188
07935
03040
08074
04351
02292
03233
00498
02921
00072
03496
00764
05739
06974
05297
01782
01402
00343
00956
07813
01658
01031
01509
08128
02751
01678
05052
05433
02747
00392
01425
00930
00784
01093
04012
05714
03525
03521
03571
05165
03272
08104
07956
02054
05410
03922
00782
07400
06979
07183
07273
03342
01762
00513
00374
05153
00704
06527
02625
07159
00281
04115
04582
03081
06451
06732
07739
00896
02459
02734
03231
06366
03904
01978
06640
00873
08275
04553
06864
05934
02861
03146
04046
07888
06919
04721
05448
01630
01363
07400
04497
07271
03186
05932
06081
00121
02994
00272
01824
04714
03802
07070
02192
03096
07968
01750
06892
05743
03445
03790
06785
02370
04117
00584
02649
03630
01963
07467
07995
02523
02605
05944
06902
04821
02033
07480
04778
07162
04768
03836
00056
07471
04928
04218
08011
05176
02089
01068
03527
03282
04328
01962
01623
03084
00578
04912
01056
01294
03505
00890
04256
04067
03506
00893
07293
00717
07056
01871
07673
03119
08269
05202
05303
03435
00162
04189
05946
03466
02982
02624
07983
01697
02779
00483
05069
03285
03473
02048
08164
01264
06108
08230
05185
02683
01293
01897
05058
06952
07306
07067
07675
03825
02623
05292
06349
03130
00052
05111
06936
04525
01595
03962
01618
01600
02560
06653
00527
04817
01790
01954
06472
03862
03110
03128
08137
07218
03526
03025
07628
02761
08107
03774
01899
03528
01207
03332
06898
01489
02302
02489
06737
00690
06230
00286
01045
02024
03822
06619
00370
07492
00128
07275
06798
00137
04118
05455
01405
04466
01178
01430
04752
02196
06967
00936
05485
00335
07656
03400
04257
02210
02393
02959
06581
01332
02800
03771
02584
07187
05021
06585
03121
01361
07531
01100
04624
05778
02407
05071
03403
03717
00709
01330
06255
00465
05274
05244
07106
04987
01979
06933
04979
02755
07167
04307
01821
06829
03516
00911
03038
05851
06165
07964
02496
03941
01924
02167
00071
00328
07415
05021
01898
00887
06978
06330
06710
02264
06235
01554
02989
07560
08199
01979
02244
05367
04353
08151
01420
07739
03136
04572
04728
06747
06854
01731
02020
06823
07243
07417
08031
00583
06745
07845
02578
05333
06298
04090
03548
00301
01828
05075
05834
06481
02778
04546
00264
04322
02963
07931
04107
05426
02776
04608
02770
03583
03640
03114
06040
03212
03323
08266
06916
05583
04849
04625
03087
04599
02440
04973
01928
03873
02072
05490
07241
00503
02900
07674
00683
05996
02962
04034
07136
04815
04421
07145
02900
00159
07583
01114
00476
04572
08081
04138
04341
02092
06563
00723
02694
05433
00716
07913
06645
00274
04523
02228
06583
00225
03098
03719
02040
04037
03368
08068
04665
05702
07586
01344
03182
03531
01767
02422
02528
07666
04528
05464
06207
06667
01859
00223
00302
05694
04776
04657
00312
00726
05842
05356
01939
07113
01428
00133
02984
07470
05527
08114
01881
06695
01340
08049
04495
03847
05288
00491
05541
01519
07889
01498
03366
02714
05369
02920
06723
02039
02465
07304
08161
02280
02367
01610
05725
00989
06545
00807
02451
02530
06269
08139
02649
07709
00731
00576
03776
05232
08282
06304
04654
03231
06215
07631
04802
06955
03557
02786
02786
02188
05410
01304
07519
07072
01335
05527
06290
00657
01277
03043
03592
08176
02088
01480
03856
01705
02610
04225
07233
00581
03865
02030
07147
05449
04391
04842
02627
02445
08227
05510
02498
06316
04464
04987
08171
02839
03494
05778
02993
05998
03297
04603
04357
06230
06842
02388
05278
03454
03978
00268
08202
07973
03549
00396
06364
00735
06272
06692
01448
03520
00323
07271
03947
02088
03030
00986
00778
06807
03904
06676
04610
07644
00297
07528
03896
07439
00249
03343
01751
04426
05366
03889
03343
06726
03935
01290
00950
00326
06899
01842
05462
04408
04713
00138
04262
03007
06482
02869
02989
03698
00109
07136
01621
05655
04644
01355
00146
00220
03079
07538
05192
03930
00278
02935
07179
03728
04537
03529
00548
06061
00315
01230
01753
08197
05465
05602
01653
01062
07972
00948
06827
06963
06162
06899
00919
04222
02418
06718
04999
02883
02158
03976
02903
00597
04007
03468
02859
07461
04060
04896
04131
00582
05509
00269
00917
06628
02171
01431
03170
04441
04797
00547
04631
05833
02341
00511
02459
04806
03565
07822
02358
05326
02573
07429
00055
02257
06121
04534
00671
06050
03784
01267
03013
08161
06849
03691
01713
07039
03087
01414
04193
05131
03336
06850
01792
00647
07179
07375
02865
03978
01762
06163
02757
07919
01611
02282
00709
03199
03827
02774
00082
04408
06250
05443
00520
07312
04694
01632
01466
02348
04897
04274
04820
07702
03250
04121
00415
07730
07456
06044
00842
03528
05492
07877
03134
05444
00630
06559
06627
05994
04542
01205
00934
06294
04960
06712
07795
04045
05404
06104
07208
03518
06626
02163
07061
04311
03699
02476
00688
04931
05225
02936
04889
00117
00440
04079
00418
04596
06305
01111
02404
02139
06709
01053
01153
05428
03843
01181
01675
08236
06080
04242
01271
08273
02628
01694
00119
01849
07938
06594
00098
02647
04040
00771
00066
06580
01973
07819
00560
00616
08188
02378
02400
04562
06917
03303
01116
05774
00060
04846
05350
05647
00186
00120
05207
06398
02188
04191
01183
06118
05164
03193
01307
04932
06087
06336
00817
07735
04481
06800
08186
05854
06518
07096
00000
07003
04638
00583
04091
00320
06881
02107
03318
04320
03309
04769
02587
03519
02035
05773
07091
04571
01288
00715
01513
06580
03836
05147
04743
00415
04952
02909
02890
04264
07537
01862
02803
03813
06850
06684
07481
02419
07224
02781
03011
03703
01718
05860
04388
01506
03319
06712
03773
07455
04078
05541
05821
04526
01973
01841
07027
00711
05667
03980
03045
05104
01896
06108
03349
01264
04888
00216
04236
05193
02831
02872
01647
05705
02288
04318
03194
02621
04149
01641
04021
06523
06172
02884
07515
02714
07944
01553
06609
00108
08109
04767
01567
01200
02375
07397
05094
07790
02474
03974
02474
01304
04176
02526
03684
04302
04976
03420
01065
03494
06662
00151
06201
06235
03683
03470
08174
07149
01719
07483
01086
00770
05127
04675
05535
00003
06346
06849
06047
06421
07432
08029
03716
01699
00817
01446
04101
03506
03725
07228
01428
06812
06180
06118
00683
04966
06661
05632
03947
05093
01692
08240
04284
04484
00769
02872
04367
07493
01697
02904
04455
07273
05923
07151
07881
04570
02760
04193
05435
03316
00212
06987
08236
05476
01453
01007
06354
01433
02138
07590
04118
03632
06169
07779
01005
01040
08254
00478
02605
04658
04648
05240
05418
06272
03475
00154
04311
00765
05932
01449
08193
04977
03516
06017
04737
07864
07355
02601
01423
01172
08118
06059
06775
07601
01069
02869
03421
06327
07458
03533
04402
07343
07975
02362
08053
06560
04019
05752
01368
03853
02752
02162
02318
03841
03650
02138
00383
02614
03404
03469
04040
02954
03699
08093
08034
07836
07947
03401
08162
02296
03522
06877
04770
03987
03382
00104
07910
06774
07184
03603
04849
02708
01086
01399
07245
07819
02941
00802
05034
00480
00178
01454
04447
04884
02712
01823
01058
02361
07597
08024
07034
01833
06494
05474
00432
00373
05833
07509
05860
00185
02949
02788
00010
04652
04525
07148
03831
02196
07194
07628
05149
04136
02071
00696
04432
08290
02975
06836
08133
07512
03810
06273
05808
06442
01425
03499
05433
01631
00616
00806
01288
07106
06686
00267
06899
07896
07845
01557
07202
06175
06036
04874
00581
06513
03686
05080
02129
04063
02104
00710
01920
06937
02710
02676
03077
04593
07268
00066
04101
01136
02788
01278
05596
03224
02785
01620
06507
07448
07877
04639
06569
02097
05100
05894
02862
01087
07566
00069
07172
01320
07920
00375
04406
02701
00960
01462
07128
06476
01218
05405
00320
04757
05643
06469
06559
04945
01591
06223
06879
05532
07411
05006
03445
04426
08158
01990
00524
01843
00625
06948
01680
04553
05731
03548
05850
05271
05994
03426
00545
01475
06056
01750
04914
06924
06606
01836
06057
08151
05699
04147
05443
04404
05086
08157
01604
03926
05305
03592
03878
01987
01698
05736
07561
07949
04480
08026
01811
03379
06511
05157
00428
01848
01937
00315
01122
08079
06405
01794
05146
03998
07050
04654
06535
04945
03470
04372
02124
00044
05929
06781
07282
01205
01149
00674
06088
05361
04807
01207
04378
02793
06687
04890
03718
02825
01182
02489
07149
01800
03169
02192
05655
02052
00535
01706
04066
03489
08155
03348
00725
06825
02020
06361
04194
02844
05809
05945
07044
07125
06489
01328
01683
04721
05126
06437
00214
00250
05614
05560
01359
01045
01308
06197
01631
08214
04003
04029
00769
03494
06809
03524
08045
01912
07943
07704
03479
06199
07908
00425
03349
00600
03938
03277
00026
03831
02556
07367
04256
03625
02146
05712
00376
03893
05007
02858
02655
02211
02217
02437
01388
06571
04388
05272
04570
02246
08188
00642
08208
02441
02241
00863
08100
07603
01961
01773
06994
07140
03565
02359
04448
04055
07166
02549
02352
05440
03615
08258
06257
08189
06627
00955
01199
05536
03844
00025
01231
02119
05467
00039
02999
04355
01276
04734
01984
01297
06007
06402
05892
06870
08101
02754
08003
05027
08069
02399
06674
06295
08038
05277
00695
02905
06137
02312
06830
03857
04265
00490
01712
04722
07963
07667
03954
01274
07453
01478
04613
04491
06507
06751
03208
01855
02792
04623
01616
07823
02639
05538
07751
02580
03085
00772
02096
04047
07292
00378
02356
03159
01099
02048
04538
05844
04021
07058
00186
02143
00268
04072
00147
06901
03854
01583
00234
01066
00130
06234
07215
02928
03989
00241
06127
03729
02121
07518
04753
07462
07192
07470
05042
04808
01794
06102
06712
07933
08272
02143
00198
04517
04549
05359
07703
02443
03583
01004
07298
04263
05295
01964
05449
05870
08027
00370
03485
01353
07096
03231
06029
04423
07044
07103
01216
07218
06558
00017
04382
07177
00125
00344
02040
03923
00728
07040
00523
06468
01383
04376
04527
06779
03927
04968
02585
06732
01940
04511
05679
04380
07524
02984
04528
03981
08244
00467
04234
05164
01259
00520
04365
04163
05131
05235
04438
01083
04581
06114
04398
00365
04709
01036
03578
03544
01031
05559
08163
01343
04128
00926
07879
01882
07307
02561
06226
03821
06333
01485
00880
06946
05989
02883
07287
06423
07339
01953
04577
00949
00540
02670
07857
05501
03230
01836
07859
03176
00849
01604
04643
07050
08068
00437
00590
01979
07011
03016
01596
08207
01183
01601
04513
05028
06245
03131
01846
01483
06037
05507
05925
02311
00453
07383
05350
03046
00777
05204
05302
06338
02406
06635
03366
02727
02400
08233
04308
02703
07451
03008
03516
01971
05817
00614
01930
06018
03901
05747
05886
06553
03331
06491
04906
02367
07732
06229
06872
05257
04931
01580
01738
04729
02922
01701
02215
05531
01335
05754
07832
00967
01670
07434
04617
03788
05316
05473
01695
04317
01362
00543
01129
05733
00048
07386
01199
00903
06341
03625
00491
01085
01648
01652
03321
07984
01050
00749
01922
02985
02394
05296
04148
07686
03330
04104
03196
02559
02627
04827
00832
02032
04645
06264
06289
03345
02702
05300
07266
03601
03565
01406
05328
00408
04475
07904
06849
01396
06472
01908
00792
05199
04512
07055
04906
00148
06134
07018
01151
05771
01895
03586
00416
00722
03400
06634
04593
01491
00805
05932
03773
06592
00030
05681
00710
03899
08080
04420
05794
07274
00281
00985
07319
04486
02018
02979
00811
05793
06082
06798
00553
03665
02483
05831
01408
02701
01060
07980
06918
08235
07822
03864
04920
06544
03953
08249
06909
04625
04792
01679
03478
07447
02830
07064
03814
02301
08047
08063
00962
06281
01285
07119
07950
03881
02696
01894
05112
05533
05574
00106
01783
03463
04037
06127
00245
07849
06847
00934
06585
06823
06059
07555
00439
06365
07089
05634
04122
03934
02012
05909
03013
07684
00541
01974
03115
07814
02633
03131
02932
00308
06632
01020
03988
02253
02937
00980
07830
06544
01934
02205
02219
01965
03680
02490
05563
03658
03392
06054
04765
04818
05605
03711
06562
04911
06441
01973
06307
06145
04411
04914
04964
03867
08052
05163
03185
00989
02659
01913
05764
03271
06539
00757
05298
02990
01352
00093
06055
05913
03737
01593
04014
03456
03128
03531
01386
02840
07493
06012
03850
00586
02714
07375
06319
01227
00876
02907
01279
05141
00578
01880
04171
01280
01927
03947
03038
02383
02078
02752
01926
08278
06318
00730
06181
04694
03944
06531
05945
01621
04645
01833
03156
02545
02397
04357
01846
00431
07478
00650
04600
04658
04895
07054
07315
01774
03124
03186
00228
05264
00251
00912
06103
07498
02369
01458
03562
00317
07087
08196
05770
01949
03805
05043
06430
07453
05792
04970
05485
03894
06516
00511
02039
07411
06237
00671
07119
07685
04447
02686
03135
04689
04550
01683
02409
06891
06240
03648
07974
08164
03377
01870
00487
08212
01769
02751
03903
05118
01408
00712
07852
00371
06620
05251
03825
03130
05365
06516
07357
07949
02689
04148
04343
03789
07160
01266
04001
04987
02529
00136
03356
02028
01179
07985
00510
04843
04797
01071
03463
07998
00557
04689
07126
07211
05445
02936
05168
02748
02154
06543
05055
06175
05921
00223
01456
07036
07948
01036
08031
01501
07998
03607
05312
03713
06145
01697
00336
02712
06389
02143
04359
06079
07214
03447
02564
00451
00878
06246
07267
06485
06221
07688
03329
01133
05022
05916
00131
08296
02067
03919
02231
01301
00998
01888
01479
03990
03490
08066
00352
07677
06765
02762
06285
06085
01347
07063
01702
02340
03321
06624
03666
07336
00273
05325
04573
05109
03510
05190
00671
06603
06420
01854
02036
04283
07676
00863
05364
05984
07179
04596
05240
03333
00853
05544
07832
06602
07397
00781
00752
07640
07801
07990
02114
06314
00559
03341
03377
07282
01031
05946
02404
01377
07800
03916
04815
01279
04394
03845
00323
07367
03991
06659
03486
06579
05713
01134
01813
07464
07956
06725
02330
00729
00113
00940
00685
04734
04146
06827
00811
05648
05239
05666
07971
06308
07738
04223
00544
05929
02063
02602
05561
01602
07007
04298
01467
00314
08181
04951
05246
04619
01959
03651
06123
01610
07815
06951
01434
07249
07139
02977
01073
01331
03109
03069
05150
02930
05123
06581
07487
00530
07823
03436
06104
02766
04226
04699
01411
00555
02253
05875
02454
01901
08183
06067
04700
05287
00874
03963
02442
02683
00774
01365
07375
03583
01128
01404
05444
02667
02091
08047
05615
08137
06658
03062
06066
06163
07801
02244
03498
07743
02522
05947
04805
01224
03987
02905
00545
06393
03174
01203
02003
07176
07518
00061
03967
06485
03562
06705
00578
01036
05025
04013
04698
07726
04460
03285
03727
07732
04435
03434
01139
00919
00218
00414
08243
02156
01524
05004
05098
00926
05643
06195
07108
07407
00980
04331
07307
07515
07766
04864
05206
03581
07333
01244
01070
04525
02000
00895
07405
06030
03641
05553
06931
00433
02958
01769
07585
01790
00589
02202
00166
07608
04461
03940
02245
00085
00635
06392
03536
08143
02720
04824
04187
04342
00533
05162
01164
03770
02176
03287
03838
04649
06266
03277
07906
03767
07283
06147
02682
05998
04743
03321
05087
05974
01112
01317
00738
00433
00311
07188
03130
04468
02975
04021
06441
04366
00054
05527
02135
07085
07771
07462
03565
01996
07251
01354
08044
02460
05851
06473
00227
01004
05374
03631
08167
04251
01756
07954
03820
02568
03581
08015
00213
01886
03325
02832
01624
03370
01274
01505
06049
02075
02693
05015
05119
00368
02915
03408
00840
03437
03899
02049
01138
07763
04129
01750
01862
06878
03597
01588
00242
01182
02069
01921
05288
06234
00321
08172
06017
02022
06349
01983
05744
00446
06982
02063
01007
06161
03039
08075
02976
04676
00424
05098
08241
06368
01276
02375
00706
03136
05471
01918
01145
00582
02566
03366
02504
01214
01419
03861
04951
00257
06926
07185
06277
02948
06634
06305
03609
07370
03471
05407
02698
03202
06548
00222
01915
03123
00556
00794
04005
05594
05178
05717
04791
06562
05365
02453
02717
03168
02635
06968
00294
07984
04466
06278
01192
04536
07249
03365
05221
06868
01246
05003
03011
06212
03469
01429
03193
00591
04105
03271
07193
01261
05442
05784
05366
07887
05741
04956
05243
05798
02113
02137
03267
00002
04044
05319
08004
00298
05004
00376
00268
02034
02932
00533
02210
07613
00453
02975
05482
06937
05758
06086
01208
02335
04851
02444
07849
07024
06267
06973
05609
06762
07861
03394
08065
00016
02753
06557
01427
07719
03973
01997
04280
01802
04062
03951
04337
01913
04762
05381
01278
02824
00839
01387
02166
01634
06985
00548
02693
07023
00206
06594
02793
07215
05943
00734
04888
02726
01384
00966
04899
06445
04613
01613
06531
08166
01020
02535
01686
03508
04590
07702
02509
03693
01117
05829
02413
02709
06980
07824
03921
05388
00703
07281
04165
05449
07099
01978
02693
06144
04426
02187
06421
01542
02368
04815
00921
00398
06965
08243
00562
05230
06547
00779
06720
03636
02112
02602
04931
05449
02817
00369
07797
02969
08106
06195
03514
01713
03769
00168
02062
07497
07119
03904
06784
04748
07738
05444
07357
01439
01622
06508
03497
07940
01891
01691
05677
01325
03607
05836
08057
05752
00642
07194
04601
03724
04970
03424
06575
05669
03278
04544
04469
01710
06794
02769
06290
07685
02532
04718
07407
04125
01302
05150
04282
05724
06176
05435
07483
03359
07919
02181
01119
01999
04832
03464
02526
03110
06407
02180
05494
07259
00352
04336
01326
00562
00015
03122
04149
03596
08120
03056
01983
06260
03434
07617
02846
01904
00733
04470
00743
04539
04463
01939
02433
07799
02088
05785
06843
01798
05062
03243
01549
07038
05676
02950
01439
06138
03751
04507
07294
02298
00343
02783
00401
03863
04045
03353
07286
03527
05914
06976
06195
02144
07536
06855
05854
04875
03452
01596
00876
07509
04378
02701
07745
00358
06486
04574
06322
04198
03994
03427
01569
01861
07842
03905
05966
03223
02676
06738
02175
07689
08142
07286
06510
04747
06449
04213
05659
01079
05669
05899
06745
04582
05857
05562
01326
06443
01310
03267
04026
01626
05127
02800
03514
04815
01959
07506
01345
05959
07562
05507
06396
05074
00103
04319
02780
00080
07103
02586
04176
03895
03928
01394
00027
01703
08136
02925
06307
01253
06489
06725
04652
03321
04726
04208
02588
05158
01512
01885
03659
05600
04608
08050
01668
02234
07288
05396
06534
07978
06797
03351
04429
08271
05931
05709
03533
07626
01821
05016
00178
01885
04541
05933
02578
07763
02204
05337
02100
05060
03839
04370
03158
00434
05345
07978
07690
03242
05849
05368
04255
01334
08160
05315
03646
07592
05808
05925
00043
01051
02796
06085
00917
06469
05163
02626
04514
06910
02309
06617
04406
02872
04458
05382
05072
05288
05118
04562
00827
07309
07898
06455
03811
04432
07060
00421
06238
02124
01349
04862
01022
01792
04564
04674
03337
00847
07832
01513
01876
05012
07944
06957
05766
00006
02207
08160
05345
08163
02394
02075
08075
02254
04155
05606
04090
00687
06055
07101
02430
05457
03028
06083
00685
05803
04046
04533
03937
05354
00570
00945
08226
02538
00302
06165
05147
06803
00692
05960
02887
01247
08278
04121
00301
05631
02115
08228
06053
07708
07616
01406
08110
00626
05359
06292
01036
02896
01977
06523
08135
04270
02183
04683
07598
05299
00874
07525
07599
07393
03263
02595
02316
03308
04982
03725
03279
02348
00536
06926
04083
07291
07721
08006
04686
07407
07388
07429
08279
00172
04334
04560
01253
06683
00305
02689
03087
06476
03317
01665
03328
07062
07322
04397
06423
01037
01137
02365
07987
03387
04865
04467
03164
05000
04950
01443
06565
00960
03314
02455
06631
02875
06408
05736
02496
00582
06362
04206
07010
04165
04046
07165
04743
06409
03719
06480
05668
06018
01860
08170
07158
03549
02378
00748
06545
05050
07693
06746
02732
01250
04380
00962
03359
02481
02052
04943
06724
01633
07348
04635
06833
06153
02034
02165
07131
05690
03404
00234
05444
04489
01710
04955
04887
00171
03416
08143
05584
07885
07287
01244
02055
03751
01236
06077
03691
03949
00473
01025
01160
05258
00313
00442
00446
06341
07044
04013
05538
05637
04028
08055
04086
00592
08099
07314
04852
02416
00821
06967
06492
03539
00854
02403
02742
05733
05337
03288
02616
02108
02052
07926
02958
02204
07671
01995
03925
04725
08265
06712
05710
02230
05671
05246
06894
07000
05604
04558
03027
03964
03026
01993
00386
06298
02690
02144
05665
00087
04158
06443
02385
06761
07365
00221
06196
01283
00164
02361
04136
06316
08221
00768
04716
04613
01744
03227
06492
07552
08069
07310
01521
00591
03199
02999
04460
01402
06754
07703
03647
06381
06777
06512
04150
06362
00063
02040
07587
01427
00855
04420
02313
01007
02495
06007
08139
06219
01153
04315
01969
05841
02317
07604
00750
07873
05184
08029
02697
08000
04127
02659
05565
00795
01997
04684
05931
07572
06226
03221
05999
05616
04211
01661
01451
01841
07127
07226
02613
00155
01489
00097
06232
06331
03801
07918
05434
06070
01349
01214
03221
02820
01608
04958
02707
03257
06342
04829
04153
04846
02567
02517
01463
06507
01278
02455
00418
06384
06670
00649
02396
02389
02792
05870
01602
06721
03604
06233
02148
00327
07479
02118
08276
04374
03986
05859
03145
01836
00956
08042
06283
07022
07746
02281
06480
06890
05299
07010
08103
02666
00472
01812
03509
00477
03278
01853
02337
03076
04499
08022
05017
02523
00276
06142
00731
08065
04740
03865
02082
03146
06655
07544
06297
04509
07702
04935
08014
03303
05858
03407
05665
03359
02064
06311
05124
00631
03187
06790
04531
01423
04442
02047
01537
01926
03213
01853
05701
05870
07571
03594
00592
02261
07143
02526
06464
02542
05999
03192
00137
03709
07479
07105
03528
00281
04483
03526
03397
02851
00159
00986
01687
06652
02971
05361
06276
06644
07583
04131
06211
00793
07571
01968
03085
03932
03088
03540
06974
07846
05266
05252
00061
02048
06806
03085
05229
06981
06844
01813
01247
05478
00526
05868
05126
03041
06365
06212
07665
07729
01148
03517
01631
03521
00950
04496
06838
06327
03394
00251
03673
01901
00723
03947
02773
02452
01922
07670
07651
03814
05339
05308
01400
04962
03768
06957
04314
01122
03874
06827
05566
07797
07057
00795
04419
01731
05727
04982
00426
07402
07745
02467
01165
00159
02389
06272
00299
06358
07157
07077
06710
04030
06006
04466
06314
02429
05909
06696
07733
02989
01322
00588
06809
02477
04743
07579
03566
00118
03312
05130
05779
03474
02053
01026
00817
03795
02981
04093
00936
03012
02442
07093
00446
06258
01154
08005
01125
01674
05749
02681
07067
01483
02906
06062
06387
03487
03188
06131
00913
01644
06253
01096
04387
07401
00506
04238
05908
07485
01654
01469
00943
04620
02593
00478
03848
01614
08070
06079
01075
07669
00112
08233
04066
03223
06078
01472
07855
05745
03478
00175
05623
01402
06391
06672
07239
01125
02684
01967
00165
05855
03109
04527
01471
01125
02290
05509
02478
00241
06983
07814
07998
00915
05570
01623
03504
04515
03741
00040
04735
03138
07323
00294
07448
03199
06402
00154
06894
07665
06079
03000
02789
05895
00109
02064
01083
01383
01493
05641
03863
03580
04944
02272
06911
01074
01775
05436
01388
00164
00035
08144
01125
01150
05165
00988
02732
00709
07213
06434
01858
07433
07123
03345
03066
06370
06063
02509
08128
02274
05150
00054
07544
05622
01987
01574
02694
00072
02380
08055
07431
08046
00738
02381
01618
00181
01950
07750
07756
05993
04613
04435
07717
05697
00025
01395
07939
06831
03863
08032
05298
04214
03742
05621
07511
05288
06736
07456
07583
02331
04299
00448
02663
05848
06679
02219
08234
01876
06392
06251
05342
08138
08129
01967
00992
01953
05611
00101
00340
00723
02884
06046
07737
02896
02311
06274
07619
06794
03856
02882
00094
06405
01693
04228
06762
06319
08196
05610
01236
04257
07346
07460
05325
04658
00434
03324
00663
05070
07186
02204
02198
05390
04702
05999
07440
01519
06694
07716
06492
06744
05642
05932
04030
02697
06302
07002
06324
02674
00961
02594
02933
00502
05219
08204
06330
05774
04791
02960
03926
06423
05678
06298
07700
03235
01766
07783
02148
01266
07931
00303
05991
01153
04155
02114
02596
07656
02723
05959
00895
05234
06857
01259
01613
01986
07117
03519
02759
02557
01477
04197
05056
06095
01676
02998
03882
02031
00984
02622
02333
03723
05866
02367
08023
04601
00199
03587
07052
02380
02094
07282
00001
02287
04073
01413
07004
05609
08091
07510
00983
06533
07823
06164
07838
00348
03690
00862
03076
05874
05063
02399
06731
07378
07544
02401
04984
06822
06029
03161
03989
06795
02301
03267
07137
06653
00816
01480
06614
01995
03285
06264
01010
05115
01706
07977
05908
03533
03046
07646
04227
05435
02923
02372
05770
07513
04927
07593
04830
07814
02678
07162
04581
03663
00310
02099
03803
03087
03411
05679
06314
03929
05055
05054
07989
04854
07649
05032
04698
05119
02918
08122
08070
04875
01365
06780
02585
07797
05140
06310
05254
06746
03301
03324
06402
04202
00814
04646
03004
01750
01754
05828
03494
06505
04200
06835
02891
05343
01473
02801
05012
05936
04692
07635
02934
00893
06449
02930
04085
01303
03304
06004
03751
01721
02222
07037
08185
04783
02058
06242
03183
04089
00312
04165
01944
01477
05850
01527
01892
05618
02205
07899
03049
03366
06210
03813
04149
04979
05134
07491
05710
04974
00849
00151
06845
03448
07370
02382
03041
03242
03369
06369
03580
00341
07377
03259
03085
04044
07944
04055
06768
05086
06934
00688
08146
06700
06894
07667
05481
05227
04281
01896
03584
06182
02152
02060
07545
01423
01169
02019
08016
04368
06478
01563
04536
01426
02706
03487
04212
05574
03814
01550
04504
05272
07040
02603
04783
02197
02622
01149
01521
00021
04265
00319
07654
02467
02310
00171
04462
07893
05942
02608
06464
05015
05095
07591
07838
05379
06275
00787
06786
01895
04080
00377
04795
05580
03806
02283
05496
05667
00808
02699
04598
08014
04551
04505
00989
04677
05549
05123
05512
01027
06098
01245
07242
07133
01462
03253
04790
04213
00419
08092
06088
04859
06430
08227
05037
07921
04048
05350
06808
06890
00334
02598
00606
06850
02230
01126
06953
07784
03351
01464
00091
06969
08277
05262
03398
01609
03881
00526
05068
03036
02134
03842
00220
07247
01820
06876
07543
07820
02051
05358
03625
01312
04018
06058
06247
05637
04911
02678
03694
01061
04574
07223
02848
00870
04297
04955
05416
08203
07447
02121
02489
02379
04605
01757
05382
04885
03258
07901
06243
01925
05903
02192
05233
05143
07999
05478
07841
07686
04381
07421
03352
03526
01656
06431
03562
06171
02161
06580
04391
00531
07315
05666
00180
00583
05516
07960
06736
05563
02856
02729
03244
07147
07127
07028
02372
00013
00013
07618
00538
03370
06625
02350
03982
04445
07176
04096
05221
01280
06875
01864
04232
03837
04495
08226
03597
03660
01670
07053
06580
03100
01770
01937
06923
05163
07300
03686
02316
02392
03515
01511
01424
05668
05007
01919
00065
05809
07121
05439
07438
01868
02683
06845
00895
03621
07686
00853
07804
03901
04248
01282
02095
04108
00853
02584
04814
06189
00781
06470
06207
03963
02911
05432
06066
05162
01002
05286
04057
02567
02889
01123
03611
00116
04094
03513
03476
02912
05520
05481
03658
06207
05029
04721
07573
05075
06847
02791
01280
04412
06635
06484
06126
03050
05932
02293
07988
04441
03062
04157
03034
06233
03179
00497
07695
03612
04676
01849
03347
04577
00745
01253
07926
00526
02486
07792
06965
05538
07597
02453
03557
04413
08125
04371
04893
00074
08006
07927
04355
02396
05368
02462
01836
05996
04270
05688
04411
07915
06228
04161
01999
01936
05248
01074
06932
05905
06262
04453
03749
02759
03291
04170
07457
04632
00256
01713
00016
08089
05233
00369
06978
00569
02560
03126
01554
07917
02944
07548
00249
01118
02562
04793
03533
03825
07491
01514
00097
01297
01166
04306
05119
06152
07726
03071
04117
00512
08263
01877
05719
01705
03673
06180
05833
01397
02469
06929
04657
02059
07592
05454
00932
00157
01907
03065
07249
00048
06913
08237
03776
05446
04237
03000
05416
03028
05752
06535
05780
05818
00619
01214
05157
07596
03550
00483
03797
01855
06919
02595
05509
06710
05762
00666
05152
07203
04675
00521
06635
02529
05410
01165
06605
00263
00596
01187
05244
07719
05246
00054
08115
01066
05387
02297
01587
07640
01140
03778
04141
07916
06623
02432
01745
02310
05098
04234
00993
02077
02497
02605
05562
02961
07938
08141
02100
02533
03298
00127
03406
02669
03257
08133
03756
06767
03380
05671
03989
00497
01799
01026
03605
06428
05521
02544
05379
05591
06568
01117
01500
05146
08082
04393
07175
05142
03573
01094
05962
05264
02288
03348
06679
00882
06179
03235
01557
02050
01530
07798
07774
07853
07915
00411
04377
01067
06140
06455
07349
01737
08076
05044
00692
03460
05981
07920
02630
00482
06759
03342
00730
01975
03906
02745
06872
04107
05109
00317
03241
02046
06804
02931
06780
07729
01904
04163
05742
07980
07549
04993
03180
08205
08021
01689
04193
03952
00831
04448
00187
00076
03808
00025
05488
02615
07275
05956
06902
00382
04216
07454
02869
03540
05786
08026
00845
04098
03730
03120
07091
04832
00803
04245
03772
04862
05541
01203
01176
07989
03355
05171
04858
00136
01341
01309
08285
00116
06359
03895
06376
01449
06806
05111
03068
07140
01493
07571
03494
04442
06261
01302
07708
05538
07415
08013
05176
04844
00695
01431
04884
05329
06194
06443
02938
08283
04624
02565
05740
06553
04607
07748
03980
06831
01341
05855
03266
01278
02037
05217
00679
02599
02253
04360
00309
06915
07668
00799
05893
06063
07432
04160
02281
07897
04387
07706
06004
00411
07058
04734
05221
01707
04203
06245
06660
03008
07260
07898
04691
02101
02125
04130
02939
03344
07386
04346
02855
03423
04515
00240
05028
02699
02618
00399
02708
06384
06439
07709
02460
03062
08151
04870
01156
04805
07402
02963
00286
03953
04050
07209
02964
07410
04450
00065
05867
07234
05653
05317
02881
03345
01716
00661
08226
02096
07814
06423
06479
05148
07037
03884
06774
02494
02399
07385
06474
07104
01281
06606
01298
02756
02377
00275
00731
00200
06995
07301
04251
07771
08256
02244
04740
00142
08146
07200
04670
07823
03496
05220
05340
03074
08202
02699
00169
02149
03951
05458
06866
03508
05123
08243
01430
07131
07251
04445
05127
03824
05080
02480
04311
05920
03176
00008
04950
02834
00621
05830
02650
02354
07456
03595
00947
00173
02342
07774
04474
05910
00673
06301
03632
00973
01117
06356
02704
07876
06814
06046
02757
05670
01835
01896
06867
01226
07929
04060
07841
02184
01922
00807
03504
02059
00742
03471
00126
04971
03484
02873
04161
01110
03870
03442
05761
00946
01886
07273
05889
00289
03565
03034
05795
08166
07241
06650
04946
03048
05448
01116
07020
00705
01889
06626
06462
04661
04955
04849
07791
05757
06964
03707
01290
07175
08031
00410
07964
01352
01835
00476
03705
05945
02788
05110
00144
04135
06385
07562
03638
01554
00007
00553
00096
07125
03025
06053
05940
02720
03805
06716
08201
02494
06347
05522
02149
03047
06234
05833
04477
04550
06975
07620
01428
04057
04194
02349
02676
07298
03537
06080
02565
00580
05824
03210
04191
05643
05498
02239
07668
00753
00441
07924
01477
00563
04445
08040
05257
07504
07396
07254
03148
03845
07927
00304
03269
04807
06845
05740
07980
05862
06777
04160
02119
06718
06297
02471
01835
05600
05741
06739
06316
03050
01531
03502
01042
02052
07877
00579
01547
05820
00770
04893
00590
00365
03730
06246
00246
07864
02704
02922
02927
02696
03442
03602
04762
01557
02616
05565
06364
07580
04106
03659
05866
05141
06328
06333
06340
05900
06676
02393
02319
07194
04270
00231
00882
00254
04045
01192
06317
04281
06355
04683
07317
07524
07391
02770
06120
02695
02327
05904
07644
01386
03488
07641
01219
02976
03222
07182
01371
05597
03073
02571
04925
03338
03222
05303
01876
06515
00172
07608
04714
02149
07962
01636
04278
05029
00277
00012
01034
04786
04712
04307
01849
01679
01668
07194
04066
07525
05239
01584
02443
07300
01441
07481
02073
01509
06885
03545
00153
01484
03490
01984
01903
05856
04897
05112
02879
07280
00464
07787
07812
04325
06349
02402
04674
02054
03785
01106
03074
02391
01465
04127
02221
08036
06923
02095
04314
00185
00170
06806
05831
05695
03171
04273
06814
04262
04144
02508
07599
01077
03063
07601
03058
02808
08276
01645
04988
01245
00120
03446
03042
06691
06782
05100
00456
05131
07852
03277
05797
04488
00575
07822
02596
03874
01376
01603
02272
07287
05535
06911
02302
03259
04358
08200
06251
02339
00071
06709
02030
01325
02736
00804
06187
04491
01368
06078
07229
06469
01315
02803
03946
02353
00990
02195
05852
03926
07709
05070
07693
04908
04302
06341
00533
03143
06002
00561
00705
05511
00612
02802
08192
07125
05678
03380
05981
06677
01205
06686
01834
05844
02761
00077
06928
06100
07417
04687
01957
06310
03005
05450
00165
05747
01377
04251
02914
04365
05007
03068
03766
06222
05086
03503
03054
05435
05541
04040
05619
03519
03515
02887
03013
01122
06949
02302
00729
02189
05819
04726
00937
06551
06000
03886
03772
06378
06092
02648
01000
02896
01732
00201
06094
01878
04517
05376
01392
01508
02438
02039
00255
06663
04096
03857
04282
01155
07136
03428
04363
01332
06776
05007
04475
06233
05952
01616
02333
06512
04875
02537
07948
08133
06506
05376
04103
05578
00836
05050
05791
04928
04749
05392
08251
00684
05030
01785
03751
01057
00065
07261
02959
05849
03435
01334
05140
00031
00150
04803
03033
05961
08118
04073
01596
07952
03116
03213
06595
04230
04425
07332
01298
03342
04201
01089
07600
08206
04503
00743
07206
05826
07189
05215
07961
00917
06506
02284
04763
04686
06804
05010
00180
05233
01666
06176
01751
07768
02235
04128
04040
08210
02803
01974
04702
05047
05042
03288
05873
05486
02150
01005
02174
04234
05736
03244
07024
05923
00092
08220
02940
06162
05742
01450
06601
04497
03137
00835
01777
00242
02922
05269
02835
05190
03342
00645
01173
00258
07949
00951
04516
01854
07879
06977
03343
07662
02773
05181
04814
06095
00981
04479
01915
05838
04636
04144
08058
07187
07028
05846
02214
06970
03318
05928
04355
05515
03362
07836
01933
00544
05518
02320
07639
04596
04365
08171
02070
06746
01260
05778
03793
05613
06081
04448
05981
01491
01360
07430
03653
03117
06975
00187
06335
02027
00650
01224
00691
00799
03063
01424
04370
07009
07696
02476
08159
03810
02806
08186
06602
01026
00695
04275
02730
08021
06580
01183
05069
01661
04217
00477
03219
08042
00615
01468
08071
06094
06727
01854
05970
05780
03689
06880
07030
02804
03595
07503
08120
01670
00529
02350
08019
04505
06191
01772
00588
03435
01934
07649
02911
00463
05125
06745
00280
08030
04954
00221
02751
04582
06220
02927
04025
02565
07028
05324
02779
03179
02793
03601
02026
04067
00678
03108
05706
07508
07526
05297
01029
07048
05375
08013
04239
08170
05656
02494
03099
00025
03533
04829
04789
04909
02614
04769
07840
04862
07688
02133
01924
02327
06471
04454
00140
06350
00409
05515
00794
06251
05848
05614
06451
04322
04975
03600
03794
03505
01571
05096
00313
05124
03193
01660
06199
05793
06441
01693
00890
06499
04065
04339
06845
03691
06743
05302
01219
07849
06698
01239
04615
05561
03052
03730
04347
07855
01750
04609
03291
05590
04597
01158
00238
04753
00248
07971
07696
00574
04287
03107
07369
07161
01331
00128
01759
07169
06357
00684
03951
03394
05069
06865
00793
05811
04623
02847
01297
00798
04076
00544
03030
03215
06115
08230
05770
03738
03704
01285
07477
08253
04659
07999
02547
07934
00922
05594
02133
00294
01944
02962
06808
04619
04978
07397
05345
04748
04004
06999
06764
02767
04569
07950
05368
02760
02481
01971
02341
02438
02835
04923
05501
03982
02979
02461
02077
07108
07450
05681
00771
02409
03753
02006
01342
04310
04413
06121
04961
08189
03320
03256
07446
04707
07097
05554
02388
00598
05014
03316
01698
05228
00111
00456
05180
04301
00060
01885
00487
01246
01987
02620
00970
02891
02068
06166
00668
04746
00722
07032
02108
05558
07074
06440
00325
02848
03308
06081
07126
06477
01963
04950
04923
01687
02814
06880
07438
08057
07877
00755
03848
07884
03961
02083
03180
01168
03311
06288
03295
03916
00381
00727
03439
05599
05423
05920
05210
07512
05071
07422
03098
00197
06243
00174
03154
02476
00534
02056
00412
02535
06942
00310
02942
06490
04597
05711
03291
01399
03785
01393
02707
05242
01046
03612
01608
01971
00591
07872
05444
01097
05056
03005
04537
07177
04598
07266
01187
05936
06230
02059
00376
07362
07185
00396
01863
06172
07329
08259
05539
07089
01144
01489
03967
03289
08013
06754
05266
07823
01233
05012
00145
07749
06308
07095
00470
05450
01594
07867
01564
03028
01425
06945
07081
00019
04087
04291
01963
06751
06418
01376
01754
04314
02116
07272
05097
05802
03338
01174
05613
04150
01341
07848
00959
08075
07123
05983
01209
02351
03752
04093
02215
04527
04593
07599
06776
04886
03626
04076
06020
05846
03364
05637
00462
03989
07846
06706
02319
02300
00677
00331
00454
05925
01040
02140
00259
00756
04862
05854
04151
00738
03971
05260
07177
05717
06681
06629
00831
05287
00818
03628
06413
03952
06548
03326
05711
04087
04782
00807
07614
01707
03995
02714
02076
02780
04126
04103
07349
01010
03611
07547
00606
02856
01392
02559
07850
00250
08208
00494
05073
02725
03423
05545
07109
00459
01264
06368
03747
05112
07891
04807
02118
04203
07214
02686
06063
06387
06942
07111
05801
02095
01803
04302
03817
01580
05966
04884
01718
04438
05500
00582
01022
06008
06739
03016
06525
01730
00066
07646
00040
02615
02781
02309
06450
05648
01119
06827
00015
05845
07264
08274
05722
07213
04551
03232
01541
02252
05022
04250
07020
06465
03784
07469
00215
03834
07277
08297
05637
06302
01128
01832
03773
06309
03777
06871
05404
01623
02079
00194
08153
07386
02001
03746
06585
07606
03617
05389
02768
06997
04579
03124
07489
02244
03824
00992
06835
05333
01467
06404
00608
07421
07551
06559
07106
06042
04363
04895
07922
03910
06024
01322
01528
05728
06917
03281
07202
06405
04743
01511
03725
04238
00467
05059
01693
03469
07624
05483
06170
07746
03377
02008
02435
08169
04488
02187
01952
04609
03090
04695
07461
02783
06259
07288
03584
04269
07323
06984
08001
05014
06003
00064
03736
03680
05066
06608
03816
01790
06468
04565
07816
00116
00444
05375
06395
02860
07770
05723
07862
04723
02335
06349
05460
05609
00657
04375
07998
03418
02724
01315
01845
01554
07427
04552
07537
03563
00609
06121
03678
04774
03372
00034
05042
07288
02899
01347
06617
04484
00940
04735
06144
06227
01281
05298
01849
05920
07604
00087
03841
03302
01547
06310
01176
03391
04342
06774
04249
07394
00640
02511
00926
00065
02784
02290
07767
05942
04807
00982
00460
07488
04660
00767
07574
05759
02749
08286
05898
03652
03178
06333
02665
06294
02937
04493
07908
00427
05443
05574
05995
02143
07618
02846
06013
02916
07780
05390
07799
05429
05848
04050
05303
07657
07344
04804
02697
00369
06202
06321
06064
03630
07913
00688
06406
04754
07601
01732
00045
01005
06672
04801
04828
02251
04987
06078
00403
06249
03124
03566
07371
07690
03817
03697
00001
04381
05294
07170
03716
08177
06049
02495
02183
03104
04259
05589
03621
04793
01892
02231
06673
07205
00376
07086
06402
02041
07608
08175
05168
05550
03672
00665
00057
00177
06375
07345
00751
00914
02145
01596
02427
02696
00013
06884
04447
03560
04382
05007
03369
06092
05905
01785
08254
00947
06430
01926
07615
04751
02293
02505
07955
08273
03624
01951
04936
02661
03697
02679
06025
00086
00852
07366
04403
06290
05571
00032
03687
04029
04492
03703
01106
00379
07277
01564
04298
00763
05092
06419
00938
00461
01277
02127
05134
02892
01688
06621
00801
04691
03639
03755
00210
01539
00281
04781
00586
02227
00687
06378
00748
02827
00228
05952
05865
05937
03272
06446
01895
07653
08257
04240
03952
06829
01893
06027
06191
03762
01288
01798
00910
06983
01395
02953
07412
02464
05191
01496
01819
02858
06420
04228
04394
07214
03757
04554
05976
02075
03013
03649
06129
04002
08057
00131
01139
03857
04856
03347
00887
06832
02928
04526
02126
03512
04366
01801
08029
06141
00590
03127
02219
07312
03290
01996
00029
05942
06249
08037
06654
01473
06216
08151
07826
06821
05259
06844
02182
01413
00619
06333
04609
02304
05304
06146
04409
02151
00091
05990
01822
02807
07146
00547
02980
07916
04350
02059
01892
02048
00903
06451
06868
01370
06198
05409
06112
00510
06053
07767
03958
01287
01517
05071
02099
06296
06117
08181
08091
01344
03771
00170
02926
06852
07647
00275
01997
04603
05024
06886
08157
01742
06435
04785
02808
05731
02835
03127
00904
06441
00042
00129
01892
06465
06767
07026
00055
03574
05849
06128
06037
04318
05597
01867
04283
00210
06337
05920
06678
06669
06655
01043
01526
02174
05248
03289
08105
06475
01322
04457
06378
08166
05470
05594
05617
01167
04200
00390
06038
03600
07973
03898
03642
00662
00947
05655
00531
07775
07083
02977
06811
03282
07367
03919
07159
03703
05300
07170
01291
07528
00255
06755
00910
04141
03349
04992
02864
01743
07725
00711
05831
03633
06782
04828
06551
07563
02877
04428
05723
02805
01183
07602
05069
03337
08030
06766
06966
03185
06838
06593
05722
03143
01232
05773
04391
07627
07987
04434
05150
07142
02994
06757
08200
04773
05850
01653
04774
04723
00916
02543
01979
03207
08056
04560
02783
04074
04145
01324
01761
05488
04306
06429
04927
01575
08018
01011
00715
07850
00008
02157
06722
07175
06517
03936
07627
02225
06270
02913
01749
04635
06019
04957
02435
07114
05095
07999
06898
02127
07687
05456
04246
05953
07560
01907
05509
02258
02976
05244
06500
04108
01804
04019
06180
00756
06833
02964
03629
04095
01875
04745
00547
06990
07883
07528
02122
08172
06742
01589
06272
07522
05557
05060
07563
07682
05940
07038
06412
02241
07119
04910
00330
07664
02407
04360
05004
06546
02260
02092
05710
05049
00563
02628
07117
04174
07596
04073
01137
03803
04802
00740
02111
04552
05594
05907
05648
02993
04478
07554
04061
05432
00982
01127
04015
01394
07941
00158
07127
06365
04214
08226
02078
01582
03076
05866
05262
07224
07421
02628
00252
06205
08179
05496
01458
03116
04359
05288
00991
04529
01198
03856
02955
02734
02554
00824
04241
08079
04619
04784
02955
06752
04569
06244
08076
00374
02088
06000
05994
04416
06498
02124
01155
03068
04969
06840
04702
03983
07011
07196
04566
07838
01336
01603
08074
06064
06534
05502
06885
00993
00539
01459
07015
01116
08162
05831
00905
01613
03137
02790
04997
05185
06249
01415
04285
00011
02092
06928
05694
06237
03667
03828
04570
04876
02088
00767
02611
01689
05444
07943
04651
04638
05186
05233
03068
06256
02699
02052
01717
00799
06002
05250
02132
04628
03327
02412
04260
01154
00364
06213
05250
03341
05650
04150
06311
01908
02954
00745
06856
00714
07380
02916
06695
05320
01452
07322
01716
01494
04868
03365
03004
00989
03398
07515
06774
03640
00586
03822
04766
06282
04602
07250
01294
03028
05022
02383
05681
06592
02202
00905
00691
07627
07355
06829
04716
03589
08285
01793
06734
07815
00580
01567
00350
07041
04767
01370
05595
02210
07098
06106
01376
03473
07892
05024
01439
04618
02551
01591
05863
01862
05604
02105
01172
02992
07076
07366
07572
05540
01554
04290
00066
02474
02936
07910
03786
07173
00400
07629
05463
06346
03862
07533
07217
03233
05623
02758
05168
06698
07266
02590
05358
05941
02677
04916
00693
03416
06188
06086
06825
02306
08281
00421
03324
00517
05819
05490
02853
02408
06008
00320
07095
07651
01707
01893
03299
03197
00028
03676
05433
06949
00055
06216
04090
03205
05495
06279
05684
01099
05975
07355
00756
03105
02008
05916
00241
02197
03150
00510
03571
06986
00589
04381
03270
01186
02992
00519
01620
01881
07817
05115
05638
06923
05677
06564
01195
00670
03703
03700
01264
05307
03140
06412
00116
05671
03713
05632
01020
01429
04124
00888
03020
05875
04842
02682
00360
02387
07722
07419
06021
07645
00740
01278
02456
08211
07848
04128
07129
00348
00713
04415
07630
07690
02840
03260
00035
03886
00213
03335
01598
01987
00430
07707
08159
05219
04851
02711
05314
02166
06461
01609
01054
07665
00391
04693
02142
06026
03922
03367
04191
03159
00306
00074
04557
05769
06954
04125
00823
01468
03233
00372
02053
00416
00623
01926
02825
02675
04492
02123
02499
01802
01559
04861
00574
05814
05339
01865
03692
07368
01732
05528
05378
02656
03988
07040
05729
06851
04506
06717
03233
01988
07939
01864
02175
03359
00888
02547
02734
05402
01832
04555
03399
05135
04875
07247
05135
04450
03837
02830
04931
05356
01368
08284
02038
06034
02777
03766
01186
03345
01961
00241
02816
05946
00605
04370
06124
04802
07617
02060
02310
02655
08237
04469
06194
07803
06955
03502
01991
05323
05727
06543
02102
01287
06878
03136
01303
07725
06399
00958
07592
07731
07631
06049
07778
01795
07837
07790
05758
03262
03161
07818
06765
02636
07810
02648
08065
00360
06723
03136
00931
02920
06763
04592
03841
02981
00013
03270
05400
00089
04787
07556
05240
00824
06663
00989
06129
02737
02777
08241
05259
05818
06668
02693
06054
07337
04067
07309
03339
00895
02320
02711
03054
06237
07332
06373
04192
00673
02266
03799
02011
04346
03722
07255
05253
01833
04578
03637
00106
07066
03020
02595
07306
03659
01375
01085
03894
02348
04932
02250
02676
05455
02702
05569
06382
03954
04841
04756
05220
02956
05372
04643
06922
02784
06590
03903
03528
05166
03787
05249
04221
08037
00857
03918
08107
03149
07286
02094
02245
06902
02149
05239
00865
06189
06932
02712
01001
07576
06812
03698
05452
04493
00928
07038
00017
01628
05917
01216
01243
07594
00123
02725
01666
05006
01238
02181
04291
02999
05472
03832
06395
00544
00950
03887
04901
01749
05998
04157
01548
01753
01276
02205
05224
07737
02722
08056
06630
03733
04510
05351
01900
04038
02894
01800
00176
05501
01202
04269
07133
07846
04990
04183
07891
00577
06907
06178
05388
04738
01366
04028
04591
01759
05732
01504
02505
04596
08208
00184
04311
01523
00844
07816
06259
04534
07287
06556
03740
01638
01580
00408
02753
00010
05687
08130
07447
06837
06957
02680
00930
03185
04297
05673
06985
00533
08274
06784
05870
05566
04773
02624
07918
06270
00809
01050
03678
03977
00366
02035
07302
07653
01170
03857
04411
03994
01759
02415
07137
05940
08214
00403
02068
05082
01613
04924
05976
03507
01093
04372
05515
07174
06179
06594
07532
06818
08268
08049
02359
06756
01660
01159
00374
01599
00031
07197
07256
00263
06204
03912
00317
02570
00783
01784
02433
04000
03834
07217
03678
05325
00985
07164
00904
02369
07794
02664
06224
03631
07272
03810
03913
03655
04540
07274
01440
04367
08143
02839
01971
07213
02083
01147
03773
00831
07792
06037
03141
00356
07939
06384
01860
05043
02018
02057
04818
