06315
08157
03851
03088
04887
00878
03933
01957
05151
05852
00046
03702
02739
00550
00566
05344
06938
00036
03119
05448
06521
00827
08032
08124
02806
07533
06663
05158
00937
06723
01401
01598
00894
05449
06686
08424
08786
00344
01126
00587
06677
06724
02916
02385
01397
03306
01202
02735
07896
00405
01615
06366
06516
03197
04015
00912
07191
07676
03866
06865
03607
00833
01520
02687
04268
08123
00148
01780
05157
03212
01149
04936
03962
01791
06369
05417
08607
06903
05058
02111
06971
01422
03595
04838
04336
03039
03400
05698
00314
00232
00822
08544
00935
07151
01701
04443
05629
06515
05404
01509
06552
08808
03519
05092
08736
07933
02925
01035
06782
06099
02802
05115
01459
08651
06772
07769
07602
02303
03261
02134
01023
06133
01335
06326
06126
01069
05320
05352
00642
03534
04991
05471
04478
00577
03952
01399
03041
00427
00141
02083
08258
07089
04137
02508
06109
07705
08045
01130
05353
02746
05647
08718
02410
04328
01570
01568
06763
05155
08265
07260
02181
06828
06464
04017
02972
02572
02032
05581
07255
00564
06292
06632
03702
06240
07460
04852
06399
01803
00066
06442
04398
05660
02101
06108
05528
04213
03594
08230
07267
06813
07443
01290
01527
00652
03042
02792
03053
06371
00747
01475
07253
04233
06518
00912
03495
04070
07923
06092
05962
03401
04364
06913
00032
00933
01801
07186
04971
07678
04563
00656
03422
05079
01839
01734
01592
02474
00716
03051
01690
07627
06864
08060
07438
00069
04379
03512
05700
06429
00510
00205
00070
00408
04290
06266
00508
05897
01209
04402
07240
06414
04206
01305
03131
00165
06638
05068
08765
05499
01987
01215
01298
02991
02948
06848
05960
03920
02164
00387
06258
05110
05632
08190
07884
00112
05220
00774
03674
07372
07202
01567
06043
02098
05966
04953
06462
05559
02669
03185
01316
03498
07245
02428
01754
01417
04435
05259
07742
04883
05712
01663
05056
00533
07726
04191
05538
03931
00095
03141
08605
07634
01712
07581
02881
07716
07615
07982
07352
00740
06687
01851
06034
07407
06461
04290
06545
01872
00305
07381
06852
04145
03591
02269
04647
07674
05368
00608
00226
02144
08589
00038
08242
05794
05294
04952
02592
06816
03545
03290
00789
03838
05022
07036
06592
07127
01016
07616
01580
00800
00437
06490
04993
04607
02050
05680
07270
04265
03958
04681
00334
01888
08388
02170
04072
03742
03810
07709
07553
02376
06833
08146
01580
06271
04247
03955
06844
05185
06952
04063
06830
04244
01944
08819
08015
02616
04752
06789
08126
08238
06651
04171
08452
03729
04300
04376
08291
01848
05066
00546
08461
02223
06266
03305
00490
06152
07742
00192
08100
05462
00315
03062
07292
01901
06874
04278
07273
01460
05701
05680
00415
07485
06777
00816
08330
07159
02491
04138
04021
04086
06899
05617
02154
05998
07356
05832
00290
00618
00551
01891
02522
02577
08456
06054
01281
07400
04567
06681
02783
04836
07049
03840
02368
04665
05934
01474
01930
07460
02751
07570
08475
06658
04304
07457
06985
01799
01108
03175
05069
03067
03502
06872
05620
01879
01024
07011
07926
06151
07075
04579
04977
04635
01033
02670
00797
02596
02539
00248
04526
00851
06051
03348
05415
03249
08555
07466
04459
08650
08825
01449
01630
07788
02114
08052
02849
00155
07242
05940
06271
08635
03777
05432
06531
03582
00108
03182
02031
02004
07007
06342
06712
04293
04536
06433
04381
08431
01214
06552
00586
07637
02231
07871
01686
07881
07072
07017
02896
08493
07642
08522
02675
05004
01058
08197
04513
01368
02602
07995
07530
07683
08408
05168
01258
07832
00272
05949
00465
00744
01642
01848
02704
00907
03562
01105
03028
04329
05372
01133
00523
08210
05896
01653
06291
04670
00890
07160
05107
02913
06568
02166
00681
05375
02836
03203
07398
04856
01869
05960
02173
08316
08055
08532
00303
08149
05879
02210
03769
02250
02357
08455
05185
06885
08821
02944
08674
05605
04825
06727
05029
06234
01001
07731
08620
07229
02388
03669
05799
02023
06311
01441
02420
02279
03013
00478
05637
01405
07665
01699
07496
06671
07613
08435
08561
06062
08260
07944
04016
08685
06690
01765
08699
07138
06217
07413
04441
07597
01704
06320
01808
05624
02200
08165
03404
03925
02519
01557
02865
07807
05268
01388
05738
00707
04942
03921
01981
07494
00081
02413
02482
08893
01795
05237
04305
07582
08848
07953
00121
04015
08076
05419
02043
03700
06330
01816
01685
04733
08394
02209
06990
04846
00257
04224
08566
02636
08825
01814
05640
04381
01888
07511
08108
00311
06974
01462
04236
06945
00867
03859
05594
04807
05811
07702
02807
03753
00660
00017
05528
02461
01610
02842
08246
03078
04555
07552
04185
02164
00590
00052
06054
02769
04210
02405
03781
05329
04027
06297
04242
01307
02669
01414
07740
03233
02918
04777
02040
07515
02215
02105
00148
04047
04615
04960
02948
01232
00622
04740
05127
03772
02768
06313
06074
04120
06974
05127
02070
05337
04920
06551
02632
04333
05714
00115
06754
08505
05793
03748
02650
07389
07645
07599
02239
07480
04488
02316
03359
04591
04006
08263
07323
05005
07425
04340
07190
06482
00052
05106
03978
06033
06679
01981
01230
04515
01467
00674
03161
05098
05984
05292
06641
04627
07456
03780
02522
06529
08562
05700
07737
07947
08564
05394
08130
08277
01551
00089
05533
05814
00481
04150
04354
02522
05762
02997
05020
01983
00574
03182
05641
00194
00802
07739
07393
01066
03099
06956
01411
04732
01770
00386
01605
00197
06395
00293
07691
04413
00603
01092
01007
08200
01236
08699
08641
06880
07959
06373
08119
05955
01761
04408
02740
01839
07256
00467
06865
00093
05687
07886
08234
05114
05193
07449
03135
08308
03719
05767
02394
02201
01104
04654
02544
08081
04637
05928
02944
06539
08034
05060
03217
05459
02888
01140
06377
01759
08547
03959
00651
00888
06315
03852
05358
01947
04354
07277
03611
02513
04448
07209
07124
04448
02516
01057
04628
00688
07689
00790
04723
00519
07493
03443
06704
03374
03353
06121
08246
01936
05020
04659
05530
04324
04499
05119
05048
03547
03703
03739
07825
00335
05807
08226
02745
07404
03701
06791
05183
07650
06142
02777
01853
08108
07370
05360
08618
06692
05126
01484
04639
02079
03946
05051
07947
04412
02191
00074
07003
07105
03298
01065
01772
03451
01807
00348
06896
05888
07096
05467
06497
00650
05590
01684
01666
07693
05470
05872
04924
06978
00775
07968
08021
04380
05987
00524
01180
07301
00596
03971
05088
07423
05473
05697
05130
03268
03849
07948
07502
04943
07113
05625
04846
05444
08693
04460
05867
01256
06873
07284
00811
07223
05358
06243
02188
02031
02653
03128
08386
07206
00813
03319
03454
08208
02612
00493
02926
06238
08051
01425
07306
08075
00879
01893
02358
05297
02961
02137
03560
04232
04979
04263
07525
07644
05081
07698
04667
08352
04353
06101
02137
01660
01986
07937
00578
06887
01909
05471
07448
06158
07147
06585
08573
06486
01532
07795
04930
06972
00660
07702
02468
02232
07083
08373
05680
05655
04895
03532
07534
07375
05370
07046
02025
05546
03280
08278
00711
04349
08118
00282
07292
05327
06844
04833
01794
08897
07202
06848
01484
01178
07841
07948
08759
07093
07174
01542
01682
03115
01984
05855
01418
07339
02743
00271
01170
00080
04313
07694
01190
02907
05060
01990
03103
06970
02531
08168
06878
00428
06466
00310
03869
00390
06293
05234
00563
05196
07084
02054
01797
04422
04581
08208
08035
07482
00907
03736
04888
08047
01263
07848
04510
06531
04563
04372
03343
01938
03775
05080
00953
04359
03479
02575
03369
03860
04594
00445
04033
05331
08693
03430
05484
05044
00713
01030
00848
07347
07959
07269
05064
01738
00178
01481
06260
05490
04195
00574
06213
00743
02320
02106
01626
08746
06683
08610
03740
03669
03966
03781
01223
02455
01089
06852
07058
03857
01852
03994
03362
05149
04423
04015
03644
07909
00212
03933
08556
05108
05451
07054
08457
08386
05678
05805
05821
04077
02328
03335
04551
01445
01229
08146
01845
07520
00791
04378
05085
02302
03322
03908
06984
05493
03239
06625
02661
01381
00335
01843
07861
04281
05680
02507
05611
05822
07229
03955
01543
02220
02935
01970
03524
08386
02761
04347
06486
05474
04920
01851
02288
03303
02764
03996
08047
05547
07450
00678
03656
00950
02430
05780
08091
02965
03094
03489
03771
03607
04854
04045
01228
02827
06724
02200
05017
03514
06068
01921
06475
03392
04636
07971
03559
00606
03173
06185
08270
07636
07625
02888
01059
07858
08742
04892
00895
00315
06041
03324
08090
01634
05869
07742
00547
07669
07923
08203
08292
04161
07493
03503
00531
05088
03171
00770
03309
01798
07873
06872
04486
07422
03268
01438
05432
04624
02258
05774
02697
01353
03657
02464
06462
08319
00612
02483
08596
04572
08743
02325
02150
04730
01592
08878
01139
02737
06824
00728
05784
07600
01977
04836
08666
02258
04311
06405
00269
01853
05138
05579
04340
00082
01165
06070
02100
01701
02221
01364
03536
06702
06693
03541
05040
03869
06658
00966
02395
06342
04664
07510
06323
02198
06832
06010
01163
05647
06802
02759
00599
00151
03426
06531
05152
00481
05230
06240
01357
00748
03563
08280
01467
06884
06653
06923
02072
08403
07094
08855
08774
02913
07543
00531
00070
05252
00698
06270
03989
06851
05676
06466
04255
04798
00559
05577
07715
01451
07832
01196
06667
06196
03006
03937
06992
00730
08287
06299
04240
05415
04692
05812
01324
05180
03441
02550
06945
03561
06707
04031
02867
03465
07470
03449
06684
03396
06663
00662
02750
08081
00515
03229
04908
03930
05091
02148
02436
04893
00418
01105
06006
05609
02133
03425
03982
05024
04562
06001
04756
04813
08068
04550
01829
02236
07960
03199
08249
06892
07049
03173
07108
01569
00398
00855
04414
03174
06548
01460
05646
01735
02900
05598
08316
08410
03295
01612
05519
08497
01637
07576
02219
00328
08192
03791
02860
04814
01958
03870
07400
00371
07926
02064
08378
03072
02410
05210
06070
06371
00771
01759
07943
07329
03127
00184
01541
07297
00373
01767
02801
08503
02775
08009
06878
03695
00815
00553
08120
08877
00623
03454
07727
02475
01892
01740
04459
07202
01243
02323
00701
02549
01316
05205
01102
01658
05215
07289
02812
03971
00152
01343
00217
07818
01140
06337
07377
05390
05898
07145
00396
01190
01788
08577
07512
02596
05126
04644
01972
01503
00873
01396
07550
07853
03018
01104
01140
00904
04866
01580
06367
05967
02018
07287
01713
01170
01212
05321
05536
02552
08308
01743
07480
05462
05089
06861
07498
00428
03756
01690
04968
01366
06496
07507
00784
02310
01349
05550
07184
02746
05686
01513
01733
03534
01145
00384
06653
05967
07566
00012
05775
08737
02445
00290
00681
03555
08722
07132
03800
07022
06587
06035
01461
07341
02335
02267
08161
04680
03521
05659
07899
05931
07617
07008
05037
02115
08364
04074
03792
03980
07507
08530
03590
02678
01949
01755
08111
08454
04595
06648
04344
02171
07945
08575
05199
00239
03735
01156
00767
02424
06182
01381
00229
00765
00993
02742
04653
01362
05252
07008
06607
04571
07868
01543
06181
06406
07433
02910
03413
00207
00559
08372
00345
05569
07100
07805
05539
03243
05684
03858
00900
07465
05021
01682
02513
00170
05822
07709
05356
07176
08511
00899
04493
07318
03138
01939
05940
00365
03508
08418
01104
06193
00143
02772
02955
04488
02524
03270
01669
01611
01502
03685
05291
07016
05605
07918
04163
02471
03650
07111
07786
08292
01016
05603
00263
05359
00640
07662
04628
01356
04750
06516
03111
07082
07451
05709
01266
06027
00356
08277
03860
02261
01157
07178
08120
03640
06479
01594
03272
01737
08191
07959
06763
00095
07743
00235
01320
01916
06368
00301
05559
03430
02536
08332
05923
06821
01331
01405
03274
05550
05440
02887
00720
00538
02132
07167
02962
01350
07545
02786
08216
02950
07890
06353
06695
02323
00133
00032
02321
01634
01020
01767
04038
06080
03620
07341
04939
05549
05690
05506
06882
02014
07068
00684
04614
01686
07292
00662
00083
03268
03213
08358
02590
00307
02747
01029
07518
02055
01369
00038
04041
01865
03205
02392
01850
02101
04456
05332
06032
04960
02790
00998
00908
02814
06212
03156
04386
06497
06625
08078
04862
04389
05166
03709
03523
06311
00594
08532
00004
00981
04947
08488
08577
05905
00894
07360
08445
05822
01940
05653
00402
01972
00641
03563
05131
00502
03337
06514
07799
05999
00906
07615
05315
01190
03705
04440
07118
05012
07610
06308
07141
03113
00819
07631
01176
02278
06378
03615
02936
08054
06534
01547
01951
03310
01123
04645
04419
04927
08206
08438
04742
08132
03221
01613
04454
02606
06817
05315
01015
05097
00649
05415
02337
01679
05110
07627
00567
06128
03736
02297
08340
05097
05696
07755
01550
06991
01950
00622
07296
04652
08800
01874
03082
03220
05168
01657
03779
02754
07006
04597
01924
06318
02509
02304
01680
02652
06167
03831
00150
07007
05413
04303
01067
07132
03522
05924
08817
04709
04672
00255
08439
08590
02681
02140
06692
01371
07280
04213
00570
08204
06360
04755
00802
05166
06258
08731
00290
02012
01494
02592
04164
00910
04893
05771
04827
03050
06134
02795
08148
06453
08215
00617
06106
02716
07407
00269
08383
04332
06697
06019
06555
06775
04020
02624
08044
07438
05154
08632
05275
04202
04200
06993
02089
06383
00240
07755
01970
07871
00550
02416
00356
05694
02197
02858
01690
01195
01577
01364
05848
00953
07638
06394
07486
04108
01945
06474
05127
01863
07971
01063
07811
05650
06088
08075
02202
08788
05385
07118
06890
03784
05793
01691
04957
07922
05654
00808
02931
08246
05864
07942
01470
02424
03112
01418
05435
03466
02431
03322
05394
02695
08418
04237
04898
02857
04562
08158
00715
01923
08637
03900
00625
01577
01567
08891
02070
07696
03092
00502
00129
01309
06859
00031
03738
02274
03472
04759
03690
08070
03258
03915
01579
03583
00567
04692
06432
00190
07578
05878
08599
02294
03376
03373
03469
06504
06853
04445
01420
02343
00513
02909
07368
04865
08174
03826
02671
06227
01559
02841
02435
03955
03563
06907
03930
01355
03678
04670
01998
02825
00905
06338
02007
04882
07822
05214
02308
04224
03842
01184
05490
03977
05706
03171
00241
02989
06373
02720
08414
07480
08760
05953
01978
08169
08077
02459
06720
04923
03662
04246
00282
06231
08174
01875
00102
03215
03998
02517
03904
00326
02898
06709
04529
01060
06555
00193
05154
07513
01553
06613
05883
03231
08882
06038
04259
03937
00240
08610
08044
02015
01325
03776
06809
08823
08353
02724
03969
08885
04566
00664
07632
03664
02873
05332
08328
00090
07840
05164
00260
03390
04908
00152
05529
03045
06036
05639
05798
06106
07241
02453
07079
00759
06369
08184
03096
06014
02059
07263
05191
02836
08544
07998
04347
00021
06832
06677
05480
03365
03984
06799
04524
04940
06149
02626
01260
01749
04771
02370
05988
03929
01163
02216
01005
07910
02035
07795
01225
04047
08179
07953
06073
03264
04805
06195
04607
01162
07934
00807
04864
02146
07424
05990
02680
08057
01885
05311
04029
05729
01231
04591
04175
01173
04378
07587
06753
03526
00770
07419
00993
03458
08241
08805
00598
01516
02516
05499
00919
05082
00423
04062
05569
04537
07628
07909
06409
00864
00934
04362
04716
03308
02775
08644
02972
07194
06038
05773
06664
00930
03452
06026
02981
05192
05345
02993
05499
04750
00643
02195
06719
02510
08144
05172
05278
07554
02800
01724
06712
00206
00639
01856
06648
08753
06184
08482
03224
01917
01756
03726
02669
05225
06315
07819
05027
01272
06788
06494
03223
00720
05800
05793
07239
01925
07088
00379
00568
01273
07472
02880
02107
00601
07700
04693
04261
06094
02411
08478
04241
07413
00243
04372
08580
02748
02128
00006
06753
02547
06505
03779
01651
01896
04320
02367
02767
02192
07135
01740
00442
06162
01927
06271
05864
00737
01634
04668
01829
05757
03169
02719
08204
06143
07135
00833
03211
02275
06714
03611
05425
08180
01392
00273
06447
00156
01427
00836
04179
03421
05465
00934
01693
03696
00870
06547
07317
00152
03124
04734
05245
04407
00741
01257
07470
06690
02477
05578
00551
08315
02487
08446
07817
01404
07665
02024
06226
06845
06457
02160
00602
00831
02219
05102
03245
00709
05229
05799
07472
06845
01522
05978
00488
07808
08086
05040
07301
08602
02188
05914
00467
00698
05009
07608
07663
01246
08637
03279
01212
07235
01485
03383
03954
01895
00880
03188
00121
02907
08256
02983
06780
03497
06732
01370
04719
02340
02083
04480
02163
05500
03744
01330
03264
07412
02289
00791
00517
01502
07419
00136
08154
00122
06784
03725
08602
02227
07652
02615
08453
07604
08186
02727
03208
03562
02831
07892
02565
04695
07697
00773
08618
05415
08633
03962
01725
03087
06291
08133
04142
02977
01628
03188
05312
00894
05602
01027
01202
02771
05924
08020
04210
04986
08776
03220
06482
04108
00546
06588
07696
01309
02296
00840
06556
08564
04784
06897
03099
04866
02919
03073
04205
06078
01230
06750
03533
07779
07623
05611
06879
04474
08647
03455
05060
05806
08598
00836
06781
06889
02801
01099
01420
08046
01055
07579
05571
03086
00024
02696
07385
07177
02892
04175
04372
01429
07599
06128
00397
00117
04922
01475
01103
00296
04969
04115
01006
04940
06384
07537
08232
05480
05129
03597
01146
07850
00768
04196
08865
06481
01833
07259
07401
06135
08675
06091
00734
00939
01282
03466
07566
00360
07688
03302
04879
08169
02802
05477
03373
02920
07854
06078
00977
04502
04397
04022
02241
00704
08525
04818
00057
02106
05760
06661
02147
08330
04844
04534
00991
07232
02856
08250
03485
00687
04433
05712
01127
05307
08011
01957
04640
01806
06739
08463
08835
04705
08497
07425
02622
02026
00227
00769
08162
05069
06624
00031
05268
03244
01831
04262
00922
04778
01052
02314
08144
04324
03881
01637
05023
01875
02591
00142
07788
05850
03628
08668
02434
00429
00213
07247
06581
05226
03905
04914
04030
02736
08309
04597
04492
00382
04032
00305
02961
01712
03762
06322
01907
04141
07600
00466
02687
03739
03046
04385
05696
05916
08125
03225
00038
00133
06938
00955
01893
06202
03205
06803
08656
06625
01471
08122
07090
01640
06502
02802
05515
08675
05378
02260
06773
02335
01789
06821
07272
00778
08825
02262
06001
02819
04762
07363
00147
02317
06219
06786
04430
03320
07749
06406
03391
02436
03827
02819
08438
03514
05974
00953
00264
05101
08457
06226
08119
04682
03677
01024
00460
02561
03514
00064
01446
00009
03730
00944
05588
08478
05708
02368
07281
02329
04274
04830
02237
04040
08704
01291
04965
04064
03684
00158
00080
07285
04305
03500
03041
07762
04384
05522
00048
06991
03651
04540
05404
08464
08439
05378
03983
05135
00794
03461
08186
07577
01316
04339
08037
03925
04118
06708
05003
03158
05160
00910
02027
01936
01865
04564
07746
06219
00818
00747
01609
07408
05384
07517
08838
07698
01543
01544
07703
02388
01523
03236
03780
02044
08283
01701
05939
06188
05221
02516
04663
08428
07041
03727
05553
08221
00138
06192
01046
01889
03403
00055
02469
06733
06403
07689
07733
00765
05795
04950
02100
03078
07677
06217
02504
06290
05842
05980
03827
05040
00678
05615
05382
06850
01308
07335
02538
01685
01194
08340
02250
05308
03898
01746
01281
08498
00318
01369
04409
05886
00298
02576
08542
08244
06720
00950
06965
07867
01774
05380
01305
04013
08400
07486
02519
00951
05965
02797
02086
08515
05700
00317
07701
07092
04228
03005
05102
04109
02969
05860
05673
03061
04922
01711
07394
08283
02646
08789
07024
07894
06939
06198
06609
04512
07920
00177
03343
08513
00816
07085
06505
02027
08868
00095
03760
04952
04665
03970
04114
03129
01902
02204
00893
04414
04449
03509
01766
00546
08281
04783
03676
07389
05281
05157
08771
04241
06172
02344
03565
04426
02749
07947
05187
04366
06811
04950
04147
07574
01532
06135
07267
01815
06567
08230
06194
03773
01244
01240
06383
07054
04993
07795
02762
01526
04884
05241
03007
05654
04706
03698
03118
02136
05951
03739
04336
07999
01392
08701
08821
08728
05391
00871
06347
05281
01215
06042
05308
06214
05994
04019
05029
02730
08476
02042
00269
03395
02743
05806
05265
08546
06961
06452
03357
01477
06763
01266
07737
05487
02031
01481
00467
02464
04748
00386
03620
04978
08894
06999
08774
07524
05449
03218
06988
03214
04060
00216
08662
07130
04331
07796
04077
08310
00086
05837
02831
02470
04381
00310
02328
01157
03864
03885
01528
01264
01224
03501
07104
08835
01589
01454
07149
05309
07027
08865
07856
06195
05656
05616
08164
07460
01156
00227
07855
03136
04040
06058
07427
03639
08009
03773
04050
06234
02060
00171
08428
00985
01571
02158
04977
07015
00371
04858
04312
06203
06289
07532
04846
05008
05856
03775
08356
06297
03849
06496
01615
00623
04763
02019
05914
03248
03974
01038
05519
00940
07278
04689
04365
05031
02736
06463
04338
08347
05812
06428
08039
03608
00975
04192
01120
01981
05913
01741
08026
06669
06772
04933
00837
03240
08031
06340
01932
01909
05569
02909
01772
01054
04902
00447
05876
08326
08809
04386
05774
06122
05356
03808
02776
07358
07045
02624
02103
02915
05414
03293
07593
01644
08143
02748
07986
03802
03856
02944
08508
01854
06070
00718
05663
03165
06845
00318
06167
06102
04448
08773
01179
05444
04104
04061
02356
07578
04634
07491
03688
06230
02555
03428
01581
04730
04279
04660
07248
05026
07295
02940
00390
03238
08229
02746
00113
01663
02841
08026
06046
08675
07126
03195
07172
03266
06043
06513
03142
07316
00240
05867
04409
04289
00080
08730
06819
08627
04712
07673
01468
04823
01636
05667
03299
01451
07698
03931
00047
07112
04320
01234
01781
04320
00534
04453
06813
00623
05453
02885
05552
03556
05137
03375
00623
02488
08798
07502
03827
00606
00965
01684
08374
01109
01757
05990
07495
02855
06512
01639
06675
02111
04386
01096
02834
01471
04542
04653
05330
08456
08123
08132
08166
03326
06385
04184
03739
08887
04100
02125
07492
01497
08660
02695
03747
05165
00160
06349
02157
03292
00220
06793
01235
05136
00510
01269
03136
02682
03000
03752
04946
01924
04556
08748
04105
00466
05590
06412
01463
02183
04658
08455
02831
00874
08179
02652
04309
04042
06464
04075
04138
07152
06618
07209
00901
06176
03363
06500
00541
08127
02069
08247
02595
07103
08812
04298
00944
03600
08170
05601
06057
00340
06225
03219
01135
06035
03167
04321
08781
07285
01793
01049
04737
02224
03182
08607
02123
06742
06120
08851
00353
07124
08693
00065
06760
00250
03883
05409
02016
08880
03894
08077
06439
03408
02964
08514
08352
06666
07672
01628
02160
01801
08552
01123
08531
01812
04744
06635
06579
07218
08442
00607
03049
06186
01531
06066
01445
06820
00806
04938
04773
05913
03030
02590
05611
04058
02683
06904
08012
04240
02685
07304
04836
04286
06015
05096
07287
05112
01979
00238
02155
04509
01683
03239
05185
01338
07253
06890
01210
02466
03352
05197
03342
00621
00502
00755
03780
07479
03086
04212
01424
02561
08231
07454
01651
01353
01256
00449
02170
02724
00936
02454
04178
03442
04650
08220
08560
03274
01873
06801
06403
00547
07313
07757
02115
07282
04565
03553
07885
02569
07602
04931
07123
06985
00030
04332
03311
02362
07963
07322
04795
01924
06123
04741
08347
06698
04091
05322
07186
06578
04764
01060
05696
06347
02310
00623
00357
03157
08641
02730
05808
01184
05614
08588
08347
03552
05186
05751
07754
02315
01119
06418
03827
07852
06735
06318
07316
01428
05623
05508
03696
01188
00358
00653
06065
05035
05542
04703
00348
06246
08172
01080
08604
03659
02862
03832
05548
00926
08543
01932
00751
03842
08112
03994
01853
04232
00742
05717
05088
01853
00185
01487
02598
01759
01766
02882
02538
08303
02077
00476
03611
03526
07570
06057
00420
01366
03963
06131
08047
02450
07540
02030
00549
03595
03218
08118
07430
02103
03570
07782
01214
07712
08505
06999
01195
07923
04397
04150
06427
02205
04907
05611
06407
04015
02901
08367
01162
05125
05892
04409
01763
08282
04470
07581
01054
08605
00593
05129
08185
05119
08080
03462
05324
00673
04020
08535
00680
05027
01387
03845
00825
02743
07565
05856
03975
04841
05619
00013
01013
04809
04933
04697
06445
04201
01229
04505
02800
06028
08602
06396
06847
05778
00560
07639
02909
05249
00152
03740
02604
05729
05684
05191
06290
02785
07446
06794
05592
04466
08661
06443
06017
04598
03042
08468
07469
06682
02449
02431
01905
06609
05608
02151
06336
07457
04501
08635
02197
01943
06931
04170
04120
05039
03832
08881
08855
06282
04442
04782
00417
03705
07267
07818
03622
08183
04580
06189
04790
03738
05237
08873
08332
04239
07548
00553
04379
06176
00489
01269
01024
05972
05225
02560
04343
01014
06582
04633
06164
00758
03642
04679
05355
08678
08345
07868
00075
07468
00910
00593
07668
07110
07155
01897
00509
01074
08312
08479
00228
05587
00378
07353
04706
04687
08472
05003
08750
05615
03331
06289
01326
05982
02972
03175
01625
07140
01967
05343
07134
03010
03108
01844
07748
02136
05137
02169
06427
06707
05662
08757
04869
00162
00237
00055
02894
00920
05670
01151
08876
02636
06395
08112
06407
02729
01022
01104
02924
04701
08712
01681
05370
05076
06491
08654
00886
08025
02063
02055
05392
04037
05057
04462
03671
04325
06521
05976
02950
02120
07958
02711
08374
07174
05362
07942
05192
05327
08560
00118
05307
04115
07133
07264
04707
07530
05162
07490
01969
05497
05967
03002
07739
08505
02218
06263
08676
06240
01620
00910
01629
08826
01469
04820
02747
07212
07679
01355
06638
04877
03512
01430
00111
05263
08486
08571
02929
00077
02373
01497
01466
03436
01284
06911
07868
04066
04948
02383
01240
04615
06684
05467
05343
08371
05470
07762
04708
04832
01824
07072
04923
04103
04612
00672
04744
06165
01506
02247
01696
04300
06692
06754
04700
07561
03657
07304
05799
00185
06031
03204
02554
02597
00862
01070
00505
04474
00213
05328
01073
07357
07439
03719
00856
00771
07444
01676
06169
05921
02823
08610
00412
03752
01108
08742
01748
01598
08379
03771
08620
08377
04511
07136
02319
02456
08282
07567
06865
02267
05534
08299
06545
08455
03777
04646
07546
00227
00906
05921
06702
05087
04111
06510
03102
04636
02828
05449
00865
02429
06273
01274
07119
05094
01877
08183
03002
07366
01495
03586
05400
01559
07017
00874
02112
05749
06453
05839
05843
08487
03636
08400
08464
06283
05175
05689
00708
08341
01500
02738
06216
00504
01929
07727
06376
01281
03084
05834
05000
00889
05407
08275
00898
02529
00695
00043
02548
00221
06397
03344
07921
03914
07181
07396
05627
08633
05335
00557
08771
02470
05412
06406
06468
08649
05077
04665
07267
02281
01384
05885
01320
08135
08760
07703
06975
01866
08219
04872
02782
03505
03711
05737
01331
04940
03345
08399
05274
08689
08582
03729
07855
00827
03185
03789
02942
06214
05346
03713
00076
03734
00945
00280
06947
06641
04175
01744
05815
06629
03222
07105
05504
07710
03544
06648
00020
03534
00081
06106
07217
03130
05581
02605
00476
01133
08654
01930
03389
02209
05040
01345
00887
02645
05476
06654
02037
00723
06535
00520
08119
03910
04683
04735
00742
03072
04412
07442
08050
03391
04156
03380
05218
05158
03565
04842
04911
06107
06095
04330
00750
01723
04031
00466
06524
07146
08084
05840
04529
05189
04126
01786
03333
03314
01606
02810
03351
01451
08178
06192
07515
01548
02962
08283
02250
05655
04459
06634
02434
04137
01737
01665
04113
06896
03474
07957
06468
08768
01497
04021
07531
05635
02862
08346
08402
00588
02851
03242
01596
07559
06604
01425
00617
04252
05703
01428
07239
04094
03994
02015
02090
01548
04223
04282
00293
02956
05183
03045
00625
00559
06364
02486
07652
01537
05184
00896
03930
06133
02494
05682
02836
02060
02568
00936
02087
05747
03624
02190
01337
00320
06112
08300
02108
00476
04345
08570
07558
00223
07680
01470
04572
01471
06124
01559
04388
00402
01944
06937
08066
04296
02232
03651
04504
03034
06391
07348
02057
03450
02856
04898
04016
07011
05703
00005
02718
04072
05900
06057
03189
04168
06077
08680
00261
06333
02201
00907
04622
07192
00237
08239
02420
06893
01756
02544
07831
06033
00924
07986
07490
03252
04183
07640
01906
02580
01789
06610
06757
08432
03146
03614
00922
07757
03348
01443
05785
04393
07763
08287
04654
08561
07449
06168
07038
06697
08443
00678
08794
06104
01781
00727
01612
03478
03498
08724
06802
07207
02130
05739
07238
05744
00493
04822
04876
05917
03495
07312
01606
04501
00867
00163
01393
08423
02178
02787
07398
04260
02947
03981
01064
04253
06232
07540
00434
01183
08680
04329
05750
04792
02240
08801
01167
06157
03793
05821
03184
01471
01927
04417
05417
05964
06452
01903
08511
01324
08341
08012
06638
06124
07598
03500
00162
03998
03558
03943
02492
02631
02585
07211
03974
06066
07513
08682
01890
02535
05756
05502
08673
02680
05392
00912
04935
03679
00838
05326
07467
05309
03898
05579
04388
04727
04851
02669
01208
08700
03963
05790
01774
00287
07633
04080
04171
03595
04770
03252
05517
03508
07932
02238
04280
07901
08658
01600
06586
03900
02814
04652
08606
02074
05644
05224
03890
01621
02087
06645
00461
01776
05074
08188
01612
02822
00517
04486
01396
07766
02655
03822
02294
06035
07452
07157
04804
05904
05832
04605
08044
04039
01419
01611
01663
02727
06652
00500
00814
07309
05165
07799
04081
04908
06581
00689
02766
01337
00664
08897
06714
03798
00260
05628
07736
08589
07837
07618
01034
04214
04620
08875
07283
04271
04637
01697
07447
00176
04159
02945
04186
01219
05041
05421
08809
07277
02390
01810
08360
07351
00658
00471
01997
01292
01292
05354
06158
04028
01777
05198
06237
01903
07840
05751
08601
00256
08268
03646
01129
07181
07346
05949
03929
04876
02819
08339
01125
00219
04082
08877
06834
04868
01128
03698
00936
00673
06485
07373
02246
07572
04678
01004
07898
04599
04872
07627
02636
01403
03917
03156
02614
07734
07596
04515
00078
03847
08880
06599
01220
03161
02680
02812
06172
03341
02333
02435
03696
07231
07781
02443
07883
02152
01260
04014
06888
01973
06862
02209
07786
03547
04103
02317
01961
04694
03211
01503
08191
00472
02035
08047
06367
02577
08866
06073
08854
03013
04969
03729
01948
06787
02617
05374
06392
06412
05437
00933
00868
03111
02844
07112
02653
01372
04250
02041
01135
06719
00073
02401
01375
01940
02512
03096
06533
00778
05762
02390
02704
07985
04228
03617
00016
01453
06596
01885
05991
03584
08259
03444
03633
05228
08696
02688
02419
05043
02695
05718
05772
02731
03512
03558
01442
03731
01771
07629
04282
08767
06865
02478
06986
08220
07271
08466
01230
03409
04027
05184
01875
05741
02561
04301
08692
06075
03095
08009
01899
07795
02805
06590
00507
01980
04868
00940
00839
00275
02545
02087
08508
00286
03231
05010
01853
02507
00409
04042
05083
07727
00491
06595
07512
08271
00788
07433
05633
00230
04416
03075
01472
03713
03096
05125
06132
00512
08111
07509
08696
07611
07357
04746
05524
07621
08080
05892
05643
05292
02738
00783
01390
06910
04146
02210
00382
06617
02282
04191
08315
02219
04322
04775
04076
07436
07488
01209
00052
07720
02295
07632
08480
04752
07820
02925
00945
03997
06547
06950
07145
03782
06447
07313
08408
03240
02272
01638
07384
03055
06189
04841
01618
02047
06692
02527
00766
04748
04066
07419
06831
01952
07041
04333
01743
02984
03464
01549
00664
06139
06237
04142
04591
08354
03570
07054
08152
07520
00051
00457
05104
06226
08469
06564
05859
05298
00711
06565
07226
00130
04137
01538
08276
08492
04933
04760
03421
04302
05243
01570
03196
03569
06602
06666
08326
03231
04313
06415
05772
03633
03085
03545
06669
08417
05536
00603
07098
03724
01031
03264
06320
05266
04121
05980
05080
03412
05851
08530
01266
03111
00012
02403
00403
01068
00350
08673
03248
08698
06624
05047
04140
05568
06855
02249
01199
06872
00556
04908
00994
08493
01652
01708
01975
04254
00970
05174
00234
04004
08818
02621
08498
01894
02144
08077
04513
01872
07688
03419
06738
08501
04481
03972
01525
00886
03761
06773
01222
07632
04072
08680
03620
01197
03865
05841
00517
03872
03089
03844
05798
04356
02443
08431
08213
02544
06469
04947
05567
05392
06450
00049
03609
02987
05402
05067
01842
08793
05258
08581
02330
02197
04120
02810
05247
04524
06975
02312
07121
04488
08653
03553
01014
06079
08658
01655
00131
03280
02389
08811
06628
01510
08838
04397
01323
02441
07291
03932
05196
07086
08476
04042
04831
02041
01145
07087
03188
00446
01882
03063
02383
04537
05175
04458
03499
02675
05807
02677
01400
04618
01628
05394
07969
05349
03973
00521
06010
00170
01350
05358
08127
00397
04621
07742
06854
03590
07098
00527
01442
06318
07542
06456
00651
08403
07665
02550
01844
02998
03746
03453
00132
08207
02552
05703
03334
01316
05206
04220
07380
02215
07677
05494
05770
02542
04026
05315
00969
05524
03279
00721
03266
01146
07830
06882
08369
01735
08597
08727
06794
03070
07926
01643
02747
05955
08083
07024
04318
06037
02219
00410
06395
01211
00323
07931
08065
08876
02435
03468
01921
01998
06673
03726
05191
02548
08000
04921
00193
03496
00150
00090
04736
03973
08244
05475
04702
01448
04216
04798
06586
01342
01998
04199
08289
00842
02364
05018
00874
03969
06515
00769
06454
06796
05066
04414
01766
07573
04778
00089
06807
06091
01081
00838
01156
06708
00228
01986
00667
07252
01036
05401
07297
00352
02256
03383
03992
02985
04537
03687
01238
01868
07824
06798
07560
08895
04272
01744
00646
03673
03905
03619
08823
02815
07005
05421
04866
01427
05982
05219
03711
05943
01609
08732
00707
05975
08273
03758
08551
07191
04817
02090
03423
05984
01796
08751
03128
04414
05475
05577
04864
01297
04932
08085
03726
06796
05910
00032
01447
08426
04781
02854
00514
06323
01893
08784
08358
02683
06964
04177
03509
03168
01684
02070
07329
02531
02340
06861
01048
06174
06633
06045
06184
01451
01245
08329
02542
04051
01744
02894
00206
05029
03915
06111
03629
02995
04136
05644
05419
08116
01442
03219
01980
06641
01310
07088
04539
08763
04291
08814
02837
03345
05216
07499
05285
01508
00742
05702
03024
03135
04156
03252
04460
01908
03066
03158
00054
05872
08844
03485
05277
04014
01108
08500
06335
02074
08000
06919
02250
01785
00387
06640
08503
06246
02627
03100
03315
05707
08344
08516
06344
05453
03432
02870
06269
04558
01482
00863
00978
04540
03191
06747
02017
07813
03459
00144
02021
03358
07149
01428
00269
05357
00454
06150
01839
05843
02975
02948
07327
05130
02679
03535
05958
05520
04199
05288
06216
05865
00489
05651
01294
08587
03740
01350
07166
03341
07202
06559
06112
06213
06997
01995
08765
01215
03397
08544
03151
04944
04635
04030
04653
08780
05958
05239
06527
00884
05622
01525
05718
05263
08105
04437
05632
08576
05655
00005
03978
00409
06476
05953
05971
08019
07217
07067
02022
02735
03616
00811
06213
04041
02999
04595
02872
04932
00563
05152
03453
06994
03527
06957
05838
05594
02676
04929
04118
07707
02341
06433
04657
01611
00272
07015
07010
06449
08272
07297
01942
06729
00970
07953
02579
05655
02863
01455
00253
03900
08100
04239
05941
07873
06393
05422
00036
06248
00624
08411
07650
04197
07549
00573
07556
03713
08723
04392
05209
02275
06530
08861
06872
06817
08624
01760
08035
03418
02060
03101
05895
01202
00978
00455
00004
06998
00148
01714
01818
00926
08633
01731
04294
05581
01179
02462
00290
06809
02333
01019
02820
00688
07051
00231
07354
07838
02135
02250
08483
04809
07088
02658
07191
05311
07712
05232
00660
03388
08125
05150
04965
02508
02505
04681
08148
04847
07444
04112
03328
02013
07181
07710
07751
01644
05800
03990
05716
03942
02564
05361
08513
08548
03666
04158
05744
02647
07720
00702
01063
03687
06246
02217
06115
05158
08594
07422
07186
03864
07723
07930
05766
07814
04725
02789
04714
05564
07772
07890
03291
00299
01254
04452
03747
02915
07595
03872
01343
07594
06824
01613
06471
00356
02670
03864
05592
08188
01713
03456
05262
02240
00936
00301
00051
04872
01095
06826
00965
01803
06163
07653
05655
03279
07068
01120
07987
04343
06345
00401
07319
08136
00885
08189
06270
07474
08474
06855
04456
07238
06162
05257
03990
03909
05407
05445
07015
03171
05224
00034
04604
01093
08266
05501
01755
04008
00021
03767
06564
01236
02351
08656
02929
07841
04443
00427
02958
08082
04444
00413
04821
07496
04541
04876
08541
00925
08841
00369
07439
04975
06411
06466
08179
02651
01220
02314
03868
08067
07610
06583
08249
07349
07633
01835
05384
00021
04037
02070
00809
07235
06247
03591
03746
06661
06885
08853
03614
00716
08440
03442
07279
00323
06502
02849
02530
06944
03257
03038
07085
01568
00431
00038
03888
00906
02816
03508
04321
08156
01333
03901
00526
03069
03971
04789
08181
01643
01211
00532
02179
02889
05395
02136
06042
05293
03619
05999
02189
01377
01841
03419
02422
06907
07959
07766
05560
04535
08834
00903
06579
03917
04233
06295
05276
03709
08740
07318
02598
02728
04215
02418
03987
00016
06755
07759
07697
05548
00207
04360
06944
04357
01869
00817
03977
05616
05004
03142
00633
06222
00141
00877
03511
00170
07990
03085
06249
06682
02299
03083
06018
02718
03973
03417
03546
00854
03822
02022
00851
07603
03526
08468
06735
07256
05484
05618
03187
07671
01472
03326
05839
04232
03489
06150
07485
00385
08008
07252
04148
02041
01619
07068
08077
05975
07872
06795
01428
04650
00731
00961
01913
02371
05951
06151
03770
00499
03098
04772
02098
07612
03140
02851
02549
02731
08861
04338
08048
02556
02638
03512
00576
02937
06029
01920
05090
00156
08730
00015
03689
06789
02702
05914
08606
06333
07748
01790
01478
01178
04520
01707
03294
07018
03987
01399
05765
00294
08245
00672
08320
02141
07225
04498
05871
02003
03315
06600
08497
04701
02517
05133
04912
04362
04476
00862
07787
02483
00667
05032
07073
04155
04052
05500
02115
05591
03703
05152
04446
00310
04105
01436
07526
05013
03785
02369
00712
07630
08695
05327
07519
08602
07022
05625
08427
02037
02620
05944
05711
02454
04833
06404
04568
07076
04976
04027
08439
05185
07694
06620
04736
05602
04765
08140
00498
04572
07042
00917
02227
03406
07116
08539
07388
01779
07740
07384
04181
06307
01774
04618
02935
00466
06066
00284
08036
05053
07788
05464
06981
03122
06813
08733
04699
02722
08470
04990
04595
03722
05492
02018
04732
07164
07571
08050
07375
00840
00469
06232
03502
05615
08210
06141
03435
06599
08569
07264
01827
00341
08538
03378
00323
03524
05492
07478
07955
01667
05615
08079
08126
02711
04626
05716
00174
08463
02435
04576
02173
05601
02463
04215
08422
00430
04089
00461
01310
03893
05124
06770
04594
05232
08084
07522
03709
07340
01199
03644
02736
01269
08421
00850
02230
03439
03145
05552
06495
07599
08732
06694
05597
07729
02527
00000
03977
02351
03326
08473
05092
01831
07329
04499
03202
08007
00614
04248
00112
08110
01493
04597
07498
05450
04698
05124
00388
05373
07853
06420
07546
05205
07218
03740
07908
05910
08609
06871
01508
05490
03497
06682
00654
07183
01516
01936
01757
05949
01254
06895
03424
03486
08511
03235
06929
02672
01360
03981
00463
05431
00518
01342
06035
01505
00682
00622
07897
06270
07108
03720
00265
00956
03467
05180
04164
07739
02007
02784
00925
01642
00518
04544
07124
03820
05449
08532
08134
01535
03570
07924
04836
05571
00200
04449
02226
02429
02279
03475
04337
00938
06014
01671
06053
05460
07007
03634
04581
01617
05025
00851
04312
02119
00633
08682
03044
08400
06463
04206
04055
03606
01625
08506
01826
00307
05606
05369
01003
06779
03333
02504
02763
05711
04165
03028
01864
01959
08217
07993
07969
00031
02885
08229
07584
00780
01807
00150
02045
05454
01988
07080
00073
05929
05792
07855
02338
01273
06953
06014
03607
03847
00848
04080
08100
01999
06834
01788
06070
07688
05009
06988
07685
03918
07852
01890
01408
01588
04477
08644
02835
01145
06462
04722
00504
02101
02527
01347
07712
02510
03409
04288
05372
05484
06617
07804
02535
08135
06637
02030
00599
00831
05940
04280
02245
07947
02249
06567
08615
00811
00690
02540
04553
01139
07711
06029
04652
08465
06534
04921
05138
03474
07294
03196
08447
00590
03723
05168
04269
04203
04729
03070
02716
03713
06189
02017
01148
03600
07690
07046
07951
02357
01922
03145
04056
00926
06464
00423
00278
05394
01470
08105
01087
07181
05759
02689
01308
01786
00342
04016
02286
00643
04103
02492
07739
07997
01608
02007
01151
04138
05533
03225
00743
07499
06233
00152
06659
08383
00852
03306
02216
04971
08486
07285
02189
01499
04477
06102
01355
08251
01591
03627
08333
00322
05139
06100
05861
07352
01046
02069
05585
08020
08679
01891
06750
00681
07152
08768
00179
04331
06897
00481
02063
00072
07818
00275
01184
08176
08360
06685
08260
01318
07469
00894
04418
01922
02605
06690
04359
02753
06714
08604
07875
05096
00700
06436
08094
07097
01550
05722
03039
00048
05449
02664
02216
03294
00498
00535
02933
02700
06836
03865
05980
03706
01008
06552
00746
08146
04405
01739
01211
02640
08720
03883
04860
07901
06592
05600
04698
02566
06295
00474
03520
07787
00437
06179
06209
03832
04387
01143
08336
01706
04649
07555
07545
00939
01500
07330
00277
07649
08230
00578
06487
08734
00824
06791
08005
01562
06814
06336
08178
04093
01740
03099
08673
03572
06437
04082
06328
04354
04164
07456
07060
06068
07638
00993
05900
04374
03998
01188
01054
03649
02609
01715
01157
05603
07195
01936
02622
05905
05312
03402
06537
00236
06156
07342
03135
02914
02496
03286
06875
06865
04741
08737
03938
02080
07412
07549
08414
00678
08681
07821
00410
01828
08606
07010
06935
04661
02920
05974
01921
08788
01208
02940
07061
06847
01983
03839
04146
08779
04836
05537
08676
05889
05683
04260
06065
00672
03967
04478
07001
04676
08653
01178
06412
01383
04473
04083
04319
00058
03807
07380
08189
02233
01650
03221
01909
00116
06485
08509
00721
04866
05987
08817
02977
07877
06153
02290
01718
02166
02411
02203
03315
07323
05307
02007
01613
00678
06653
06982
04475
05690
00364
01802
01184
04302
00412
00029
02273
06054
03119
05201
06096
03482
05374
04585
01168
06229
02071
05735
07728
07231
07255
08071
08746
03215
07858
07239
01128
01477
07776
07344
02269
03364
05756
02366
07106
04080
08448
03356
02961
04218
07452
08831
06388
04501
03276
00741
03431
08501
08281
05522
06216
00311
06184
03139
05935
07525
08006
05559
06970
07340
02664
06687
06647
02180
03986
06538
06200
08107
04760
07746
01565
05470
05564
06219
04209
07945
04443
06749
01744
04074
01948
04204
06049
08590
03834
08372
01015
02860
01067
01335
06914
04487
06530
07529
07256
06411
08455
07459
06314
03655
08717
02348
01457
06498
05376
05652
01086
06952
07225
02401
02646
07104
08355
05429
04032
08324
00549
01023
07789
05669
05326
00354
04813
04642
00029
07221
03255
08464
05809
06332
02247
03972
00538
07504
02289
00745
03263
05262
06287
04276
04055
07026
03296
07938
00178
01644
04400
01517
03349
02934
02608
03651
05906
05617
04750
00836
08163
03051
03246
08475
08258
07934
02420
05806
04118
02624
01461
08519
04169
07831
08501
06526
07825
00307
05108
07760
08670
08726
03730
01528
02321
07715
08678
06463
00279
05236
08842
07335
00930
00071
04408
03893
00813
00121
08704
05800
01168
01363
00674
02565
06582
01549
02312
02518
07374
01508
04933
03551
07418
04322
02893
06687
00630
04069
03357
04203
00070
02386
02568
00233
04327
02750
04324
03998
05379
01112
01496
00372
02421
00505
03734
02938
00111
05748
08055
04236
05152
08473
08455
07434
02502
03077
07006
04565
00092
01800
07559
07718
03862
03460
00161
03524
04706
04790
07172
02645
05643
08028
07847
02604
08829
04002
02826
06222
01035
06313
02895
07704
01781
02206
05030
05529
04894
00191
00497
00077
06679
02677
07559
02193
05447
02298
07281
01986
08162
03673
02719
08162
06613
08641
04781
07982
05967
07063
07522
04686
01602
08500
06435
02045
07490
06291
08713
07241
04335
06920
01077
04520
07478
01402
07633
05671
02425
03235
07927
06532
06560
01814
08461
02121
00633
05738
06220
00236
00913
00086
07898
06229
01801
01361
02012
06433
01403
01896
03514
00361
04628
04647
02482
08711
02227
01177
03152
01645
08249
01248
03095
05294
06717
01405
07118
08443
07216
05848
02150
00327
00453
05761
08051
02828
01066
00075
05313
04658
02351
01550
01024
00950
00541
07741
02370
01500
01220
05745
04186
07841
07614
06429
06295
07512
00862
08014
01402
05244
02509
00127
05647
02547
06028
08759
01659
06410
05827
03051
04279
00198
05539
00124
05143
01087
01931
01953
04374
08732
01082
01022
03830
00322
08856
02021
02320
05898
06742
01166
08865
03062
05548
03902
07236
02596
06054
03032
03975
01232
03236
03837
06390
06191
06675
04270
03787
08752
07632
07196
07428
05091
06056
00740
05944
03121
06523
00409
04556
00980
01620
06283
01095
06732
03173
07546
05320
06342
00126
07468
02324
00241
02223
07020
07765
01230
06919
08572
03616
01466
02306
03874
04104
02029
02368
06647
03652
00253
00276
05228
06247
06738
02635
00115
03064
05563
00689
00935
05080
03305
01853
07687
07744
02789
01762
06117
08308
01448
04531
03002
08262
03317
07421
08818
03285
05201
04804
06979
06654
03615
02150
07956
05064
07299
05252
02917
05016
05905
02835
08092
00100
04308
04279
04258
03009
03669
05781
05607
08536
01467
05802
06237
03021
00943
01019
06617
04348
06321
01057
00849
03414
02697
03206
00287
07484
03421
07667
07721
05895
01842
04803
06830
08075
01269
05728
02939
01197
04264
00146
00620
08465
02308
02977
07587
08601
01666
06594
00243
06996
00155
05799
05592
06804
03546
04078
01281
03778
08850
02755
08319
03989
08708
03522
05312
01725
00051
06184
06460
07338
06474
08303
06793
02598
06054
04408
00478
04231
07066
06978
00996
02910
04169
03613
03680
04100
06536
05872
05047
03871
00767
07141
05555
02238
04890
05523
04571
07795
05761
07306
07016
03078
03240
01219
04249
02939
08475
05955
01989
04261
04106
08801
03807
04225
01805
08652
00061
08674
02931
06259
04017
04826
08481
06834
07665
01874
02629
02634
07543
07181
07048
06816
00751
00875
06414
08894
02198
02573
04598
00206
03964
02660
00650
02221
00200
04326
00289
00864
03691
06918
01175
03068
01831
01180
08502
05147
01718
00870
06159
02951
06660
01014
03749
04676
06566
01171
06798
03433
04937
04044
05699
05568
01615
06568
01291
07953
08389
06213
04343
05425
05706
07600
03409
02122
01264
00973
07895
07647
02585
03812
08888
00287
01853
01739
00802
00998
06135
03944
08315
05815
06097
02499
06945
03802
05398
08205
06164
02729
02228
07969
05572
08067
04695
08076
07161
05869
08685
04304
03072
05957
00122
03857
02283
03457
05279
04199
04184
04572
00796
00689
05878
08732
06232
02375
00141
00840
02182
02300
06862
07826
08829
05790
05152
02797
00732
05930
08233
05525
07301
02005
04393
03916
06241
01633
04544
07429
00693
07055
01127
03244
00011
08049
01585
01392
00695
03995
02296
00605
04793
06815
00256
02391
03090
07733
02387
07105
02095
08306
00896
01891
07105
08037
00205
08481
08134
01737
05499
03864
06941
03618
05611
00759
04754
07526
06683
05968
08665
05176
02776
04739
06361
05335
08098
00800
04265
07061
08633
05073
02427
04877
02579
01289
08001
02332
05226
04492
06237
07931
05357
03020
08268
06173
02527
00297
02788
02363
08737
02411
06768
00181
08082
04904
05969
00505
02437
04829
00502
05520
04725
05677
04272
07053
08284
07230
06456
00185
08419
08708
07187
02929
02414
03412
05381
02203
00881
01286
00497
08688
08282
07533
00573
07879
00130
05341
03317
01847
02524
00331
07607
01499
04833
05679
01734
01039
01271
07635
00735
03484
05215
02091
03835
07193
07021
07465
08122
06405
05152
04041
00934
05764
05523
03987
00911
08469
07084
01446
02398
00559
08767
04297
03126
07684
02468
00317
00382
04420
07682
05902
00670
02726
01391
04383
04553
04493
05686
07073
04068
06578
00443
07452
05685
04749
00471
06664
08163
00840
04952
00142
02930
07839
03287
04907
04307
05199
02253
02536
00839
00030
07100
00378
03797
07091
05076
02889
07525
07303
04394
06471
06370
05819
05404
06325
00696
05874
05426
04740
04353
03359
01238
03491
04935
08261
01116
01982
08139
00859
04317
00564
08072
03890
07062
05755
01995
04090
06300
07665
06011
04113
07124
05147
03881
05959
01825
03184
06582
02419
05953
03847
01528
06195
06141
02091
01503
04111
06845
01761
04058
00701
00593
06989
07755
05641
07430
00746
03332
02368
05512
07830
05019
03549
01656
03665
03769
00219
00567
00239
06099
01096
03484
03542
06085
01308
05387
04615
07584
05079
02426
03376
07984
01216
05531
02207
06051
01405
06028
02329
01666
01644
01020
06633
00618
05129
01351
05338
04805
05743
00050
06532
03923
01177
03033
05392
03040
07733
08234
07626
06721
02111
04959
04084
07132
00577
07080
01801
06688
06916
00702
01855
03295
05651
04728
04342
02650
06439
07125
01609
04671
08182
07442
02172
03522
07834
07742
00861
07544
05438
00912
03442
07655
02317
06245
08251
06035
08515
00180
05572
08135
02644
05971
04097
02331
02152
00180
08621
07589
08661
02304
03082
06260
03389
06551
06007
04245
07607
07367
04966
05278
03269
08403
01389
01076
03540
04464
04575
05917
01167
07159
01208
02050
00859
01348
07097
07608
03020
00832
05974
03242
00046
00226
02554
01963
04555
01653
05861
07882
03312
08458
06690
00466
07295
03696
07524
04105
00627
01323
04056
02309
02556
08164
02596
06039
05483
08055
08458
01452
02334
08043
02304
06345
00989
01803
07004
06734
06488
00300
01118
04775
08209
05834
04893
06903
03438
03575
07375
07351
01620
02334
08688
06716
02035
06929
01338
01689
08486
04584
05088
06271
00055
00527
07184
04026
06744
02446
05932
03457
07205
06895
06721
00431
07962
00288
06655
08550
04078
02236
07690
01965
05386
06610
02669
05901
07780
03185
03648
08196
05363
04986
01383
00039
08447
04382
06698
06122
04226
05907
03359
00142
07106
08652
04027
06534
00207
05706
00709
00459
01914
03403
06188
01667
00725
04126
07078
05173
05749
01555
04295
00888
02649
03241
03128
06222
04033
08646
01210
08791
01427
03771
04923
08299
05814
03573
00768
02960
06473
01648
06138
06989
03411
02144
02002
02365
07976
07226
01215
01788
07557
08893
03558
06229
00250
08190
02554
00840
03969
07397
06920
03083
08015
00109
07822
01572
04994
01108
03959
06802
03198
06401
02090
07877
00308
06711
05100
08899
05729
03023
02449
07486
02106
04097
00943
02520
05513
03680
02738
00959
05716
07860
06423
04981
08825
01054
02332
06283
01841
00835
04978
01038
02151
00041
07342
05395
00270
08167
05342
02030
00799
06896
00651
01882
08425
06784
05432
05240
04541
08695
00422
03253
08758
05599
01120
05065
08067
00473
03603
02382
05396
06123
04091
00302
08312
00173
00932
02746
06412
01590
03039
01897
03758
05850
05469
02809
06525
08034
07126
05016
03504
02312
04136
06114
01862
01246
00123
01955
00292
06102
03181
01781
08886
03316
02439
07769
03290
06432
05894
03515
04259
01466
02532
01479
03422
01792
06148
00650
05274
00723
05801
04106
03861
05639
07571
05475
08116
04257
02520
05164
06048
02350
04409
03514
07032
06194
07725
03079
08255
07494
02504
05098
02686
00913
08573
07122
01055
08146
02331
03594
03009
07567
05925
03397
05220
00926
05244
01276
00694
01264
00578
05074
03995
00704
06908
03795
08586
00061
00371
06372
00664
01160
07492
04286
04622
05925
05438
07753
07713
08329
08758
08005
06234
07214
07253
01354
01325
02371
01666
07957
08713
08618
06610
03243
08537
03497
03741
02960
03139
04505
03111
03516
04794
00666
01100
06692
07167
07415
03575
07845
02668
06353
05609
04170
00712
07876
04690
05267
07496
02334
06749
01525
08440
08697
03832
00926
04934
01136
04884
06698
01355
01142
02566
01808
05019
07438
01772
01911
05096
05187
02339
07384
00976
01044
05877
07939
01832
01945
08516
05170
08309
06946
00669
07017
08180
08424
01720
06811
06834
02953
06965
04661
06375
05775
07944
06295
02609
02079
06270
05784
05985
02429
00775
01308
00849
00908
00789
08205
02269
04892
04591
01169
08444
02231
02575
05876
07520
06562
05726
02242
00414
00533
04236
02069
06199
02894
00181
00280
05442
00122
06240
04403
03483
04997
07231
08691
00451
05925
02769
03547
00836
06635
00610
02346
08553
01890
07030
00572
02557
05040
01533
03099
03948
06947
06206
02949
00438
04133
04756
03269
07516
08197
05597
00596
02142
00335
02503
04747
00343
07114
03741
00159
03948
03136
07263
05960
03240
05662
01426
05194
05014
00023
02326
02454
07961
05156
01690
06210
01636
01074
04194
05401
01921
08407
00357
01582
06649
03266
02583
02839
03927
03791
06918
01041
06258
04908
03712
00883
06301
00372
06771
06177
07013
00169
05489
07456
08225
08651
02933
02407
07187
06403
04543
02865
04795
05441
01149
08338
02013
04928
08074
03483
01120
04461
01587
07979
01646
07403
08038
06436
04736
08655
02690
06763
03274
04415
07978
04872
01348
08388
07974
01146
06936
07213
00235
04095
04249
04522
02052
00487
07813
04679
00769
06500
05114
01119
07781
08731
01767
04722
04020
01945
04969
05751
01354
06733
04222
06501
04972
05710
08267
02396
08221
02905
03245
00632
02234
08529
07578
07807
00286
03958
04838
02897
04892
06364
06458
00306
02598
02765
03169
01987
05612
03072
06884
07109
07539
08878
02568
05651
00053
00918
07880
02582
04226
02676
08258
07052
08107
06157
07204
04879
03123
00955
07207
00248
04043
01137
07886
08593
03500
08379
02861
00794
01804
02892
08726
03164
08090
01847
06353
06488
08291
01236
03480
07563
07969
04668
01694
00417
02435
06641
02814
00962
00988
07354
08353
05953
02173
06730
06775
05532
03170
02951
02607
04293
08145
06345
02113
04764
00718
07032
02365
02010
01578
07840
05576
05134
03331
01001
01270
07567
03294
03828
04023
04809
08836
06610
05111
01776
03299
07299
02078
01892
06037
01701
00110
01071
06595
03511
06822
01454
03371
00321
07419
07136
02732
02191
00766
04976
00091
07146
05593
00557
03884
06903
06273
08847
00831
00340
04162
05694
04613
07184
08749
05252
00067
02943
05482
03320
08873
04034
08373
04658
08421
04693
00004
04117
05911
05468
04203
03099
05002
02445
08572
08273
01864
00172
07627
07193
01346
01763
02429
06852
03363
00217
02146
04984
08818
02543
06352
03935
02853
04123
03199
07327
01125
07885
01347
00090
02273
08559
01160
03010
05550
07463
03911
02993
01507
02217
08885
08790
05044
07024
04185
05505
03893
02331
05323
06037
08514
02869
02756
03266
04861
02412
00754
04217
06606
02056
04852
05164
01991
01940
01527
00086
05033
06047
08673
07947
06393
04836
05539
03754
06361
03671
06597
07936
01894
04180
03846
03179
00181
03859
07513
07239
03490
07839
07655
01960
05313
04903
08548
08861
06616
00707
04830
04661
03678
02295
05514
05045
04414
00547
02981
03990
04809
04159
02710
06101
08023
05826
00849
00957
00957
04450
05248
07831
02547
06639
00239
03194
00640
07194
06307
07954
04491
05696
06012
06915
03422
07628
03795
07336
06798
04841
03107
00673
07361
04421
07740
05823
05184
07764
04722
01995
01853
03213
04876
00082
07958
08444
05216
08136
05045
04944
07272
04039
00211
01608
07944
04735
06840
00153
06119
00928
01768
02234
05493
01304
08788
08353
04166
00500
02917
04134
06475
06361
02246
07422
07414
08888
06785
02666
08556
08028
04443
03254
07072
01012
02941
05225
04248
07821
07736
00799
04536
08305
01429
05427
00195
02162
08066
01418
05392
02258
06697
04216
02050
07444
01926
04038
00173
02733
00093
05526
08277
02269
08726
01808
05039
06933
03525
05373
07298
05382
08618
02446
07719
05007
02549
02870
02777
04951
05164
02677
04295
04430
01813
00054
08650
01768
08311
03129
08898
05273
07042
03906
03009
01164
08411
07861
07635
00189
08359
02983
06388
03193
04307
04493
01830
08234
03792
04813
01819
00844
02337
02674
02091
05821
06837
04221
01410
05172
05993
00602
00936
06332
03736
05228
05155
01616
00337
07062
07871
02510
08438
07847
08365
00419
03758
00021
06345
08442
05621
02242
00141
06437
01477
04756
04103
01149
05525
07008
06948
08864
05218
08826
01036
03374
07922
06067
01590
02785
06072
06995
07921
06607
03695
00069
05041
07402
08383
05866
05599
03135
07002
03419
00723
03552
00672
02788
03028
07327
01713
01110
03451
04357
01964
05600
03306
05970
00105
05667
03700
01684
01597
06559
02365
00075
06790
05018
05279
04693
03578
04611
