07660
03146
04117
00592
00925
02796
03478
01002
01490
00992
03627
01036
03596
01996
08377
03205
07709
08195
06560
05648
04179
00672
00370
04458
02993
08246
04653
04761
02839
03527
05983
05647
07723
06784
00026
06608
07650
03428
02402
07881
02607
04513
02134
08099
08618
07672
04056
07268
07054
00204
01508
00381
06097
00331
03671
07853
00915
03000
04035
05166
03023
02408
03635
06882
03321
02356
04862
05589
04767
02285
07852
08150
02731
08501
08684
00784
06673
08131
01126
06499
00991
06901
06496
05004
02657
08644
04785
05826
01903
02499
05814
03731
01314
03533
01205
01715
01843
07839
05396
08611
00195
01651
01778
03167
03788
03197
07457
00466
03585
06103
03120
04143
04745
03842
00713
00858
07738
06856
05411
02615
05626
07576
07046
00567
04383
06414
07712
04738
01563
07480
04312
08066
02771
06126
05082
01550
07001
00884
08101
05730
01861
02961
01501
04959
03656
03620
02770
06166
05201
05923
07211
06578
05526
07542
07011
05651
07795
03671
08613
07071
03874
05300
04459
05545
03034
00766
06189
04153
01285
03586
01429
04071
04882
04238
08555
03574
07869
01475
01839
07193
07394
03832
08627
01234
03296
02118
06534
06135
04250
00808
01964
03211
02949
04274
02047
03301
05589
02943
05803
06707
02546
01360
06148
04934
06967
01888
03284
06642
07018
00557
02840
01778
02664
03645
05671
00963
00392
07743
05250
06467
04671
01400
07572
02052
01562
01519
00858
06257
08695
00001
01896
02933
01319
06165
03214
05511
02477
02880
04309
00151
04145
00233
01454
07255
02284
07021
06937
07002
01375
08169
05544
03806
02639
02965
05659
06500
00938
03190
04048
06786
07625
00715
05679
06953
06568
03154
01184
07549
01688
08426
01706
00991
05300
01340
05292
05034
04145
07407
07319
02917
01203
02537
02395
03156
05653
03525
03355
00014
07974
01435
04355
02600
07899
02147
03049
06613
01285
00266
08253
03393
08255
04778
01978
04899
01461
05840
00546
07963
05495
07541
05606
01822
00009
08218
00711
07799
04457
04877
01117
04314
06072
00618
00581
00902
01383
00655
02630
00575
04690
03901
04957
06079
08698
05571
06859
06536
06918
03824
08337
01668
00259
01845
01554
05939
03574
02797
02880
00733
05741
03950
05180
06532
00806
03889
00386
00002
02688
05349
08474
00925
06190
05900
00936
05162
03522
01295
07671
08141
01349
07149
01244
08655
04501
00384
07311
04046
06068
05185
03030
02367
08138
06998
02618
04596
04795
05437
04028
04137
06704
08615
01021
08398
07771
00998
00115
01404
05066
05593
07595
08085
06620
00754
01783
05552
03864
03970
03568
06562
07169
03750
07086
04368
01571
04010
01545
02031
01750
02416
04029
05362
04695
07910
04558
05194
07620
06892
01321
03770
00483
01700
07214
04143
01133
08536
02730
04864
04001
03344
00439
00132
02775
00937
05623
00577
02085
04242
04374
04431
06261
05433
02356
05547
03334
03738
08050
03925
05265
01677
02942
07771
01537
01409
02354
07912
00282
07306
05114
00303
04643
02523
06590
06038
06644
07469
05614
05514
02219
04154
06133
07110
07118
07885
05197
01988
08249
01811
00353
08116
00150
06593
06515
04037
03711
07621
07845
00949
07429
05717
06686
03505
07103
07242
05698
00666
00298
03559
06230
08142
00282
05949
04210
05311
06387
02571
05705
04439
03647
03757
04911
06114
04687
07845
08695
02996
02706
02422
03048
08163
07521
02615
00286
05301
02861
07792
02842
02442
06139
06178
00483
01898
06109
08641
05316
00798
04583
02356
01727
05326
04309
03595
04387
00142
03873
01040
00822
08042
07201
07553
00791
03264
01726
05967
07939
05732
04240
00129
07031
01640
03617
04179
07965
05670
00466
06176
03752
01460
05082
05539
03299
02218
02670
02399
05767
00874
04102
00083
02156
06533
08024
06806
01513
06374
04671
07794
01172
01625
03972
04888
03582
08035
06746
06508
01136
06229
06593
08504
07502
03299
02935
06904
03738
08314
07503
04408
02301
01485
04239
06841
01510
03209
06317
05245
01232
04900
06102
02210
03421
06450
04738
04487
08697
07447
07437
06860
07117
01220
00603
01927
07702
02072
06820
05800
04846
00335
05495
01613
02830
07728
00228
02591
07355
00131
01513
00774
08214
04002
06574
04795
05442
03300
01905
01840
02672
06585
03541
02380
05659
07059
05348
01919
01144
06420
07096
04158
07553
04085
02230
04355
06733
05693
04121
04756
08075
05123
05315
03776
02164
06441
05331
07124
03696
05046
03194
05709
02665
07743
07572
03622
07787
05585
05751
03510
03187
07466
08303
05002
06131
04311
06926
01115
04464
06490
06195
07932
02439
00649
08480
00489
03022
03663
03069
00541
08338
00610
01541
05492
07090
07255
06165
04482
01963
05315
05816
01497
07520
04062
07849
04433
05286
06106
06189
06067
00221
07713
00224
04112
04529
00344
03167
06116
00475
04214
02128
08135
03640
04877
07529
08434
06572
07456
06292
04395
00921
01360
08044
05712
02511
05196
07750
08411
06040
00769
06711
02824
02885
07480
02261
00251
02423
05081
03418
00856
06992
01993
07668
06713
05063
07010
01971
06967
03935
00161
01033
00933
06428
02994
00527
05975
05676
02793
07322
08255
00528
01298
06085
02038
00715
01398
00362
05513
00849
01440
01065
00886
04697
06227
03629
06711
00902
01418
03630
06835
01587
07125
01079
05061
01661
03418
00488
01713
01634
05339
04693
05297
06979
01523
01326
02141
05293
00755
05712
00127
05433
07692
03289
07007
03530
04307
07975
06370
06241
00717
03306
02758
01403
03329
04988
02438
05959
06659
07976
05736
06118
03532
03499
08113
05720
03208
01995
01261
06169
07548
06809
02668
00481
00230
03917
06485
00203
07218
05314
01189
03148
00839
02537
04388
06844
08538
00403
03489
02254
05435
07378
01199
07288
07115
05836
00688
00571
01479
06220
04557
08544
07227
05947
04189
00585
00725
06750
02217
04979
01789
05718
01649
02036
01155
03904
04600
02730
00865
04892
08212
00058
00463
04307
04973
03584
08652
08688
08414
00456
05189
07456
00939
07914
07078
03996
04189
00023
05399
03520
01131
07467
08061
03603
01769
08252
06421
08562
05032
05141
07249
05547
05854
04136
02047
02450
00748
07594
01055
05679
00986
08095
01769
00619
08253
07659
03524
04798
03929
06449
05458
05622
00271
05111
05280
07113
03010
07224
05359
00161
03138
05432
02053
04300
05829
02099
07030
01928
01130
02013
07216
04537
01112
03681
05665
08586
07853
03118
03805
04487
04136
00246
04458
04384
00056
00211
02996
00616
01087
06272
02399
03845
05116
05233
01683
05503
07849
00463
06705
01892
07252
02650
01712
04594
03936
05273
04266
01917
01541
03524
04393
07297
03594
07650
06784
00719
08192
07403
01628
07260
00320
06145
05254
01155
07336
03078
05651
06572
03306
06532
03131
07311
00050
03841
08081
02235
01371
02380
01372
07663
03142
01153
04628
00194
02088
04006
06584
08639
01230
05434
04265
04634
04882
01454
08167
08698
05391
07512
06579
05739
02813
08211
06001
05156
01256
08266
08133
01586
03381
01017
05134
00089
01137
01017
01526
02820
02477
01969
08645
08063
01997
00185
08313
03132
00908
01251
02335
02367
02957
03654
03301
00633
06334
05831
04863
05676
04182
07148
04299
00960
00541
04639
07401
01370
01948
01272
04036
01338
06722
02939
04561
03620
05079
04216
04957
06987
00882
05489
01198
03533
06514
05386
02879
07460
04635
07148
03605
04407
07388
08228
03499
00189
05347
07401
06684
05959
06124
07985
04193
06327
02338
03060
03393
08585
00798
05759
07174
07503
04041
01579
02363
02049
02446
00058
01255
01501
08587
08171
02490
02236
06810
03671
07985
06354
01788
06660
01676
06991
04268
05945
00777
01585
00205
06693
01984
05903
03775
03845
00219
01649
08561
00341
06155
04799
07077
01467
06884
03340
00207
05047
00702
03651
07268
03222
02538
03001
08423
01882
00541
06495
03194
05500
02432
04727
07112
04077
04592
06597
06066
03363
04300
08055
05948
06880
05674
07974
01599
00597
08118
08226
07225
07396
07343
05189
01133
00280
02508
02931
00984
05754
07707
02386
04133
07222
03278
01381
04442
03464
06490
01880
07891
04781
07481
03935
06285
02878
07299
02659
07787
00231
06225
00229
01941
04482
08575
00362
02927
03203
02517
03653
00724
05145
05577
00937
07553
00810
00675
01550
06004
01263
00753
07287
06078
02663
05486
03887
05661
04853
01851
05121
06859
02995
06094
04390
00185
07634
04047
02593
00620
01324
08680
05545
06630
07377
07696
06111
04873
03581
06296
06116
00201
08437
04778
04047
07815
03164
04100
02181
07154
01577
01033
03816
06065
05039
06391
00998
03700
07127
02998
06335
02833
04907
02793
00469
02895
08496
07595
06485
07274
08019
00151
05090
04437
04510
02061
07316
07402
08490
01301
01187
01276
00468
05307
07654
07663
07476
03146
08271
08647
07185
00933
06235
06315
00572
02164
05719
01610
08593
04419
01722
02173
07128
06762
07728
07281
08646
04605
05465
05670
03007
08591
02567
07029
00236
05819
07472
01951
05609
03230
01162
05448
01465
06396
06686
01788
01647
04485
07569
00700
08237
04200
00495
04232
07108
02888
06990
02004
03570
07991
03674
02853
05520
05173
07975
04516
02764
08181
05732
03714
01196
02479
05472
02959
04050
08306
00675
06313
05283
00505
04022
06636
05047
00461
00516
02780
01314
04805
05452
07119
07905
01007
08176
04561
03068
00807
05165
04730
05237
08550
08162
08332
04619
06849
05475
02254
03572
07384
05083
03474
02629
02238
00693
01946
00887
00155
04488
03681
01143
04546
01666
02501
04731
07060
01663
02924
08329
01965
01903
02213
00245
07202
01818
08653
02691
00769
06013
05172
04107
03666
04501
02242
05529
06694
01548
00191
04041
00958
00652
02411
02059
03925
08336
05574
01281
00951
07286
05672
00329
06648
03495
03953
06546
07505
08202
02925
03408
03733
07204
00258
08344
06475
00122
02083
02650
01276
08334
05606
01922
05317
00223
04714
06586
01936
04922
02303
00466
07112
01125
05506
07833
08650
08564
00408
03360
05350
04457
06004
07994
02871
08370
07954
02314
03904
01989
00020
05238
03936
06254
06387
07141
04969
06333
02694
01551
03334
03776
04259
04350
03526
07202
04482
04733
02605
05841
02185
01505
00530
01441
04666
02496
06682
02958
02160
04157
01705
04479
01432
03183
05686
07086
06559
07930
02126
03279
07266
06200
01486
02042
00463
07833
01994
00950
06444
00349
03716
01416
03289
04219
07353
00254
03274
02007
07878
02555
02383
06554
00913
02631
05005
05438
00139
07061
00986
04121
03000
00897
04704
03287
05063
00053
02366
05052
00140
02195
07036
02596
03911
08688
01302
03741
07074
08285
01278
04711
06499
06743
05807
02376
06469
00410
05265
02983
00657
00607
08194
04919
02670
06962
07794
03652
05886
04683
07880
05138
07071
06181
04038
03731
03550
06177
06780
05156
05718
08497
07072
05588
01241
07233
02941
01415
05993
05828
05825
00481
00094
06223
00977
04295
01480
04267
08530
02397
04576
00089
06350
05119
05220
04863
05242
06170
00445
07607
06914
02498
07652
00324
01293
03489
06301
03952
05356
03327
03868
00636
05006
00010
03429
05479
06275
07005
05787
05407
02766
00800
05166
04187
05260
03364
08479
04690
04411
08117
07481
07718
03600
06349
05805
00947
05878
01647
08621
01510
00488
06861
08083
04739
02566
04808
01206
00410
01891
07798
01123
07767
05079
08515
01394
07421
03892
06751
02487
04062
05315
01419
08356
00270
07671
04664
04193
06680
06929
06879
07983
00162
07238
08392
08022
03860
06670
02912
02009
01360
01561
05589
01916
01902
01757
05352
06826
00612
04460
00170
05609
02117
03352
07653
06328
00526
02974
04688
04887
05227
04251
01322
06274
05496
01225
05440
07664
01447
08010
07397
07443
04433
06534
00426
03985
01961
06968
06931
05297
05222
08360
05321
03441
05502
03100
02768
04160
06016
07645
04528
08189
00319
06892
06751
06506
01236
03494
06853
04490
06929
04653
03369
04398
03865
01057
02818
04975
04128
08360
01138
04296
03057
01231
06182
03886
02019
07353
01793
07432
01735
00829
04100
08540
05405
02208
04936
06224
01702
02244
02724
02895
03842
07957
03758
07684
06164
05779
03203
02286
01982
07217
04127
00013
02291
06689
07331
07597
07148
00336
02603
02520
08028
00457
08384
05359
06208
04934
06243
07686
01245
03372
03660
06405
03877
08665
08453
06880
07782
06259
04243
06821
06395
07118
01047
00121
01265
03527
07624
08485
00822
01565
00904
04969
02405
03062
07441
04440
07149
05016
03794
03178
05131
00917
01494
00893
05999
00744
00850
07054
02443
05537
01094
08097
04040
08449
06310
08593
03320
07324
00539
05300
03245
07808
01734
07729
05883
01591
06062
04684
06711
00525
01141
08554
04307
06719
08004
01822
01515
07084
06040
03222
07699
00518
03602
05618
00521
05357
01624
00472
07690
03333
06530
06723
00968
03873
08354
06706
01426
06125
04163
04914
00935
07796
05478
00528
03813
01771
04712
03810
04190
02827
02057
06996
04507
04109
06493
02099
07241
04213
04024
03094
06201
00272
04984
05789
06687
04188
07535
06215
01254
06891
04209
03087
08020
03434
02143
01267
00325
00724
07153
01134
02843
00786
02355
03441
02177
05123
03258
02021
01584
07978
08171
01879
04759
08496
00845
01760
04175
03232
01832
07796
00287
01161
02306
03319
01083
00132
07817
05991
01100
03255
03716
02769
03347
08233
01723
00119
04234
06943
01866
03331
08368
06413
01201
03103
07110
05067
04794
03485
07824
00103
05276
08537
00033
07536
01292
04893
06427
02236
04024
07353
05996
01179
02008
03589
03518
08356
01304
08180
00410
00537
04247
04966
04874
05288
03278
08283
06069
05869
00182
07163
07205
06852
00700
05354
07441
03319
00415
00878
05529
06307
05056
00223
06590
04632
03733
02223
01787
04575
08360
04159
00493
05750
08459
04026
01112
04004
01458
04509
06495
01202
06189
07783
03759
03914
08484
00084
04957
05842
07005
02142
00829
06757
07916
08543
02234
02283
01807
01222
03086
07646
02041
08348
03820
06894
05846
00027
06382
03505
03204
07347
07126
05279
04227
05829
02017
02862
02012
00082
08694
01958
00440
01416
00042
04686
05337
05496
03648
03175
06886
03420
06352
05617
04404
02895
00209
00199
04530
04540
00439
07847
00617
08408
05441
03968
00609
04157
00712
07500
04151
05731
07305
07695
05047
06261
00768
02654
02655
05434
06504
07400
04011
02762
06641
00120
07833
01269
05742
01675
07749
05630
01560
07361
07317
03216
03064
06147
08078
01930
01147
05733
00926
03909
02864
00391
07487
03377
03224
00980
05514
00385
01247
07991
08142
07883
01468
08114
05952
02740
01145
03150
02858
07356
01748
04177
00876
02131
04722
00107
01842
04785
06715
05967
08325
02263
05605
05313
03855
00515
07578
07750
06186
02205
06811
06772
06389
02740
01313
04673
04496
05950
02551
01979
04457
03139
04048
03642
05717
08421
02009
04969
04978
04205
03087
08551
01548
06802
03530
00870
04439
06692
01153
03347
06902
05867
04917
07682
07842
06105
02597
01759
05134
06726
06937
06670
01963
05043
03552
01187
06761
07243
08144
04479
03929
00975
02688
02596
02595
00372
06052
04384
08103
03000
03333
02278
06923
07897
00914
03005
02608
07205
08360
05361
05834
04452
05613
04860
06583
05252
04407
08154
05244
07060
06231
01917
05575
06583
00242
05772
00777
07027
03320
00847
00428
01366
04596
01680
00557
05189
04260
06749
05967
03690
06129
04299
07232
03220
04653
04652
02701
00337
08369
03413
01062
06639
05882
02698
07860
05116
01260
07642
03643
02386
06437
03437
05020
06915
08527
02638
06848
07166
05145
06167
06460
06269
00485
07850
02455
05838
05387
01682
03910
01746
06263
00545
07567
07618
04673
04846
05881
06251
03438
06425
02661
00540
06990
04081
03694
00422
00989
07050
02159
05636
04735
00271
02497
04741
04559
05400
04333
06039
02409
05803
01292
06313
07128
06054
08618
04761
03980
04309
00321
08280
00421
05003
04919
04199
01741
05300
03803
07033
04899
02025
08135
06827
03187
07140
03932
01548
07892
08054
07232
01469
07710
05486
04122
00056
02426
02600
05532
04426
08027
06320
04760
03446
04697
06386
02228
06115
06176
08180
07465
02409
06472
03243
00720
07124
08278
01546
00309
03266
00751
05235
00308
01390
00037
00628
07645
02056
04434
02475
02669
01626
04178
06351
04799
01298
07569
04983
02709
05186
01101
08609
06215
02597
03577
02460
05818
06633
01831
07486
07091
01373
00789
03321
05843
08117
08368
06164
06291
05796
07554
06083
08273
07814
06449
08497
03213
05560
08673
03351
01566
05958
07211
06989
06257
08675
02193
05247
00441
01296
06777
04591
02102
08339
05741
05291
03603
01910
00542
05703
07058
07653
08150
04604
01679
02577
00336
08174
02902
07231
07042
00504
07391
06689
05661
05383
06020
01168
00942
07634
00456
00548
04118
01485
02590
08168
00664
02848
05714
05797
08546
03052
06533
04163
06445
02349
02776
05587
08147
00127
07978
06092
02400
02143
04124
03873
05893
02500
02670
06748
02016
07364
00780
07993
07916
03149
01119
04094
00778
03514
05234
05823
05138
06283
02881
08581
02528
06912
05261
02816
07026
06363
01062
06683
08578
02476
05128
07969
01118
05606
06557
02394
06740
02720
03013
03199
00725
02530
00374
06731
06270
02331
00519
01802
06701
01877
01072
03132
07578
02375
06819
03612
07485
07602
01205
04391
00613
00110
01172
02489
08376
02057
02813
04991
06206
03408
01707
06514
07816
07073
07654
02839
02996
05948
06355
07416
02127
02349
07829
08036
03876
06876
07553
00587
01989
07833
04151
06837
04380
06443
07436
03010
05115
06936
04465
00086
03469
08098
02302
04179
02285
04281
04816
05531
05761
06518
01664
06808
07112
02124
05860
00932
01829
07197
04417
01254
02736
05795
01477
07229
05104
08106
06172
07410
07623
00651
05677
05596
08253
06151
08181
03372
02911
05659
01450
03247
03089
01015
08439
03218
07120
08636
03118
03537
04070
03695
02649
04304
01699
05581
05573
05090
03648
05334
05871
02503
04231
03607
07349
06057
07519
01779
01141
06711
04640
07081
04238
04123
01859
00424
04556
04934
03079
04368
00430
08327
05590
00150
03982
00601
02459
00386
03905
08557
06529
08013
04667
02755
07809
07703
05533
04421
02491
04898
00582
03579
06115
01446
06971
06934
01404
04252
02607
05949
01481
03214
06316
00985
03678
06578
01487
05777
03846
02251
04361
00582
03575
08321
04214
04576
04776
08403
01758
01723
02440
07916
02971
06244
00296
03447
06434
01369
06527
03209
07907
01221
08018
02906
01480
03952
05557
02543
01643
02772
08433
06655
02883
08424
02892
05091
00824
03998
00764
03276
03935
02211
03095
05761
00074
05322
08223
06587
07530
07976
04784
04694
01534
01972
03878
00588
00939
03440
00660
03925
02541
08182
00229
04970
03985
03136
02995
06556
07975
04643
06301
00605
00473
01923
00143
03553
06241
01330
08048
02755
07311
01166
05293
02827
07838
02077
03917
07013
03256
00120
07075
04976
04578
05012
01164
08201
05251
04945
04870
04634
00405
05672
07788
01387
01642
02757
01265
06696
02545
06074
06291
01861
01345
04264
05247
00927
00915
07020
01751
02093
02535
00805
06113
04643
06862
02768
08004
00275
06871
03020
02961
05994
04364
02614
07247
05381
03540
06546
01952
07193
01446
05288
04404
02804
07281
04961
05857
08127
01543
07117
00260
03959
04117
01550
08498
00428
06517
02180
01131
01860
07819
01045
05569
05095
01626
02931
07367
02744
03690
01489
05065
01210
02159
00743
08483
02625
02774
06191
04648
06640
00988
07972
05484
02787
03913
03876
03391
07313
02770
05539
07759
02833
06194
07716
06470
00063
07467
00573
00960
06995
07213
05215
07631
04601
07329
06575
05436
02331
05988
03591
00643
06216
00487
01790
08563
08130
00923
06839
07768
07764
05846
04721
03822
03442
01820
05108
06731
04409
05953
03551
01330
07582
04388
07964
01867
03871
03617
06868
06811
02155
07811
00988
02040
08404
02772
01161
00709
04511
01279
02663
02092
01519
06981
00890
07790
05997
03018
04702
03401
07712
08642
03062
02297
07242
03339
05447
00804
04376
06964
08314
08588
05644
03064
04620
01523
00592
02787
03143
02163
08374
03350
00303
01144
03935
07231
07123
06165
03873
06107
01189
00623
03502
03747
02588
00026
08470
04478
06637
01627
00049
00477
01934
08103
02814
02294
01436
02745
00756
03471
05519
07743
07156
02059
05696
05935
08340
07483
02666
08297
06235
05107
01742
08482
07801
04316
04278
03619
03074
03930
06014
03172
02032
08323
07795
03200
00314
08489
08423
02349
06740
04674
05473
03790
06700
03942
00341
01994
08366
03195
05865
02481
02765
00310
05345
03293
02183
05973
06521
04909
01335
04897
07213
04594
06238
04801
05988
01439
04627
00518
08474
00452
01404
03186
05201
00817
00803
04016
07032
05824
06861
04765
04727
04780
00578
00501
05306
02749
08474
03761
05788
06573
08509
02278
05971
00837
02454
06476
02967
04581
07042
03324
02577
04998
05079
04164
03468
01882
02144
02896
00850
01174
02981
01778
06156
02232
02879
08435
04520
06809
06175
05425
07931
07689
02682
06558
05360
08014
00674
06344
01496
04872
08618
08171
04236
03670
06319
07243
00972
05790
02259
01422
06434
01659
02489
08537
02020
04416
02415
01596
05171
08078
00678
04717
01994
04210
07877
04455
02395
05457
04941
04144
06725
05357
08663
05783
02278
04485
06135
00385
02231
05162
08593
05938
00498
08480
02663
06432
08596
05064
01915
04189
05941
00335
02047
03261
00921
04197
03195
04044
07017
03421
06246
07421
03819
01497
00158
05277
03383
02186
06634
08580
03300
05460
01929
00669
00707
05824
05685
04181
00282
01584
02370
01301
03324
05981
06662
01185
06485
07548
02066
02645
06342
06646
04703
03472
08171
07742
03490
05852
01209
06329
05213
05885
03899
07554
02128
02098
01480
06096
04861
03653
00200
04628
02609
05084
00341
00731
00855
08500
06268
00505
04042
02815
04745
06002
00270
06438
07196
05301
06236
04808
07870
05700
06360
03995
01964
07694
00373
00317
03898
07616
01105
05184
04077
08208
08466
03230
07239
08662
05665
00779
04516
03350
01837
03169
02307
07050
04060
02202
00782
04539
07355
05238
06779
02992
07552
07724
00283
04570
06677
05102
04017
05639
00914
02010
01985
07179
08040
00312
02631
02222
04350
00138
05068
07669
01882
00767
05507
06577
02585
03215
01209
07706
05727
07841
04347
06808
06295
07818
00925
08164
02151
03270
03852
06305
04608
03834
05580
08407
03532
07441
06597
07430
08496
01201
05436
01525
06190
01501
07707
06072
05229
02876
08093
04436
00861
05953
04871
06869
00413
05902
04676
01702
04827
08564
01673
01663
07395
05889
00858
07499
07356
04821
01240
03558
08601
05011
07364
02577
04215
07124
05293
06234
06248
05098
02074
08591
04084
02954
05903
00506
06024
05532
05310
08011
03658
02009
01501
05105
04575
04611
07440
07927
07948
04017
06593
07183
02391
04113
07305
08579
00865
06863
01013
03621
00598
03781
02237
02545
01009
08497
07298
05852
06063
07444
02762
01194
07851
04715
05387
00842
02652
00560
04136
05760
00659
01196
05760
06373
08475
04191
08461
04510
02254
01374
02972
01377
06415
04464
06488
01152
04487
08409
02497
08014
00010
02261
05852
06189
02642
08184
00529
07742
03242
06163
01132
04500
02309
07606
01136
04403
02925
02081
05878
07185
08117
01606
00362
02967
00375
06381
02705
07462
08426
05662
06084
01550
03392
00488
00092
07039
06500
05715
00519
03299
01629
07693
01011
04360
03850
04079
03214
02358
06485
03879
05291
02914
00195
02674
04499
02650
04149
00502
00247
04618
00755
00217
06174
04136
02255
05973
07607
06628
01673
03073
01395
00210
03284
08578
07201
02452
02312
07488
06178
07753
07635
01128
06204
06168
06858
03998
03866
05811
05443
01084
05314
08291
05958
05089
00040
04869
01809
00596
07779
01199
02755
03257
05703
07453
01129
06090
04890
07376
07440
07320
05687
08145
03347
07961
01489
04351
07178
06118
05440
00898
02275
01042
07815
07371
02429
08246
05014
00217
05779
01141
07418
01934
03769
03659
03175
08260
02138
00625
08387
00452
05788
07295
03374
07309
04369
07654
00242
06143
08554
03319
00388
06422
07143
07742
07892
06969
06778
02152
03019
01163
04597
02175
08195
06112
04140
05503
03765
03534
00668
06290
04438
03473
03975
03166
03155
07218
05096
05343
06344
00332
02222
06920
05643
03467
03881
04362
01767
04892
03349
04268
04828
01035
03895
01523
01802
01429
05402
06154
01103
06076
01207
05258
07245
00933
08418
02947
04661
00427
04974
02311
04581
07773
01731
06973
02041
02370
01898
05663
05407
07870
02513
04289
07820
08438
06233
05657
08535
06941
03250
01918
07553
07998
01707
06117
02439
00129
04268
02444
04141
00505
08425
08628
05091
00340
04508
04551
07406
01899
04774
06197
06288
05510
01510
08491
02241
04320
07023
01205
07891
04384
07801
06854
00541
08551
00244
07731
04544
01310
04733
08449
01178
04491
08423
03452
01529
03492
00009
06868
02781
02597
01465
03768
01650
06656
04457
00406
08369
00732
02761
03746
01296
03610
08638
01975
03037
01323
02382
07908
01616
04866
00494
05076
07678
03926
00826
03212
01343
08353
06947
07750
07510
01297
05871
05915
04885
03964
07629
02019
07296
02831
06583
04833
03444
05431
04726
01335
02349
04327
03001
04575
08159
01638
05559
05995
05222
02674
01427
04475
06405
04883
05781
00489
07427
01578
05788
01923
04425
05998
07286
04337
07099
08132
08236
06826
02166
04467
08628
08621
02950
05994
00213
01801
06970
02007
08458
06330
02189
01558
05098
06803
01308
01931
06440
03891
02370
00153
05631
08348
07359
02830
05865
07225
07778
01292
07482
06405
00014
06118
00744
03541
04724
08053
01181
03038
01003
02807
04194
04803
07849
05446
08543
00750
05158
03119
00815
07666
02436
01353
02778
05346
00706
04364
00706
03373
02397
05290
07639
06626
05276
06908
02259
08344
02075
08624
00799
00469
02876
00028
04612
03860
01867
04099
04670
04589
07493
07912
01863
04010
04436
00631
00311
05553
06202
03464
04159
00227
05783
04551
05893
02124
05540
02897
00736
01501
00698
00398
02757
03944
02140
03764
00826
08636
01739
03313
00603
05239
02488
05022
00411
02965
04047
03074
02092
01648
05707
08310
08019
08650
06369
02766
04722
05060
05463
01510
03088
07228
06510
03072
01321
08445
04187
03137
03139
07443
07280
00271
03777
05322
02947
06685
08651
08693
03821
04023
00731
01264
01833
06550
03635
08687
04662
08392
00903
05794
00127
02157
03798
02533
04350
06381
05453
04645
08634
08389
03536
08510
04843
07406
05698
00600
04730
02185
00484
07277
01229
04661
07081
03105
01516
00388
02057
07241
04455
06908
07912
05766
07446
06579
04007
00141
06372
01377
06246
04628
00219
01158
05152
04284
03391
03105
04964
00818
05841
07903
06317
06097
00380
07109
04698
04874
04229
01316
01960
05116
00288
03407
01829
04175
03019
06480
06709
04599
03082
05814
07640
07961
06152
03635
02236
05897
05009
03984
01941
00076
07101
00101
03894
06242
00350
04527
03302
01041
00134
01870
02885
05484
04529
01533
05086
04666
02822
06205
01959
01607
08544
07261
03859
02130
00667
02031
04407
00029
07269
04857
01391
02874
04989
05180
03504
00503
03610
02838
03309
07164
04229
06107
07979
08185
06353
00549
03339
05447
08311
03560
04730
01482
02951
04700
04487
04217
04826
02844
04453
05449
01010
05461
04115
08275
00872
01201
07595
05316
01153
07950
05331
08076
06433
05877
04195
07240
08677
05271
03479
07586
01907
00438
00996
04486
04151
04431
08048
06411
02220
07773
04371
04996
05146
05839
04845
01077
00540
04838
08130
01649
02063
01056
03884
05561
02994
01881
03340
03829
07356
01968
01484
01579
01536
02928
05577
04609
07031
04810
05785
04591
01134
03098
00592
01634
02842
01425
03413
07242
00680
07868
08001
02159
03195
04724
05207
02122
02877
00075
01430
06750
08375
06276
04360
03437
02008
02476
03964
07451
06533
01411
00052
00299
04858
01747
06561
03816
01853
02443
06687
01450
05589
06760
00172
06277
08550
06569
04902
02497
02440
04152
02354
04813
02954
00490
00149
08069
06706
05740
02349
06507
06858
05453
07727
03989
04993
05867
03193
07989
08377
02690
01867
00755
01269
07208
02104
05135
07900
03316
05327
05160
06453
02482
05123
06869
08452
07351
08201
06163
01850
03650
01629
08404
01297
04218
03324
06506
06332
02904
03236
06037
03191
00301
02385
05103
03342
05186
06277
03134
05148
05048
05016
04628
05158
05162
06654
01458
04546
07834
04417
00159
05428
08436
01391
04301
00768
00966
05549
07458
01710
07433
00015
00312
07138
07997
07761
07375
08234
00216
01565
02265
00623
08533
01747
02861
01213
04093
06430
06785
03132
07672
05021
07093
01208
00144
00895
04131
01716
02014
06107
04856
02795
00878
02265
01887
04403
03998
08174
03431
00943
06180
06419
08444
05781
03757
04145
00234
01337
04053
00675
02004
04761
07112
04437
03124
06615
00352
05726
06696
06224
06782
01835
05194
01695
03907
05475
01557
07426
02835
03978
03819
06944
02141
07664
02267
08385
03509
04818
00740
07383
02956
00894
07997
06970
04439
00397
01169
01371
08419
05255
02883
00545
05873
01479
06898
00698
08452
00692
00658
05618
02480
07235
07198
02322
04090
03242
03083
04780
01792
00234
05455
06957
04756
07239
04244
03619
00220
01861
00576
02126
03948
02855
03552
06827
04727
08691
00729
05845
00697
01552
02399
05272
04414
02546
06730
03751
00325
04557
01827
03653
07392
05153
06411
03428
05975
07912
07300
04779
04092
00621
05468
06543
06733
01229
08316
04465
08389
02229
04495
05206
01918
07872
02143
05548
02213
08163
08669
06293
04161
03552
06323
02861
04685
02563
06912
05481
06096
06499
06313
02387
07310
02349
02175
08610
02801
00410
02434
04664
07415
03876
08559
06579
07223
06608
00898
04633
01324
00811
03879
05338
05081
05555
02304
05596
06856
02939
05745
03891
02062
05768
00987
01691
01419
02140
07111
03427
01003
06649
00794
05108
01528
00800
04414
00811
03084
06826
00236
04752
03868
01576
02006
05528
04255
00706
02541
00954
06860
02423
00927
05222
08403
01918
07898
07122
01022
02064
05857
02311
02705
03482
08617
07344
03481
04336
05760
05398
02782
00656
04846
03725
02020
06398
06364
04258
02270
02902
06494
02954
03370
03442
00762
04078
00509
01529
03959
04445
01200
02839
00905
00868
08058
06706
08345
03029
04109
01542
08245
02372
02251
05242
01311
06311
05981
04615
08034
02080
03546
08255
04531
00053
07966
07267
00566
05324
01890
01878
03613
05144
06961
07966
04626
00892
03190
06800
00756
05483
02885
06624
04441
08698
02628
02867
03595
08243
00558
07318
04176
03507
07647
03588
00601
03110
07335
01167
08418
07422
02373
00944
00005
07038
07744
03653
03422
00794
08413
03925
06150
08313
08324
01607
06959
00914
01941
02051
05235
08620
02440
03715
07658
01085
06860
05801
06339
00314
07505
07947
03528
00986
04590
03879
03369
03316
01357
03432
02791
03470
06399
06876
08325
05044
06483
01308
05084
05342
06463
05555
08641
00320
04210
07353
06184
00332
07267
03451
06673
07185
07065
04865
01066
04994
04064
08676
07835
06830
03010
05927
03582
01288
00895
08137
06623
07160
00213
07501
06056
00781
00760
05362
02867
06085
03561
00790
08353
07158
00299
07457
01304
04347
02003
07598
02620
03376
01961
00490
04874
06331
06284
08610
03506
04605
02527
06317
07211
03060
00855
07355
02919
02463
01845
01208
06325
03963
02672
01384
00966
00381
01408
05695
07151
06887
02958
00854
02668
08047
05264
05174
00087
07572
00561
00853
08093
07519
05854
06467
04174
05929
00192
02041
07952
05416
00635
02510
05765
02787
04040
02976
03707
05964
07802
07690
06258
02378
05795
08049
00673
03084
05749
05351
00045
04516
04777
02480
07713
05660
06576
03392
05915
04259
02741
06477
05597
04761
08400
03464
00181
03501
04361
02102
05475
06696
07637
03597
07729
08327
04261
05850
01434
06693
03792
06118
00680
07689
06271
03354
00715
01819
03166
03739
04406
01245
01754
07934
02344
05836
01021
02364
01945
02717
05718
06238
06840
05799
00601
04549
08205
03455
08129
00427
00128
00456
05765
08614
03216
07757
06432
04125
05115
02676
05470
03272
05483
02088
08602
05384
08278
08611
02911
08044
05375
03838
05679
01368
08452
07775
07227
02533
01933
01046
05894
05926
07754
07627
03580
00931
02050
06780
07895
08495
01624
06791
01645
01140
07110
06659
06729
02510
02522
06392
02752
03608
06461
06097
04697
00696
04720
00030
02553
01186
05937
04863
06133
02001
00498
05620
07869
06462
03629
02015
02553
06970
00944
02952
05235
00666
03932
02276
04233
01406
07794
05657
01842
06767
05778
06321
08108
02190
03452
08342
02192
02707
02653
06159
02561
02402
08570
08482
00784
05298
08581
07826
05397
02700
02345
06628
01348
00143
07644
01841
00559
03882
00920
02818
02220
00557
06746
03048
07139
01250
02051
00002
04812
08204
01942
04234
01979
01599
00215
02702
08377
06983
04026
02385
07416
00878
01756
02493
04284
01490
01451
07290
06589
01271
05601
01293
07269
02407
05866
06331
03182
07907
07086
01742
01769
00262
04995
03651
05594
02986
07929
00770
00476
03190
06057
06311
02214
03724
00700
06781
03852
07207
04292
06212
03227
04893
00241
04551
00407
00128
06177
08193
02455
02475
03418
06155
05004
06868
07492
00287
02739
05088
06260
00271
00677
02267
08001
00929
02950
00362
02131
02611
00530
07227
08255
01663
03784
05900
08019
00869
02420
01829
05179
03968
01719
01952
03284
04179
01095
06578
07386
01398
06674
01541
00519
08570
06273
04569
08530
04562
07788
04004
05367
07459
04127
02921
03116
05559
06213
07052
00289
07482
04086
01533
06016
05637
05220
00487
01455
04400
01963
07205
01480
04923
05414
05169
04608
00830
07102
03928
04625
04059
00873
07510
03581
03001
01191
01822
04603
06071
05589
06513
06561
03805
05484
03024
04949
06863
03162
06653
05049
06237
04249
05865
05706
02443
06767
00552
03469
02787
00417
06536
08685
07848
04465
00159
04741
00670
02551
05917
06197
08244
07797
08371
08264
05885
05234
04607
03717
04407
05749
07012
06012
01618
07079
04205
08581
05686
07174
04269
01262
02493
03766
01162
06226
04712
04799
07161
02938
00928
03873
03870
00797
08649
02600
04246
00793
07223
06015
05621
01728
04301
00475
03821
02198
01895
06410
04069
07467
04483
05971
03106
07293
05920
06526
04106
03788
00480
00455
00758
06230
02889
07247
03654
00772
08343
00483
02557
08130
08684
03101
01643
07895
02601
01531
01704
06239
02864
05963
06301
07658
02227
06105
03466
03132
06789
04623
03326
05232
05840
02750
04620
07827
05216
01067
04829
04204
06938
02817
01034
03001
06981
04783
01440
00989
01394
01591
05773
07445
02718
04728
02062
01570
07126
02913
00500
02472
01098
00090
06989
01733
06248
00248
05349
03434
06837
02575
02453
08427
00133
06243
03383
04023
04376
02801
06592
00142
06296
06983
05311
01442
01679
02823
05580
08161
03551
07970
06209
01597
08129
00224
01464
04975
04763
00632
08654
07631
00652
06537
03784
04432
00118
01237
05305
05412
06535
04143
05836
00282
05337
03096
00208
07659
05909
06554
02861
00309
06151
03681
07742
05223
05565
04255
05133
01799
03597
07103
03503
04969
00221
03655
07002
08120
07306
06598
05561
01795
03369
02557
03419
03890
05839
03153
07667
08436
04271
06547
00996
07249
03598
05997
07269
03897
05122
01749
07332
06072
04484
04280
03124
02849
05421
02399
03090
08150
08288
02506
05485
02238
07550
07859
04778
01113
02202
04671
02143
06433
01609
00329
00442
07446
07743
07343
04219
02297
04044
02048
08180
07586
05278
02140
02613
05124
06282
04019
00768
06206
03526
05646
07422
05407
02967
07961
06628
07987
06968
08306
00821
01921
07567
00211
08601
01814
08063
08602
03428
00989
00472
00646
04577
00737
01479
05954
04766
07471
07678
07198
04857
06956
03824
04482
05220
05627
04830
07963
00113
06021
04075
05361
04014
03162
05286
05547
06089
04455
01873
06155
02196
01085
06556
04369
00488
07798
03057
00803
06019
05749
03360
05763
05576
06473
00816
01921
06574
07189
00093
00097
02642
04238
01876
03297
07964
01870
04352
05484
08197
08277
08215
05249
03262
05943
03570
07475
08600
04396
02278
02958
00039
08668
05644
00440
03073
05192
01988
01676
07394
06783
06506
07279
03622
07830
08422
07661
04944
00878
07607
01873
05925
05658
04362
00657
08396
00541
02697
07410
08461
03139
05590
00624
05984
00802
01926
03688
08049
05349
01401
00986
08619
06863
04999
01937
01614
08365
02066
02137
08678
03469
08254
08652
00529
03196
06025
02814
03101
06133
06065
06284
05556
02980
00819
08465
04640
03949
05019
01103
04512
01692
04494
07127
05796
00638
02891
00979
02257
04112
03539
04991
00914
06164
05145
03520
08098
00950
05890
01649
03772
04752
03782
06716
05144
06186
05807
01120
07133
00001
00761
05100
00060
03666
04316
06377
07211
01820
03519
03026
01468
07118
05935
00036
07844
07088
03204
07569
06208
04029
00122
01954
03731
06813
01832
00425
06994
01997
05422
00513
00329
04412
05146
06049
08668
07250
04811
05421
02202
02649
05753
00876
07829
07351
00920
03243
07055
00423
04135
02243
02082
02211
03668
05224
00768
00795
07556
08569
07081
00449
04810
07269
07209
08148
08269
05197
02641
05385
02518
00918
04954
02624
05591
04998
08383
07100
00306
05645
02709
07349
08451
00385
06244
02766
00494
03851
07196
02477
04316
00003
01033
03367
04012
00748
08405
05778
01654
00704
00761
03665
06594
00597
01560
02138
01575
01344
06659
03731
05955
06525
02553
04240
04206
06901
00631
00002
06089
03500
07415
00176
07262
03991
03283
01130
05383
00689
08297
05262
03837
05098
00223
06732
06875
05533
07310
02419
05787
01903
07732
07914
01128
08229
08270
02262
03646
02882
05382
04921
05760
07463
07505
08260
00377
03313
07023
07514
01513
00793
05661
05488
05691
01851
06540
08221
02864
02280
02913
05175
04718
05305
03999
06741
08532
02101
08653
05096
03906
05624
06057
04705
03477
01351
01114
07969
03369
01040
08611
02003
01115
07447
04593
02471
01006
08183
08111
03609
06746
04846
03541
08101
00476
01387
05518
07518
01001
06474
01719
03170
04326
05879
03965
03189
05661
00633
06474
08670
07654
01670
04093
05874
02453
02631
06497
03384
04792
00474
01797
04910
01372
05676
05093
07043
00210
05858
08460
07319
00676
07095
02246
06103
00062
03639
01678
08489
07595
06300
04061
08576
05669
02290
04917
01394
08138
01443
05800
08267
00068
08512
08449
05098
04404
02517
05851
06251
02314
05000
01042
08436
06437
08693
00003
05565
02631
06488
05550
02510
03596
07769
06203
06375
04044
06080
04946
07360
06627
05984
01536
03144
08198
04537
00163
03645
02131
05614
04538
00378
05666
00047
03403
01343
02003
02960
02550
07638
03779
02819
06891
00291
03232
06971
08303
02739
08433
00560
04852
04738
02071
06965
02239
06035
04218
04541
05476
00849
05188
02559
07669
06479
03481
06793
07424
00486
04555
02463
00839
07759
08004
00346
07981
00704
03442
02679
02335
00547
02483
06874
03532
04746
02132
05127
08419
04239
07780
02700
00944
04592
01785
04331
01038
08480
05363
03568
06188
02400
02536
01306
05569
07356
03229
01234
04215
02638
01591
04720
02485
01981
04730
08610
08645
05287
00235
03837
03954
03829
01812
06711
06805
04161
06699
00255
03695
00391
07552
08402
03431
00073
03739
07043
04554
07816
03546
00687
03989
04811
06011
01475
02574
00831
06502
05564
00156
08070
08003
07593
03445
08589
04151
00168
05581
03421
07746
01134
00741
08177
01688
00157
02994
03190
00300
02747
04701
06197
05767
07481
04788
08353
07589
06007
04738
04734
01604
04444
05320
02346
03818
02147
04052
03267
08600
00688
00316
00238
02877
05248
00364
06698
01415
05436
07892
01550
07387
08236
03825
08261
00676
02673
07051
06544
08002
04985
07810
05665
01490
04059
03085
05871
08117
08404
00235
05554
05907
04987
00232
02610
06037
03747
07980
03241
04890
03274
08053
00437
01559
03554
05212
04925
04202
00253
08519
01670
01918
03597
07692
08166
01278
04443
04296
02889
00019
06527
05638
00540
02960
01934
03304
03201
07973
04636
04573
07515
06352
04361
03734
04367
02301
02052
00336
00872
04127
06018
01594
03809
03728
02930
08005
02371
00763
08685
06636
07229
02469
01765
02209
04747
00059
03019
03637
04521
08422
02222
05687
04597
01085
02016
05483
05013
04520
01475
08282
03160
01489
05288
06883
06304
00485
03708
06096
03473
02453
03481
01750
06689
06891
03902
07775
00531
04704
03311
02849
02568
01500
08638
02818
07444
06389
07126
03679
00970
07265
02718
08398
07923
07515
00196
05344
00536
03193
08556
03307
01148
07208
05483
08497
06484
00289
02313
04714
07018
03460
08611
00928
07073
06407
06443
02858
08055
06300
03629
08494
04262
04760
02414
04608
04598
04869
06224
02281
05684
08691
05450
01009
08543
02424
01088
00077
07955
04154
07795
06300
03950
06842
00037
03237
04640
02634
03303
00390
06393
01110
03636
05560
07422
05804
02739
03740
04305
07016
06154
02146
05572
07696
01897
05205
03796
01933
02506
03443
07932
06938
02875
08427
02533
03658
03039
07132
00250
04398
04366
01084
07597
01452
05587
01206
08613
06754
05371
05458
07403
00090
05872
00368
03160
02588
07174
03085
00661
05272
04190
02082
03078
04115
06053
04197
02277
03904
03415
01102
06810
04734
01361
05742
04688
05421
06922
04176
02575
03394
00117
07194
02285
02121
02384
07795
06429
01834
07924
00211
04723
08624
05129
04139
06137
03067
07859
04019
02634
08592
00815
06246
01804
01535
06455
07198
06138
02060
06737
06581
08676
08468
05607
04951
07620
02967
03192
01586
04905
08391
03208
00192
08301
06601
06297
04361
02742
08607
05178
05397
08414
07234
06653
08480
02413
04521
07109
07014
03770
08339
02060
07405
07421
02035
05389
07403
06709
07666
08414
02833
08167
03927
06733
06652
06601
05575
04384
01820
05443
02878
06684
01271
01351
03123
05547
04309
01620
00563
02235
05027
02770
05402
03707
07353
04521
04123
07448
05852
07023
00537
05888
00460
05300
03613
05924
02479
02065
03494
02420
07121
04811
01585
02417
04281
06370
05445
07279
01877
05473
04426
06384
05161
06080
04091
02218
08072
08628
05242
06140
00952
00577
05785
05652
03640
03702
07546
06476
00121
02206
00478
04491
00979
05511
03704
01989
01563
02119
07366
03171
04966
04308
03502
06412
08064
01721
01051
05613
01790
00967
07110
06580
06221
00822
02636
02117
06673
02860
03545
04194
04762
03892
00132
08279
02343
08205
05282
00438
07345
02826
04077
02534
04482
03374
01786
02768
02620
07068
03119
06332
05332
01285
06503
03689
07336
02875
01452
05206
03922
00474
07572
04017
06794
05826
06915
05966
04420
06864
04252
07387
00826
01830
03726
08287
01661
03149
01391
01548
08596
06567
06766
00847
02869
05614
07523
01082
06117
04676
00431
06153
06123
03085
00669
04586
00269
07570
05530
00403
06262
01460
06642
02130
00076
04640
06969
01356
00426
05976
01581
02387
08606
03728
04004
06350
00826
01242
04780
03687
08168
07184
07551
07005
00520
06427
06136
02188
08002
03698
02480
07033
06210
05185
08107
07807
05597
01924
02123
06920
07165
01892
08320
08510
07753
08356
02533
01321
05382
01474
05498
08538
06389
04121
05827
07478
02871
06478
00662
03744
07403
00971
02630
04950
05719
06180
01296
00899
08607
06006
00166
05855
03067
06967
00483
01308
05196
04063
01001
02372
02685
00841
08591
07540
05628
01233
08119
06736
08025
04498
03859
05226
05686
04581
00997
07649
08022
05548
05449
00774
04644
06361
01844
08077
07459
00788
05818
04810
08152
02404
02900
02363
07696
07627
01789
07495
06657
07669
08268
00810
06284
06214
05335
03465
00005
08299
03497
06449
01110
06426
01817
01515
04001
00815
06404
05874
04066
03403
06487
08691
08262
00797
01187
04711
02599
03837
02752
04767
05187
04716
02620
00194
08011
06386
05773
01245
01830
04118
05463
02192
08608
04492
07877
07210
04106
01390
08090
00433
01727
06217
03051
05488
05636
02540
06741
07794
04904
03209
08509
05008
02412
06700
07169
06523
01651
07474
05113
07487
05402
06238
07910
07085
03207
06088
05120
01764
02143
06299
04678
02272
03362
04037
02085
02868
03975
05178
00673
03721
04109
03789
02976
04448
07938
01795
05757
05897
07127
02790
05625
02907
01245
04091
05394
02620
04507
02565
02264
03061
07884
02241
04213
05662
06668
01131
05583
05780
02831
02183
05201
01997
07186
00165
01441
02422
03839
05898
03542
06664
08655
02495
07243
06916
08591
07973
04667
06761
08197
01800
05903
06324
01097
02362
07277
01435
00056
05375
00506
01428
08016
03346
07017
01480
04906
06815
01731
06672
03745
01577
06399
05012
03796
03180
03980
07267
04932
01147
04593
03327
02108
00288
06493
03210
07510
06780
03080
02003
07767
06818
07654
01163
02610
06009
01051
08067
08585
00305
00315
02082
01629
07556
02813
03725
08510
05542
05611
03171
06808
00170
03249
01468
05012
00245
02359
01446
06210
05652
00265
07266
01472
06943
03582
03409
05592
02274
04964
00743
00828
06459
05421
02693
03595
07142
05746
02287
00995
01699
04697
01661
00686
04286
02869
04323
02722
02011
02437
07025
02559
03962
07140
00217
00171
02874
01011
03055
02488
01497
02705
07666
00110
05475
02068
02697
04931
05440
08208
07098
05905
07109
03762
03836
00688
04379
02019
08620
07754
03283
07895
05354
00467
01921
04881
00026
00113
06508
00605
05421
07092
05260
06653
01842
08099
02967
06325
03809
08421
06406
05829
07755
06028
03051
03457
00089
03436
06213
01178
02171
04178
04912
00336
05706
02699
02267
05856
05510
02549
06428
07211
08394
07290
07978
00092
02641
08128
05894
05371
07725
03649
05628
02699
03076
04831
00182
05599
03839
05360
03623
06038
04496
00348
02638
06329
02948
06200
07962
02313
03149
03644
03126
04514
08250
00320
03986
07006
07277
08205
07780
05895
08402
01387
05561
07617
03646
06814
00545
05076
07367
00622
07790
05923
02696
06812
06325
08381
04361
08080
05087
03605
08139
04037
00790
02885
06694
02591
01157
07403
04541
06545
07702
08301
01620
04702
04739
06731
07469
07934
04016
03580
07421
06743
03778
03905
07001
03837
03298
01921
08376
06676
07402
03819
06408
06580
08081
07233
06862
02712
07894
02568
02980
06688
01887
04077
04778
05476
00772
06526
07913
08154
03743
03430
06787
06415
03279
01069
03284
08087
01460
08329
06770
06192
06126
04935
06257
02466
00718
06010
01765
05701
02231
02391
07428
02210
00467
03294
03521
03007
05545
02816
07743
02767
06911
04234
00552
02298
00152
01246
02681
01863
04279
00701
08379
04336
03960
01613
06612
06386
06117
01936
03940
08267
01466
00830
06388
07564
01190
03473
00836
00956
08137
02659
02869
04540
06083
00418
00802
07160
06558
02911
00328
05072
02908
01616
00934
04399
04812
07681
07018
05241
00231
01194
08342
00825
02436
03940
00019
06234
02109
02601
05140
02064
07342
07106
05204
01133
03879
04188
04309
07757
07577
04562
03365
00987
08102
03023
02315
06795
07718
02423
03880
06450
01199
06209
01692
03277
01469
02537
05931
07746
04439
03891
02492
02097
07562
05041
00433
00787
00307
03308
07402
06833
06789
02574
04601
03023
05285
04177
01219
05967
03426
00404
07580
06645
06589
05028
00765
02230
01605
02641
08159
04523
05532
03751
03581
04104
07714
07952
00618
04497
05580
05212
02025
05647
00870
05920
01050
06648
01573
00571
06390
01518
08303
06251
02280
07847
05609
00876
04886
00279
07219
05789
00471
08022
01209
08200
05158
05953
04042
05327
00349
07431
01761
01969
03377
02097
01567
03402
03465
05683
04723
00301
07831
02562
01634
02480
01470
00936
07200
05301
01759
01578
04165
07083
00746
02209
02633
07991
00184
02811
03293
06155
03364
08510
02874
07662
04795
04205
00637
01658
07115
08655
05250
01990
08367
00993
04679
01603
00920
00142
07353
07055
00518
03269
07401
07513
04830
04004
08520
06524
03407
08204
04565
02874
06709
05726
02984
00993
07670
05141
08300
01771
07538
06409
03574
07027
05437
07668
07506
02364
01356
01379
03616
02017
08562
08466
05435
00506
07078
08117
00590
01382
00234
03047
00204
05702
03126
03202
00130
06407
01295
03319
03272
04900
05444
04124
05536
00308
01450
00023
00958
03427
06760
00127
02813
02347
04329
05127
01693
04054
05746
02291
00540
06390
01617
05871
08071
06358
07085
02166
00440
02152
05509
04808
05100
03524
04259
04628
07279
05416
02705
07398
07753
02909
03646
06373
04561
07487
08595
02989
08505
04469
05354
02615
00609
02896
08325
01430
02725
00090
05132
01914
00650
08595
00665
03008
04089
03352
02148
05630
02415
02044
03335
01737
04825
08364
04788
04305
04139
04875
07397
08548
04037
06567
00474
06195
04373
03004
04554
02682
03268
01378
02937
00419
06497
06945
07394
06815
06575
01349
06240
02189
08152
06676
04811
00796
06531
08350
02537
06344
00716
02080
01271
00648
05342
02477
06946
02111
07237
05445
00247
06005
06238
04834
00115
06637
06912
01754
01453
00653
03934
04876
01274
08394
07595
08519
06566
02747
07754
01314
02196
05049
05778
03393
01824
02553
05167
06829
03170
05866
03644
07703
03560
01401
02032
02511
06125
03715
03159
07737
06297
03602
08198
06887
03109
05856
06627
06054
00795
04617
04404
00044
03335
05464
04759
05679
08473
06643
07555
07121
07574
00824
07126
04812
05366
06435
06842
00272
03025
00453
02555
01135
08419
01201
07946
04012
07503
03696
07048
08473
08055
03484
07771
08156
07237
00506
04078
04794
00361
04293
05457
04808
06967
02246
01251
06022
05453
02183
05939
07069
08478
02400
00983
00771
03578
07616
04671
03734
04634
02780
07255
01991
05649
06654
07568
01735
01769
00767
01824
00361
04145
00709
03170
04582
07199
02211
00936
01641
05396
05845
08185
05842
05616
08551
01303
05678
08411
07466
04297
08389
03672
05231
02675
06349
02918
00293
03551
03103
00321
03786
00352
02461
01212
00821
03490
05755
00779
05879
01196
05270
06580
00169
01390
01843
06131
05906
06691
05136
02754
01958
03880
03882
04784
03062
08584
03939
05902
00051
03299
03070
00708
05623
08626
03582
01302
08071
04776
06100
01179
02507
04799
05997
08060
04858
08459
02012
02938
01906
04584
05253
06298
02501
08227
01763
00414
01608
06086
07904
03568
01029
05041
06687
03354
04138
04762
04683
04189
01245
04610
04339
00963
05234
07038
03066
04253
08170
02672
07381
02087
00734
07349
06160
05795
01572
00028
05986
05681
03006
07882
02789
00016
07995
04038
04034
01683
04448
04789
06525
00791
02420
06322
01194
07140
02985
02075
02744
03362
00487
02044
01047
08593
00103
03514
02782
04399
04241
00757
05250
01491
01830
05487
03302
07428
01481
03195
03579
03855
03973
06398
06444
08544
02908
02525
04320
02040
00287
07156
05340
00424
00335
00148
04705
08016
06748
00564
07486
05171
05577
01551
06539
04251
06803
01441
03066
08313
03207
01919
02799
00734
07507
00697
02063
03469
02989
01639
02165
00492
00509
07525
04910
02395
06660
02992
03791
06404
02805
00853
00649
01809
06140
00549
02049
01265
03466
01228
06650
03849
00949
01465
02224
03416
04449
06734
02203
06541
03563
01739
02661
03085
03918
06244
07001
04398
07911
03264
03873
03289
02167
08235
02259
02769
01078
07653
06860
00581
00258
03225
05529
00248
02211
05888
01920
06053
00432
01850
04840
00701
01942
07406
02536
07345
08430
05139
01646
04033
07841
06688
06019
02195
02142
06058
01871
01662
02234
06101
05688
02207
06848
04015
02529
01041
04784
01205
06666
00957
05882
03552
01209
00417
05745
06128
00567
00266
05874
07130
03052
05181
03740
02695
00358
08106
07652
07624
07818
07161
04222
01478
08638
01947
05462
06939
02840
03589
02202
06696
03122
02464
02463
01932
02739
02256
02194
01609
07632
07034
03665
07051
08077
02462
07465
01154
07404
08538
02903
06763
01764
03557
00864
06724
03837
00189
07531
07791
02986
08531
08647
05304
06560
06442
00353
05351
03669
02882
01160
01389
06681
06263
03743
07448
02246
07311
03279
02925
07043
02512
06071
02483
05561
07299
03090
01470
03461
01561
07625
01117
05640
05536
02284
07042
06520
00391
03831
06300
03008
04128
00562
05671
06945
04115
08549
03620
06326
07796
00648
05248
00526
06054
07063
02114
06496
00314
01006
01305
02214
02019
00108
05364
02706
06751
04522
05355
08134
04927
05142
04799
03928
01946
08125
06201
01148
07944
05235
00635
03423
06598
08195
05235
05373
08237
02251
01098
00005
06267
04018
04033
01468
00015
02732
02565
01696
02725
08171
03956
00223
00399
08328
05920
01149
06015
06414
07241
02983
02224
03015
01386
00590
03137
06952
01685
05876
04689
02688
02114
05626
01770
05976
02282
08427
07213
05446
04775
08177
04286
03248
07904
05114
06845
08361
05284
03206
06604
07199
00787
04976
06741
06928
03884
07474
08616
03042
05495
06927
00746
03629
00446
02137
01990
02273
07104
00008
03197
00954
07110
01102
06809
02985
01594
03035
03802
07180
02590
00956
00012
07397
05797
07969
06530
03011
01025
03393
00012
08346
06557
08691
06789
00639
03491
06330
01951
01529
05714
02769
06403
08378
04934
05074
03978
02262
07665
00918
06866
00661
08326
04014
06436
08236
02413
02284
07610
01738
03457
02324
07920
01485
08482
02842
03256
01721
06008
08443
07058
05796
06738
05276
07167
02973
05580
02394
03942
07598
00510
05331
05078
06016
03749
04246
05507
07300
01560
01363
02735
02292
02269
00182
05857
08061
02340
06170
03996
00859
03013
05922
04562
04386
02230
05616
01426
04108
01526
06518
01049
08147
01629
05746
08028
02642
03601
07265
06910
05140
07826
06193
05480
02978
07020
00973
03018
02959
04797
01014
05750
06698
01954
05171
01573
02398
03262
06237
01298
06825
04179
01233
07342
06208
01781
06540
05990
07431
02509
04858
07408
00378
04531
01386
03093
03827
02698
08662
02888
01539
05682
05150
06408
06489
02888
01700
02376
05470
04484
08199
05416
00236
06128
08320
03089
02608
02300
04812
08462
02590
03290
08455
02862
08109
02710
00279
03785
06552
02876
07428
00006
04109
02555
06843
01576
00992
07534
01219
05189
00885
03090
08439
07077
05191
00479
06943
08051
06728
08492
01286
07938
04879
03714
02673
01463
05820
04309
05158
04490
03320
00933
06860
07845
00585
03887
01491
01240
02292
01496
06992
00988
04550
07673
08644
07263
02285
03463
04170
07344
01549
03046
02358
04644
08251
06020
03411
03332
01893
03266
04361
07851
02799
07073
07694
03124
00679
07824
01304
05638
05237
00283
02888
00384
06930
00537
00961
02967
07823
01988
05968
04955
02821
00238
08148
03502
07005
07484
06374
02108
03758
03425
02759
04888
01526
00688
02889
00352
04262
05324
03868
08060
01842
04014
01875
01686
03950
01322
01948
01238
07047
01767
03505
01537
00209
05295
07392
07702
07197
03386
07142
06852
07620
06488
02116
06937
01361
06971
03574
02761
02424
07552
08633
02224
04039
03733
01513
02733
05112
05716
04156
03238
04057
00454
06239
04189
06497
05942
07083
01862
07172
03991
07402
07720
06259
02877
07884
08422
01702
05209
08241
05286
05659
07191
02694
02636
06816
04385
01353
04290
06621
04618
03809
05417
07239
05716
08428
07316
07873
08219
04551
06640
08138
01322
02160
05367
02743
02213
03347
00651
03035
06618
07177
00827
03681
03971
06608
03302
08366
00156
02140
01596
02577
00233
03524
01949
04408
00862
05896
03925
08417
03578
06458
04630
02565
07395
01885
05026
00352
02384
04034
00028
04460
02195
08411
03794
08016
04198
06085
00037
03717
08200
07846
02236
08128
05125
07571
02584
02225
07658
00249
