09002
07300
07544
05794
07223
07833
06412
04758
02928
05510
07453
08675
07888
07410
09044
02920
07011
07633
08670
02198
06584
01951
01494
08075
06622
05929
06595
02444
05985
01414
03438
05482
02681
08171
01362
07735
05072
06195
05039
01091
08510
08245
04141
01255
04715
01551
07578
08378
05944
04537
09361
02681
01226
08028
07991
04713
06044
04402
06731
06265
00767
03591
02025
02355
07737
06492
06834
01521
05000
06212
06308
01956
05769
04392
08866
06767
04698
00221
04048
06874
00863
03869
03749
02307
05413
07587
04836
06326
06417
06896
01217
04893
08020
00746
05221
09211
00390
01020
04558
05915
08099
07833
01983
01542
02950
08730
06503
05472
07089
05247
03816
04612
03662
06658
02854
05246
08477
07167
09105
09278
07683
03831
05825
09205
00259
04012
02374
03639
00780
01919
04049
03960
06526
07197
06995
03588
08481
09168
02592
06071
06197
08170
01574
01291
03344
01900
03064
05383
06383
02996
05250
09172
01141
06421
01848
07123
05169
00528
05215
00314
04702
02377
08344
05486
08388
06700
06717
06539
05631
03038
00601
03366
07313
08112
09184
06475
04105
08358
01815
08306
06951
05734
00394
02781
08898
00164
00825
06124
02984
07715
07126
06377
09154
07253
04981
01648
08970
07755
01400
00134
09169
04336
02462
06227
03305
06503
09296
09049
05668
06262
03192
01516
02960
08234
08054
01188
08383
08922
00040
03669
07631
08775
04596
08520
06962
06872
02158
02498
05955
05029
08161
08274
07558
05162
05340
02864
03354
00643
05338
02465
03847
07638
07029
04895
01182
02019
08193
08493
01673
00376
02793
02240
08775
00090
07072
08994
08284
05774
00013
09232
01339
05558
07196
08506
03865
08967
08157
00771
01480
04086
01644
06862
07412
07147
04452
04744
08285
05798
02152
01189
01298
02941
05784
00459
08678
09015
08340
00259
04594
04867
08696
05950
05383
00514
02588
06011
06862
04028
06319
08550
07078
01006
00375
00941
04568
07360
01160
08892
03435
01229
05167
09056
00607
01932
04737
05425
05024
08979
02237
09176
00577
05299
03850
06472
04554
03342
05582
01401
04624
05973
00549
07127
06992
06462
05410
05001
00311
00883
05189
08741
04401
04534
03305
04369
05964
09120
04273
08517
03888
04457
04614
00060
02269
00577
00183
08546
02817
06381
06566
05255
06829
09118
08147
09352
02890
08827
06559
02895
02925
03758
02071
06465
03213
06612
03899
08181
01461
00054
08418
07877
06890
09101
08428
08229
06154
07138
02164
07008
05359
04787
09375
07233
04215
06178
06733
08559
04945
00247
07203
08034
00662
07438
08195
03242
04034
09331
02249
06056
01134
06418
09186
05347
05787
05531
04923
05380
08708
06138
04243
03758
00464
09317
06630
01324
07755
02534
03071
04751
03601
07104
07962
05911
09078
03127
04483
01966
08069
00952
01006
07748
06882
08752
00716
05853
03286
07832
09238
04655
03599
08293
03706
04920
01665
05814
01559
07164
06134
04406
05038
07771
02189
04458
00071
04681
08585
06533
04677
07912
02801
01806
02695
02768
04823
04155
05244
02926
01416
01383
06074
07114
04375
06318
05499
09314
08262
01922
07773
05348
05218
06406
01509
00953
05401
04727
06511
06509
00803
03451
02108
02379
06698
08761
09056
01190
06736
03664
06798
03122
07859
09020
01571
06536
01624
02739
04380
00624
09145
05133
00389
08209
07860
00682
05191
01652
01202
09277
09029
09023
06951
08558
04756
03941
02021
06510
01780
05202
08672
04459
03551
03348
04342
00827
04644
03702
00413
04390
06968
08830
06104
01172
08331
01478
03240
06989
00442
00416
08643
03775
02015
06626
08731
04682
09097
03152
04477
06704
07560
08361
05884
04080
08713
01114
01995
02241
08850
02183
09396
03796
07028
02920
06839
01962
09186
07440
01761
04228
08354
06440
09072
03314
06318
04730
09377
00323
02399
04138
03791
08803
02384
08567
04473
08738
03178
02399
00302
05217
06177
08576
00607
04728
08234
00979
03289
09331
02847
01994
02933
01427
00889
08794
06294
01448
05881
06788
00535
03428
03995
07726
03518
07107
02863
05647
07505
04543
05901
08799
09187
08232
07796
08740
01819
09192
02920
08801
01986
04052
08758
04569
09015
04006
02452
00145
03824
04991
08002
00948
04127
05195
05007
03560
01471
00885
08714
05333
01753
08097
09142
01830
07239
04240
06176
08776
08044
04806
04024
00039
06015
07199
05338
05896
01458
03936
03120
08649
07699
01851
04862
04109
01710
05074
06209
02123
09092
04612
04812
04166
03501
02989
01641
03720
06862
00967
04449
06615
04038
03255
08968
04121
07499
07978
00960
01228
06684
05039
01544
00446
05066
09334
07792
06099
04624
05917
07516
05117
03188
02836
08587
05558
07073
07230
04299
08801
07418
02200
04114
09086
00605
00718
04795
08492
06898
07649
02171
01736
03127
07053
02344
01012
05249
01638
07101
06099
03369
03330
06436
01769
08313
03513
03425
08992
08481
02746
08542
03541
00514
08584
01064
04360
03301
06345
02453
06690
04769
07406
04105
00025
02224
02614
03780
05271
02485
06974
04185
06049
04133
02235
02949
09187
02151
06624
01338
01257
01488
00171
05152
03680
07695
08081
01167
06466
05946
00498
03443
08401
06355
01639
01476
08291
08731
03168
05712
08667
02274
02034
00608
05736
06448
04278
01868
00399
04522
00636
08371
00836
00652
00086
05876
05302
07063
08169
03818
03824
02280
03686
07751
01371
02077
06384
07792
02449
01828
05549
02337
01236
09074
03615
05357
03477
02197
05925
09259
01385
09319
06778
01888
03686
03071
01063
05782
02763
03494
04516
07342
04613
02018
08321
00015
08973
05098
08091
05730
05855
03039
00123
02321
02398
08139
09152
00676
05587
06538
07756
04336
00597
05609
03044
05933
05546
04175
03649
02378
06299
06566
05364
04374
00605
03614
07863
06990
02884
04959
07894
01790
01042
00560
04652
05054
03493
07513
01673
02419
02919
04945
00753
03302
00415
02397
03312
01477
02909
01502
00874
03612
05898
04462
07775
08032
00773
07870
01595
00288
03330
06023
02012
00648
09246
06939
04908
03147
06294
04007
01527
05380
01364
04160
00222
01233
08795
00622
08393
04901
03114
00481
01820
05968
08908
03751
05728
03870
05377
02704
05074
01097
04437
03542
06977
00795
00702
02972
02865
04100
06395
05449
00708
06643
01767
05905
03080
01093
05261
02985
01684
06344
00950
01557
00692
09371
06934
09223
08308
02324
01220
00446
00680
01965
07576
00289
07706
00444
07583
08302
04181
05773
02209
02356
05870
02870
03532
04265
00563
04703
03673
07001
07972
08203
02444
06500
01181
04472
05242
04946
02861
06399
05827
08477
01817
06432
03158
05051
07250
02238
06260
07967
08269
05922
05916
06419
00385
09191
06030
07628
04395
00273
05203
01034
07229
06490
02081
02179
03981
00643
04157
02603
05049
05779
07153
05617
02425
03567
08397
08649
02829
03246
01745
03817
06205
07040
08713
02427
01327
06195
00217
01294
03435
01321
04984
01569
08315
08145
06993
02253
00310
06408
07651
03038
06404
00132
05403
08214
08507
04413
07648
02110
07607
01416
06412
03738
07129
01145
05346
00703
03886
05269
02762
09387
01192
04874
06802
06785
05403
00147
05855
03744
02181
02435
04329
03056
02592
03909
07244
00992
07692
05766
02370
04926
04253
02896
06294
07572
04620
07211
01364
05267
04857
08330
08397
06647
08798
02664
00686
05599
05135
07549
03559
07711
00262
08648
01057
01636
01723
03067
07721
06883
04080
04174
02881
05014
02466
03177
04174
01004
00227
06905
05380
07316
07349
07278
02653
08622
04225
05615
00576
08694
07350
04946
01054
01805
00901
08868
06296
03262
02624
07689
00909
06034
04419
01241
07520
08937
07666
05559
02093
04158
00674
03591
03580
06541
00709
01860
07694
05771
06981
04619
00637
06170
00809
08119
02896
07400
05189
00522
04171
05299
09099
06780
00285
02739
06056
01363
07747
03620
07442
07472
04938
05486
07101
05098
06146
00443
04653
02937
08325
00556
04421
08800
09311
09088
01246
04672
07568
02378
04139
08718
03188
04494
03617
02912
04380
02296
02484
02841
07710
05842
07405
05774
00367
08384
04360
02716
00496
03552
01729
03936
03486
00307
00190
06771
08203
01115
06272
06368
07179
03649
04395
00252
07153
07476
00077
07048
03783
02591
03955
02973
08764
07639
02959
07518
06808
03447
01030
08107
00964
04843
00926
05119
05796
06934
08956
04231
04070
09384
01315
08804
07060
06519
01505
03624
04324
00080
03043
06610
00154
00610
01633
01573
07075
01232
04372
01683
00594
07601
03228
04801
00256
00438
07270
07640
07468
09191
08899
00144
00130
00850
06236
03296
07744
05161
06888
01286
00971
07558
03880
01471
05824
05422
03682
04020
06846
07152
06017
01026
05617
07313
06358
01180
07946
08077
05416
08599
01561
04099
05334
03730
00877
06301
08341
03399
03410
03827
07462
01307
03473
04035
05087
04950
02445
06943
06169
02326
06281
06516
06161
01799
02976
03994
00896
00799
02900
04412
05117
08313
08136
06486
08987
04009
06825
04534
02813
06734
04831
05289
01653
08505
01713
01339
06340
04281
03350
01378
08171
05496
09256
08775
00272
03037
00395
03378
03909
02423
00940
03177
01659
04810
07172
07900
05948
04929
08596
08264
02053
06505
00618
08151
02922
08558
07177
05416
05435
06676
02047
09120
03652
06396
02391
05277
07683
04017
00727
02531
04426
04078
01125
00925
05965
07198
04090
05713
03693
06399
06248
05352
00907
04123
03944
00184
01832
03581
07732
01049
02433
04525
01267
09264
02856
01824
03226
00299
02069
02127
05272
02698
02627
02649
05090
02894
07991
06912
06397
02465
01380
08478
07539
08689
09162
00009
08220
04322
06821
01530
06461
07727
07017
02326
03814
07101
09170
02727
05246
01940
00922
06506
00105
07627
04380
01853
00297
08143
02478
09333
09130
04095
05243
03897
01679
03575
04606
03367
00515
01688
04771
04113
01490
05640
02735
02660
02118
07219
05776
01333
00653
00389
05654
06711
06103
02330
05521
09101
01421
00757
07132
04480
03077
04465
07487
00390
00978
03759
05875
02944
00160
06325
05327
03095
07214
06879
06167
01850
05460
04973
03916
01566
05004
00049
07838
01394
04677
06971
00709
08189
02938
06483
01248
07479
08985
05218
04772
09329
05479
02677
02806
05377
03552
07566
09372
07206
06661
05689
02734
04957
02190
04825
07418
01790
03687
04189
04733
01486
06304
09394
07477
04329
06115
01133
02571
03251
05706
09317
00134
08236
08425
00795
04970
03102
07791
01512
07600
07972
00514
04241
08599
01857
02248
01113
01920
02777
04802
09203
06895
03080
07379
03266
01373
03509
00766
06160
04315
05235
08133
04999
04617
07860
02678
07719
01828
06418
01272
04773
00677
02980
00563
06412
07854
08969
05269
00602
08912
02852
06097
08946
00961
00148
03659
00937
04081
06190
00318
04359
09139
05025
05366
04781
03536
05766
00217
03237
00710
00762
00559
00746
01824
05746
03115
00877
01576
06954
00866
07000
03768
09322
04113
02019
02189
01805
02755
06082
01932
07775
00911
09047
07655
08986
00064
02433
02232
08029
07422
09088
06910
06874
03313
01355
02981
02978
00838
08496
01856
08712
06819
00712
06346
02918
07700
01349
09217
02064
06112
03024
02956
00587
08501
03795
09195
08897
04783
08176
02533
09221
02216
03660
05255
03589
04690
05548
04088
08480
02768
03250
09322
05014
01659
05052
03946
09094
03431
03145
03857
09384
04693
06960
05019
07608
00068
04008
01732
03107
07217
01374
00698
01970
04773
04270
03702
06712
05461
08393
08244
05305
01493
06582
06474
08561
06358
07160
07174
09062
07231
04469
08327
06019
02623
07727
00254
03305
02584
06712
01445
05836
01535
06158
04109
04888
02432
07273
08254
01575
00151
01605
02495
06560
07193
00505
01917
07548
04009
09162
07840
04688
06670
00132
08473
03146
02033
06351
02912
08155
08189
06474
03459
05872
00111
07750
01808
04060
04637
05193
08539
07373
06179
04734
05139
01249
03872
09070
05342
01149
01959
04181
04909
01553
07610
06179
02963
07004
02568
07733
05527
06280
04375
01775
08248
02378
03581
02713
06976
09184
08488
08651
07977
05271
09294
09142
01916
02719
02934
07537
00225
02045
05997
06261
05609
08294
02453
04485
04679
02851
07488
07749
01141
00790
00178
01046
00114
04534
02180
02242
09009
07018
09245
01091
08205
03568
08699
07659
07872
06449
00615
08631
05467
00291
06071
03069
08376
05466
00789
04719
08979
00796
01324
08715
00791
06639
05970
07216
02004
04890
07193
07303
06926
08133
05368
02171
07138
07205
05063
01463
04329
00680
07992
04907
08183
00369
02224
07683
02245
00393
00444
00364
09066
04995
00865
04042
01968
00985
00788
01707
04235
03216
07056
06954
09253
03589
03797
04810
00580
06490
06837
06431
00868
08601
05251
00642
09065
00316
00573
05633
02405
01783
03736
09328
08256
05963
03850
07768
02766
01815
02266
01626
05090
04293
07219
05145
04248
02774
07616
01617
06191
02227
08802
06447
04045
03633
09357
00479
01477
08520
03177
05396
09340
06736
07371
06544
01874
07457
06419
07880
05531
08461
01697
09098
03269
06364
01785
08574
03228
05460
01669
01006
08688
02139
08866
04996
09320
08939
07042
08718
03968
03256
02120
08448
05062
08169
00411
03055
00747
08376
04481
08301
06124
07808
03981
00566
04320
05482
01836
05422
06092
09172
04697
02236
00994
06015
02592
07207
01521
08611
03727
00052
06573
01209
03480
00449
09111
02012
01219
09305
08503
07085
09256
07293
01349
07218
06291
03555
05976
06107
04944
03725
08526
04416
07086
00480
03953
02498
05440
03903
03283
06621
04246
02268
08136
02246
05746
08499
06338
07503
04574
08955
09298
07292
05707
00994
05146
01561
08501
04780
02512
00594
02578
06287
07068
00190
06777
05621
09114
01137
04127
08967
06611
06349
06108
03899
05022
08548
04244
06426
07836
02645
04234
05361
00129
09208
04247
04089
05686
03408
00152
05549
02860
00796
01126
02136
07795
07537
05302
06936
03936
07992
04249
07931
03309
06279
08478
04108
08938
03911
05258
01698
05881
06186
03138
02918
08127
01126
07127
07118
02998
06867
06017
06875
07912
00949
04479
02955
07887
09133
00865
07444
04671
06690
03129
04142
01252
07520
08454
04900
06752
04651
02640
02463
02869
08290
00490
07422
07544
02754
07808
08453
01934
08406
06618
00409
08905
03680
01977
08030
01891
03623
08503
08501
06364
05245
00923
02734
04718
09291
08505
03885
00780
06027
01728
05948
08323
02329
01549
03253
08113
04424
01302
01722
06570
02805
03104
06716
00250
07330
05265
03836
07876
08241
06906
08808
05177
04178
04356
04141
02101
06835
01796
01358
05507
00732
06217
01127
00992
08660
02473
02760
00453
01627
03652
01905
00902
06292
02248
08391
00615
07566
02011
05872
08695
05273
08151
03408
08684
05648
00160
04193
03902
05502
00297
06776
09224
03625
07613
06250
03232
01654
00617
03235
08200
04055
07190
06470
07317
05520
01580
06182
08429
07314
03930
04687
08958
07057
02051
02610
03393
05777
01386
07428
00284
06296
00910
04770
09263
05247
06200
04418
00103
02739
08769
07833
06582
06762
01329
00685
05268
08460
07458
03662
04839
03592
02275
01822
06445
08431
06216
02289
05378
00249
02447
06635
08573
01411
09269
08581
01141
04490
08007
00228
06065
04247
00165
04518
04116
08054
05472
09161
05671
00052
03509
01634
02753
01716
07545
06127
04026
07502
09084
01170
03501
08646
06098
05642
02259
06116
01564
02655
03692
05573
04198
01722
08945
04694
07369
03231
05653
08528
07664
07936
01554
03668
07264
03407
08983
05483
02385
05815
02487
08787
01457
01583
06133
05202
06616
02605
09043
00432
03870
08195
07634
04541
08104
03761
00748
06932
03145
07455
01445
00899
01565
01084
07024
04224
00833
06640
06558
07657
07366
05674
01105
08008
01661
09063
00878
01057
05028
06688
03497
06658
05414
03014
01147
03110
00161
07421
06326
02101
04889
06874
00113
00588
03218
01658
07798
04164
00187
08129
06505
05514
05165
06988
05716
03507
02762
04403
06333
05873
08955
01478
02001
02646
09306
04027
01193
06995
05222
08249
03099
07918
01405
05077
03028
04271
09316
06814
06697
02997
05601
05927
05396
06825
01465
00120
02563
08574
00758
06273
02453
01540
05136
01877
06414
01872
08437
01967
05962
00233
03963
05435
03262
02442
02593
07587
08842
04551
09094
03820
06146
00334
08865
00885
04108
04499
06159
05276
07060
08551
00764
03573
06610
04814
07816
04287
05805
09140
08746
07845
03937
01876
02331
08710
02492
01821
02729
02305
05751
00009
02596
09000
04952
04794
01086
07224
02500
03564
03163
04403
01977
01377
06735
05858
01201
06085
03687
02546
03226
04159
06327
00241
05203
03536
09147
04261
02425
07603
08649
00922
04448
08401
07236
02742
01765
07727
05852
04515
06704
00759
09048
00832
01447
03776
07997
07764
01901
03707
08464
02160
09297
03187
07527
02680
08323
06960
05758
07806
08537
02200
04686
06946
06984
01642
02167
04522
05494
01073
03870
07594
07292
01569
08634
00553
03930
03793
00873
03624
06818
06652
03975
08575
05118
00446
02430
01997
06645
03896
00377
08331
00224
00992
05666
01598
01203
01457
04252
03176
06095
00394
05842
08194
07189
07053
04382
07736
04509
00694
02550
01609
06732
06846
09113
05489
04516
04107
09320
01836
01485
07846
07991
01537
02841
04256
05386
01673
07782
05777
08700
02420
08700
09119
01907
09054
06022
02592
01216
00586
00701
07741
00546
08507
07152
03267
05850
00523
04456
00654
04649
06778
01552
01043
00549
08629
01953
08019
01922
07112
01971
08648
05590
07609
00393
09037
06141
07243
02123
04462
05179
04435
08982
02929
01696
00267
09201
08359
07837
05681
02686
06715
01477
08171
06769
07390
06710
04593
05396
08741
06911
06558
00752
07000
06420
03012
02553
06407
01468
04620
06905
04922
03843
03479
03988
08581
05740
07388
03003
02343
02406
05135
04194
06158
01048
05818
03572
05409
04879
07466
03022
02730
00747
08800
02457
08541
00034
09034
02665
03217
03924
03502
03290
01050
02726
00194
01179
00616
09202
08163
05426
01431
02595
04096
06407
07220
08918
07531
05581
05897
05011
04852
05027
08726
05892
06569
00088
05428
08693
06605
01037
04111
06929
01267
06628
03463
02421
03496
08526
07875
04701
03491
05315
04251
06733
03786
06906
00944
07211
08602
07849
03306
05087
08186
07766
00621
00156
04965
04163
07737
07704
00218
01176
01429
05023
05018
02251
03168
03550
02493
06114
03075
02307
07521
09017
06782
07306
06592
05463
03197
06795
04612
07355
06071
03615
07770
02844
08244
01064
08833
03750
03512
02752
02237
08248
08287
08802
01388
03170
07927
06749
05621
05923
03765
03679
09168
07161
06229
08486
00973
02466
07865
01938
03421
00343
08765
01206
03719
06545
02645
01205
00024
03971
00628
01737
09346
02815
00538
01070
00744
07116
04193
02653
07363
08605
09140
02149
03076
01837
01419
03509
09119
08399
08248
02812
01264
06482
08344
07968
04412
00473
07678
04029
07502
04928
08994
08814
05965
08874
00769
03639
00535
04024
05545
05755
02021
02164
00155
06897
05434
09363
01406
03153
02688
00417
06444
01893
02497
05207
00283
04442
04791
08551
04794
03966
08000
04112
03669
00299
00618
05573
05384
09001
05847
06191
05812
08555
00261
09171
02456
02959
04197
08358
06504
00905
08549
01637
01306
02161
04372
05042
03443
04176
03450
06136
08877
08970
07546
00999
08779
03014
06277
08419
07867
02241
07851
02799
03798
01599
04904
03471
07871
08923
04217
05547
05109
05263
03970
03655
02655
00284
05054
01943
08883
03365
01658
01016
08139
08999
07654
04730
02757
05696
04121
02433
06126
02577
08440
01763
02170
05750
06466
04052
01826
07874
06315
05845
04858
00943
06843
06739
08478
03867
07155
04819
00048
05078
04931
08891
04673
06400
01995
07972
00794
04959
05356
05115
03085
00038
05985
07623
07333
05490
00056
09278
00415
08118
02623
05240
03899
08862
05116
05044
00139
05968
05086
04649
06950
06886
03561
00588
02737
06448
03754
04225
04924
02615
07944
07733
06941
05764
01363
02176
08499
02223
02548
06496
07448
04900
01016
03976
07515
06239
00553
07655
01218
07448
01851
07101
06585
07146
03848
08105
06921
09045
06049
07301
02008
05939
06226
00571
03112
07768
02705
08105
01775
05754
02618
02215
03395
08168
05058
02642
02056
07607
03358
07864
05567
05520
01183
04852
07748
09069
00220
04980
01740
05946
04668
05341
06353
03152
07575
08776
00380
01332
03879
08390
00782
05895
04128
01095
07923
00206
00801
03872
07915
02042
01271
06147
04990
05138
08245
07216
06604
07452
01273
06258
06446
01171
03605
07572
01428
04201
07929
06298
07900
06038
09378
01219
02180
09281
01001
04364
07412
07931
07074
06609
02939
00867
08839
06148
02836
03251
00641
05128
06988
06898
08851
05366
03979
00027
03163
06342
04637
07691
03253
02507
08452
09096
09093
00781
08348
03348
08073
01298
03074
06009
04705
00678
03506
06918
00596
06814
08228
02072
08640
00069
05001
06188
05869
02198
04744
03440
00391
07592
03200
04233
01151
02551
07929
08327
03861
05503
04051
04317
08995
02820
09106
03877
02361
04149
05493
05785
00072
06966
02449
07819
04757
02061
04631
09101
08157
07500
07903
07565
01231
05261
08520
01088
04427
09260
00349
01856
00373
07782
01725
01848
03677
07871
05678
00036
02878
05865
06575
05845
00216
06944
03809
00482
07101
08147
03170
02994
05589
08013
07862
00918
06255
09233
03209
06420
07420
08820
06366
04317
08713
00500
02685
03288
02801
06855
06124
01256
07164
02326
08997
05608
05945
08928
08832
06207
03763
01291
01013
00503
00019
03989
04880
04855
01665
03456
03385
09392
05784
04660
01846
04964
05830
08991
05408
03258
01292
03136
03759
04894
02728
01441
03035
06630
06453
07226
08304
04752
00652
08873
06700
01319
01513
04919
01937
07700
00036
08959
08578
04944
02522
05296
00651
08680
00207
00338
00353
08113
03866
00773
08595
06227
06758
09180
04980
00730
07297
08649
04606
02607
04994
04138
08333
08158
04692
08937
05517
04129
05593
04593
07768
04545
07989
04444
01576
07668
07681
08410
05430
03866
06831
03659
06796
06953
01185
06734
01765
06009
03705
06402
06463
01946
05044
00449
01450
00617
09120
06901
08280
08442
03334
03106
07385
07023
09102
00843
03745
04174
07863
03953
05472
06256
00095
02446
01767
00798
06685
01808
01002
02638
09296
07217
08462
00892
04900
02938
05056
00140
04889
06152
00639
05963
00391
04671
09271
03981
04490
03235
06083
00328
04749
04261
05958
04992
05910
00610
07790
01093
02807
00272
06926
03662
08380
01673
08295
04696
08534
01882
04578
07130
02259
05822
06644
02816
00439
04163
06726
02839
02667
03526
06216
06256
04888
08138
07922
08262
00256
02179
00351
05569
03762
02657
07294
08381
01256
04744
02118
06804
08038
01140
06317
01656
05401
03498
03421
06717
02842
06818
02500
06507
08670
06632
03870
02225
07339
00554
01289
05932
04849
01676
05397
02208
00074
07887
04486
08430
04511
07424
07087
02835
00169
00292
02781
06369
07041
07097
01549
08710
07285
08680
05427
05634
03271
01919
02080
08015
00835
08891
07327
09185
06316
00386
08644
00108
08428
01982
06665
08045
04471
07062
02863
04017
08258
00151
03653
04145
09046
05639
00056
03215
06467
06514
05455
02706
00538
07821
09002
00645
03683
02584
08375
07687
07471
06497
07720
09027
05027
06027
03996
08991
04562
04494
09192
05369
00142
03679
01954
08510
02475
04384
02858
06268
08808
04387
09166
00783
09019
00064
03160
05801
04719
04837
04654
03202
07324
08133
06549
03120
04292
04569
08315
04847
05213
03531
05192
06985
01280
02474
08584
04825
06821
03968
01056
07066
01073
07295
03242
06668
07757
06593
08406
00478
09372
03959
09239
08887
01081
04105
06072
05302
02730
08485
01049
00722
06365
06139
07186
05644
03709
04044
00506
06209
02905
06762
00628
00011
00617
06419
01815
00558
04998
09087
00041
05376
07397
05457
06423
03962
02872
06627
04611
08635
05097
03313
06963
09084
00052
01024
06578
02390
00488
09335
05869
06119
07273
02763
06588
00964
02845
03457
07787
04713
07856
06813
04099
07315
03087
05495
07578
06542
02046
04989
06732
06850
01478
00427
07133
05896
01655
04319
01628
07035
07413
03329
05549
05322
01050
03111
06675
00241
03384
02759
08943
03519
08201
06046
01426
07883
02461
03782
03924
05776
09359
05532
07574
06119
03493
04158
02050
03195
02666
08611
02524
08871
03889
00421
03509
04076
01432
06602
07117
00927
02823
03785
04074
07975
07883
04719
02681
08724
07212
03153
07400
04347
00047
00699
07693
03358
09192
01055
07959
06304
02936
04938
02191
00030
00919
02224
07122
04041
02535
03968
07638
06304
04781
02393
08622
01363
07675
07164
07692
03610
03694
07092
07458
00987
04810
05448
06134
07675
02781
06561
04775
05644
04335
03910
00416
07228
00740
01901
01136
03614
06851
03644
04906
01138
03870
03477
05736
08479
02782
01528
02072
05729
00170
02803
07952
09302
05036
03941
07491
02906
02008
04512
02487
04042
08682
03708
06546
00309
07227
08680
00122
03438
09047
08419
00814
02663
08951
03673
01812
09384
05782
02601
06231
03589
09337
05947
01028
07197
05528
02343
02170
09231
01452
05960
05027
02511
06436
08104
02651
03141
01320
05637
08829
03278
06865
08065
05028
06605
09275
05359
01517
07186
02096
04801
05078
04858
00026
07255
04147
08839
03404
05657
08773
03350
08877
07462
01839
06406
03835
01213
00119
02896
00680
04929
06900
02882
00131
01945
04314
07726
04126
03493
03640
06152
09008
08373
07138
05388
04870
04651
04544
02549
05642
02305
06234
06971
01320
01749
05710
08388
09361
06665
08112
02994
06190
06022
00836
00853
01507
02761
05003
05512
03549
07622
03984
05142
03697
04817
05222
06287
09147
02587
08992
06878
06320
07097
04204
00618
06800
06169
09397
06204
03875
05598
04899
06712
05639
03234
03353
02556
08291
08827
02563
00461
09116
01886
09010
00193
02513
03640
08518
08432
06604
02204
07655
04084
01024
04654
03399
04143
07874
01582
01127
08747
08325
06489
00565
05524
06390
06777
04319
01042
05688
09068
03231
02571
07741
06466
04018
04709
01923
01624
00070
08273
02430
06849
06104
07371
03375
07620
08464
02966
07945
01609
05730
01268
08555
05901
02625
06555
00279
07638
01369
01395
09303
01720
05977
06588
01942
02029
00164
01997
01010
03947
05347
06615
01188
01911
04672
01648
08161
00415
03017
03419
07233
09173
07647
02268
01321
05456
07227
08361
02215
03901
03084
00909
02450
01034
00551
03294
05675
07915
02099
07126
08532
02733
05031
04926
00579
04120
07219
01982
01290
03290
07928
08554
01647
03430
00229
00447
08131
03180
07663
02523
04489
00922
07923
04881
04878
09088
04947
02268
00271
05200
08804
08619
03131
06996
04760
08899
09374
01034
03828
02778
04854
05411
04800
04071
07542
06817
00358
02128
02349
07838
03017
01059
00898
08753
02724
01686
03958
08612
03403
06761
02926
02489
04522
00673
01460
00651
09377
03712
07665
02840
04472
00864
02097
01508
02981
04567
00267
08921
05255
05747
07027
01266
03717
04374
06133
04487
08256
00509
08816
01851
08882
03275
05861
06665
00082
08011
09299
01005
05342
05562
01449
00639
02819
06731
02967
06001
08459
06716
08585
02570
04259
03357
06496
04172
04664
01209
05807
05327
02206
03381
07279
06712
02461
01133
04191
08884
09064
07758
03556
04039
01955
03046
02329
08385
02232
07951
07907
02176
07678
01419
05260
00553
04551
08698
05994
00055
03189
01974
02179
03646
00400
05704
02198
08841
05926
02163
04521
00263
07407
05357
00851
07460
06676
00254
06630
03732
08836
00986
04939
00203
08899
06360
06953
08648
01343
03845
02939
00656
02927
01843
03349
05654
01699
00770
00811
02120
01466
04329
00046
08525
03716
04757
03364
08370
06077
07272
02811
00924
00563
04973
00473
01559
04940
02768
01907
05885
07862
03211
02848
06443
02908
00378
00394
08869
07466
02704
07800
08722
03374
03555
03186
01114
08403
04474
03995
03499
06523
00782
08316
05611
09304
01310
01571
07168
00583
06317
02351
02628
02753
06775
06054
01548
02824
03425
04445
02951
02130
05973
05571
03019
01141
00620
05522
00018
07376
04863
08179
07380
02529
08390
07486
01079
04128
07217
05339
06922
02383
02565
03104
08671
01924
00973
04207
05150
02917
02658
07738
05158
01215
07118
06310
06934
03211
05786
00297
04586
04230
04568
07258
03177
04635
08290
02356
07139
00614
03785
02358
06960
01160
02082
03674
03972
01954
03115
07888
07375
04688
02979
06214
05704
04989
05471
01158
09385
05092
01488
05604
04781
00257
07962
04954
02230
02965
03552
04411
05596
01528
04667
09264
08520
04934
00010
08330
06238
06457
06946
06045
07025
03926
04407
05236
05264
08111
09227
04327
09230
02404
03874
04310
08767
00783
05713
00913
04847
00163
03459
09230
06469
08848
00794
07597
07812
04701
08775
00699
00153
07450
07065
05145
05816
02210
05905
02265
02738
09361
07214
07621
06586
01200
05140
04580
02277
03562
05768
00289
01039
00889
07510
06089
08986
02634
01491
05809
04553
05098
01879
01354
03818
04980
01962
06810
04730
00880
00631
09048
08227
04457
09061
01708
04384
07418
00730
04984
08514
04790
01939
07455
05931
05108
02175
00945
05439
01579
01370
02496
07682
01200
07188
08674
01860
07193
05073
08291
04537
06828
07084
04910
08078
02105
01308
02936
01398
06504
01881
02257
09002
00257
03447
06551
03975
05399
06153
01241
03616
01647
05553
02629
05484
03483
05148
07327
03611
02181
08555
09303
05699
01274
06403
06366
01935
05493
07230
05220
09270
02181
07611
03136
03249
03173
06424
00205
01430
03429
07800
01486
04282
00082
04311
07462
00988
02487
06306
04246
09236
01069
03667
02500
07394
04039
01314
05932
07442
02115
08496
05102
09189
04109
04021
00443
03412
00070
06649
06901
05310
05220
07463
06995
09384
00903
05086
05390
00076
00904
06201
06122
04386
07005
09142
04676
08674
07261
03908
08461
07636
08445
09277
05984
03191
04325
05347
08286
00182
09122
00567
07611
01681
03936
02412
02932
06183
08555
06610
06184
08480
02346
07919
06280
08169
06577
06440
07892
01641
04618
08437
02468
01272
08767
04618
07048
09000
08247
07913
08740
04675
07507
02549
06979
04188
02227
08586
05982
09377
09009
06112
02129
08078
05386
00415
09139
02461
02900
06116
06177
03193
02785
02529
02397
08211
03895
04586
03440
09179
06328
08076
08345
00784
05237
07552
03416
02426
06274
01101
03092
04420
09398
04540
05086
05112
02666
03580
00544
03707
07403
06854
03117
02463
06198
02620
07757
06711
01711
03034
07597
07301
08061
03686
01034
01727
02005
05795
04056
03697
02762
06665
07699
06372
06878
01097
02201
08435
09128
01460
06578
07590
01978
01011
07469
08263
06757
00569
00416
05066
07563
02605
01819
02650
03329
00396
06242
02630
03135
04739
07301
03955
07734
00338
00950
05499
03869
07348
00847
04475
04735
06394
00813
03962
03116
05351
09189
08317
00474
02582
03201
05255
06233
02688
00254
09358
01488
04915
08877
05201
09127
05404
02501
01925
02778
07172
07386
01367
06390
08208
08716
02756
07891
03058
08022
07716
01734
08517
02168
03060
06778
07510
09068
04187
05651
00975
01786
03476
05798
07517
02672
06058
06296
08465
03018
01347
08210
09339
04258
02763
05974
03729
02027
08449
06496
00736
00384
00110
04516
03994
05516
04874
00352
05013
02525
03656
04789
08861
08299
09162
05072
07911
05767
01695
07351
02894
05857
02953
01626
05635
00154
03315
02896
07173
03602
06791
07539
08592
06671
07782
01841
08817
02228
08481
09327
05960
00417
00348
08396
07542
06076
03674
02464
07198
04756
02476
05712
07752
02806
04986
06694
02568
06415
02508
00369
05101
03004
04522
02334
03622
00848
02568
05602
02935
00211
07485
08173
05329
01324
01747
04428
01871
05931
03665
04620
07188
06469
03651
01782
00234
03877
08819
08979
05134
03148
03529
06597
00328
06028
06382
01695
01350
02967
02054
03738
02183
06343
05916
07422
06237
06361
04895
04593
00004
02435
08346
01423
05167
06270
07842
01654
04633
07258
01232
04404
02225
06445
01262
08007
06335
07432
07598
07153
08012
09230
07462
07358
03086
08930
07816
05500
07200
03852
04966
01054
00240
02207
06787
07892
07017
04042
00172
03163
02897
00825
00261
00845
02157
09143
03976
03996
03497
07938
00064
05112
02572
05043
04219
01746
09231
06417
06886
00764
05342
03849
00379
08264
01335
03404
00742
05442
08736
02717
04213
05738
04493
06453
03653
04250
00711
00085
01585
05520
01064
04704
05510
01136
06346
02338
04842
05538
06031
07576
00026
05707
08699
04429
01819
06731
04174
02303
08624
00530
08462
06340
08738
00023
00922
01596
03646
06959
06617
01828
02927
06238
03408
06796
01781
01749
03394
02374
05718
01689
06298
00451
06432
01236
08068
08980
00664
08370
05281
07946
04981
08129
02945
07786
03942
02630
02507
08609
00634
03192
06208
01599
09062
07147
06838
02579
01736
06100
02168
05979
04067
00916
02242
03302
01227
07539
07699
08969
01616
05458
04851
02722
05736
05620
07876
07652
08605
01650
03157
06087
01782
07882
00880
07995
05368
07579
01309
06689
00269
02680
03184
06806
00573
07878
05022
01525
07121
05132
04997
02800
08087
06998
02945
05467
09383
00422
06258
01709
08643
00479
03563
01771
06373
03631
07558
09187
07979
01081
06610
09378
02646
00676
01799
02682
00289
01068
07680
07388
02236
04835
08190
01702
02767
06155
04478
09193
08732
00651
09145
08929
05581
03819
00434
00585
07733
06109
04268
08723
00619
07362
05001
02018
01208
04478
02015
00524
08609
05514
07436
07351
04769
00708
03931
03614
02486
05293
03655
08047
02371
00687
04516
05029
06222
08448
02285
07006
08264
00487
04023
03872
05554
06178
03469
07228
06799
06298
00277
05639
02828
04483
04096
08577
05915
00612
00006
05684
07591
08071
07007
00691
06522
07798
02015
04556
07154
01051
05545
02124
00843
09145
05260
00061
01174
04716
02987
04958
04710
08154
07813
03911
07195
02693
06685
07200
03280
07598
00325
05173
05894
04279
06531
04952
08372
06868
07326
00139
08022
06671
05009
02720
07578
06119
06389
07535
01874
08533
07742
01435
02499
00539
06508
05401
01420
02569
08641
08774
02002
01653
00218
08940
09176
09286
07015
03969
00732
00566
08268
05101
01757
08041
05642
01493
03536
05238
01456
06233
00154
08145
01666
08974
06208
02074
07516
08840
00082
02030
06536
07624
05174
08239
06875
00606
02784
02707
06677
07236
01743
01374
07231
04134
08019
08613
04999
05353
05819
01184
03447
06831
00651
00307
04148
03356
04330
01050
02378
08745
05369
01598
06149
01650
09111
04624
03282
05254
01386
06736
06092
06451
01137
08282
07314
01155
07252
02918
00837
04615
09317
05835
03320
05734
07159
06152
09120
05970
06268
04967
06547
03663
05782
06445
05821
04305
03963
05866
04245
08873
04987
00866
00222
07067
03205
06853
02169
04559
03693
06497
00296
07698
05971
04714
03677
00449
04845
08924
06545
00450
02332
04109
02985
07150
01771
00177
00171
07431
08300
00290
01118
01930
04230
06556
04247
03936
03441
06923
05296
09015
07329
02090
07267
00088
05688
06185
04212
00029
05950
09162
00084
04361
00244
08264
06386
03019
05583
07068
03276
02496
03111
04309
01371
03781
01519
03235
04036
09270
05695
01889
05083
04294
02452
01797
07442
05707
01834
06868
05400
01893
07240
06135
08796
04715
09313
05276
04976
03281
02691
08675
00283
08162
02496
07550
09367
05559
03938
07827
04377
02225
07644
02289
05158
01048
02971
07165
09034
08584
01427
04864
05452
02461
09334
02718
05190
07716
04831
06038
03929
02901
01389
02081
04909
09056
07715
05457
04757
06011
07220
02583
00249
04173
03611
04065
02637
04530
06281
04078
02079
01236
02200
05079
01086
01226
04636
06684
01686
06919
05897
03984
02295
02394
07512
09267
03197
02678
02331
03826
05851
05709
02872
06036
05041
05438
03842
02443
06972
06399
00658
03686
06436
04313
06629
06567
08137
07679
02855
06829
05335
04394
00485
08416
06888
01293
00424
06413
00408
00615
06557
09237
06564
04106
07306
02798
05484
05567
05795
08589
09311
03572
07386
06470
04886
07532
06661
07875
05289
04081
07457
00301
08621
06016
08013
04009
08351
01448
01737
02186
02994
02393
08997
05183
04068
03566
02470
06400
07454
08470
08019
05515
02539
00772
02630
04573
08488
01097
09318
04951
07017
03475
01521
00735
07389
02356
04750
09383
05863
01610
00392
03407
00086
09374
02303
05802
02278
09131
07385
05503
07813
04989
00814
09223
07546
04348
06321
06293
05895
05891
00210
01559
07823
06465
05568
08632
07170
01196
00020
07287
08942
00228
06464
04743
02952
03043
06959
03140
03104
09143
08678
08759
05746
01594
04976
03318
07577
03471
07007
02091
01822
00664
00654
05599
07998
03024
09308
04035
01385
04594
00002
07539
08775
08805
04902
06784
07621
01404
03184
06232
06773
04774
02081
07211
08708
02799
07308
01325
05500
03577
09005
05739
03666
06635
00117
01948
00322
08555
08600
09213
00990
01131
01965
00857
02998
05590
02212
06100
04465
07310
08479
06954
09321
00003
02975
07368
00365
05321
02687
05382
06808
07303
07221
02800
08782
06047
03813
03592
04591
07207
04816
06730
02756
00603
00361
01868
02158
00941
06104
01535
08167
00275
07568
00102
00904
02234
00979
01074
08369
04188
08093
04623
01735
03412
05869
00175
00671
07138
03768
02481
03241
00279
09248
05934
03032
00894
06842
00664
03877
01997
09118
01366
01443
02967
08503
03824
04838
00544
03969
01012
00717
07148
05274
05883
02422
07300
08417
01308
01760
04950
03139
08994
03436
06128
01653
01972
00349
06240
01900
04009
01878
01875
07000
00613
05979
01112
05959
08653
01447
09360
02517
04755
03660
01885
08993
01374
02386
05876
03963
08866
02350
00072
05962
07391
04148
05829
08930
08025
07055
09085
08866
01811
06285
05754
05492
00256
03848
08905
02821
08736
08191
06783
03812
04035
01211
00083
06368
04005
00429
02839
02809
07198
02557
01716
04889
01956
00525
05858
00156
08728
06692
08425
02786
04914
02038
03991
07741
02106
06784
05966
02253
07740
01962
05744
09161
01655
08054
01738
00913
00858
03268
08690
05863
07787
05616
06871
05667
03422
01691
04820
06293
05150
02701
04576
01261
09299
01101
03213
03887
02944
00231
03290
08523
00591
03844
01687
06864
00964
08648
08117
03809
02059
02956
07792
03511
03647
01987
03683
03749
08871
03058
08174
06507
08015
05777
02013
08514
03401
08270
01224
03863
09238
03144
07794
01067
08973
05361
01049
04278
02717
01189
01290
01243
00467
08895
03374
04407
03219
00427
09388
03147
01485
04414
05236
01553
01422
06385
03758
00412
02952
07861
04773
01984
02303
02584
06955
03976
08744
04221
05817
02334
04776
06802
03931
08149
03598
08123
01519
03610
03246
01932
03160
05073
07955
04291
01075
03028
05680
04700
03285
08718
04668
01782
00063
09278
05432
04051
07943
04455
05589
09253
00476
01924
03007
08203
00694
07913
02968
07235
03399
07236
04002
01633
00794
05802
04253
01366
03102
07935
04017
03692
07655
01917
08273
06365
07626
03629
00348
04755
01251
02012
08081
06043
00037
01564
03494
01243
09333
03468
03973
02114
08947
01970
00420
04407
08269
04460
01271
06305
03410
06270
04860
00477
07488
05789
07123
04510
04195
06810
03424
07903
08619
07267
07975
04572
06456
07443
05466
04807
06965
01818
04882
03862
04926
06991
07543
08817
05959
01905
08838
03321
08658
08773
03310
07092
01317
04978
02455
03093
02526
03200
01984
04833
01803
07335
09003
00084
04586
03796
04927
07522
02650
09294
08625
03529
00437
00143
00889
07987
00850
06326
03540
03338
05411
09337
08699
06004
02096
03607
06639
06943
06941
05123
03367
04141
01935
02349
00313
08160
07511
08795
09361
01889
05456
08397
09152
07497
06467
04934
02795
03059
03268
04270
03959
05369
09016
06789
05974
09114
02485
00777
08161
07974
03703
05264
03019
05968
00435
06481
07069
07986
04313
07093
07339
05439
06787
00155
04610
08225
08084
06385
09164
02618
04663
06007
00450
03184
09189
03293
07012
00594
05282
02228
06304
06447
01117
08290
08005
02390
08010
07767
02923
06367
00798
01117
06746
04473
03551
05836
00459
02021
02413
01331
08998
07663
01640
02675
06097
00164
05791
02509
04337
02695
02074
01676
02056
07030
03365
00917
08908
06898
07058
04091
08552
06036
04818
08719
01313
08850
04639
00972
04567
05696
04265
01848
06422
08444
03179
02591
05320
00890
04353
00418
00792
02022
06505
07253
03934
01128
01507
05078
00954
06120
07845
06440
04383
03451
05512
04871
05309
04839
08553
01774
09018
09048
07509
03933
07119
02837
02460
03399
07139
01044
01152
07319
08102
09314
04810
05986
01708
09079
04137
00975
08780
00246
04665
09203
04619
06458
08812
03682
03706
04795
00327
06376
04721
08752
04412
07877
00134
01151
00903
07166
01598
00384
00479
04488
05151
07431
00851
05480
00912
06368
05886
00654
02461
00069
02744
07976
08506
04619
04955
08795
05347
04763
03063
08220
07711
04460
00858
03684
03135
09349
01168
02962
03654
05296
01514
07210
05686
07867
07078
08131
08052
02096
03131
04287
03346
01555
04743
04355
00552
02516
06696
05750
02878
06346
03395
02743
02023
00648
00580
03358
07213
03076
00546
05669
09158
06746
02494
08352
07792
08751
02296
08895
02086
05817
06718
08396
08247
04372
06106
07343
02231
00679
01199
01112
00140
00613
06088
05692
05455
00008
08637
02240
06237
07336
03531
03596
01170
09248
01070
03798
07857
06137
08453
06295
00817
04041
08571
02491
01175
06331
06397
05698
06204
04178
03581
07019
02276
06408
09106
01224
00531
00304
06450
03261
00475
03276
04965
03354
08902
03816
05783
00896
01532
02381
08129
05568
02362
06906
07669
07767
00103
03061
07940
03830
02364
02679
00501
01669
05200
02606
00045
05720
00973
01572
00406
05097
06138
09180
01094
00509
06758
03869
08412
05363
06550
00391
09256
06166
04563
08450
05976
03356
01659
01181
03387
06416
05842
03396
08492
06490
08076
08779
00069
02006
04474
04168
00525
03953
01599
00253
07864
05071
03790
08138
07793
01530
04442
08737
04182
02949
07233
09259
02968
08807
01198
00720
05166
03731
06506
03628
05821
06716
04766
06837
09294
07638
00727
07080
06900
05776
07910
03539
02584
02629
06955
08885
05523
00225
09342
03970
03519
02905
08673
00179
05970
06427
02061
00650
07673
03373
05696
04498
06829
09073
01016
03741
07468
00974
06751
03736
00246
01210
04666
06401
03754
00811
05583
00481
08413
02045
01355
07652
08583
04445
03566
05188
06994
01524
08956
02110
06711
08592
07472
07396
05223
00860
01695
04905
06962
07672
07766
04204
00528
00731
06304
05756
07986
02444
00464
07393
01692
07169
05824
01155
06113
02310
01532
04628
00835
07327
07774
08376
05326
06561
00351
01389
06879
03042
08398
00493
09054
03033
02632
03312
00381
07072
02404
09111
04340
02150
05529
02027
04155
00865
04127
06756
01555
08696
06023
04270
08417
00671
07488
03253
00536
07116
00383
00073
07266
04334
03610
08220
05866
00213
07337
05648
06281
01972
02025
07159
08764
04771
01294
00618
01670
07089
06205
05802
01239
02559
01940
04213
00393
08024
02678
03944
05754
06364
07238
09316
04259
03052
05535
02507
05052
09063
05077
06345
03801
08467
03492
03183
06750
02584
01228
07954
04810
04974
05061
05994
08147
05871
01949
03583
07806
03158
00891
06822
04352
05134
06719
04546
09231
01264
00576
00309
01094
08221
01353
07869
06305
04274
00121
02548
04125
07369
04749
08087
01810
04195
00125
05568
05777
01163
06848
03407
02092
08070
06628
05387
02886
00431
08950
03094
04353
01231
00602
00991
03733
02409
00208
03609
06643
01491
07683
01921
06935
00441
05615
00805
05851
00204
09206
07087
08318
01472
08111
08841
08000
01651
00461
06810
03536
07888
08727
07374
01789
08724
01233
02388
06365
01280
07534
06186
07933
07892
08831
02771
00550
02885
02485
01568
02704
06030
00063
01516
01958
01922
01920
06880
02358
06841
01337
07192
00322
01520
00798
02757
06928
07219
02792
05729
06986
06446
04807
04026
04331
01161
04537
03509
03447
07129
07331
00996
09214
05435
05202
06474
08429
03004
08702
07610
08840
05261
06861
08040
05048
05978
05808
09247
00045
00872
03124
01602
05784
06470
01247
04630
08792
04349
08404
05580
01695
02345
07421
03373
07840
05346
07036
01182
03239
02852
03038
04538
00604
03945
06892
01543
08742
03849
07416
01000
08400
01776
04000
07362
08275
08717
05514
01059
01488
00723
08605
04628
09000
07697
05383
03151
08082
02300
00096
08443
06352
00908
00626
05580
00062
00867
06508
02352
06991
00514
07841
01836
05334
02078
09122
00309
06015
05104
01773
05843
05448
02802
07719
01792
09295
00868
07125
01262
02769
04607
04483
01549
05539
04977
00824
00324
06465
00087
00758
01840
03881
04001
09025
01600
03875
05254
08652
05240
02279
07264
01194
05372
02147
07771
00855
02372
05864
04839
08956
05750
05832
04517
02577
06154
05646
07495
00498
04590
01649
03391
02577
04858
08054
02137
03308
00366
01650
05789
08530
06463
04777
08516
06119
08072
05742
07132
05081
03453
00687
08038
03863
08235
08787
01525
01685
00684
05203
07817
05134
06422
05971
07105
03463
03875
08308
03960
04132
03491
01327
03238
00249
02501
06927
01934
03119
09389
07740
02640
03977
04423
06272
09037
06722
04777
09303
06168
01156
00039
05888
00516
07175
08176
00562
01976
00149
00086
06181
07112
06030
07403
02951
03229
06573
00814
06335
08684
00318
02413
01217
06771
07010
04845
00782
05136
00985
01044
04327
08756
07474
09136
06407
02365
07010
02600
05467
03217
02190
07976
01486
07950
08007
04106
03933
06526
06746
08240
00819
02200
08552
05278
01570
02490
04769
08499
05975
02090
07696
08697
07160
08156
09074
06114
02173
08869
06233
02586
05761
01095
06496
07812
00451
00005
00370
06452
02821
08190
04587
08908
06272
02886
06954
06034
00770
06520
04169
03767
07781
01648
02859
07274
01565
02748
05329
02658
01286
02795
04129
04235
08104
05870
02532
05399
00176
07579
06707
02486
05220
06352
03813
05296
09218
05620
05062
02247
02293
02281
06983
06114
01774
07726
03671
04132
07643
02705
05115
05132
02270
07786
08607
06341
02357
00666
05913
00093
01673
07506
05854
00714
00461
04112
07723
07080
02853
02100
00402
06680
00560
01097
04831
03803
00260
02816
06998
03268
04037
03966
04811
00323
00737
00469
06102
04229
04339
02912
00457
03457
07010
05503
07831
07885
03261
06395
05426
00127
00213
06355
00273
07841
05055
01485
03237
08331
01708
01721
04334
02708
08903
07847
04190
05235
03195
07521
02802
05623
05262
08266
07457
02855
04686
03438
07234
04156
04903
06243
03766
02010
05870
01781
03415
05525
04133
06336
02316
02601
02506
00110
08794
06945
03918
08312
05880
04169
03304
00913
00535
07103
00699
00231
07236
03884
09275
07914
08068
02305
03167
04823
02219
07548
05787
04350
04856
05114
05390
05126
04921
00462
04754
02219
02686
01456
01677
02398
02964
05785
08595
01963
03161
02466
02566
06184
04423
07660
06979
08201
08344
06450
03690
08488
07524
02754
06738
05393
09241
03411
06998
03012
09151
07201
00592
08028
06030
00947
06817
06828
05167
07398
01906
03505
03949
04850
03402
03587
07886
06186
04068
08765
06585
00689
02851
06132
03686
07984
02845
02604
08868
01108
08002
07621
08843
09092
08496
08284
07639
01688
00149
07215
09173
01772
08991
05049
01845
04020
00011
01459
08556
07723
03920
00203
02733
00268
07215
08662
05708
01025
07058
07113
05991
01969
07590
02653
03873
04891
04726
06873
06603
08025
04981
07449
06601
05089
08216
02228
05383
04141
05854
01828
02374
05034
05100
06327
08336
04965
04689
08458
02219
03745
08603
01004
00501
02646
01829
03448
05820
04499
00742
00349
09200
02876
05646
05496
03528
00846
00999
00745
02430
06319
01742
00499
02184
08947
08748
06132
08500
01242
02726
07148
07743
00533
06597
06867
01930
08422
06515
01003
06913
06967
05907
01333
06889
08915
00715
03111
09110
03770
05041
03867
04926
06312
06887
02602
00286
07140
03428
09199
00078
09221
08161
01889
01787
02640
06556
03912
02946
00383
01140
08361
00732
05516
06171
00732
08090
06388
01281
06619
04798
01582
04938
09045
04211
03258
09158
08456
02931
05422
07224
01612
05451
02580
03934
05332
03492
04616
04565
05888
08113
07604
03981
02102
02184
07206
08240
07744
02447
06954
06411
04750
05325
01417
08534
01260
05698
03851
09038
04798
01499
08016
08876
07247
07566
00978
00194
08514
08790
07542
05185
03215
02132
06282
04794
01735
09194
01664
04127
06915
07069
04560
01621
05414
08102
02484
00369
06372
04621
03149
05788
03610
08508
07876
02156
06748
08907
06266
00896
04485
05580
03384
09375
03865
07509
04123
03182
05223
08374
07055
08980
01922
01470
03724
07436
03671
08263
02294
08655
05704
01250
05542
06059
07431
04384
06790
07100
05574
05534
00978
03972
08051
02964
06410
05650
04946
02154
01428
01789
03946
01039
08486
00948
04145
02720
03001
08355
01523
06658
04793
06299
00742
02564
09272
01767
00025
07547
07251
01519
08563
06635
01285
05955
03967
06887
01935
03702
06413
05958
03545
09092
06484
09018
02074
07921
03876
07054
04290
09399
04776
05547
03369
01803
08288
01487
07737
02517
00652
03899
08182
06283
00733
07215
00502
00961
01974
08708
09092
09366
02703
08037
08590
02518
06802
08411
05966
03919
05774
08644
06677
08835
08657
03895
05203
06626
04907
02207
05244
05184
00613
05794
04540
02458
07704
00788
04451
04536
03098
05909
08876
08800
09164
05419
02759
02279
08255
06373
07358
07148
07748
09326
06837
06307
06362
07410
04347
06251
03122
01032
04829
05437
03071
05060
08889
04977
00490
06656
00463
02175
03562
08678
06164
01982
08399
03445
04960
08780
05295
04821
01888
00987
09234
02080
03710
01668
09064
04488
01196
07875
03987
00039
00455
04887
05447
09182
02328
08980
05773
04902
01270
01319
08527
08269
02399
06005
07758
06557
03022
08776
03343
02151
07757
00720
08756
05087
08812
06050
07670
06652
01642
07655
00488
08814
06144
04923
01631
09124
01397
00967
07598
08850
01452
02998
05502
02731
05962
09329
05507
01761
09379
02160
08505
07974
03724
04638
02221
03269
00979
06039
03376
09042
01178
00873
09086
02187
01915
09004
03117
04874
01149
02430
00897
08112
03725
03359
01020
03703
08000
05871
07611
06060
02836
02815
03428
00727
00255
02387
04666
06216
00695
03145
03811
00960
04152
06814
01009
03833
01940
03166
05213
00227
01636
06341
07234
03236
01573
04471
02277
00379
00302
07113
05482
09130
01958
04378
06929
01693
09314
05929
02576
01899
05396
04076
06802
03752
07351
06098
01997
00700
08559
04822
04265
06004
04565
05272
03028
00587
05128
06881
07723
08156
02415
04739
02723
08855
04587
03524
01470
01798
05178
07301
02096
03146
04470
01243
04777
03999
08196
06448
01917
01648
07119
02415
06975
03785
00517
01331
09004
05752
04594
01578
08420
07982
06320
03003
06283
08359
06032
04673
07453
03668
07186
09203
05545
02993
04025
03586
04740
04608
05674
02342
01198
04394
03266
08085
07258
04285
04743
09369
00406
07206
07871
06077
08419
00180
00509
01612
05622
03647
02146
06094
00373
08859
06559
06215
01029
06277
08009
01686
02864
08344
02510
04399
00340
07628
02011
05085
08846
04813
07864
02800
00454
08259
04715
08662
03188
06067
01937
06394
04320
07937
03659
03198
09175
06408
02317
00789
02346
08384
04738
01066
04000
04179
07187
02326
02435
08252
02198
02698
09256
03300
08851
09050
01216
08218
03954
02826
08700
08655
04152
08136
00957
06315
03321
01437
07721
03295
08503
00601
02025
03032
02632
05154
07496
08956
05326
08369
04159
01821
06807
04713
09083
02663
02117
07773
02599
00424
05496
02092
02701
05987
08959
02964
01344
01864
05182
03968
02830
02124
07962
01143
01249
00928
04415
04995
04692
01153
03826
05890
04131
00203
03938
03549
06507
05258
06073
06427
03032
06855
05721
04721
01718
02420
01530
01512
06159
00372
06688
04339
08954
02378
01225
06539
07021
08908
01859
03897
05769
05091
04476
00695
08004
03162
03307
08995
02684
03849
03156
09185
08759
09013
07146
06204
00480
06381
05620
02617
03332
00780
01418
03232
05994
05294
05848
05112
01664
02088
02313
08478
05826
04889
06759
01786
06206
07095
06503
06990
05643
00271
05922
00659
03760
02261
08501
00850
05129
07571
01530
07843
02107
01682
01575
00894
09337
02635
04356
06556
01319
05497
05147
01936
06908
05885
05248
03072
03204
09188
08448
07810
07931
00665
08013
02693
08910
04451
00231
07533
01756
09250
06015
07170
02842
00284
07541
02598
03595
03718
01289
07721
06054
00449
04950
00619
05169
05579
01971
01341
08204
03343
02107
03676
04944
05842
09380
07267
00191
04371
00020
08660
01061
03510
08296
08274
04571
07404
04959
04166
07364
02771
01802
04644
03449
08958
00359
09146
08079
08657
04427
05101
04448
07507
01316
04287
03519
05743
07529
07697
03949
04545
03633
07288
00696
00490
03360
03263
04723
06792
04496
09322
08329
05629
03084
03354
00435
00811
01648
08625
05073
04481
06484
07924
01693
02532
06559
07232
00363
07308
05488
01770
05820
03177
02376
05263
08138
00115
06780
04917
01750
04083
08030
06220
02797
03202
06362
03317
04745
07811
02934
04821
08132
01511
00315
04477
04703
04238
00345
04146
07832
06141
01390
05828
08722
02360
05983
05509
08982
07692
01055
01120
04808
04017
05812
06563
04156
07699
09169
08554
06879
08869
02886
08769
01562
00353
02164
01086
08513
03893
04044
05417
05763
08101
03015
00209
09289
06536
08768
07773
01273
00970
00574
04707
05540
00959
03462
01448
07899
01471
06973
06349
02929
07802
03338
08330
02522
06064
00250
03178
04865
04765
09357
01602
04838
00872
05158
00951
00263
05519
06601
09059
08957
02961
08212
08892
00479
03359
04279
06409
09237
04784
03944
02290
00731
03055
06672
08611
08725
03411
08217
02548
06001
01827
04481
03000
06671
01372
00216
00728
00222
00944
01396
08732
06616
06717
05486
03717
04894
06191
05797
01418
01590
05995
03753
07076
07256
00409
03242
00960
08288
02324
09303
00417
00542
01594
07642
07224
09154
01771
06384
02809
02434
00768
08743
07763
05134
04729
09048
05387
01698
09010
06443
06141
04290
05163
02842
02633
02085
08627
07326
06334
03784
04344
02613
08070
03067
03454
07805
01821
08489
03978
06875
03566
09281
01729
02372
09220
01177
06241
05293
00123
01266
09044
03749
04785
06718
07405
03623
06492
02630
01977
06310
01840
07856
02139
02714
01901
09182
07835
00775
07011
06146
04308
02356
07019
01157
07480
05977
04180
06919
02355
05641
00391
01448
05065
01063
07783
08381
03597
04029
05648
03783
02791
01968
01899
01013
02936
05823
00019
06689
03517
00338
06975
03768
01278
04896
07204
08147
03050
00136
03126
04787
01817
07449
05804
00953
05629
07413
06869
06379
03070
02616
00626
08171
06409
07151
01026
05874
00900
02179
06828
04585
01728
08852
06532
07832
09308
00698
08293
08879
02106
05007
01199
01937
07960
00393
04870
02577
09357
08275
08303
01541
06197
02259
08191
02359
04611
03430
08649
00931
06659
05903
03500
03074
00097
03895
02751
02996
01297
09319
04746
01845
05164
07249
01762
04254
05563
08012
05432
07204
00123
03085
08080
01014
00766
06027
02777
07855
06874
06171
08133
04196
06976
02194
07046
05704
07363
00849
00779
02610
06154
02090
01286
06160
01252
00809
04308
04789
06703
02558
02568
00629
01645
04719
00132
04218
04860
08891
01821
04223
06960
03873
06689
03689
05880
00510
01256
05766
07809
02229
06508
03253
04739
00480
01383
00933
08902
00333
00712
02458
07952
01725
02689
04994
07582
01854
01024
00157
06972
02703
06351
09315
01915
08163
02850
06455
05334
05079
07997
01521
00217
02534
08671
01530
00239
03389
07815
09128
02407
02440
03450
06297
03345
04290
00686
09309
05418
02740
01487
07244
07410
07965
02483
05014
06358
06263
05619
01145
01567
08418
03328
04485
03127
07562
07464
05468
01835
05204
07796
00125
01209
06982
01927
06463
08207
08611
09389
03803
01277
02438
00253
08466
00505
07662
07325
03589
04093
03688
09248
04964
02791
05099
07687
01342
09205
06292
06689
05447
00978
03273
07776
08543
06498
08403
03266
03239
07142
01844
05600
06623
05308
08984
00719
05195
01254
04657
05440
07020
08285
00378
05934
05378
06178
03549
08724
05671
04752
08815
07504
00495
07930
03745
05808
02748
04645
00538
00752
00502
04129
03592
04116
03823
03097
07918
08056
03476
06109
00615
06066
01463
00472
02273
06177
09353
05627
05596
04108
02542
09149
07961
06713
02913
09141
01240
05336
06070
05382
05169
02892
04222
08941
00732
02470
02541
00922
06621
00165
05687
06457
06567
06934
06561
05212
06201
01235
02933
05791
00773
06755
04933
08631
01453
03311
05408
05303
01353
08500
03026
05145
00067
07786
06301
08966
03604
03432
00902
07954
08287
06369
02563
08703
07098
06863
05136
06420
05774
05234
08264
06593
08852
09293
04168
08834
04247
03862
06120
05094
07376
01120
00571
07386
05828
05559
06678
00695
03923
03175
06453
08629
08169
05657
09321
05922
02711
04738
08422
05524
02692
02906
00760
06158
08508
07030
02373
03434
08387
06531
05094
01683
09035
02936
02983
08406
06864
02438
02654
07765
09133
06975
03880
01503
05200
01895
02191
01296
06280
08972
00079
00880
05351
05646
01648
05866
00890
01242
07486
07227
08917
03673
02700
01701
07883
04984
01456
05768
08483
09172
05727
03684
03463
06211
03353
02820
08142
02514
02231
00986
04873
03543
01313
07884
02371
06098
08428
08832
00345
00669
01865
09202
06657
04580
00464
00038
07590
05467
03891
01115
06761
02020
03167
09327
01468
02641
06061
04233
05769
08851
04968
00111
06815
03624
00998
01956
04812
01163
05793
07221
08510
01723
01144
00593
08947
07769
00158
06891
00064
05679
08092
07237
09222
02842
03498
04803
07193
07940
07272
07569
07907
05121
06427
07169
09174
03587
07388
00581
08518
08676
06810
08373
06124
07719
08951
05246
04503
00996
06688
03672
02668
02622
02998
08713
02695
00163
02194
06219
02306
07527
05070
03207
07874
02141
09342
05381
01425
02444
05853
03098
05205
03257
07443
06660
00872
03663
05732
03140
07545
02743
08388
08696
01183
02198
00687
06836
03390
05378
08357
07716
06762
00312
06738
06705
01336
07237
02412
01558
00052
00766
04965
01462
06069
04487
02505
09061
01485
08797
07193
05479
04269
06953
07629
08480
04613
05033
05153
02744
03944
02444
03526
08162
02678
01569
02753
04179
03587
00300
08225
01338
05380
06487
01234
03056
05234
05154
03902
02572
05448
04470
06003
04611
02759
04067
03176
08427
05272
00260
07969
01787
01537
00148
08010
06513
01353
08943
04687
05223
08157
01319
04738
06826
00565
05994
05334
03865
05937
02076
04089
07431
01924
04422
08342
07636
05651
08259
03136
04382
08087
05067
02106
05848
03677
06526
06443
06172
09031
03566
06008
05058
07356
07433
00010
05733
06954
05082
05582
08102
02132
03643
02779
09120
07086
01066
01382
05607
05749
05997
07305
01589
00012
01930
04298
01451
02265
07503
08847
03384
08573
04866
00144
07209
04579
08839
06413
02389
02080
06325
07342
04164
02896
00531
04785
07147
00258
06044
06222
06471
00929
03179
00167
07700
01963
05757
04315
07136
08311
00418
05978
05712
06775
03447
06506
03551
04405
04676
05079
07015
04530
04933
05778
01461
05601
08743
04312
05190
07331
02560
01459
04751
03795
02555
02927
06246
04473
01192
00274
03347
04044
08404
01486
02458
09320
08633
01307
01135
00656
01476
03325
07046
09301
04495
03125
03191
03628
02923
02732
00627
03365
02748
02369
03965
01144
06113
05059
04807
02362
02966
03963
01152
00381
03824
04641
08263
07053
00460
00551
02951
04599
06772
03682
04215
02676
02599
00124
07197
06363
03836
07999
03942
07173
00075
03148
07188
00354
04616
06938
03349
01169
01533
03810
01732
08100
04922
06534
07302
05434
06876
01962
03363
02101
01831
08578
06422
07796
01833
02627
06499
03172
04077
04967
06837
08167
04097
04392
09001
04038
04948
05021
00794
07514
