02965
02394
07070
00293
01808
06766
00568
07032
03143
00486
08889
01068
08314
02872
03021
00556
05913
02438
06556
05841
05256
06613
07174
04980
07730
02476
02161
00507
07425
06014
01874
04331
06976
00900
06987
03149
01381
08344
00302
00411
08706
04939
03492
00098
08490
06522
02873
08259
08120
01814
00539
01723
02399
07329
04854
08464
01875
05401
01142
03997
03149
06160
04512
01109
02874
05182
01760
03365
08313
03919
06657
03709
02669
04557
07119
04085
04798
03106
07486
06233
06061
04190
07835
00286
04916
02649
08012
02140
04669
08360
07477
07637
08291
03023
07486
02276
08782
01975
05009
05828
08380
01677
02140
03420
05300
08223
04728
07112
03835
05061
02773
05306
05558
06044
01822
08074
04855
05629
06733
07419
07497
04090
06116
03468
00579
03923
01655
00000
04142
03486
04434
01367
00958
05568
06328
06545
06406
07308
00098
02096
05116
07611
01053
08217
03409
05971
00222
00580
00794
03792
00621
05087
03435
02577
05870
04002
08166
05079
00288
03680
05496
04922
08171
01753
01560
05384
00972
09004
06401
03790
01377
01404
05645
00059
07863
00476
04360
02863
05873
00339
06975
07115
02843
08418
07707
05323
03415
06513
03034
01400
04412
06174
02969
01292
07764
07550
02741
02783
01693
07764
07475
02225
08796
01448
00962
03374
04423
04485
00319
06113
05938
05464
02785
00826
04995
05269
02449
02754
04194
06104
00989
04494
06724
01760
02112
04089
00390
02047
04209
08599
05494
01067
04633
06839
02237
07253
07036
06343
07864
07473
08316
08767
07801
06170
05541
02900
07798
05496
01068
00324
06321
01964
05879
07528
03231
06111
04447
07406
07619
06739
04532
07852
03604
01164
00943
07169
06991
01635
06502
00155
00238
06653
03757
03911
00165
00626
03005
02330
04792
03483
06997
01472
02363
03659
03082
08379
07722
03220
02372
00053
06556
00407
03579
08499
06666
03318
03804
02624
07958
08168
04132
05138
06751
01619
04723
03652
02816
03899
00771
03367
05204
06986
06912
08223
03932
07848
04588
01055
04396
00269
07668
07752
00498
08914
08801
08476
05881
01747
05113
06491
03766
05822
02755
08107
06396
09088
06058
05130
05853
03545
02178
07117
00746
00621
01329
05919
06824
00404
06192
00723
06678
08799
06622
05802
03271
04029
08031
04887
05660
04089
08758
04358
02939
07561
03914
06252
08719
04084
05358
00737
01484
04529
00379
03538
00164
06836
05327
01381
01695
06306
00183
09048
02208
02546
05296
08063
05812
08059
03335
01435
03920
07665
06919
03793
05289
06224
05009
03866
03912
06939
06798
06209
00829
05810
00453
08690
00555
08087
08647
00982
03933
03719
07399
07954
07241
03053
00104
08248
07838
08788
02287
04041
08157
07407
08876
05292
05280
00531
02336
01252
08206
08360
02455
00966
00296
01924
02324
09062
08921
02257
07961
00537
08178
06762
00310
05484
01385
05462
08651
07799
03839
06817
04642
06269
08898
05231
08240
07911
07304
00151
02324
01440
04038
07169
06881
03345
05769
03336
02012
03762
03710
05720
06977
01582
06898
00107
00192
01531
01661
00872
07681
03338
06209
00573
00365
07770
04523
05585
03336
01843
02457
00411
05496
01291
07367
07629
02856
08013
08956
04418
05698
03218
01853
02434
06151
07601
04437
01975
06159
06326
01925
07886
03410
07400
05126
07524
03387
08905
04945
03337
00864
02159
02727
01055
07732
00420
05058
07919
04095
01730
08553
02064
06213
04825
07951
00621
01194
07650
05428
02997
04049
06742
07424
00534
03801
02081
00056
04891
06352
05873
02780
05927
00552
09055
01591
07640
06120
05544
02522
05392
00556
03144
05024
06132
08105
06364
07832
08783
03695
06222
04545
08130
08657
01607
01674
01346
02307
01393
01121
02734
02932
02319
04639
06283
03388
08623
08911
03562
01957
00003
06432
02069
00517
00239
03797
04306
04722
06102
02882
00365
00962
04771
01305
06445
09032
06925
03264
03247
07204
08148
02659
05344
03956
07143
08459
07532
06711
00195
02508
04127
07670
06212
06520
08076
05327
07355
07020
01353
05817
00372
08140
03831
01707
05415
01900
04315
00416
05967
01018
05229
03108
07423
04652
06221
02139
07849
07803
00428
06606
00543
02118
07181
03443
03428
03620
06314
00333
01661
06581
06301
03533
01646
01456
06501
05981
02049
00602
00110
03095
03822
01211
07492
01611
06660
08934
08493
02121
01592
00699
06229
00177
00544
06730
01088
01789
07343
02995
08679
03901
05215
08600
07539
05138
04660
08014
05267
03765
02097
04728
06073
01501
05357
05772
02072
07204
05077
06080
03533
03030
05661
01409
07293
08119
06588
08810
04431
06551
03712
06443
06555
05241
06163
00021
08958
07425
06209
00095
03029
01803
01871
01488
05181
07360
01438
08944
08729
03448
05169
00102
08161
05387
06715
06018
08766
03562
03265
01259
06454
07697
08696
07404
04406
05162
08624
00637
00063
01425
02882
05627
00538
06291
02300
06752
05232
08658
03366
08144
05583
05843
03584
04355
02827
03679
01247
05165
06189
00316
02094
03398
07454
04456
07275
04335
00955
05436
01026
04558
01425
02002
02166
02069
05484
06513
07542
06266
03234
07542
00428
07259
09006
08213
00026
08289
02526
00690
06665
00644
07506
09050
03071
02341
04770
05102
07996
03432
02096
05546
01126
03865
01192
05072
00446
02861
08373
00124
08067
05479
00866
03849
00746
07510
03401
00997
05031
05099
07191
06193
01076
02191
02585
06604
03920
05053
08519
01773
06996
04538
00252
00682
01906
03111
04653
03484
00366
08489
00343
01853
01186
02352
04980
05153
05009
05697
01402
02636
07280
06477
05548
06047
06625
04751
02094
03341
05362
00583
06180
05777
07879
04982
07566
07922
05244
05490
01511
01377
03541
03866
04600
02820
07795
03755
01189
01308
00452
04050
02707
02986
05428
06479
04049
06664
06604
08971
08272
01451
04923
03085
02425
06584
06804
07411
01587
05927
01282
05483
07203
06611
08828
08190
00269
01045
01094
07138
05440
05801
01444
01484
04669
01059
03370
02029
00692
05020
06117
04628
06333
01856
06277
01777
03907
03040
08056
03954
02780
03560
06326
06455
01776
04783
02859
04053
00906
03364
00515
03011
06113
05053
03105
07489
06445
08755
05688
02170
02812
06092
01295
03122
08004
00257
00227
02722
09073
03080
06126
03366
05395
08351
06147
03756
01974
00972
04861
05482
08551
03636
05499
04456
08177
04423
02314
08185
08981
01369
08358
00396
03370
00291
01038
01732
00628
00557
04105
08103
06004
03361
02844
03976
08309
01078
00054
05176
04866
00222
04955
07838
00228
04522
08653
08396
02956
08815
06505
08313
00114
06326
05894
02650
09020
00013
00220
08606
05626
04426
03275
08022
01935
03713
01396
08947
07110
03858
04333
07761
03591
03073
01593
07088
08381
05782
06716
01450
02248
01201
04535
03277
00508
08058
01585
00849
07194
03043
00207
07329
01575
03966
06954
00133
00970
02818
02254
06848
01022
06807
00450
00941
04002
08090
08503
08193
08874
02999
02526
07400
06523
07826
06615
01140
03062
04105
00984
04691
01203
01432
06203
03677
07961
07042
04828
04922
04410
01376
03963
05586
05272
07736
02519
06638
01606
02140
02208
06665
08202
08739
03474
08273
06905
04681
07955
02615
01746
07990
06538
02737
06443
06260
07570
02185
08237
05270
05491
08048
08662
08617
07747
06298
08086
00095
01274
05262
08828
07707
08668
08630
00051
00916
07045
07812
02493
01022
02603
08905
00359
08351
05891
09075
06743
04135
09038
01874
01043
06526
02330
03631
00419
00411
02298
02663
02023
04394
05238
03352
03554
07476
07660
00031
06627
06059
07585
06891
08567
00557
01633
02487
07364
08722
04875
08697
07646
01734
00715
01067
02515
08813
08237
00370
03348
08745
04395
08558
02214
03050
00607
07247
06007
00026
06192
03074
08212
03172
04432
04977
00172
02507
00095
05808
06759
07967
03466
01463
01084
00104
08903
05785
04533
06144
06700
07047
01829
02928
03623
07139
00473
05787
01858
05813
02144
02373
00484
06407
07548
01502
07864
01290
07155
02559
06829
08260
00802
06796
02768
03297
01662
02437
08971
06267
08836
03375
00987
01005
04591
05494
07805
06933
00550
06124
06113
08037
07083
08105
06243
00111
03208
04563
03531
07710
08061
05729
08097
05525
04743
05591
04386
00344
03399
03589
02266
05826
07342
03278
08963
08620
02282
06985
00970
05032
01626
00166
08966
01275
02380
00255
00270
04014
00984
00477
07652
03517
07341
02078
07057
02749
00948
07546
05063
07262
07448
07865
07078
08729
04514
02540
02574
06900
01268
06896
02674
07258
05093
03725
08599
06642
04194
06898
05077
01907
09000
01769
05276
03291
03727
05673
04225
05928
05574
05955
07755
04404
06028
07760
05624
03865
04803
02914
00354
04665
06587
07532
06069
00280
05327
05653
06970
07576
03373
04110
02963
04947
03228
03558
05973
07508
06704
07014
04383
05091
00413
00858
03926
01199
02216
00071
04016
03641
00542
00096
06410
02715
08347
06632
03026
00200
02448
02690
05162
01560
07198
01407
08053
04061
00896
04194
03404
03208
07199
04958
01497
06125
02601
08305
06728
08329
02871
01948
05321
03890
00932
06594
04946
04230
03075
04012
06305
03046
08808
06947
04260
07562
03052
06406
07415
00838
04200
03455
01590
01447
06145
00187
05711
02399
07325
04702
06649
06135
00609
01633
05260
00344
05599
08136
04730
04898
08115
03724
04080
00677
03387
00997
05570
05538
05584
07498
06876
06705
03791
05978
02266
07161
06969
05155
05438
06101
03387
00294
03398
08986
02355
00773
08268
03450
02364
08665
03871
03387
01768
00981
01193
03250
06009
01428
00782
01956
04336
00856
07649
01010
06631
06815
05016
05638
06179
05802
00122
02450
00846
06121
05113
01084
02104
03777
07675
05096
09007
03674
01311
03233
03385
07482
01237
00992
01313
06332
05022
05264
00715
05562
07697
06891
01418
02361
08756
08190
05096
02162
08403
05234
06097
05319
06944
01395
02856
05164
02495
06095
07944
02467
02716
07132
01206
04987
02563
02752
04645
01197
06384
01954
01327
00850
08689
01226
06886
06158
01310
00669
05983
02037
02660
02714
06422
01183
01318
07153
02908
06462
06948
02059
04858
08676
00941
04596
01952
06168
00760
06677
02407
03430
04519
05702
06404
07471
00217
04803
05017
03620
02991
09011
05953
00598
08750
07466
00751
07182
00083
00848
06628
04499
04287
08607
03647
00953
00930
00102
06799
08614
00500
03504
04420
08640
07304
02468
07254
04098
07457
02647
06524
02004
02065
01364
01289
06034
05360
01129
02229
01944
07723
00227
08022
01420
07108
03335
07166
09053
06203
04072
06421
06716
04630
01001
07813
04795
05397
07660
06090
06669
04308
04925
03867
08865
07930
04061
03151
02347
04840
07140
00528
06217
05803
08641
00100
07524
06707
05297
05782
04201
01681
05191
08369
05243
01563
06271
02700
03851
01743
04954
04592
08791
08915
00414
05158
08937
07217
06084
03924
04363
08364
02486
01261
08481
04197
03856
07726
06723
00979
01026
00193
07709
08578
06291
00292
06973
07911
02582
00550
07987
02715
03050
02490
02533
05009
05682
03725
04690
07718
07198
05647
08281
03488
03588
04997
07967
00839
03987
07151
03845
00416
03520
02941
05417
07600
09093
07928
01352
06089
06891
04903
06976
01136
05921
03239
00016
01443
00344
04516
08509
01469
04040
03629
03242
08301
06145
03583
01228
03044
03569
02315
07255
04088
04595
03991
06920
05054
06611
07008
00643
03430
07485
01490
08310
00262
01533
03704
02153
02061
06128
04334
05602
00735
07440
00305
04533
06487
00958
05106
02932
08724
08856
01459
01680
00521
08155
06671
02955
03664
01755
07953
06919
01902
05730
04505
02257
08185
03183
03947
03287
05170
07819
05541
01124
04170
04867
08063
05462
06353
00390
05310
04335
01067
03683
01006
02596
07476
03010
06853
07098
03850
02391
08770
04455
01564
00347
03939
09073
08185
02051
08176
04723
06332
01757
01783
01645
07308
00238
04980
08729
03129
08174
07174
07584
07098
01570
01057
07232
00760
04923
07413
01465
07856
01028
02436
07743
05633
08822
04163
04593
04171
07458
02229
00448
06700
08413
08882
00867
05612
08583
05612
03095
06056
08317
05776
05520
06571
04988
06055
00467
03490
01124
03227
01848
03002
08943
03954
06871
02093
06655
06523
05346
00461
01598
02837
02330
05821
08427
02096
04999
06094
07872
08001
07859
05161
07220
01166
08031
08080
06671
07668
04901
08486
02409
05343
00830
06281
00810
05776
06867
06051
07089
01877
00820
07905
02129
07369
07565
08433
03265
07106
03217
00334
08815
06349
02193
05426
01918
01886
02217
03460
02082
00933
04486
03923
07483
06440
01760
06816
08071
05555
08604
06512
06045
01414
08211
05794
02829
04295
03677
00116
05840
05068
05740
05168
00570
04680
06774
03232
08048
05150
08506
02303
05581
00169
08503
03074
04657
06924
06730
02839
04469
09062
02433
06368
06410
08538
06190
04860
07171
05047
00259
08472
08863
06326
05549
05005
07939
07785
04764
01598
00942
02763
00393
03909
00388
02365
06659
04375
06052
08294
03132
02818
05971
02086
02175
00618
06997
03646
01534
00423
01052
05287
02058
08323
05339
04516
06405
08616
06272
06016
01465
08009
08083
02053
00059
04510
02107
02316
04090
00469
04108
04089
03013
02133
01243
06694
05373
01031
01313
01939
01431
09060
02842
03330
07527
07354
04359
01174
06369
04940
06996
06898
07801
03421
04856
08832
07720
00431
04706
02043
00137
07913
02840
03150
01698
09088
08723
07682
00415
08742
05979
09092
06193
07137
01263
09061
01341
07632
01525
08860
06676
00863
03462
07934
00618
05665
05844
07848
02220
03114
02321
05672
00851
04791
05221
05561
00283
07456
07813
04327
02637
04716
04730
01828
03852
00320
03690
00822
02295
03246
07725
04565
06648
00912
00328
02600
05082
04578
02975
03384
02830
01333
02104
00782
05836
00166
07038
01170
05224
03447
07072
02532
08555
05805
01351
07219
00771
02064
02866
00193
01820
07248
05256
02035
05127
08488
07877
04869
08945
02572
00426
05370
04067
07423
04336
04514
08700
04935
06683
07257
06005
05323
08620
08778
04462
07345
07702
02140
04719
04021
01401
05677
04669
00945
07777
00900
02227
02797
02249
01613
02777
05602
01005
02833
05499
01304
02159
07106
04288
01910
02582
03966
05953
06195
07504
02812
08193
02427
07430
00493
01712
01007
00138
04642
06380
02862
06661
02746
07628
08173
05951
05466
01608
05149
02859
07648
07518
04668
01262
04234
06963
07762
07824
05089
05145
04743
08158
01195
04689
00136
01659
05440
05594
05930
05992
05369
05308
00242
04280
06035
08876
03902
04289
06939
03365
05517
08749
07660
05928
04196
02605
00233
03513
04184
05668
07106
05233
05084
01741
01433
09008
05415
01782
04455
03848
08803
04305
03701
07974
08015
01309
08164
05369
06394
03502
05549
04752
04437
02758
05678
07068
03658
09016
07167
03542
05128
00879
07288
02121
04512
04765
07233
00376
02465
08663
04228
08680
05636
05896
03590
08548
05911
00732
04577
07572
01596
05442
01966
00770
06638
07167
00344
01459
02388
00012
08285
05003
01053
07384
04057
08384
05233
06594
03208
01213
05046
05261
07648
08860
06543
08601
05417
05200
06942
00982
06054
03093
04249
04353
01550
05238
06328
02100
00235
02201
00585
00695
06374
01307
00240
06333
01391
06964
04222
04244
06848
03817
03086
00648
01395
05389
09055
02955
01393
00961
04033
05139
06923
01744
01203
05491
02323
02312
03282
07259
05183
04826
03789
05146
07898
07575
08889
07502
05904
03503
03819
09091
07521
02386
08672
06213
01925
08394
06556
01560
05031
05720
02508
02346
02640
03280
00119
00840
04736
04188
07357
04959
05880
04114
06744
04910
04290
04957
00363
02472
01974
03477
03072
05687
05462
05923
04861
00196
04210
08617
07434
08595
06462
05844
02227
02996
08329
01211
03166
08272
00002
07907
04445
01858
00746
00596
08930
07189
07962
00971
07171
08134
04674
03456
04577
00144
00259
03092
02328
03156
08346
08952
07446
06504
07963
03805
08389
07780
07109
08075
04223
05411
06231
02464
05109
02848
03136
08145
02976
00189
08136
05928
06452
01985
04320
03350
05354
01758
04513
01554
04014
00098
00260
00024
05942
03747
03529
02699
01087
08415
02074
01108
00114
00381
07743
05039
06578
06630
07320
07697
07092
02416
07394
02541
01644
00397
06372
08757
07756
04509
03123
03656
07427
07949
03806
04917
06508
05464
03564
04219
06965
04772
08458
05732
04555
04410
00664
08389
08139
01844
03928
02132
06052
06480
05336
00629
01644
02653
06486
02275
07898
03849
05349
06546
00734
05310
01794
02286
06887
06191
00365
00916
05482
02340
02554
03857
02690
01562
07373
03549
01006
08297
08138
05629
02475
02283
04461
01124
07679
01297
08290
05684
00896
03626
03484
03649
03028
06248
01218
06376
04487
08872
04707
07910
00987
04634
01919
05372
03212
08198
08055
07931
03149
06293
00824
00909
02649
04583
00209
04270
00347
09023
08788
01234
04562
04337
02868
07304
07349
02236
04452
05268
01584
00247
04391
05709
02191
01551
01579
07505
01207
05388
01024
01675
08772
04006
07899
01232
03491
05242
08829
01840
00017
00424
01163
05535
03060
05556
06603
01279
06256
02606
07013
04683
05315
01932
06243
05654
00399
05962
05779
02960
06061
06561
07452
08510
06828
01405
04212
06230
03059
01982
02708
01189
03264
06158
03041
08444
05866
05312
07920
03498
07906
06205
07881
04780
07858
08999
00722
00480
05303
08248
02827
07228
08049
07869
01398
06863
05169
05776
06329
07202
06371
05146
08959
06057
01754
01049
05300
00821
04593
02589
04824
00118
02711
01389
03492
08385
03655
03581
04766
02415
07370
05733
08179
00123
02835
02265
05278
08218
06723
04899
06807
00010
06677
00045
06293
01240
04564
03760
01617
07030
08715
02616
02925
06097
01122
02491
00782
07080
02425
08724
01259
05384
05594
05296
05126
04143
01443
04367
06600
08636
04329
04809
04365
04544
06875
08241
00734
03207
05153
02256
00925
04838
02570
06415
02170
08810
06388
01527
06107
02623
09008
06025
03553
02238
00844
07941
05066
08161
00674
07076
04409
00932
02988
00519
06205
02717
06000
08833
06235
06693
01823
08284
07526
02782
02041
07735
00360
07586
05141
00600
07863
02966
03572
07916
05521
01513
09091
05557
00834
08432
03946
03577
01141
08182
06167
00292
05342
06560
01780
07444
02619
08930
03767
04605
06869
00394
00680
05409
04650
04567
03436
02430
03885
05527
00429
02830
02099
01061
03153
08360
05809
01537
05205
07400
03939
03066
00275
06897
03524
05827
01188
08772
08371
02015
00924
00427
04130
01898
07059
03579
01945
01768
00702
05522
06299
02488
01915
01057
07146
06039
08231
00681
04289
06237
05078
04611
07783
01289
08496
03686
02014
04736
00906
06168
03378
02611
01311
01040
01497
08306
06007
06603
05544
06665
01987
03624
07935
07150
03607
04190
03990
04438
07032
08061
07132
03470
01757
08072
01074
03770
06929
03594
04813
00004
04380
01548
06788
01678
02920
05075
08757
02537
01334
03735
06747
01755
06434
04103
03567
02877
02464
03766
07051
09070
09053
01015
08271
04704
07650
07409
07627
08917
02404
08713
04050
05747
00985
07216
06798
03548
03170
05638
08868
05248
01930
03733
08531
07757
04840
03196
00649
06037
08222
07483
07394
06392
05514
03056
02302
01389
02405
06772
06834
01738
01838
02896
02491
00824
03237
05240
04587
09070
08610
04773
02296
07971
08110
02719
02555
00955
08037
06802
08182
08630
03781
03631
00111
02975
07214
03551
03677
04403
04015
00547
05280
00010
04834
05066
04593
04961
06468
06376
01188
08815
03496
07125
06347
05570
06982
00659
04840
03493
07632
08794
00778
03071
02429
03120
08729
06787
00522
07881
00888
08807
04770
04997
06669
01896
02854
07377
01116
03836
03282
00896
01656
00279
08979
02842
01323
06108
09006
08924
04857
03736
02698
07747
07753
05605
02690
07400
02300
05352
04482
07477
03251
02449
04512
08369
07115
04929
04890
03318
04176
06238
01100
03760
00523
05407
04332
06411
00678
00278
09079
08341
06462
06059
07570
02614
07115
01328
02997
03273
09073
00275
00581
01364
03174
04505
02984
02937
06384
07031
07972
01419
05653
08655
02812
02100
02754
06830
02451
04116
01682
01188
01167
08180
06928
01678
07270
00826
01792
04191
06265
01229
03235
04191
01960
06485
03084
04894
08862
08932
06168
06104
05198
02804
06851
01594
05472
05508
06472
03984
06291
08131
04176
07978
00652
01652
03474
07826
01951
02752
03444
08704
01086
04498
00598
06340
03739
06437
00087
07069
00767
08185
06082
08951
05577
02044
05965
05540
05671
00556
05610
04889
05793
08845
02176
06624
04533
06129
07445
07174
07440
05708
08054
00729
06292
06654
00795
04563
04549
01416
06029
08078
01121
01602
06214
06933
02976
01912
01537
06933
01469
06200
02415
03226
00057
07152
07130
07025
00946
08950
07980
03666
08263
03189
02640
07531
06979
06400
03221
05915
00159
08285
09048
03357
04514
01686
08057
05793
03044
05923
02465
03737
08834
00245
08684
08734
07354
08052
05686
04854
05571
00561
04444
06594
01989
03659
03364
07997
05247
01503
05993
08552
03469
00676
04974
07442
02652
03969
00506
00115
07677
05942
03975
05632
01831
07801
00944
06361
06137
04488
01759
00447
08928
04237
06547
06911
05165
06851
01907
04333
04004
06409
07798
02298
01506
07174
01416
06460
06805
04615
07974
00007
04162
06072
01977
04705
08354
05569
01531
03827
08842
04413
08727
06184
01910
01374
04412
07876
02345
02237
08278
03965
05387
02849
07065
08978
01827
03959
05266
02600
06960
03436
03960
05670
02232
03262
01992
06045
00937
03029
08954
07297
08832
05835
01104
06916
08375
04200
01884
05057
01030
01680
07051
02378
02047
03187
03356
08159
04868
02574
00412
05942
03857
06303
08932
01686
01014
04835
07304
02200
02875
00594
08648
02258
00336
00788
06144
08957
01657
01923
02265
01158
03051
08492
06799
02252
01896
09055
01318
04097
02668
08851
07030
05837
01785
03846
04271
07094
07818
02096
04289
01026
04396
06342
00077
07471
08022
08555
02193
01845
00387
05547
03303
04652
03850
08314
04922
08843
08678
02128
05768
01468
01672
01471
06296
02083
06010
07396
01912
08031
05014
04264
08879
03275
01844
03826
04766
08002
04337
02578
00496
00857
00757
02552
08321
04742
02460
04930
01448
04454
08697
08940
06353
00105
03023
06562
07762
00054
03714
03393
08728
06615
03178
02464
00330
04294
07448
07067
05546
03605
06106
05745
03970
04240
02307
04370
08911
02265
01044
01879
08188
01198
01758
04782
05350
03823
02374
08655
03607
03883
03516
07258
00978
08301
07268
07068
01950
03324
05306
08759
03210
03775
04956
04625
09021
05868
08622
06981
07802
03951
02767
02986
06764
00075
07731
04102
01229
00807
07633
04463
01857
05434
00648
03241
02158
05861
02065
06631
03602
04429
00828
05268
06993
08137
05512
02146
03286
07075
05172
00753
04857
01750
02489
08106
08595
01653
06830
06884
02365
04223
03452
05465
08222
08386
02030
00639
00637
03900
00192
07977
07156
00284
02052
05188
00120
08926
00746
01047
01205
05302
04379
07806
03076
07818
08929
07616
00700
01739
03694
08016
03655
05901
03170
01986
03703
01313
01034
08488
03162
06196
04079
03079
04678
04179
05400
08753
08154
08046
04418
04220
04689
02708
04786
02872
05696
05689
03112
03983
05156
02255
00499
05654
02394
03900
00720
07350
03421
04209
05641
03116
07470
05216
07743
06705
06137
00528
05616
01333
07887
02265
03755
02370
06808
03279
01173
04664
04041
03877
04334
02192
04240
01891
04829
08874
03043
00973
02833
03747
04618
03575
03313
02023
02872
00117
04192
02634
05054
02072
06850
03610
03376
03800
06930
00657
06357
02629
05656
07212
04561
06341
06094
07715
04550
07816
01808
05304
02121
05426
05403
08484
01567
07091
01336
01938
00424
05217
02713
00299
05343
08055
04011
03875
04904
04326
01034
06028
05671
00727
06628
08249
06335
04765
07225
01823
08427
01173
07805
05409
06820
07442
05951
08119
04716
02452
01281
03023
01383
01155
01763
04555
01085
08640
00372
08751
08708
03627
06132
00216
04355
03421
06251
08855
02800
04702
04623
05680
02819
01632
03239
06455
03221
02622
03812
04556
02593
05247
02796
07131
05008
03271
04877
01623
01204
05357
08408
03352
01823
08331
07976
04076
00962
05943
04287
03563
01554
06591
09015
07371
06858
04467
06125
07115
03055
02047
00652
08316
05929
05788
08453
07310
00128
01809
07128
08294
07100
03668
06306
03857
02785
02975
08894
01501
08786
00312
07151
04119
01428
03728
07390
05676
08208
00443
03909
04169
05623
04434
04960
04663
04014
06291
05293
02033
00614
07670
09020
03425
05276
08578
03829
07173
00723
01662
04789
02762
00304
05013
05398
04952
05183
07269
03728
05806
06876
02140
07830
07338
07088
05470
01787
02108
05851
04460
07202
08498
04174
02465
02209
05903
00666
00182
00106
01158
00484
01200
02977
03188
06788
07422
07671
03111
02482
04975
04416
05157
08884
00325
02649
02404
08078
01124
08350
01119
04595
07614
07706
07711
01541
05171
04118
06265
06481
09070
04014
01291
02557
05066
00560
07162
06806
01307
05323
06682
04734
04205
01379
03182
03251
08008
01984
02680
03046
00827
06477
00373
00168
04270
03996
04314
06487
07350
04604
00622
02572
08536
01726
04900
04537
05419
08192
08569
08250
00140
03955
04103
05354
04091
02605
03197
03244
05311
05525
05211
07587
02767
07719
05082
01020
03332
03504
04565
01682
04800
00474
00435
06329
06109
08288
04985
04984
05391
02558
01441
04404
06364
01852
05152
00354
01258
01861
00629
03992
02559
02047
02811
01846
05076
02465
00733
07384
05356
08770
08962
05488
08941
07733
06120
06162
00617
06582
04798
04115
03962
02217
06213
00035
03284
02173
02515
08463
07285
08168
01551
05664
08079
07545
02257
01598
09014
02059
06271
03592
01797
08922
08147
01933
06411
08929
03976
04888
00783
08651
08815
02345
04217
03918
00093
06425
01060
05230
07642
00096
06104
02130
07502
08250
01789
08146
00798
01867
00194
00681
06195
06596
04485
07281
05838
08512
06976
06265
00391
06959
06853
07667
06032
08667
01747
04577
06022
00472
07172
07827
06543
03326
06347
08542
01991
02375
05235
04407
01316
01414
00471
05522
03734
05288
07510
06177
02769
05901
05819
07230
02670
02519
02397
01567
05681
03324
06176
05277
05792
08750
02235
02860
07405
02348
06967
00325
08589
07763
05310
02013
06637
08954
04902
02974
01691
05416
02749
05804
00507
08077
02952
04172
08529
09020
05356
01573
06774
08472
09021
06043
05274
06109
05395
08077
04887
03846
07131
05834
05105
03706
03030
08965
06951
00264
01082
08727
02291
06876
03857
07725
01391
04087
03332
05358
07223
01130
01861
07731
00587
00684
04845
08623
02452
08806
06618
07995
07031
04417
02163
06535
00350
03423
00499
07089
04912
07151
06154
05755
04910
02779
00392
01220
06239
05808
08410
02129
03648
00917
08838
01187
06404
02955
02944
08736
06155
01021
07408
01028
06104
00408
01664
00369
04693
04812
06968
04167
01983
07175
07433
01982
05910
04487
02304
07586
08826
03722
00110
06373
02702
07540
03133
05535
07597
06174
06502
00259
04399
04550
02531
00718
00378
06100
06401
07579
07838
04464
01282
09030
02307
04373
06508
08342
08058
07154
03514
06525
01776
05952
03345
01358
00386
02093
00243
06946
08070
04472
01812
04604
05527
02041
01245
01132
05344
08996
04098
03667
07704
06402
08341
08602
00602
06933
05965
03228
04092
07266
03354
04987
05888
00916
07681
03823
08622
01246
04744
09013
04011
06277
02041
02834
04920
05990
07755
03614
05352
05589
05255
04114
05571
03732
02573
01188
03787
04133
08583
06539
01716
03565
08839
01754
06876
03218
05928
03696
08798
02101
08936
05546
05128
03242
02273
01538
08885
00149
00873
08993
06497
07405
07533
08004
03596
04396
01481
08294
08061
03371
00747
08777
00015
02524
03814
02816
03923
07582
01710
03354
02721
04420
03590
06823
05646
06539
07296
04024
02987
03289
02243
07459
03915
03359
03395
01728
08219
05807
03763
06846
00622
06671
02943
05207
00129
04623
07484
04008
01413
01965
00045
03409
00776
04688
01151
00678
04811
07858
07063
06739
04189
06020
02077
06042
00294
00296
07317
06862
00851
07073
08297
08935
08461
05008
01113
07273
06345
06854
04890
04926
08486
00507
02043
07449
08019
05801
04751
02169
00540
06501
03441
01088
07400
05912
00110
08889
04434
03602
01472
04172
03508
00010
00543
08669
04110
05070
02944
08258
05572
08133
05803
07007
07754
02414
05331
03193
07281
01167
01366
02963
00070
04052
00251
07650
02168
07991
03503
03976
08227
06429
01075
01884
08368
06854
03563
00504
07965
08210
00369
02271
04153
00408
05462
00629
04645
07089
02758
03566
07810
04358
03503
08016
06359
07954
04935
05931
03384
02615
00232
00751
08025
06748
08934
00243
02932
01833
03519
05068
02722
01655
04995
08812
07332
04250
03490
05294
08867
06521
01135
05660
01227
06362
01268
00561
07200
06571
07155
07657
02004
04289
03160
06606
03788
07683
00637
00232
01442
04919
08685
07873
06016
02653
05350
08320
00155
06297
00756
00669
00936
05996
08334
05746
07059
08275
04559
06732
07674
08388
05442
08076
04497
06753
03957
08145
02324
02111
04985
06728
02278
07428
05663
03672
07189
08321
08110
03556
06203
06848
02384
07554
03084
02558
08591
08209
00243
03716
08005
07279
08759
02016
02957
00185
00126
03563
04841
05017
08049
08775
04453
08867
08791
03483
04949
04404
01168
01623
06344
01059
08051
05686
02609
04477
05883
08029
00418
02781
00363
02875
07013
07377
07841
03720
01911
04760
02661
05547
07625
03709
02895
02339
08265
08160
00818
08058
01245
08469
08645
01529
07667
00782
01425
05112
07652
01998
03785
00556
07752
03293
03838
01710
06129
06206
06478
08855
03492
02777
04971
02193
09093
06692
01482
04156
06581
02344
04099
08615
02285
04471
04888
02926
04387
00725
07289
02567
02058
07246
02091
00644
08776
01442
05721
03223
06347
05666
02364
06781
00612
00627
03494
08324
05656
01828
00543
04550
05654
04647
06352
04071
03010
01906
08414
06803
02920
03872
00552
07589
05729
05763
05431
05519
03731
00267
07423
02692
05524
07905
01542
07583
06044
06823
04486
00750
05019
08897
04916
02291
04543
03205
07024
08555
02872
04042
02209
00034
02959
06986
07933
05487
04221
02595
04982
03145
06239
05529
07468
00298
07660
00643
08327
02912
03195
03048
07858
05205
00950
06753
06934
00378
06660
07853
02733
07317
07495
05796
06386
07234
03435
00808
03493
01889
05464
03317
01124
08997
06566
00624
02862
06321
03670
06057
03629
05596
02457
04803
02031
07623
01229
07334
05977
07848
04070
03951
05627
00254
02622
00726
00945
01176
05044
02813
07800
07491
00316
06217
02762
05043
07916
02872
05982
05457
06535
04362
08859
09068
03302
01992
08524
00722
01144
07026
00286
05059
08304
02685
07879
07346
05366
00702
05142
03619
08343
04530
04237
07512
05338
07223
08770
04856
03435
07168
09066
04074
01388
02190
01772
06048
03455
02098
03042
07707
08854
01043
05279
00794
07794
01621
06993
01160
04535
08775
00485
03088
05815
04043
06300
05874
06782
03624
07041
00755
02221
06445
00586
07976
07162
08837
06926
01155
07399
05319
03900
07275
00081
01920
01221
02794
05633
06015
05224
02758
02973
08621
06439
00646
05272
00527
02506
05992
07635
08586
03800
05888
07741
04130
01374
02514
09000
01295
01020
02185
00730
08812
00575
04060
06531
00741
01677
06654
07323
00672
05472
07843
04888
06652
08186
05889
01058
05072
01555
03901
03803
04667
04169
01748
07524
04652
03816
00350
08721
01252
03266
04646
05717
00128
03454
04322
00408
05958
00577
06703
00478
00748
08558
08022
08959
00333
00063
01034
03246
05067
02582
01182
04840
01734
02226
02718
08908
03067
02263
07070
05184
04377
00124
05023
05887
08993
02586
07055
00434
00892
04991
01844
03446
08251
03102
06145
01063
06319
00019
08612
05535
04691
02607
08784
02055
05911
08125
07219
06083
02127
05169
05704
00418
02729
06973
04044
00552
03320
00182
05630
01215
08713
06973
05177
08397
04600
06155
04546
03480
05061
00300
01812
05941
04010
03820
04329
05180
01938
08632
08666
07488
08991
00006
01434
03255
03747
07067
00328
07004
06736
03491
04871
03244
01363
01437
02447
05037
03584
07414
07494
02134
04373
01656
00993
07793
00220
04762
07726
01722
01919
03737
02895
02324
05419
03243
07873
01518
00665
05293
03287
06780
00526
01705
06421
00797
05001
02265
06545
03405
07103
02530
01777
04452
08406
02601
01131
08506
01619
01100
08879
01142
02823
03342
05339
02342
08757
04616
03817
05161
04502
07335
03901
04007
03546
01387
06922
03502
03891
06963
03016
04086
01828
02776
05420
09044
08108
00041
05487
07684
00001
04735
02624
05604
05164
05101
04862
01314
03039
01648
01230
06634
04083
01189
01815
06393
00247
08897
01548
02174
08317
06330
03303
07138
04252
02539
06796
05892
05776
05426
05913
07535
09091
08170
07733
01852
08708
07752
04070
03300
09010
06467
05708
06978
09090
04471
04585
09099
05742
08277
02308
00799
02192
01165
05890
06783
08843
05072
04384
02772
00636
08542
00479
07260
04208
04251
03990
09010
01086
08858
04722
02349
06061
07678
00399
00748
01637
08805
02014
05884
00403
07680
01231
06439
05938
07482
07358
00765
02788
06682
07091
06134
00738
08199
09091
06674
05301
01866
00882
05161
00798
00966
00287
05032
02153
03321
05071
00030
04015
08815
04282
09012
04757
00016
08139
00806
08661
05656
02562
01718
05404
03474
06541
02204
05609
03555
02273
05725
05978
04724
00323
08647
04721
06150
00747
03105
08338
04499
08500
05570
06232
06870
02510
03455
04441
05157
04045
02338
03900
04206
01587
04724
03178
05260
03529
02403
07429
00324
04736
08070
00402
08836
02571
04993
06245
06905
06021
02640
08511
06073
05225
07261
03220
01688
04829
05418
06319
00970
06197
05289
07767
06582
06572
05590
01119
01807
06433
07751
03270
06228
08128
04288
07634
03387
06956
04522
08288
03179
00578
00054
02745
04742
01192
07131
03615
05326
01375
03176
03822
04192
03882
05445
02566
07387
07902
00701
04859
08447
01247
08304
04392
00398
00066
03991
04041
05889
04424
06669
02264
07364
06549
04838
00376
00447
01559
00188
03277
04396
02841
02849
05863
05026
07838
02275
05805
04737
03996
05731
07246
06777
05369
07558
05264
06390
03825
07943
06549
06493
01960
03981
06943
08768
07191
01396
04103
07423
05747
05075
05771
04902
00154
02017
04853
01521
06172
08430
05529
05660
00778
00662
09047
03093
07209
00620
01649
05915
06845
06309
04152
01831
06328
00115
05668
07346
06883
08929
08855
03771
01544
03185
04996
07009
01615
07825
00506
00128
03335
08373
06736
08608
00964
04193
00591
07270
01908
06599
08046
04295
08427
04016
04538
01712
07816
02467
00647
02612
05665
08288
04660
07002
02206
02970
04371
06235
06103
03048
01088
02944
03961
04943
03956
03725
00996
02937
08713
03260
08418
06671
07209
08761
03686
08548
07621
05096
00032
04121
05269
07609
08238
01305
01433
06201
02669
06866
07274
05177
04347
00871
08967
00120
04996
04021
05712
02239
02443
03501
07158
00605
08503
06547
00417
07037
00267
01301
06398
00270
06184
00236
02036
01813
01485
07305
01227
06528
08641
00728
04369
08104
02726
00176
03092
06173
08761
01315
00116
00374
01203
01129
06662
07346
00995
07241
08031
05679
06405
07228
05764
01263
06859
04133
01026
07252
04143
07498
03442
00517
04982
00554
02402
02030
02308
02249
06527
03951
03340
04096
04220
01022
00903
05557
01364
07909
05266
04663
03077
08219
04941
05032
03629
00562
01051
02948
07414
04090
06987
07898
06893
07535
02780
01490
07654
07777
06294
05325
07272
05297
04857
05666
07657
06975
01480
02934
09081
04750
04467
04774
04445
02393
01398
08454
06886
04852
07026
00061
07624
01296
07929
04613
02601
03620
05594
04921
05322
00483
04787
02057
05074
07687
00132
07119
03961
04293
07433
06819
01717
02548
07632
01278
01061
05473
05360
02408
03847
02668
04038
02300
06252
03960
03922
02677
05037
02696
00438
08926
04729
06078
04867
02304
04502
08398
01925
03532
01342
07620
01511
01668
08848
03524
06679
07854
03147
02303
02040
06024
04659
02075
08233
08120
00350
04407
08225
04200
04522
02157
08958
04043
08315
02196
04847
06798
06579
05006
03892
01197
06059
00072
06948
04034
08061
07714
02250
04852
08330
06475
04077
07425
00523
04796
03608
04902
05155
00609
04335
05849
01660
08312
07380
00634
04848
04155
06675
02907
00643
05302
05913
07093
08012
03949
02043
03863
02800
06808
04395
07442
07090
01185
05119
02648
03210
06844
01960
03650
04149
07834
07815
07257
01911
03587
07386
06964
07328
08665
06333
03580
02875
05371
04751
08450
07845
07700
05206
02089
07215
07641
01327
07301
01192
02589
03867
06432
07281
09014
05963
08672
07790
06602
05653
03414
07686
08522
09017
08325
05248
08868
00268
04364
00142
03712
05692
03182
01398
05507
03225
08268
02028
03759
07690
07172
02306
04147
01417
05933
05332
04511
07026
05183
05369
08018
04162
00982
07650
08792
05949
03476
03146
07503
01665
00527
05506
01058
03430
08733
00472
07507
04508
07078
08051
07174
08088
02369
02690
03143
05368
03943
01967
06327
01312
00193
04722
04732
05745
00388
03198
00474
07746
05742
02132
01937
01274
08049
07360
02480
07959
04137
02506
06649
00540
00617
00706
07415
04181
05118
04027
05065
02668
08314
00849
08197
05419
07200
06041
06753
05187
01201
00280
03011
03988
03907
00741
08300
06315
08855
05527
03855
03333
07789
08259
07819
02285
07164
04571
03746
05793
05468
00125
02910
07485
01663
00246
02873
03146
01636
02419
03850
00575
05128
02633
05172
01279
07375
07665
05455
03774
01324
01420
07278
00161
05876
03353
03878
01025
09012
02314
01090
02084
03619
02864
06476
01760
02237
02592
08052
01120
06659
00958
06313
04266
00045
06800
03520
07974
07578
08812
06494
06366
05600
06935
00050
05391
08731
06676
03551
03514
07572
00889
06323
08029
06750
04408
03704
04077
08221
00029
00790
00547
08643
05612
01244
02834
06660
08287
02456
00791
01551
06039
00008
00740
03868
00248
02238
00023
03334
00082
01016
00016
07368
06358
06471
06478
06307
02178
02559
08478
02646
03894
07762
02417
08878
03024
06701
04146
04798
08839
02803
02293
08456
04368
05243
06334
08323
01090
07627
01789
06440
08172
09079
00146
05288
05189
09019
02553
08160
06252
00387
02210
06180
05322
03273
06212
08314
03074
04338
08083
08754
01079
03282
03091
07867
00033
08714
00072
01081
01285
02344
07744
04762
00863
02170
08760
04257
08239
08233
00936
03574
04872
01325
06122
00091
07090
00786
01098
00447
05706
04989
07852
00204
03012
07449
06642
01001
03437
03021
04988
05010
00463
01018
04270
01617
04530
04831
07887
00969
01740
05153
03849
00868
00113
02142
01628
06287
04782
07474
05860
07127
05564
09000
02654
02365
06838
07119
05190
07373
07060
05920
08317
02455
06226
02657
03862
02634
07341
02280
01570
00639
03224
02318
07313
03060
02327
05976
01876
01105
02789
01336
05790
08084
04813
05249
03931
01295
04924
08300
02280
06288
05178
07379
08396
03751
04951
03072
04399
04588
04924
05567
05646
04520
03022
02145
09004
06572
06346
03853
03597
01812
04352
02733
01368
04395
03319
06618
02910
00025
06792
00465
07990
04863
06611
06762
08039
01954
02345
07619
05763
09074
00767
00559
08122
01686
02883
06017
05946
07009
08991
06851
07151
01777
00003
04688
02634
06860
02868
03266
03848
05612
03263
06678
07300
07324
05059
07245
03478
05229
05385
02331
08700
02907
07198
08599
06454
01176
09067
03395
05091
00647
04472
02500
05626
00375
00929
03450
02103
05559
03679
06280
06924
02126
07428
00366
08432
07491
06807
08692
07508
08099
03803
00112
02167
01088
00458
08913
04379
08618
01669
02575
07479
07317
08719
00174
01840
02450
00531
08738
09089
03443
05216
00042
02839
07361
03109
04998
02561
03450
05606
02623
02569
00704
00870
03081
07668
05773
07645
03896
02433
04852
08562
02707
00110
08365
05715
00719
02850
03954
01685
05393
05347
01829
08404
03823
05476
06276
02650
05801
08715
01587
09084
04658
05386
05972
03411
06839
06735
00513
02161
03315
03266
03575
04757
00350
04575
02225
05300
00474
04670
06971
05370
03243
03092
03145
00673
01138
00731
00664
05061
08627
00129
02531
02593
07125
03658
07888
00025
06005
08004
00902
02513
02572
03528
00506
02211
04198
04056
06274
00890
01422
02575
04642
01947
07842
06785
03287
06121
05637
03593
06407
08228
02530
01609
00498
07465
06213
05649
03239
09050
05948
02607
02034
07585
07934
08971
02218
04680
04399
07027
04040
01617
06353
04634
07826
08284
02741
06431
01842
05398
03199
04085
06388
02727
02523
07233
04191
03269
00628
02764
06853
05500
00695
05200
03834
05258
07689
03618
02366
03520
03374
05585
07046
04018
07782
07778
02680
06152
00134
02712
08464
07818
02604
02623
03759
08016
05805
07958
01572
02967
04359
02106
03518
07471
06403
01534
07945
02742
08501
02633
04465
01698
09003
08091
03497
08251
00237
05031
00006
03172
02974
08377
07943
02932
03376
01832
06169
02469
02161
02085
03363
01181
07538
05200
01579
01229
02539
06991
06021
08075
07942
06568
02454
00079
03497
04107
08625
00530
07121
00142
03834
03456
04912
03454
07872
02572
07855
04564
05669
06286
01194
08364
08333
07754
01442
04681
08531
08188
02064
01765
01996
03408
01004
06837
00638
04154
03377
06918
01210
00866
01564
02667
08707
04623
00488
09087
05378
08535
05017
04138
02711
02365
03862
02812
05710
03818
02325
07742
01043
07480
04613
04317
06255
02729
05995
07605
05099
04068
08666
04964
05956
02919
05673
00568
01358
00054
01959
08592
05891
04407
04394
06138
08263
01572
00609
01812
00137
03313
02868
05413
00253
06286
06547
03276
00082
07126
03527
04662
06364
08233
00280
03821
08106
09081
08360
08807
04090
07512
00721
02716
03861
03698
00778
08616
08754
02539
00920
03946
02247
03859
05664
05645
03079
02786
07738
07452
00041
07411
02112
06055
05694
08020
02153
05708
05457
01213
00461
08340
02295
04215
04277
06405
07085
00551
04637
04113
03391
04219
02318
06589
05373
06685
05767
03116
03824
03264
03729
08246
02311
03256
07778
01909
03391
04478
04342
03515
03757
07893
06556
04018
05989
06568
00884
06837
02835
05370
04623
02477
06926
08492
09028
08637
03288
06497
08487
01798
00505
02711
09088
07538
07445
05990
07837
02647
06013
01855
00282
05269
08466
07895
02661
01509
03913
04986
01073
04678
03318
07075
00300
04007
07776
01458
07638
08717
05787
01017
08590
05451
07633
08508
03072
00212
03723
00048
00349
01070
07319
06627
05254
08785
06684
06866
00932
08194
05510
08303
03569
02322
08268
03374
05368
00551
02092
04704
04083
05111
05588
08160
04750
00420
06904
06814
00737
05248
02989
02489
01366
04116
01758
01765
04421
04176
08498
07422
03321
08988
00184
04996
04939
01218
03943
09012
08623
02313
00082
01931
02720
01565
02217
07318
01397
08412
03806
00646
08014
04665
06478
09011
01668
01480
02249
06461
04913
05179
05061
01675
05920
05160
00511
04756
05160
01455
02128
03323
03566
06818
07542
05094
07060
04412
03876
04003
07469
08076
02624
04940
02135
05785
01032
00982
04608
05880
06652
04509
05786
05624
00361
07946
05501
05309
00140
06633
06852
00679
06982
03985
06967
00098
01093
00443
05479
08048
00493
06232
05029
07819
03513
02820
02066
08082
01649
00824
07628
06116
03627
01659
07037
07004
07198
03177
00168
08487
00062
03948
01966
08923
01739
04013
02407
06620
00154
08748
02663
04189
02510
00767
05752
01062
08333
06401
07632
05618
08078
01222
03113
02832
00647
07547
02121
01067
05039
08070
05897
08387
02837
00972
05466
08158
01701
04399
08630
08948
05893
01357
00897
05511
03385
00370
08416
03188
06280
00796
06572
05847
04490
03117
00276
09069
07522
04923
08899
01409
04425
06832
03461
05920
02418
05891
02353
07710
02945
06203
02685
09091
04411
04551
04372
04654
01339
04440
05868
06689
01447
07596
01075
08618
03847
05524
05927
02231
04407
03953
02823
02798
07632
01447
03286
08415
05624
08238
07967
04102
03167
03386
03614
03132
08487
01222
07773
07414
01388
03365
07435
01090
02621
03618
08636
06755
02103
01459
06115
02024
07651
04553
01004
02489
05644
01943
08865
06007
03051
08676
02007
07513
05335
02690
03783
02655
02381
05245
03967
08451
05092
06133
02899
04038
02362
04626
05056
07910
05047
03022
04185
06870
03788
06757
08230
09080
05965
00400
07098
08088
02187
07246
02465
05817
04436
07869
03562
03237
00585
08594
06556
08680
02694
07625
08187
02450
03475
06903
00358
04563
03327
07577
03763
02349
06721
05767
00099
04150
00534
07050
01478
03659
06733
03008
01586
04960
02531
01710
06748
04293
04424
08830
05700
00535
06296
05827
04575
02333
02251
07371
02248
03638
06470
08065
07239
00348
03186
01299
07948
00642
08008
05110
05251
07087
05448
04793
05978
01756
06900
07449
04298
03296
06317
00988
00572
02058
08052
04901
05723
07531
06114
06999
07182
00371
02334
02904
02075
02703
04532
01323
01727
03333
08083
02155
07243
03061
01460
07218
05708
08303
01895
03694
05867
02997
03040
03046
07335
06218
04758
07026
08475
05713
08676
08898
03805
06590
04149
05812
08089
02051
07554
06296
04648
03644
04755
08049
01648
06864
04322
04435
07257
00358
02039
00633
05098
08605
04637
06777
03982
03100
05960
00534
07155
01606
03758
08822
01361
03738
01544
01276
05339
02707
03156
03425
02514
01321
08923
04084
00227
00440
07257
07520
09088
03801
06034
08743
00509
02874
02293
03156
02165
01826
05752
03113
08619
08723
02959
02451
08093
03633
04366
00044
07471
02064
06522
01824
01662
04589
06308
01192
04477
03262
01905
00780
02090
03000
03398
00442
07306
06719
06603
00068
01283
06397
00503
05091
08755
07071
06399
05883
08625
02097
00889
04512
06567
06317
06405
01034
03099
04516
01330
06829
05056
07965
06866
03747
03634
04807
08780
00852
03919
07221
01896
02149
02612
03613
06669
02245
04191
05623
02363
07088
03758
02623
02943
00685
08217
00867
02880
06291
02422
07770
06005
08744
01642
00726
00497
03855
00153
08965
08507
08976
00115
01699
08018
01122
02533
00473
08174
03433
02491
08989
00702
04698
01824
07687
02209
02377
05020
05724
05823
07030
04083
03326
04733
01356
07122
03692
08541
07790
03927
02856
01733
04462
08605
03450
04855
06252
02914
02147
07242
04925
08423
04396
02196
03751
08730
03366
06923
03694
00676
05671
02887
05408
00320
08354
06417
06256
00083
01983
01118
05780
05390
02379
03244
03831
07615
08188
01378
00159
08386
01066
01536
02580
02203
05581
00393
00601
03377
07810
02092
01947
01764
04405
03907
04156
06052
05137
02294
05306
03991
07124
04353
01907
01977
08641
08905
00769
03236
00800
07724
00398
05018
04101
04309
05174
07575
01290
09070
02164
06016
01235
01182
01008
04838
08048
08671
06747
05129
06598
03940
04378
06092
01146
01209
02201
03038
01687
04024
04654
06664
06667
08792
04802
01293
03274
09057
08247
08855
01683
07794
06362
01327
07515
01795
02537
02577
08492
01055
03553
05847
06995
03239
07078
03684
03490
02106
01178
00181
01474
05840
04740
08563
09076
00134
06823
03680
02711
01719
06132
07208
06195
07365
05197
07732
08525
00992
02354
02789
07888
01712
04766
07827
02070
08634
06667
03842
04911
02256
06083
00127
07928
02034
05281
02192
00272
07806
02556
05110
00218
07109
04799
03248
08878
02135
02333
00777
08149
02348
03296
00186
02052
08705
04685
04701
04220
01367
03666
01014
04038
05424
01096
08672
01774
03334
05152
01049
01290
08017
08606
01636
06893
08673
05294
02528
02553
04525
05219
02270
07042
07901
00681
04556
03697
03822
05151
06704
08181
03780
07202
02336
01934
07845
05133
03091
07080
09008
04213
05197
04818
01689
05981
02517
05081
01280
03596
04536
04827
05406
03099
01364
02910
01165
09007
06739
04430
05432
01539
03541
03069
01298
05503
00891
07671
08943
00705
01225
05270
08480
01629
01100
01917
02461
05336
07374
06818
00546
05901
02889
01028
03047
07957
03702
08123
02173
05981
06231
03883
01145
00574
06955
02540
03104
04617
06465
00602
06890
07105
00729
09011
03721
02078
08938
05842
07998
06388
02763
05720
06438
07681
06077
01313
07958
00784
00265
03162
01769
06167
05172
06857
05643
02680
07554
04310
00712
03132
02781
02430
00815
05753
03291
04461
00813
06110
00931
05030
06310
03285
01231
00122
02709
08336
07018
04278
03849
05761
00576
08807
03653
08449
08054
05691
08074
07049
04860
02247
06096
01341
04479
05243
04513
04052
00657
04655
00850
02540
03647
06800
05672
02446
08798
00690
04219
03903
01762
03253
00860
07340
01860
07686
05516
04200
00197
04762
03008
05932
00358
01263
01329
06178
07435
05450
06337
02755
00140
01784
06132
00260
05670
08912
05288
01848
08897
07199
04228
06253
04430
07000
00681
01780
06949
04083
01463
08094
07305
03545
00667
06213
05263
08081
07463
01065
02417
06771
08209
08217
04135
01374
06889
04878
07649
03987
01927
04898
02804
04240
07928
04617
03443
08827
00642
02070
08054
00698
04114
06009
05110
08809
06323
04446
08044
04659
03157
09033
04281
08216
05615
03431
07007
03455
06015
04210
08998
02776
02936
04190
02830
01519
04958
03641
04944
08481
03318
01781
08244
01879
03505
06156
07608
00169
01038
01521
08016
01475
06084
08298
06055
04707
04442
06193
02539
03224
06792
03269
01794
05812
00487
06994
00747
08550
06040
00500
07144
01950
03329
06742
00962
07886
00911
04683
04047
07981
04714
08514
07381
03294
00208
05460
06419
07100
04179
08043
04857
06961
03521
04401
06625
04954
08748
04002
06632
07814
04312
06075
05953
01271
01760
01573
02864
05738
02234
05146
04352
06150
02658
08291
06939
00169
05025
06007
08213
04666
04941
03596
04521
01782
04053
08960
07711
02190
05736
09031
03777
06603
07274
01264
06909
03431
04942
03546
05711
01801
08940
05709
04761
02399
06446
02562
03815
00926
03675
00104
06493
07429
06872
04645
02420
07583
05827
08341
08657
05073
01794
04289
05245
01525
02536
02365
01478
00303
00131
05808
03643
06089
01074
01897
00823
00036
08255
07528
05832
02210
05221
01661
03524
02346
03460
08149
01605
02892
07030
00448
04361
02338
08190
07312
08269
08708
01980
08296
04887
02678
05267
08572
00651
08919
02979
01905
07706
03122
07032
03036
08259
04541
07409
08468
08112
06260
08829
04905
03473
04405
06403
01373
01404
02598
01073
06395
07404
07300
07359
08775
07619
08488
00063
02085
06304
05484
05229
06120
06947
02329
05505
07787
08016
05530
07121
03884
00770
02788
05508
03189
06076
04818
01750
04497
00759
05796
05861
04059
08883
00681
08833
04353
08604
03970
01386
02448
07129
00410
03078
02460
02592
00947
06258
06620
08830
06975
08829
01149
00238
05225
03508
01437
07445
03258
08934
05014
02312
02617
03460
01807
06853
07863
06982
04195
08221
08471
03720
02173
06203
05650
04863
05837
00499
04699
08504
09081
04722
03639
04691
08372
05473
00795
02990
02560
06485
01907
02249
06338
04864
08704
07610
08404
01139
06853
05345
06471
04334
05296
00862
08039
01330
06664
04840
02989
00846
06186
00694
08152
05139
01525
03333
03595
06493
06619
08433
03930
03031
02267
08509
08048
07148
02049
06301
04418
01573
03205
08903
07839
04051
03296
02707
08639
07409
07060
05248
04453
00911
00750
01276
06569
05249
02899
08836
08680
06555
05712
04249
06905
04579
04027
00967
02404
04318
05032
08687
01772
02353
08281
04132
05941
02776
02699
01951
03865
03064
07745
08025
08406
03236
07374
02983
05058
07013
03871
02264
08153
04624
06423
05946
03323
03575
02264
02218
06982
06260
02675
02860
02352
05374
00367
07392
03695
06900
04582
02866
05048
02720
00197
08957
02767
00919
02023
04278
00285
06839
06854
08581
05864
07366
05275
09032
00389
02328
06100
01204
05770
00017
04899
05458
06139
03830
08021
03251
05292
05617
00632
01909
07326
01592
04051
03705
03295
05358
04248
02165
00650
08026
07872
02958
00712
04067
04372
03732
04994
01349
08904
03175
01165
04888
06762
03951
08744
05697
00148
06380
06192
00674
00714
02463
00916
04525
03154
00188
06473
01699
01478
00024
06294
04999
01994
03905
03338
02897
08907
05073
04151
04075
03316
07492
08849
07315
08175
03766
04905
05780
00360
00392
06031
02783
04295
08076
03385
07695
03919
06440
04362
06540
03812
06056
08885
03373
01969
03140
08928
06702
07707
00600
04968
00665
05056
00087
04980
04648
03115
04467
06098
00239
02181
04811
00574
00176
07755
07561
05335
04993
03183
02699
05899
07867
02815
00584
07611
03353
02836
08212
05140
04000
00205
01868
05112
03244
01287
03772
06713
04129
05561
00191
06269
06237
06527
08549
08268
08217
08851
00365
02122
03856
02976
08610
04481
04603
07493
07092
02735
01431
00046
06376
05680
05449
05804
03129
01336
06287
06555
07994
01680
00761
02678
05329
05848
07719
06905
06861
04352
01471
07402
08576
05292
01403
06299
03337
06574
01212
03145
05361
07278
05450
00979
06737
00066
05827
05905
08735
03904
03656
07542
03246
08862
02672
04529
05681
00824
07044
01997
08777
00720
04160
01189
00518
02859
03166
00668
01223
04016
08977
03636
04882
06371
06222
00962
04320
02481
01224
02210
08666
01975
08107
08254
02172
01401
00921
02166
08936
04076
06677
02762
08915
01491
02641
07319
03128
02035
06055
03227
00550
04742
06864
06380
00671
03644
01524
06605
04839
01865
03907
05134
01323
05746
03321
01057
06732
04370
03714
00826
06980
00565
03757
01919
07784
06162
05858
06673
00469
00013
06983
07228
07212
07204
00056
00477
02924
03562
06531
06742
08474
03955
05779
03902
05405
06401
07586
05005
08846
05082
04650
05688
01143
01103
08980
03605
01003
01591
01279
01534
08673
07913
03045
08914
00402
04615
02345
04278
04310
02832
05488
01107
06227
05745
06482
01316
07241
01103
01777
02716
04077
02588
05613
08636
03605
05905
05592
02405
08574
05460
00961
07374
05925
07355
03706
08547
05716
08289
04383
08575
01596
08080
04859
05830
04816
06669
02431
08780
03813
07961
00158
08239
08214
08844
01027
06895
00996
07592
04787
05665
02859
06255
02570
03126
01827
01798
02685
00858
06905
03948
00974
05757
06286
02795
04975
08164
01134
03538
07998
00649
08539
05634
05654
06174
02401
02498
01136
08361
03374
04707
00961
02574
05963
06742
02859
05397
02753
08299
04760
01398
04714
00583
05566
05847
04929
04920
02957
00697
00185
00743
03819
00475
02578
01364
07841
07469
05338
07243
02988
03801
06622
04652
09067
03180
03281
01640
04100
03663
05427
02330
01855
01848
07307
05129
04787
02013
03328
02848
06436
03801
06621
05535
06961
08267
02315
08028
08394
05087
07688
03849
06315
01807
07725
08525
02452
05971
04991
04213
02758
01233
08043
02574
04703
05437
07876
01937
07461
00936
05483
07395
00548
08980
06473
05403
03214
03096
00213
08593
08666
04746
03696
03170
06365
00727
06938
06170
03661
02895
05611
01198
07523
00366
06075
02844
05599
08211
04349
04972
01164
02671
08838
07553
04375
02090
05022
00732
05769
02507
06228
04429
03928
08813
06538
01549
00406
02534
05613
00609
04226
05887
03762
03445
03189
00219
05611
07543
07124
06463
04969
04959
03900
07667
03802
04517
05258
08866
07412
04615
05302
00326
08124
04217
08621
07039
03594
02330
03714
03968
07174
07547
01018
04257
08380
03452
04994
00055
05125
06589
00154
06581
08381
08735
04477
06419
02570
06679
08568
05822
08623
08235
02229
05500
05018
03137
01832
08202
07244
04905
02509
04932
00749
04331
04577
03351
07641
05866
02904
02259
05839
01196
07836
00581
07933
00218
05795
03432
07242
05413
03043
00996
06114
01163
04466
04795
04045
05324
01294
04464
08543
06566
06735
00010
02555
05439
08020
00595
04296
01919
04149
03750
04808
06192
05418
05818
02989
05934
01694
06925
07214
01509
04515
04790
01679
04673
02061
01847
07049
07371
04930
04618
03020
08298
02748
00230
07135
04856
07207
01871
07206
06431
08615
00808
01656
05046
08089
07990
05213
04142
04702
00834
00379
03952
08093
06182
02588
05261
06790
07380
08482
00405
06349
04584
07095
04763
05821
06753
00250
07282
07509
02548
00231
06902
06432
08990
08832
08150
00857
04712
05692
00939
01500
08012
07200
06573
03744
04141
08026
06489
04257
08251
01553
04039
04618
05330
02996
06203
05428
07655
09019
08140
09011
06263
01231
07680
04622
05423
00755
07299
03297
05679
02711
00643
06090
07038
03293
05917
01753
03483
03916
04451
00875
01432
05965
08417
05446
01224
01002
04201
05150
08535
03773
05855
04328
05754
05478
07646
01836
07112
06245
07411
06898
04061
07894
02119
08825
00648
04147
08036
06531
00884
08712
06129
08698
03561
03806
06627
07545
06038
07478
02533
00187
02373
03555
05834
01669
00154
05511
00839
05809
07920
05290
03827
08923
03928
01849
05736
04937
00195
03309
02413
02891
04944
04044
05193
06815
09089
08177
01500
03134
07140
03621
05523
02708
06354
06014
00174
02629
00958
06555
03551
03455
07343
01599
08286
07257
01361
02095
06601
08643
04435
00351
04105
06385
00207
06697
03946
07034
05877
00337
07240
00057
04786
04172
09088
08067
06101
05280
00155
06565
04936
00106
02954
08113
01346
04127
06806
04023
07288
01181
07538
01125
03518
00602
02564
03240
05705
02067
04396
05736
00515
04770
07241
04051
03003
02742
00630
02321
05870
04512
06137
05432
03139
05852
06300
00307
07100
03698
03280
05306
03209
00831
05343
02569
07231
01268
02081
07685
07913
01353
05827
06239
00323
06776
01621
03812
05625
08105
01923
06203
03046
03963
06815
05203
08863
08064
04505
08692
04318
08765
04115
07521
04304
04693
00676
02653
05479
03959
06597
02995
00561
06409
00764
01444
01163
00828
08341
01343
04206
04178
08410
00483
01664
01955
02342
00709
00823
02595
03802
00662
08611
08635
00804
00037
03413
07658
03330
04691
01120
05803
03207
02546
02871
02781
06017
04864
00222
04957
06516
05449
03599
00977
05919
08023
05481
05794
03513
01747
01604
08529
02329
02860
05563
02352
04055
07766
06816
01640
00047
04309
04954
