01647
04963
02799
04238
05215
05646
02579
08924
06245
09200
03792
03709
07412
03132
01886
04418
01184
05040
07724
03241
08194
06512
00099
04420
01505
07780
05753
02279
08045
02697
01866
02440
01755
05364
07787
01139
01485
03974
09515
06902
07792
03364
08747
06631
02892
07194
04134
08704
00751
05836
02670
03109
08594
07588
01671
05217
06441
00819
07729
03268
06426
05568
05900
04465
08706
05634
01832
08699
07504
07615
01691
05238
02563
02634
05093
03124
07231
06283
07643
05146
01687
09397
00580
03589
09506
09148
07792
04598
00804
03549
04873
01970
03200
07027
09637
01020
08508
00113
02355
08541
02245
01574
05686
07525
05786
03213
01249
00867
08724
08965
02164
07031
09296
00546
06616
01905
07057
02099
07942
08467
02360
01107
04786
04808
04450
01126
00272
07128
00729
07229
01822
02024
08995
03410
01601
05582
05152
04411
06171
06770
01835
01982
03066
03816
09534
09026
03508
02717
01535
08505
01447
07401
04822
03037
02071
08864
00740
05846
03722
05854
00584
07213
05907
07774
03643
09611
02040
01618
06883
02322
07735
08584
07401
02321
04253
03464
02100
06904
07079
07338
08269
01434
04889
07376
05718
07778
06712
02801
02587
07302
00534
08709
05959
01838
01541
00809
00919
04938
00822
07048
05881
03599
02530
02500
02378
08263
03788
07712
05420
04813
00437
04542
08998
02771
07352
04663
02836
08432
01473
00663
07294
03898
02949
04850
06633
07072
07844
06359
07254
09242
08388
02749
05800
00838
00426
09460
04509
00419
09436
02047
04084
07205
01954
04026
01186
01671
08313
05419
09360
06525
09078
07326
01565
03282
04355
00493
01129
00283
08453
04011
01565
06199
08022
03365
09122
08146
07477
08099
03802
01477
06317
07285
02690
07359
00907
06778
03338
02462
08520
01083
00721
07582
04983
00009
00237
00275
06460
08537
03404
07262
06146
01409
03179
02629
02655
09335
03472
00132
09470
03873
04313
06805
06662
00384
07920
08253
04266
01286
09533
01853
05277
03984
04949
02035
08476
01830
04385
03952
01643
02310
00231
04151
08693
07532
05369
02717
05112
08647
06538
00317
09465
09618
07147
08044
01544
04822
02547
06225
04189
04659
01484
09558
02803
02545
04442
02963
05154
04548
06550
03013
07813
09006
05768
03792
07005
01570
09597
00934
05125
05999
01168
08930
04550
05162
01600
00069
09567
05611
07415
07616
03619
07995
00998
09235
05655
05799
03238
03223
06960
00831
07799
06187
09273
08146
03468
06766
07370
03130
08806
04340
07833
05972
06682
09022
09470
04317
04846
05288
08150
06720
00188
00446
03980
00955
04716
08760
06525
03614
08531
02323
03118
06051
09492
04736
06372
05308
03271
04312
08792
04836
02213
08907
05721
00340
09312
03356
00719
08439
02448
08873
07666
05584
06790
08210
04428
05984
02569
01043
06896
05897
01774
04427
00128
01388
09130
02898
07370
05300
02941
00464
02087
03024
05069
01980
00064
05087
01702
00275
03867
02060
02055
06401
00431
05928
04349
01721
07155
06780
02689
09682
03629
07844
07704
02695
00486
02934
07737
00169
03634
04745
07789
03952
02663
00762
08447
00266
05592
03276
07635
08392
04989
08392
05393
06391
07916
04576
02644
06871
07098
02829
00353
09581
07103
07656
02903
05222
02589
03605
06483
02719
04105
00508
05633
09577
09353
00326
02525
05302
03787
07468
03073
04803
02737
07139
09382
08159
08630
00411
07553
03188
09687
04729
00576
00934
07836
00093
09600
03353
05315
07417
07074
07362
00699
00732
04651
05607
02760
06800
04234
02850
04857
08578
02826
03943
00923
00757
00540
05062
04980
03837
07147
02156
09072
05570
04794
06063
09565
03746
03786
00992
00810
06415
00074
06866
00108
08386
01917
01033
08680
03028
08076
06544
06607
02915
00227
07529
03363
08998
08934
08959
06995
07595
04689
00386
07320
05614
07880
03611
03709
04655
02739
02447
04929
00165
02922
09229
08511
09345
04477
02556
00577
02294
05951
03179
06365
03934
01945
02730
08713
06258
01489
08902
06307
00765
07684
06504
03791
03331
00614
04158
04470
08649
02442
06314
09280
00596
08922
01341
07676
07382
06321
02372
02931
05102
07135
06912
06815
09312
09550
01803
09510
05774
04923
02763
03440
03622
01733
03672
01558
02879
03186
02429
07841
07456
00631
05096
03899
06316
02747
05489
03613
00289
05623
04265
02598
03288
02449
01542
09576
04477
07011
05171
02197
05800
05324
02535
01425
05995
01374
00050
00819
04100
01999
04935
05449
06315
09429
03158
02358
06257
02016
07189
03224
09385
09548
04267
05435
07872
07461
02693
03317
05516
06800
03357
03950
02449
07495
00057
08111
04071
04900
08436
06128
02501
09302
09244
09596
08051
09401
04184
04302
07764
06954
09486
07909
04254
02380
05085
06336
05250
01397
08709
06885
00153
01037
01952
08701
06121
04816
01473
04149
02795
00943
00020
07019
02141
01573
08888
09627
05627
04412
04697
05025
04111
07164
09659
03718
06297
06631
01909
04303
04378
05220
04215
00921
01833
08773
04617
05566
05621
05403
01420
05681
07422
09647
03307
07386
03586
05943
00968
02869
07448
03684
04943
03277
03347
03830
04108
04649
06061
00113
01977
05947
02597
02383
09513
00473
07684
02434
03588
04393
09579
06289
07836
05396
07821
03607
01921
06264
07991
07809
00663
05388
01317
04430
03832
05009
00433
01737
06185
00046
07632
07473
01961
02884
08829
04576
03538
08356
03633
09291
01932
05999
03873
02558
06512
08949
04967
01789
07298
00205
09200
09090
04757
06053
09343
00622
08661
07245
09403
05716
08123
08807
04491
03085
03631
00934
08043
00891
07739
00227
07260
07387
07107
06699
01877
03997
05997
02774
06249
07628
04649
00430
06492
03371
05387
03239
00661
02680
06274
08298
04571
07611
01837
07926
05512
00668
07369
08342
01840
08002
01490
07666
01954
04903
07111
03785
08125
03942
00265
05596
00250
01787
03320
06253
07285
02099
03264
05523
02452
08924
07194
06502
09047
06771
09135
02795
00155
06653
05180
00147
00018
01824
02314
07301
03879
09024
04597
09417
03659
06062
05275
04162
03155
06072
08265
07532
03926
00306
06444
08325
02171
08010
01391
05255
09521
08116
02014
08047
06779
07029
03288
03236
09358
09030
06079
08811
06638
04292
05773
00819
05177
07868
01639
00465
04439
00233
02812
02858
03159
03737
05283
03084
09275
02953
02559
07863
03491
00717
03737
07818
05209
08685
01533
09459
06369
02462
02778
02656
03164
08012
07762
04323
07473
01424
08101
01373
00363
07583
09671
04103
08360
00012
07966
08297
03864
01479
02075
08352
07263
09658
07568
03772
07368
08179
01715
06843
06837
05528
08761
08390
05568
04500
08661
09666
08081
01923
06802
07901
03703
01810
08036
06919
07865
08025
08236
01820
07313
07906
06302
02477
02395
06175
09684
07612
08929
04020
07665
08940
01008
07606
01911
06607
06419
09416
08294
03914
07695
02917
07761
05727
07406
07830
09120
04490
06610
08650
09185
04352
00378
07872
05562
00507
07813
06849
05235
07527
00803
00400
07692
05687
02368
04399
03873
07063
00068
07764
09025
07657
08065
09212
00706
03188
02109
07663
00719
08633
00499
00227
04458
02122
00793
08271
08329
06548
02424
06492
03539
09129
09071
07211
05676
06814
04751
03804
03817
08836
05528
06460
02106
07074
09606
05478
01510
07171
08995
02193
08809
01614
04412
08438
06458
03294
01919
00192
07116
09341
04439
09547
03176
03749
03344
07604
06064
00947
05191
00919
04670
06752
03270
00015
07096
03373
06477
02511
00832
07026
03560
02128
00378
02043
09373
06286
00929
08563
08814
02283
04399
01667
09612
01258
05612
00884
09463
02673
04854
09193
05574
01328
08520
08211
04191
07455
00468
00150
08544
01754
06096
00481
03461
07331
06117
05847
01762
09596
02223
04282
02598
01896
09026
07349
06626
01818
01681
08041
07196
03605
03016
06568
02455
03810
01643
07683
04695
06834
02706
01414
03890
05143
05703
08194
01986
02676
04139
09630
02227
04386
02601
06199
08062
07063
04724
01723
09197
09190
05630
08781
04485
02035
04567
04520
06741
08077
04792
03278
04745
06950
03478
02491
07067
03995
00711
09367
01598
00465
03524
06140
05609
03852
01522
01569
07455
02060
00974
07821
01724
02294
00587
08448
01441
07517
05390
01933
06294
01954
00878
07212
00633
01137
02636
00655
05859
04165
00802
03740
01750
01064
05939
05190
07814
05109
00110
03325
02760
06695
02944
04551
05113
02931
09201
07582
02846
03665
09391
09284
06881
06572
08758
00699
03212
04576
09575
06405
07365
06318
04924
09531
05277
04651
04118
01474
02923
06369
03174
05835
01126
08139
03646
00246
08291
04064
05867
04890
03177
08300
05004
04012
02465
08547
00146
04305
06906
01491
05796
07845
00707
06953
07655
03438
00408
00011
04571
04702
06432
09221
04520
02294
05860
08130
05095
02265
01146
02774
03909
05501
04629
06358
09134
07524
01232
03836
05952
07370
00366
04326
03567
05563
08052
04338
07717
07413
07910
06392
08895
08217
04114
08280
07614
02635
07527
00262
07380
00007
09610
03656
02452
02498
04410
05527
02901
04842
04857
01635
06891
00619
00324
06637
05072
05140
03764
09670
07929
04338
09444
01230
05745
01179
00099
02154
07556
03146
06490
04457
07961
07586
09059
07918
02211
02558
04697
02827
05285
04625
07956
05474
07060
09440
00990
05920
02034
03834
02715
03012
08892
04971
01198
03089
01595
03948
09312
00832
07104
01218
03866
01769
04458
03505
04761
08505
07706
07393
08682
04718
05633
03910
05093
06083
08190
05317
08725
06178
05166
02823
05073
05033
02541
06548
06955
08165
07827
04764
04942
07178
03080
01256
07095
03971
06375
07601
04208
03217
01393
01790
08868
02764
00410
03355
03100
04458
07125
00305
01976
05053
00284
00026
00314
04276
05332
07598
03067
06330
07766
03692
06831
04550
00348
00403
03292
06023
00515
07784
02612
09360
01237
02239
09332
04769
00692
09318
08617
01458
05217
03481
07496
05320
05368
00059
07494
00249
08517
05569
04615
03347
03572
08951
01405
04539
07150
00344
06069
03469
04879
00760
09005
02620
06749
04129
07889
03364
02291
03021
03488
07895
02791
03288
02908
09654
01922
00930
05310
09377
04276
01529
00087
01714
00381
03416
01214
05758
07608
01515
00919
08477
04463
04127
04663
00365
03925
03135
08988
01367
04206
08418
02077
01098
02286
03288
05397
03540
06077
06891
00600
05059
05894
07097
03930
06421
07576
09009
04568
02417
03513
03340
05478
07295
01419
05915
07463
09694
08017
06999
02340
06256
09127
03640
03956
06742
05522
01018
06126
02951
05574
07038
02801
07488
00862
00230
02884
05506
05130
07441
01669
06759
06109
04334
01825
01706
00135
07711
07767
03507
06114
02509
00730
02548
01116
03575
09133
02984
04131
02809
01557
00905
00945
00136
08149
04091
02805
01579
04027
05267
07895
00225
06919
04245
07301
03718
05657
01604
01270
03299
05712
01241
04179
04055
07982
05803
08810
04768
08824
04191
00966
02395
04346
01443
01798
02624
02364
08756
05934
07890
05044
07305
00555
02011
01945
09242
07544
07411
08141
05207
07665
03672
05398
02375
05573
06935
02787
06578
05484
03165
00613
01239
04626
09053
05010
04217
06368
02630
06703
05996
05337
09093
04137
03352
01574
04405
06958
02383
06986
05790
01610
09297
02348
04024
09590
08430
00918
00913
02081
06359
05848
08048
09552
05105
07111
07870
01096
06003
07981
01274
02172
02198
09690
04072
03938
02460
01671
03073
06588
05287
00923
03051
00815
03852
04371
05533
04290
00565
03908
02335
02517
03590
03592
00112
08846
08460
02494
04443
06237
08440
00915
03864
08332
02563
03401
01832
05906
09381
07379
06997
01442
04610
05108
07966
07685
07701
03633
00438
07231
08908
04046
03571
04743
01189
08669
07965
08133
05932
08762
03656
09009
00674
00910
07196
02756
00718
09175
00637
08446
03611
07626
06240
02095
01837
07124
01886
02687
05812
05855
08707
02738
02316
00241
07637
04354
03595
00983
02011
06446
05454
01991
02393
00267
09640
03640
02703
09306
07180
08171
01054
02605
08017
03360
07863
05905
08727
07759
00720
04498
05822
06333
03608
07125
09548
09535
09243
08750
08160
00613
05062
01529
09678
03077
05577
00088
02393
08259
01584
02495
04487
05218
07321
05780
01637
09348
07736
01599
02981
02014
06187
01725
02684
05963
03337
04966
07860
00862
03451
05800
00935
04681
06751
02871
04639
05657
07645
06387
03530
08029
04647
08464
00034
06578
06999
01167
06761
05211
05917
05841
08026
00328
09676
02733
05661
00641
03703
02927
06137
04374
00273
00428
01778
04513
04776
06042
09029
01626
07044
05860
01264
03323
01888
08467
02326
05677
02327
03165
07275
04129
07068
07287
01758
02365
01131
04077
05744
00010
04428
05590
07323
06773
04143
08193
00671
03958
05803
01775
07208
08213
02975
03624
03929
07596
06023
00190
01833
02314
00451
03318
06349
08046
09483
07941
03718
03909
07899
00090
02845
02131
00690
07301
07601
04773
04494
06856
05455
00971
01879
03271
03598
01240
00594
04587
00254
02643
09060
06396
00067
03958
02988
05331
03336
04894
02421
06267
02213
04817
03461
07428
06395
03956
07460
01066
08731
04913
06241
02076
00174
00078
00912
07352
02200
07737
05564
08336
07343
07107
03220
01516
04447
08808
07489
07891
08504
02996
09618
09053
03624
00932
04557
07258
01300
05877
01898
08007
06361
01094
03454
00654
03832
09449
09382
04252
06640
03199
05082
02336
03648
02457
09601
05440
02857
07792
08227
02840
06697
04661
04647
08967
05066
07454
08446
05224
04346
06173
05252
02282
05712
00634
02638
03497
00321
05493
00582
04005
07397
08942
03576
00959
03989
03889
04357
02750
08738
01950
02430
00039
07359
07253
03726
01841
05175
03536
06685
01295
07074
09581
05186
04658
02240
04779
00209
03130
09501
02978
01266
02853
07660
03811
09297
02003
00161
09399
07183
02660
05049
08375
02941
01638
07902
04244
04529
09115
05504
04701
00714
04323
02645
09581
05345
06882
00020
03445
07618
04796
06812
07956
04120
09567
00816
06873
07690
01975
02202
05186
09095
07825
02735
09102
06537
05605
05934
04693
08006
08077
00889
07325
02772
04967
08433
05521
03940
00040
01592
03954
04826
01680
00218
07674
04443
02730
07905
04868
07883
01281
07327
03131
07565
08729
02574
02367
03598
00063
05671
00322
07147
00471
09576
00168
01772
06920
03211
01197
08386
03779
07701
07416
04132
09282
06754
06245
08151
06148
03976
07309
02871
08693
05495
09150
09634
06591
06249
03294
06151
06933
08528
02749
08959
07025
03083
00575
09554
06813
08147
07244
09361
00991
01434
08090
06798
03465
05350
08077
08172
00147
01400
00663
04123
05336
06431
08111
03340
07533
00614
07260
07981
09670
05027
08279
06575
06975
05150
01877
08085
06527
08008
03643
01901
04647
01107
07001
06657
09497
03296
06298
05198
05973
08526
01090
00871
05582
03028
07005
03833
07090
07349
06796
01928
01451
05834
03103
09145
02694
01180
06906
08718
03301
00676
09494
01480
08097
01197
03279
00316
01631
09150
01727
07202
08665
02361
04946
09334
01170
00168
06754
03136
05502
06246
05455
09423
04755
02982
03399
03107
00212
04489
05031
01413
04492
03258
04929
02383
06724
07875
08158
08793
06063
02882
04222
02166
06471
04878
04892
03317
04180
01300
07680
01053
05577
00822
08259
00375
05751
07099
00041
05519
05558
00958
05570
01781
00063
09321
06183
03487
05252
02690
01762
02917
07324
01297
06993
04640
06722
04559
02691
01339
02957
00912
01820
08928
01231
00885
00694
05072
06226
07037
04818
04791
06832
07782
06961
05555
00487
02971
03174
06059
06521
07977
02457
00535
02426
08167
04092
01791
02116
04211
07423
03450
07853
07192
02789
09090
08120
03869
00003
00033
01317
08108
01261
05122
01195
08057
05492
06610
07147
00990
08840
07207
03363
06016
01389
01536
08474
00784
02217
08843
07264
01308
07120
06324
05387
02692
07505
09361
03440
05017
07079
01395
06235
08248
02160
06832
08241
04000
09629
06476
08704
02443
04609
03495
01746
06516
01165
07368
05276
04952
04534
07208
05806
00830
09227
09029
02876
02427
01942
00891
03543
00482
06076
02086
04905
01677
04561
08274
06708
06122
03382
04631
08258
01922
04759
09607
04350
06621
08321
05763
02783
00083
03069
09455
06294
00105
06631
06538
08631
01483
03505
08455
00277
07646
03012
01429
02579
01347
04253
03142
00490
05244
05143
00319
09220
02067
04600
08284
04047
01597
07082
04400
09268
06512
09064
07618
01528
00950
05413
03651
08221
00650
07098
05277
04098
09181
07979
02049
08116
02861
09272
09054
05400
03989
07014
04921
03534
04378
06822
02604
07677
01230
07811
00027
01446
04865
00067
07607
06916
08036
04671
03080
02401
01118
04680
05033
09290
07425
05247
03497
00604
08577
04242
04221
08095
07830
07681
01805
02665
09647
00851
03433
03104
03112
08860
04278
07462
02056
07828
09685
08098
05428
07675
01024
00364
04757
09397
01563
07737
05745
02146
03279
01540
03521
04910
09219
02233
02530
05303
04039
05625
03790
01619
04086
07661
05922
01438
04939
07499
01783
07157
05204
03126
04053
09672
02816
08701
06748
07039
01059
04367
01914
01163
03649
08488
00547
05337
01828
07808
05613
08944
03974
09121
06335
02552
07875
06854
03524
04899
07210
04826
06544
08323
02828
08220
03960
01491
04663
02841
04800
08455
05422
08065
05490
06191
03171
02607
06905
08799
01548
01507
06584
02901
07751
04542
01477
06704
04704
04192
03539
03449
03937
08227
05620
09258
08938
04176
02944
09299
09698
02195
04571
07280
07899
08721
01881
08272
07638
00018
05744
00492
02051
02901
03790
02645
05009
06711
06174
01228
04429
06551
06682
03156
04498
01841
01063
03222
03888
02198
09205
01432
04941
00384
05486
05000
03926
06728
04430
08712
06346
08912
09692
07192
09298
00552
03124
06116
00233
06096
04620
00936
00519
02316
08638
06534
03654
09436
06701
02758
01144
09639
00136
05314
06204
04356
07980
06009
00663
08562
05353
04231
03295
00086
05205
06230
03892
04815
07313
05586
08403
00663
04257
04792
07284
00513
06034
09153
05828
04437
04966
04651
07857
00705
07348
00278
05062
07458
02415
09496
03578
06888
08855
02371
07932
09579
00047
04211
05861
07837
03257
00276
07523
04837
07955
02751
00906
04523
07474
05640
07449
04276
00910
06105
01047
07585
03002
04962
09628
08690
01414
08849
05615
06316
07079
04122
09682
04460
03554
01899
01609
08820
09153
03585
01604
08785
06195
04174
07740
01523
07303
06068
02389
07280
04925
02000
07654
06379
00301
07849
08733
04709
08608
09224
03187
00699
00089
03219
01260
05520
04645
00154
08204
08531
00668
05169
08186
08572
05065
07293
07842
08711
01928
08056
08843
03297
04674
08808
04894
01696
07677
03792
04702
07315
08171
02824
01829
08998
01354
02438
04527
08696
07406
02627
01782
03798
08143
06509
03707
03453
05053
09004
03213
07881
03790
08372
05484
09212
06047
02980
00791
06274
03791
06253
01207
05239
05853
03106
02773
04499
05789
06496
08031
01719
02343
01307
08500
08789
02949
02288
04857
00654
07907
07455
06679
00799
06719
03868
04823
04245
05766
08209
00970
02006
02886
03219
03455
09618
09348
03058
07615
05428
07967
00244
07327
07130
02974
01490
07232
00611
04022
09386
04981
04759
01442
04861
00854
07895
00018
06681
08674
00731
09109
03399
01070
02925
04535
00038
09043
02371
06470
07916
05215
07811
04875
06286
04845
06473
09681
07628
00636
02290
00063
02235
03126
04901
00224
09579
06544
01511
08949
04173
07059
02395
09006
06666
06407
09025
09153
00783
03363
03199
06820
08783
08365
06026
08745
06975
01286
01419
00101
09157
04655
00817
08495
08320
04533
04072
00180
06085
09375
08805
06760
09431
06018
09504
07034
00097
04821
07120
04556
09268
06466
05849
03686
08697
08030
07560
01098
09190
07373
05244
01334
06724
04633
08392
07647
07208
04506
01007
05897
05031
05562
02415
03139
08640
08324
09167
04841
02090
03624
05432
09237
02224
08733
02606
08456
04456
07100
03540
02926
08431
04452
08257
01789
08670
05123
03371
01154
02667
01252
07062
00957
06896
02250
06687
04864
06154
05633
04107
08359
06951
02280
02043
00675
04896
05848
08685
08514
09277
04045
07844
03955
03858
04971
09378
08883
06467
01663
03406
00864
03070
07640
04666
01290
05621
07013
08492
08008
09108
01149
06533
07620
01608
05918
02607
07071
08822
00826
08007
01531
04035
08888
00875
02224
07700
02328
09398
09103
05119
04887
06001
04870
01576
07862
06091
03725
02186
06856
09221
00745
02370
06219
02584
04288
02175
04949
01674
05216
06917
09000
04927
06909
02416
00009
00144
02338
05388
01841
01177
09248
08605
03402
03061
03959
09457
00941
06576
07210
04507
02332
06836
02886
04033
05356
08621
03798
04678
05868
06794
02482
01345
06118
06398
09407
07794
03816
08349
08279
03174
00583
00437
08486
06603
06156
01244
08428
03197
05978
04158
02933
08808
00108
09160
09292
00643
03831
08200
02828
00910
05545
06205
09658
01962
02279
05331
06672
07702
09186
08053
01398
05778
06941
08803
07620
06139
06773
00563
08904
01685
08089
03092
06746
04184
05052
09553
06902
08243
07490
02232
06049
08015
01156
01274
07140
04665
08544
08847
07065
02955
02181
05896
04812
07157
01300
07757
08028
08269
05377
04646
08604
06088
07693
07659
07449
06496
07620
07418
00388
04754
04294
01273
03928
00257
05047
02564
04374
01685
06497
05010
05279
05167
03683
07009
00392
07006
03688
04471
09636
05107
06072
00237
05778
04514
05983
07338
01341
04864
08912
00141
03435
04970
05490
06820
08270
03248
06655
00149
05362
03483
06445
02231
01384
08128
04195
01434
08475
00289
04940
00548
03109
02707
05935
05868
02317
04904
01903
09270
07964
08632
08065
05621
00486
03670
01196
09113
06780
09515
05305
06808
09208
06581
01209
08478
06709
09067
02429
04918
00120
02203
04853
00369
06983
08703
04941
07004
05870
07252
02908
01294
05261
03695
09186
07110
09274
03782
02773
02399
07036
05459
01056
07577
02083
08561
05325
04256
00678
01184
06397
05665
08943
03495
00483
05070
05247
01161
05461
04967
01232
00180
04571
02371
08887
04135
04214
08820
00006
05142
01564
03118
02735
00708
04068
06767
06883
01334
05348
01517
07707
05063
02479
06839
01789
09053
08369
03438
03583
02525
02301
07950
06404
03532
08527
04132
03691
01566
07667
02835
00043
05231
07302
03432
01537
02665
01345
09140
09193
00581
05923
07768
07348
07351
04676
08652
00045
04925
07160
07941
06755
05445
00453
09078
08052
07294
06030
01758
00586
07205
03920
06719
05435
05768
08055
07838
02333
05752
06027
04767
02360
03673
01186
00458
07824
02978
02011
02148
05728
08608
01459
03612
04089
07567
09175
03529
05559
05032
06321
03284
06382
03295
07170
05300
06189
07370
00135
03866
03081
00843
08455
04468
00068
05102
05056
08938
03261
05426
06168
02791
00369
04429
08668
02186
00224
01684
00412
05661
01070
07070
00871
08595
05192
00190
04183
00654
06550
09395
00989
03560
00740
01995
02651
06503
05714
08296
04294
05617
03761
02755
09550
00693
09276
02944
04068
07824
04840
06296
08433
04964
08268
09146
06042
06295
06068
06660
00029
03789
03825
00469
04009
02855
01081
04772
08361
08004
02294
07640
04707
04262
02218
07783
02852
03682
01930
06126
01682
05950
09456
08207
03693
06712
02602
02266
04767
03647
09074
02402
03498
00653
06847
05911
04921
00780
01206
09061
08120
07827
01278
01793
01420
04998
07490
08744
04559
00879
05174
09262
02824
08523
02726
06312
01036
01759
02111
04621
01590
00664
02685
08719
04292
06639
07798
04906
08235
09607
00677
04540
02112
08216
00769
01799
04141
00972
07854
03123
06416
00358
05989
05000
09291
01516
02568
01704
03558
09391
02419
06015
07086
08257
06371
04257
01114
03593
02081
04841
04400
00670
03472
01223
02625
04647
02632
01298
05242
02409
05358
05676
09072
02208
07582
01464
05787
09592
03271
01019
03615
06634
08047
07449
05688
02782
00923
07458
08588
04756
08117
04116
02043
06044
03285
02619
08547
03604
03601
08131
04782
07249
08879
07707
00186
02337
08249
08899
03735
06735
04743
03605
03148
03054
03242
05522
04195
00952
00988
04723
00651
02224
00677
02831
08917
07783
06209
03919
05487
03304
09127
09593
03558
02739
01102
00432
07862
07330
03587
02232
07780
00359
09136
09690
07087
00718
02324
00230
07436
03239
03064
06492
07989
06758
01926
02203
05202
05667
09612
02637
05407
09457
03739
07488
06537
02859
08418
01314
03408
08933
02011
07347
06165
08541
06470
07205
08278
09101
00750
03837
02199
06554
03897
05281
04516
01160
02591
02043
07789
05725
04150
02587
00025
06876
03004
08825
06612
00298
08910
00934
00356
04507
09298
02933
03423
03183
02657
07415
04956
09201
05688
03944
08607
00546
00404
07981
04163
04755
04612
08959
05991
04245
03771
00570
00276
00401
04443
07411
03303
03408
04718
04016
02162
02317
08975
01625
08414
06893
08721
06164
07169
08141
05465
05230
02065
03402
01169
00489
02318
04880
09046
05763
09572
03158
02498
01978
08296
04540
02591
09042
03721
04520
04921
08443
09071
05549
08735
01059
01290
00587
00630
01056
08505
00301
00425
08587
08677
08207
03276
06665
06649
09169
01916
07256
08299
00844
05117
04862
03058
05434
01936
04903
04176
06086
03353
05353
07514
09612
09632
01059
08418
08111
00707
07318
01720
08612
08216
09432
03983
01793
04641
06537
04404
07531
03019
02209
01133
03980
04035
07099
04644
02813
03487
05384
02513
09223
08564
01940
04458
02095
03137
05818
08807
01264
05482
02851
07527
06496
06979
07116
00702
02119
01096
03797
00347
05139
00810
05642
08721
04458
01595
03378
06056
02942
00207
05939
02771
05099
01472
08441
02901
07692
03495
06875
07316
00600
04737
01299
03725
06616
09462
03143
08970
01973
06681
06872
05387
08419
05205
04428
08737
03209
01210
06557
07568
01014
01045
07540
03336
05049
07871
06415
01611
02573
03845
04754
06642
04395
06717
04510
05238
04416
05840
02709
08413
01672
06948
00203
05319
06413
03273
07354
07775
07506
01253
03892
07218
05063
03036
05377
08460
01102
03574
00864
03266
08232
09656
08808
03809
05406
08387
04772
01806
01824
05125
07639
04161
03059
02724
08230
03123
00184
06977
08564
09587
03396
04970
06181
06541
00195
07533
04368
09073
01437
06205
01906
03535
08859
08866
02003
01832
08433
04829
02236
08429
08596
06718
04240
03523
00023
03071
08601
09035
01087
07054
03090
04126
05076
07950
08478
00242
03472
01314
06784
05669
01439
06076
09454
03411
01633
09642
08077
03872
03123
02552
03571
04511
07428
05238
09160
04182
09208
07159
05991
03951
07900
00167
03689
03584
06313
09365
08828
04403
08028
00578
05973
01820
08987
02883
05048
01833
02465
05133
06582
03785
05480
05956
09293
03860
08592
08265
04112
08451
04777
00005
00425
03215
08410
07572
09548
06781
01072
01411
05171
06542
01677
02254
02672
03536
01454
01769
08772
05113
00357
05854
01388
05738
04817
04484
01726
06281
01068
00708
04899
07662
01351
02453
02380
03200
05148
01514
05399
08604
03816
03223
03702
02053
09257
05964
04764
00879
00323
04644
07533
06299
08824
08110
04341
07240
08510
04730
03757
05641
03568
09378
03153
06198
09321
05023
05121
03705
01556
02244
03671
07642
04510
01203
00879
05538
02527
07332
05649
04589
08967
05454
09196
07847
01281
00952
04224
00235
08358
03057
05663
03060
05576
02332
06146
00136
09647
07103
08999
07557
03881
09063
09067
07775
02842
02362
09212
01724
07766
06305
01040
07412
03366
08541
06249
06478
00386
08764
00914
08047
06618
01252
06712
04786
08928
08037
08179
03948
04087
09181
08148
00330
04855
06278
09359
06314
05595
09611
06266
09639
00728
02371
08280
07530
08455
05687
01292
03882
04146
02951
01558
00703
01121
03445
05008
07087
07909
05293
03119
05285
08594
05685
08453
05552
09613
05589
06303
03280
06245
07892
01177
01048
09000
07999
02529
06507
00430
07274
04149
04181
03901
06392
05636
03899
02912
02362
03171
04631
03929
02585
08062
00168
04467
03279
02094
08149
06537
03009
01000
01092
05953
05447
06896
01309
08833
05656
00971
04029
07840
04972
07367
00374
01383
01695
03140
06801
00698
06352
02372
02043
07225
02640
06581
02808
08551
06779
02467
04482
01678
01973
02549
03407
05135
07065
04508
08296
04153
03894
09555
01406
04369
04074
07075
09629
05780
00525
08191
03982
08244
07248
01840
08870
03293
08999
00718
01335
03549
08552
00112
04688
00032
08522
02146
02445
08626
05590
05993
06432
00287
07246
05244
02534
08812
08688
03521
03786
05944
02082
06828
06297
04265
02576
08711
08608
02694
03773
03939
07143
07431
09551
06816
06390
08379
03447
04760
08129
02074
04990
03639
03784
09175
04363
06494
00350
05845
02854
08797
08337
03443
02737
08139
08040
01174
01285
08737
02325
08390
04939
06356
06164
01653
03733
08456
00268
08903
08721
09417
08169
00125
06089
08850
07139
05577
07066
02697
02754
04790
04167
03222
02215
01357
03446
05696
06452
08918
09455
01654
09533
03095
02984
01843
05707
08188
05752
09232
03918
09320
02846
02463
02934
03740
01863
01537
07178
07888
09338
04818
05882
09056
05309
04965
08027
02826
04953
08692
04049
00922
09221
07105
04620
08679
07484
09430
04556
08539
07137
04687
08556
04958
06817
08718
04251
06701
01356
05117
00614
07754
03692
02868
01033
03305
01687
08778
09628
07382
01419
09242
04438
05978
01749
00075
05179
02007
05376
02649
00443
08339
04816
02811
00590
07645
06679
02977
06170
03056
08200
02894
08172
05554
08019
03832
02660
00673
05908
07573
09052
05389
07100
05822
01944
02425
01394
04416
09240
01760
03275
08426
01599
02776
05993
05590
04681
02061
09227
00999
06956
08184
09002
00744
02139
04628
04311
08748
05902
00360
03518
03402
08419
06475
06443
01673
01591
02943
00783
02704
06161
03272
05429
02707
09097
03541
04492
05033
06352
01238
06710
02435
02408
01274
00400
00383
03726
00768
03621
07530
02041
03344
02259
02332
08971
04652
03192
05650
06386
08237
04786
00970
03257
03549
08467
09227
04544
02170
01349
05600
05403
07532
04834
09102
08403
05566
09168
01886
07863
03550
02192
01533
01743
05716
05148
04540
03665
03936
07143
01585
04550
01315
08237
03523
04504
00369
06137
02794
05570
02013
07868
01602
03834
08084
06350
00638
01109
00782
03555
00854
07322
05062
08224
02470
01772
06162
09173
07418
09502
03275
04137
08690
01662
00124
01813
02955
01770
00750
00493
05377
07688
03415
03680
04952
00393
07660
09411
01010
09277
02413
03317
08367
02697
09573
06366
02172
05401
07234
01514
04526
04813
03198
08574
01826
03607
05933
09610
08302
02172
02203
01758
08019
05585
05802
04667
03294
06308
00285
06156
02802
08460
07461
01431
00277
08266
08669
03186
03403
03738
09433
07919
07907
08478
07975
00869
00412
07561
04901
08720
07531
08464
02099
05497
07984
01015
06934
08927
09228
08148
00891
05110
07603
08694
01642
08851
06967
04891
06323
00023
04067
08186
04246
02132
04830
02009
02931
06262
08800
00700
03769
09207
03116
00648
06992
01168
02992
06063
06134
04761
02414
05527
02167
04664
05628
08118
04413
06653
06370
03266
09495
09317
06257
08891
03326
03945
00607
03262
06831
04922
06299
01863
04928
03787
05219
01223
06673
00023
01092
04548
02759
06070
08675
08887
01775
02014
08085
02969
00842
01823
01414
06350
02685
08664
01315
04358
03257
04666
06186
05009
05629
02132
03999
05535
00099
00308
00301
02637
04446
01240
03803
05807
05092
02984
07973
06063
05217
06201
07130
09027
01852
01416
01595
08431
08314
01065
06272
07514
01322
01018
05771
06291
07862
08024
08351
05635
08793
00238
04753
01654
08898
01366
08117
04884
02162
01340
04586
04031
00115
03836
06668
02319
07471
01128
07941
04601
05596
01276
05793
03937
09601
09087
05013
02387
07279
09275
08196
01172
01507
08232
01469
03263
08823
06626
05707
01459
07404
00670
03118
07108
04442
05240
02734
09026
02100
07990
08779
07753
08312
05472
08228
04876
01076
03667
09437
02260
02426
08116
04360
05402
02872
00632
08643
00886
04692
05146
08096
00215
00587
02186
08343
01144
04683
06408
04329
07960
01523
06352
08646
02277
07551
06009
04596
06538
06664
06451
09075
07216
06269
00944
07738
03213
01289
01988
02412
07605
04529
06054
03732
07856
08187
00543
00039
04149
04160
07452
05127
05492
01303
08408
04634
02287
09311
01787
02217
08576
06551
07804
07791
02791
03466
08062
01686
01260
03586
00254
05360
08719
06494
00328
03739
00568
05719
00435
02167
01317
07215
08961
01454
03919
04729
09219
02339
01906
08225
01323
03312
09342
04765
08248
07077
09503
01791
00355
08068
02411
08690
04264
09458
02176
06655
01487
07298
06465
08967
02077
04823
09246
08119
07926
03173
01288
00012
04953
09644
06166
07638
09133
08459
07319
02797
04784
02216
03289
00182
03193
07661
06968
06041
00675
05364
01088
01228
03468
03964
06531
00088
08952
05091
01895
08343
01968
05485
00417
00209
06782
09314
03771
02308
03548
09645
00652
09056
04452
05337
00846
04365
03495
07552
08033
00364
02751
05900
05767
06249
02849
06185
03564
08346
08969
07378
09068
06857
02846
07952
02163
09107
00958
09013
04286
01665
00008
02975
06437
01669
03399
05176
07545
08251
01691
03641
08499
08163
07008
04519
07046
03166
03566
03674
05302
08916
06325
02334
00342
05203
09120
04136
05953
02003
02837
03529
02325
00796
06194
02003
01805
02777
08083
03524
04142
02227
09109
04113
07597
04253
06150
02309
08263
04027
09010
00342
07449
09290
00270
04817
08759
03715
07479
02297
00385
00565
00827
01486
07470
08168
07673
05392
07633
00124
00627
04551
04313
04119
00157
04283
03252
08807
08804
06205
07400
03160
07633
09301
06635
04842
05537
05791
09581
01512
01134
05705
02464
07383
03336
04355
09584
08151
08993
01394
08037
02129
08402
05147
03518
05166
08432
07535
07964
02868
09480
05212
02412
03169
02180
07567
02890
06233
07374
06562
00647
03814
06094
00742
01562
07460
00855
01457
06615
03527
03127
03645
03440
07512
05238
07345
03878
00116
03677
03466
08724
04408
04789
01238
02619
03078
05270
05973
06230
03893
06089
08948
03989
00032
05306
08079
04386
03974
06482
03264
07899
05126
06686
09294
07427
08806
07385
01365
08623
06696
05801
05682
01885
09085
01910
03723
03153
01315
08119
06346
00417
04334
02038
03099
03271
02232
09070
03256
00197
01997
09627
07928
07480
06367
00871
08496
07730
00310
09520
06938
02023
03004
03011
00257
05695
01640
08016
03875
08795
01569
05504
00186
09089
09343
05440
08888
01661
00685
09291
03158
07626
01282
08816
01576
08591
07085
06737
00324
00340
07645
02992
01854
08173
00419
00308
06871
02285
07260
01588
08381
07927
06974
02912
07218
03998
06253
07337
09554
03888
03063
07028
08960
03594
02945
06819
07586
02614
05490
04756
03116
00698
01479
03515
04479
07217
00821
02731
00142
00884
08570
09492
04250
07527
08123
08800
01532
06786
02596
07711
02924
00382
01094
03734
03094
05617
01289
04037
08608
05043
03165
09393
09178
01884
08079
04622
07298
02871
03310
07380
06412
01380
09297
04945
03174
06626
09200
07759
02414
03750
03286
02164
04377
01061
03378
06272
00573
09683
09595
05958
02283
08413
01474
05428
08277
06905
04470
01369
06854
07499
07110
01332
05080
02156
06251
03051
07301
02356
04602
06070
04904
00505
08930
06998
07042
01368
07959
08583
04940
08455
05718
00410
09250
05800
04573
05679
04638
06046
09115
09599
02425
09078
07721
07126
01507
07225
06436
01158
06051
03017
05975
01908
01328
08593
09018
04058
02991
06987
04201
00049
03719
01493
06062
03205
00151
04381
06694
04744
01868
03726
04411
01586
00557
03803
01527
05459
08600
04547
09397
06206
08147
05825
04233
07909
00348
01927
05950
08041
05655
04407
06236
06121
08806
02371
08941
08915
03836
00906
09305
06279
07219
04658
04909
04069
09663
03457
09532
06334
02723
08973
03005
09074
03806
01733
02658
06126
03760
01135
01631
03777
05200
06978
06444
06264
04446
00319
02920
08743
07842
04149
07698
05143
05099
08122
08442
04007
04939
06262
00908
02583
04284
01352
07905
09696
06772
08939
03112
07078
05394
05492
06461
07271
00768
04769
02525
08333
00294
04110
08166
02127
03196
01156
06137
02996
08765
06818
07621
09646
08120
01330
08327
08483
02008
05339
02817
04698
01924
03509
08349
09525
06608
08803
07683
07703
01268
06741
02803
00261
01746
05555
05592
05585
08380
00225
02434
02691
02996
03517
01915
02700
08896
02555
00845
05301
01885
00227
07808
06414
03780
09294
01375
06764
04737
07715
05389
00864
06660
01597
07494
04494
09070
02619
08937
08099
06764
09279
07565
01183
03772
08376
02867
01226
08261
07474
04179
05578
04541
09632
00555
07590
04402
01550
07512
02287
02009
03445
06584
02488
05651
08997
07635
09115
08163
08734
05239
01983
04817
08182
03022
03929
06989
07490
03666
00044
06344
00440
08279
02993
04444
07446
02861
08531
09567
06070
04170
00196
04881
09525
04788
00398
04971
08721
07824
07517
04324
04051
02030
04902
05731
04551
07565
06756
01140
04577
03295
05034
02900
03620
08494
08626
04829
00296
04054
07378
09599
02304
05807
06913
06344
05107
00464
06193
08442
08694
03914
07887
04990
06107
01787
08660
06814
00732
06702
06328
09368
09330
04087
07056
07587
06122
02796
06442
05972
03575
05476
01093
05489
08438
03705
03118
03250
06802
08933
01127
05664
05822
05209
09622
07331
03526
05485
01245
02197
00303
03861
07206
00193
05132
03066
00594
02111
03678
02974
06808
01417
01270
02100
00037
07843
07934
01391
01342
02439
07183
00462
05446
06183
04231
03186
01945
06581
09135
04841
04897
04126
00739
04762
08329
03508
07005
01971
06056
08513
08268
07054
00469
08344
03067
08933
06021
01211
06314
05756
00089
08868
02089
03740
03779
02438
05832
03495
05088
02763
08463
02379
01184
05547
05576
04510
06794
04700
09030
03946
09402
01349
07292
07037
08628
09522
05703
05132
02675
06058
03137
08430
01612
03816
00977
07670
06258
08600
00109
09005
01140
01642
05654
09186
02090
06544
06566
02939
09524
07193
05830
01752
04999
02935
06491
08304
05682
05722
04401
06992
04994
04599
04952
08172
09626
05335
04511
04557
03855
05554
05766
07277
07672
09540
01619
05170
04870
04715
02129
00046
01423
01160
00534
05677
04329
07630
04956
00249
06590
08173
06839
01075
06725
08236
07133
01574
02756
05618
03994
06860
07718
08315
07479
02205
07401
06867
07543
02477
08214
02826
03926
04807
06800
07515
04674
09288
06282
05123
03446
02630
04924
07597
09254
05577
05714
01799
01825
03768
08833
03524
03655
00992
06635
05981
04008
02231
05782
09271
03542
08664
04632
00450
07287
01439
08326
08060
03213
05234
01859
00226
05591
06229
09601
01008
00301
05419
05323
06753
05845
08986
05537
05217
02054
02081
05926
04066
08318
06825
06039
01446
05759
04453
07650
01603
04082
06648
08418
00031
03352
09374
01901
01055
03243
02804
03408
08006
02065
04560
05206
03754
09280
06359
07917
07449
07319
05678
02566
00147
04504
04485
04801
00618
06831
09420
03502
07005
03422
01564
05703
08582
04475
06268
06082
03073
07732
07645
02161
05789
05606
08973
08265
05205
07438
05397
04220
07781
03121
03579
08105
05008
06746
02637
01519
08182
07329
01872
02273
04871
01043
05077
03969
03827
00153
03238
02075
06830
05807
02006
02041
09547
07684
00070
03377
00096
06507
09371
06191
03280
06012
01993
03293
08065
00080
01175
07802
05019
08523
03650
02567
09063
04361
01837
00881
00177
02164
08997
06840
06344
06081
00054
00379
04283
06682
00466
02458
08753
07159
07413
02637
07754
01086
07468
05172
01886
00630
00454
00685
09568
07519
08089
07764
02651
02980
03230
06582
02060
00205
02544
03576
08595
05621
05292
04220
05213
02060
02157
06084
02753
01963
08951
06767
04428
00037
01579
09612
05946
09304
02085
06452
05621
02225
00494
00424
00612
07817
05706
09081
00661
06371
08969
01001
01673
08923
04214
02411
09698
06044
07728
02115
07183
05049
01797
02927
06393
00821
05610
06866
07870
02187
06694
08756
08534
09042
08665
09667
09533
00743
08371
01861
08439
01680
01900
05738
01244
03863
00747
04345
09193
03208
00575
03459
08565
05071
02352
01980
05949
05056
07246
05134
00258
08394
08332
06036
06987
03070
09244
07360
09447
00050
06159
02258
05006
07460
04730
09038
09462
09449
04502
02781
09138
05088
06817
05011
05677
05372
05542
04475
01324
07500
00523
01056
08709
04744
08499
03181
03049
04905
01222
00117
00819
04114
00897
04649
05491
03188
08098
05611
00449
06822
00325
03339
00869
05486
02167
08209
08952
02960
00372
06514
05395
09649
09376
03464
08517
08487
04830
03746
06703
07834
01853
01169
01867
01083
05400
07833
00161
00844
00809
08023
06429
00900
05515
09100
01611
06204
08780
07423
06898
00384
04826
07837
03761
06709
03294
02782
07132
00427
03927
08203
09042
05694
09277
08587
04347
05485
07274
01815
09428
02604
04543
01379
02136
09265
03576
02027
05099
04926
04077
05171
07167
08794
07312
07591
04742
09666
03484
02738
08215
08578
06905
04973
08844
02108
00071
01776
00605
02441
03330
09358
07520
07699
04711
00920
03684
07712
05736
04324
06118
04382
09197
02751
01986
06943
00527
05596
01875
01300
05491
03535
07581
02849
05500
07599
02979
03989
04727
03785
02047
04149
02119
03527
02278
02834
02805
00764
09066
04169
05171
04036
04842
03042
04957
02224
07588
05844
03993
01633
09574
06192
01158
04671
04588
00025
03932
09682
08827
09341
08536
04116
05386
05579
02031
00937
02369
06305
06282
04216
04350
00740
02076
08431
03629
08406
00264
05830
04713
07920
09587
09257
02897
01530
03914
08336
04042
01765
04117
03409
05910
00040
01543
02970
08502
09094
02805
05112
04181
09671
01546
06652
06812
03917
01637
06908
03010
00132
05007
04733
06793
01979
04982
08164
04180
08542
01395
06280
08968
01297
09511
00573
00094
06497
01991
03931
07059
02614
08145
01397
04527
00937
08024
08895
07579
08925
01373
07359
06294
04338
01478
01437
08515
04009
01560
06139
08465
02087
09036
05385
05842
02241
09130
04653
07614
06589
02500
01334
03220
04771
06123
06967
08437
09439
03481
00615
06169
09611
08916
00156
04619
02008
08456
00830
01277
09619
03786
09154
07962
06038
01857
00500
07932
02665
08006
08025
09086
05111
06140
04033
00302
01510
00175
08146
08461
01384
04132
02031
00788
05090
08443
04664
04903
06123
08677
01263
04165
00075
07001
05995
09191
02303
05415
01517
03809
08729
04831
06194
08927
08920
02032
05339
09525
02717
05617
07783
09495
07909
01134
07742
00060
05432
05384
03263
00714
01983
05170
03430
05356
01603
00659
05900
03010
06885
06745
08328
02766
03214
00525
09343
03956
06076
08891
05523
05197
01298
01029
00674
03121
04213
07890
02438
03439
06289
06856
01232
00918
07116
03063
08258
05025
01038
07778
01469
06237
03553
05724
05769
06099
06371
09600
01716
02473
02330
06342
08323
05157
07644
01655
02789
01057
03737
05125
08709
06923
05883
04063
01323
04505
06021
09023
07390
04254
09167
05016
03985
09583
01226
02172
07328
04804
00472
08688
05666
06163
01475
08544
02725
02007
00783
04259
04018
00666
01713
05826
04344
05273
09071
05521
09096
04054
02555
07910
06023
05553
04997
05047
01448
08808
00045
04380
04364
03380
02937
02322
07524
01096
05531
07483
08007
04081
00835
04201
08345
03749
00549
00498
04935
07237
08430
01786
07944
01358
06646
03617
02746
00131
00537
04069
09039
01065
02282
09613
06135
08609
08342
03884
04951
09214
08589
05551
02535
04164
03184
08125
04001
01017
01636
00941
06262
04603
02211
09435
06899
03191
00905
00912
03029
05580
02036
04292
03493
02365
04349
08602
09264
06281
00759
01255
07294
07273
00150
07681
07638
06207
03563
03115
02306
00162
08499
02489
04693
06634
03562
03230
08980
04651
08417
08782
04609
01055
08323
08259
09427
04360
05197
04704
01742
05089
02449
06415
05446
02639
01562
09636
00280
08888
04471
09411
00021
05376
06065
07281
07996
03768
01239
07088
05771
04382
05917
08072
00338
00182
04529
08617
08112
08522
08106
05310
08262
01844
08602
01125
07890
07582
01364
05365
05365
06445
00015
04238
04553
08772
00427
05423
01287
01855
06010
01441
05697
00258
00866
05925
04664
03991
06498
07916
04680
00932
02638
01413
03880
06748
02404
04735
05502
07450
05873
04076
01985
04539
08025
00958
06615
03744
06273
06195
03630
08308
07807
02338
06409
02729
08244
07318
08338
03638
06814
03463
07024
06389
00783
09316
02869
06815
07454
00574
01247
05829
08717
06248
08647
07482
04925
05824
07330
03779
08802
07111
00876
03434
05631
00257
06039
08562
02402
05498
08494
08009
00613
06082
08551
08773
00874
06072
02331
00330
05832
01899
07424
06677
00583
00994
07661
06269
01013
00712
03766
08814
05228
06540
00203
03343
09641
00192
00604
07781
06626
03970
03155
05991
08719
07125
00354
05061
05710
00796
05283
07609
04742
00372
01114
06841
05288
07729
07126
09110
03626
07799
00488
09395
02652
08516
09385
03929
09300
03557
08627
06619
06413
02426
04212
09247
00153
08479
03392
04464
04652
06817
01976
07307
07597
06891
07556
03781
02132
05965
02853
08091
03653
03679
02799
09521
03721
05143
07135
00921
08118
07310
03669
09275
01770
01280
03843
03802
09181
08590
05913
08618
04748
06146
00292
03574
05635
03386
06554
07874
01970
09007
01591
08393
08369
05969
06908
02552
08121
08084
08909
01574
08927
09553
00173
07957
04799
02499
05294
06684
02377
06213
06914
00927
05797
04896
00786
03880
08510
03155
01101
03306
05059
02499
01101
08503
01278
00298
05418
00101
05744
04000
06080
07670
04317
02604
02608
00258
04925
07029
06486
00356
05524
05444
04282
03588
08920
00847
08533
02894
07437
07280
06672
06024
01379
06808
06929
00959
01288
03548
01365
04274
09640
01078
06390
02451
05565
01017
09629
08349
00355
08526
02703
03236
07038
03571
06198
04748
07213
03786
01903
08295
03840
01683
09392
05601
07929
08799
08004
07499
04927
05021
05262
00570
03647
01459
00811
02626
00408
04018
08912
00710
02334
05683
05461
08942
02916
03466
08561
04439
03448
03581
01506
00865
06771
08055
03936
04819
04950
02575
08326
09296
07847
01803
03180
04054
05502
02038
09693
08907
06857
05202
01818
05141
04122
08252
01592
01511
04416
03637
04079
02414
00160
01373
05539
09578
06579
09223
06136
02013
05465
01129
07107
06654
05073
08412
04824
06560
01288
01336
06807
01562
06072
07112
09002
04039
06174
02824
05456
04222
05568
03768
01369
07104
03193
09174
04607
04575
08538
04061
09525
05795
01111
01113
07226
07416
03283
04794
04461
01103
06354
08236
04825
01998
02317
09382
01752
08663
07347
05440
05441
07817
01354
04079
01982
03961
00225
08499
07156
06672
02638
09256
08394
00978
00564
07758
05753
05808
00847
06047
03092
00423
09220
00535
01218
00224
09176
07555
01813
01025
05745
07975
00370
03446
06468
01422
09439
05693
02537
03489
08579
09560
01082
04384
08780
03120
04376
07108
04375
06380
03176
00650
09411
06652
01205
09517
04120
07836
08302
08163
04101
07565
08907
03601
07153
08842
03162
01190
05887
04329
02932
04607
02616
04745
03542
02960
06370
03492
07750
08728
03191
00889
01942
05898
06329
08091
03506
01081
02665
03410
09669
05985
03894
04240
00626
00456
00544
09089
09302
03965
07323
00012
03344
00150
06914
04761
03622
07318
04076
03947
06979
04049
09235
08383
09018
02185
02975
00175
07334
02519
03082
02106
04823
00183
02122
08357
03106
06361
08453
00551
06981
09284
03674
04042
01286
00573
04795
08101
04538
07325
08803
00423
07310
04896
02489
02909
09662
00006
06992
05101
03991
06464
00839
02163
04171
00436
07773
01824
08450
08891
06798
08899
04916
01895
00064
06784
05254
01453
04630
08348
03595
09077
07754
07847
01488
00869
00718
05952
04052
00701
06001
05071
05579
08600
06913
03890
03477
01464
04810
05586
02255
05376
06768
07874
02769
04923
05678
01932
09603
06325
07670
03220
04627
08490
00242
05859
07277
05975
03526
04420
01691
06469
09696
00931
04342
04902
06226
01875
07897
02515
02241
02278
05269
01728
09531
08756
05210
03018
00295
07992
00338
06958
06193
07699
05056
08452
02554
01607
05185
07295
06125
02317
03275
06924
04112
09653
07373
00430
09010
09614
06555
05581
04707
08776
04103
07548
07195
03993
08382
02241
04903
03852
02483
07343
06489
02438
06389
09327
08751
04300
05643
04836
02295
00131
07228
02625
05294
02907
06032
04158
09127
05622
08532
08158
04779
00204
06066
02631
05128
04588
01825
03913
00015
09638
07053
09637
05223
00061
03850
09383
08580
09485
09280
05810
05292
09629
01746
07076
09009
03707
03951
00435
08128
03780
01587
01222
07666
01291
01150
01282
00006
00195
08788
08492
06906
07964
08809
07612
07443
09208
05291
01860
02065
05675
06107
05327
01044
00241
06725
02941
03626
03212
01721
05423
02557
08324
09171
08325
00675
09136
06746
01373
01841
04560
05517
07791
04917
00102
05722
03495
01846
00750
05293
02658
02667
03616
01677
04932
05319
06292
03570
07356
02548
02618
02663
03178
04005
05102
00314
03159
09394
01211
09191
09235
00092
03632
03770
02699
00031
02786
08358
07090
02258
09064
07946
05469
04125
03202
08422
00768
04012
04177
04756
00273
05327
01962
09561
08719
04949
06266
02568
04040
03576
08201
08712
04240
03529
07122
09058
03402
01953
08574
07078
02678
02411
02026
00960
00497
00555
07608
03169
00496
05833
07927
01575
05216
04176
00195
04306
09463
05146
07071
07683
04172
04840
06305
00007
00577
05398
06616
05017
08570
04370
08409
08665
07487
03395
05704
06230
08590
05142
06095
01823
05979
03964
02613
07671
02045
02586
06189
02591
04554
09666
01926
03400
07064
08523
03723
05146
07970
03597
09312
03647
00666
08218
05547
01657
02220
05485
04881
06744
07581
03737
07278
02572
07915
06790
06268
05968
03128
04989
04108
02263
05950
07970
02439
08124
08938
06456
05431
05885
02274
08236
07435
04604
02337
04170
02449
00159
06214
01516
01927
00378
00136
02133
06149
00331
07648
04775
01968
02386
07409
04290
00849
08027
02286
06734
04774
02798
01591
09487
04666
09145
02626
04616
01285
02281
02145
09097
01666
08614
00692
03834
07340
08921
05512
00465
02196
02945
06331
01220
04249
02998
06688
07041
03263
06063
07336
02322
05582
00174
02435
00221
07251
01542
06485
02541
09025
02804
06040
05524
04910
03604
03130
00361
04993
03827
05925
03090
06252
01574
01847
03107
04110
08078
07522
05416
04386
05290
00768
05738
05376
00932
09263
03174
00498
09288
08592
08699
03388
09283
01504
03582
03497
04750
02662
01135
00361
03178
04364
02167
05328
07497
09353
00800
08884
03332
05093
08162
04207
02694
07191
09146
08756
00540
02913
06272
07988
04454
08454
01326
07122
03401
08632
07899
06400
05507
07765
03630
09186
09081
04031
08988
02812
05603
05517
01613
03379
08735
02474
00228
07097
01700
05389
05517
03674
09066
01390
05585
00324
07793
06044
01886
04767
09066
08968
02884
07306
02101
04818
09103
03670
08260
04823
08570
01788
03392
08238
03073
00723
02987
01885
07312
02712
02475
04309
06125
08026
04683
02815
06149
07522
00416
01537
00942
09307
05614
05899
04600
01579
03297
01751
01042
03438
01927
09385
02752
02297
01199
07005
03884
07356
03881
05135
03062
04377
03245
00979
05088
06703
06174
05034
07003
00722
06152
03310
03040
07217
08421
03543
08180
03648
06386
04560
08267
00542
05726
04155
02403
08302
09417
06089
03753
04657
00987
08050
02668
05626
05863
07529
09668
06398
07366
02021
02451
05281
07993
02474
04670
06023
06848
00143
08935
09536
03141
05214
02098
05937
04581
00443
05318
07227
04410
05678
04038
08327
08055
08607
06241
08473
05244
06688
08579
06099
00153
04558
01166
00642
02878
04818
08466
04859
04910
06659
08249
09619
06978
08440
06215
08241
06957
04579
07953
07053
09025
05330
06953
00198
06523
05183
06994
06018
02441
05502
06034
08386
04307
07947
03315
01793
01809
08589
05410
07402
06582
04215
01335
06669
05952
03979
06949
07416
02929
04117
03481
03939
09619
01590
02035
01810
07453
06556
01185
00591
01594
09115
02209
05894
00286
00178
03938
03179
07907
00884
01031
06323
08130
07555
06692
03931
04868
00983
03854
07299
08749
00803
06569
01597
09320
06668
05480
03610
03924
06808
04662
02758
05302
00298
02600
06657
01403
06373
04144
09118
07715
05283
03781
06203
06854
09179
02405
05592
01642
05287
05552
08673
08093
07879
06286
05155
01235
04368
05244
00359
05641
01085
02608
00518
04854
00700
08051
06805
01823
05546
07160
02988
03815
06477
01808
08291
00032
04255
00493
00228
02313
09055
06781
05168
01793
07480
09111
04702
02873
06594
07543
03721
02806
09581
06147
03795
02510
05940
03294
05371
05069
05203
04751
02929
07655
01154
07300
02025
06121
08723
06776
09032
07838
00876
01251
07506
03401
01701
02296
06385
09209
05100
02033
05860
08316
05282
02691
02874
05373
06943
06353
07194
00157
08327
07984
09087
07101
00236
03865
05061
03710
06235
04967
02535
08485
05058
02859
05272
07438
07612
00874
07284
05045
03121
05750
09468
04660
07078
06669
02098
02800
07329
08444
05212
08515
04321
07572
06996
01523
00888
07411
04657
02666
07239
02169
09513
04321
04280
08957
08750
08226
06236
05312
04900
09166
06895
03758
06852
04693
00331
04665
03747
03991
08069
04506
00627
01595
09495
07662
08651
00630
01064
02237
01215
05889
02007
04199
05162
01635
02015
08177
07599
03707
01032
06611
00208
09663
04610
06708
02837
08071
01467
02214
02518
09341
02419
07993
08944
04378
06688
03438
02909
04181
09028
03569
00420
06883
01871
00572
02431
09567
06474
08567
02481
00688
03842
03562
00420
09290
01603
08978
04807
06898
07577
08348
05814
07047
09256
08195
06883
00998
09452
06293
05673
04289
08771
04997
03404
05348
08019
08004
02167
05564
02346
00987
03310
03777
09389
03437
03020
05324
07385
00350
04842
08595
04032
02804
09055
05633
04155
02369
05471
01077
02107
05698
03239
07406
09646
05811
03698
04260
01916
05884
03514
07751
01850
05553
00891
06403
08485
03797
04717
09624
02001
05674
01434
03872
05214
00065
00665
01210
05945
09199
09061
09038
03033
09694
08999
08403
04032
07293
09400
04276
06168
07856
06333
00368
05335
04192
01512
03664
07898
08169
03962
08348
02931
06036
02926
08187
01910
03587
06785
02007
02782
07021
05466
03445
05801
00732
01030
06981
04706
01608
04844
04855
02788
06622
07262
03626
01096
09266
00652
09218
07432
01506
05767
05853
02030
03037
00063
02390
01976
09655
07890
00548
07837
06663
03027
02354
00209
01828
03415
04620
03163
00148
06691
05929
02721
06364
06563
07634
06670
06673
03496
06044
08903
07363
00021
00506
03039
02733
04321
03115
02899
05545
03760
03748
06251
02469
04407
00937
03708
03739
06434
03763
00536
05965
09097
01426
03805
04030
00196
08696
02532
09146
08472
07298
08835
03989
04834
05201
06705
06208
00387
05201
01349
05007
05984
06796
05167
04923
08549
00287
02674
05684
08495
06947
00857
03675
05169
00494
05601
03279
09184
02811
05587
04726
01388
01252
03652
08767
08385
02399
03365
00678
01931
02765
05765
08887
00968
00363
03506
08361
01080
09379
09479
09579
03631
00703
04477
00146
06156
08889
02522
03811
09510
08468
00779
09607
01192
08262
05746
01541
00347
05951
01086
08943
07927
08409
07687
02409
02150
01147
08543
06646
03961
03064
09351
04289
07325
06013
05876
08298
05655
07688
04742
03947
04057
00726
02791
03882
02499
01776
07381
05300
02714
04398
03068
01626
09260
00415
05923
01752
00294
07741
05863
03452
06844
05184
01695
08790
08485
04239
00679
01494
01671
07893
01195
03174
07358
09098
06915
07211
01458
02811
03325
00555
03312
02028
00561
03585
01934
08385
09501
02148
02338
09596
00681
09041
06828
03551
05577
07725
08268
05937
03518
06992
08343
03446
09187
07581
05563
08376
08568
03122
05661
00942
08522
00970
05108
03472
09439
09398
08516
00773
02273
02422
03900
02138
09322
00635
05607
00399
07698
07294
03797
03532
04632
01190
00053
06586
02092
05527
00571
00432
03162
05187
00644
08041
09040
02782
07951
05527
01386
07695
02087
04642
05295
03485
02467
00000
02425
05724
08931
00765
02570
00990
02460
03500
08437
06030
06219
06829
07072
03752
09342
07289
02884
00905
06507
07724
05059
05574
00711
06889
00303
09206
03320
09185
05155
01790
06984
02105
06523
06689
06757
08286
04277
02648
07629
06453
02427
05942
02675
03915
05225
06549
02517
04264
07974
09682
05097
07775
06536
02551
00307
01825
00249
06444
08920
09660
06585
06532
05994
04003
02815
03946
04860
00961
06891
06156
03913
02050
00927
06451
05469
01853
00461
08185
05791
09468
00074
04272
07111
07702
04505
07252
06715
02112
03985
07621
03338
00636
02114
03311
01369
09263
06286
06447
08678
00994
01177
04723
01131
04924
06255
02573
08463
03221
00746
06620
04804
03442
01301
09041
03993
09126
01115
01266
00344
07994
03983
02189
08749
05526
05208
08148
07705
02772
00868
09332
07525
04957
07849
01460
08627
08450
07871
06728
06931
05317
08339
04615
02436
09686
08614
06099
06715
06605
08839
09552
02821
06738
05786
07064
02960
08237
08216
04590
06735
05196
08388
03709
06098
02866
06760
01928
02350
07337
06922
03280
09182
03664
09692
08214
07660
01432
01646
04647
00400
03197
04931
05594
01686
01077
01598
00526
03664
08401
04466
03497
00613
05288
02570
00741
07225
08893
00315
03826
05918
04645
07653
03961
09372
09658
00880
09360
07363
08763
01084
05517
02637
07097
05756
03013
07023
09615
06916
09219
06348
03302
09502
08558
05342
07003
05319
04434
03077
08983
09684
00966
07318
02934
06395
07302
05885
03143
05561
00193
01661
04124
00053
00225
05314
05161
01303
07380
03689
06579
00184
02634
08386
06080
06165
00373
05983
06818
00899
00686
07528
08051
08017
07033
04459
05703
05625
05269
00960
01952
01714
09609
07947
08222
09412
06191
02019
00925
03082
01260
03807
09458
09553
02137
08364
04204
01985
06033
03330
05673
00705
08187
06444
09600
08896
03082
05343
08773
08147
09648
07735
02991
03239
02085
01676
02774
06451
06499
02443
04290
02019
04776
03246
07016
08907
07170
01036
04032
07167
04266
08778
09331
04830
07851
06014
01164
07735
06366
06425
05843
04648
08617
07484
04090
03764
00521
06972
03500
02678
02777
02364
08102
08048
05152
05392
00928
07548
06667
07023
03986
08504
04673
01975
06445
05573
01351
06138
06663
05332
04048
04477
00802
08636
08998
03523
06032
02241
00856
02387
02047
05950
08825
01416
02411
02279
04469
00651
08087
06689
04230
05664
01437
08078
01973
09338
04879
09330
04447
05891
01031
05953
03709
02167
07706
01336
06124
01378
03513
07801
02730
04282
07376
00158
00866
04252
03420
07070
08158
06110
05793
08661
07604
02198
09693
06815
02810
04353
09529
07947
07099
03882
06225
05732
00480
00576
09006
07375
07699
07375
06085
04818
05847
07400
04571
03571
09678
09347
04361
02091
03692
06618
06401
03481
07961
05848
00690
04313
02597
01839
08606
05297
07403
08707
00994
07991
04713
03535
04911
06723
05312
04583
02760
01351
01468
04769
04059
01173
07011
08367
03158
08717
08682
03881
04368
00384
04333
05159
02649
04970
09033
03081
06174
03707
01979
01610
01029
09477
02441
03093
02241
00681
01892
02782
03159
02221
00097
02542
09557
08671
01146
08718
06968
08763
03768
07721
02305
08911
07516
07495
07684
06748
06615
06893
05599
06775
06199
07539
06570
08329
03523
00716
03247
05323
09446
06948
09376
08562
01909
05514
03985
02750
03711
02025
02273
06999
06059
05358
05806
07409
02446
04635
07209
00125
04694
07350
05627
01437
02415
03949
00101
06265
02559
03162
04403
08869
06393
06089
02329
07335
02080
04045
05438
04333
02559
05568
07931
06236
08606
02190
00257
03996
03874
02557
06723
07883
05162
08940
06214
01718
04030
09126
00314
07268
08718
04286
04202
03278
01609
04748
08833
06048
08699
07983
03389
08693
01204
05027
03229
05265
04806
08275
07014
07980
01322
08351
07382
04448
03264
01891
04366
01221
02314
05676
06470
02077
06432
00369
02207
03079
00529
00502
02748
04417
03113
06313
08906
07777
02902
07697
08719
01212
00418
04476
04518
08402
08325
01766
08978
06055
04383
00816
08765
02179
07709
04743
02871
02222
07019
01729
05132
05199
01019
04123
00666
02838
02734
04850
02576
04881
03719
06063
07821
03732
07698
05625
07013
05922
06770
01001
09443
03604
04116
02790
03031
08220
02340
04873
05719
04238
00118
08013
08665
01343
01849
03790
02660
02755
00323
03898
00320
00627
03962
05285
00483
01889
09027
03767
00455
03987
08470
05130
03146
01670
01774
05530
07313
01855
07063
03012
07121
06005
05086
00458
00572
07026
02812
01073
01472
06985
07671
08674
07206
02948
09211
07599
04314
02375
03537
05837
02387
09381
01474
01651
07381
02383
02406
07718
01203
04680
02806
07517
08037
00495
04137
03893
09342
01545
07096
04542
00376
02882
03571
02328
08333
02583
07673
05024
03488
08782
05130
05739
08753
01733
01320
09133
01654
07510
08263
08640
02541
06544
04609
05628
03991
05456
05170
03407
05370
09407
02354
03322
04415
08831
08822
01539
04198
00370
07626
03345
01607
02354
07104
01710
02611
09423
02569
03908
04444
02915
00729
09384
08190
00695
05464
02809
05403
03904
08322
02508
02218
04749
02232
06917
08021
03357
08601
02904
08764
05233
01384
05899
00982
03479
01619
03037
08843
04414
01637
06656
05211
00674
00941
05572
02107
03020
03679
03619
01638
01391
01980
01938
05879
03770
00642
04178
08406
02910
00591
04157
09253
07009
08760
03419
06997
07285
07162
06432
06430
07595
05907
07136
00899
02766
09630
08826
09680
06536
08018
09471
09447
00541
05441
06155
05709
03443
08486
04734
03034
06751
04932
07368
08255
02085
01790
00004
04160
03176
05365
07647
08951
02065
00993
00309
02781
08861
