04259
04743
06603
01852
03717
06593
00993
08086
04414
08991
01036
02796
02613
03048
00092
00496
04281
04318
05473
07715
03560
07277
09068
02975
06712
04827
06273
05213
07397
02508
01646
04581
06502
07596
07857
03438
05432
02519
00299
03750
04793
02102
01569
05936
07591
04937
07961
00559
05532
08317
01671
01515
07589
05063
04363
06760
04103
07762
03578
06634
07998
04554
07892
06161
03442
01950
07135
04916
03780
03777
04559
04481
04621
00273
05824
03358
00759
00337
01229
05211
06460
03342
03299
00705
04893
01753
07829
03318
02453
08267
00487
02170
07658
05137
00886
00666
01345
02435
01839
03795
00249
04165
04821
00663
04558
07050
07916
08273
06080
03501
03148
05875
05803
05065
00607
00565
03519
01276
08379
06316
02489
04336
02776
00969
00989
04367
02918
08589
04095
01849
06564
06858
05941
05688
08615
00444
05323
07412
02867
08969
08810
02121
07601
07282
07463
07878
07154
00760
07475
03580
03340
02536
04556
00988
04497
04220
04015
00342
04049
01838
07914
01623
07254
00230
06114
08118
06024
02791
03925
01371
07999
07319
08041
02344
01512
04070
01645
01646
01360
03401
08394
00964
03868
00929
06106
01259
08022
01486
08273
04258
03929
08973
01136
06477
03640
04126
06667
03714
05066
07538
04476
07671
02746
03578
02774
00383
04330
08049
09033
04779
07176
08217
03402
03773
05157
01750
02167
06441
06175
07779
03790
05001
01874
03510
01879
00463
05712
06570
05624
05389
08645
08075
06820
02820
01623
07139
02168
07794
05910
08844
05726
06095
05472
03835
06409
05463
03684
05108
07391
01879
05445
04520
03670
02537
06483
01976
02580
00285
06013
04535
01042
00074
00350
04760
01928
01819
07261
02701
08952
07244
06633
06020
00278
00969
00151
06876
06923
05609
04620
01364
08305
02719
01514
02492
03646
07694
05249
00917
04446
06164
06739
03996
05832
02490
06385
00995
01018
07262
01718
08684
02964
02250
05983
01843
05119
06485
07265
06799
07438
04796
08026
08068
08610
06551
03667
04792
01060
05438
08268
05375
07520
01366
02490
07834
05398
02253
07733
02465
07732
08503
00477
04597
04470
05220
04279
08354
06058
07751
02586
08624
05776
03512
02113
04269
00142
06022
00492
03359
01502
01542
01906
01604
00297
03345
07438
08120
04089
01003
02563
01634
01951
05193
08898
07860
02385
06981
04914
07917
07498
02119
02110
02196
00716
07988
08727
08199
04785
00624
01730
03570
06864
03497
03238
03718
05074
01688
03699
06575
04720
03955
05966
03770
05754
03520
04933
02691
03238
08150
01103
04131
06185
03850
08713
05274
01747
08241
02008
07494
01755
02173
04527
03740
08580
01621
03610
06870
00635
04863
07561
07545
08651
05269
00378
07013
06979
04325
04366
00228
06796
00118
00211
00878
08833
06283
02047
03923
04256
06579
03433
05470
07063
01745
04645
07253
05212
01403
03882
05909
00135
01747
01676
06653
06150
04567
00801
05767
05864
02922
02157
02075
01659
02678
08545
03457
04919
05833
09092
01818
07183
02057
06461
06394
06518
03109
01610
03906
08312
00147
03171
06377
06300
05282
02000
01380
02894
06183
05688
06019
05090
01597
06050
02135
04539
03178
01046
03127
04811
02366
05392
04559
03268
07872
08673
05028
00608
03975
07888
04662
06314
08352
00585
02183
03540
03773
08257
08353
04918
04742
01534
03487
07220
05860
08705
00412
05101
00402
06841
03894
00552
02226
02891
02395
05916
05831
07421
06130
00404
03425
04521
00125
01876
04999
02479
03463
06132
04717
00739
01177
03946
07399
02640
04269
02984
06721
07234
08951
02576
01993
00255
04080
00452
06103
07469
05609
05741
03975
01560
00818
00160
03318
06123
04288
06593
08415
04357
07068
06148
08361
05886
01214
08274
07979
04833
04435
06588
03267
01557
03455
05796
00484
07143
00002
00625
01514
03815
06162
04701
03976
00251
08618
07534
06630
01456
04435
01245
08889
08180
03588
08667
08797
00211
03115
03179
02958
08783
03627
03897
02826
08966
08725
04113
01046
04354
00980
06912
07708
06299
05657
00692
03422
00129
07471
08243
07162
05982
00216
03589
05177
00680
08250
05735
00197
00632
09097
01740
04839
02158
04290
02243
02279
04217
01732
06372
00521
05879
02106
04184
02984
01998
02038
04229
03444
06614
06794
02003
04776
07555
04793
08724
06111
07380
00317
08986
00174
04874
06515
01118
02511
03571
01364
00222
04132
07766
08984
08524
00634
01963
08648
02019
06494
00652
06242
06268
01835
00828
08485
07345
07478
02605
05798
04506
06726
02961
04643
01540
00918
07765
00882
05867
07350
06181
03069
07809
02731
00741
07838
00689
04336
05590
08442
03687
08002
00174
00656
05377
05782
05880
06337
05767
04390
00907
02098
05775
02319
08502
03734
03807
02503
00202
07797
04797
00831
07841
01225
05942
04559
06258
03925
06216
00177
05859
06356
00197
07932
03214
03593
08172
04771
00013
02093
04911
06194
03148
08845
00496
06909
02800
01079
07846
07716
02411
04756
05763
08187
03259
03884
05811
06320
03318
04838
06792
03918
04726
01510
00721
04168
04493
04076
00694
03395
07720
05311
06634
09017
04310
04440
08300
01073
03670
04010
04188
02241
05133
02420
05806
01410
00310
09010
08636
04526
02507
00896
05501
08202
02208
04471
06839
07243
09068
03922
00298
03269
08480
07626
05691
04968
05592
03038
05443
06407
01673
02511
08542
08162
08801
04932
06228
07611
04882
04738
08607
06413
03014
07947
07768
01838
02557
08285
06278
03584
05105
02962
05689
05879
07239
07109
03176
00637
04042
01408
08974
03534
01432
04038
05435
09047
07033
00621
08519
03179
01261
08198
04186
06050
00967
08692
01155
07630
07248
01394
01443
04338
07230
00532
05369
00910
02429
08342
00511
06829
06984
05829
07804
06663
03120
00583
05481
04292
00539
06218
01255
06778
03088
00224
03834
07939
01279
00898
06476
00021
03590
06559
04814
08475
06953
04473
08380
02817
03959
01719
06249
00529
02050
05473
01649
05730
03125
04774
02714
05202
01469
08215
03258
03003
03669
07226
01107
00206
03452
03278
00967
01836
01254
08277
08023
02035
06004
05688
06054
03989
00068
02326
07842
04332
07919
08937
01917
07235
00558
05194
03923
08912
05789
05161
02182
00543
06616
07422
07869
00626
05868
08351
08334
04283
02008
06930
01649
01032
00293
07665
00913
05382
08617
07597
03633
07462
00045
03208
03325
01829
00823
03097
02912
00486
03545
04975
01354
00917
05868
06329
06179
02203
01561
05453
08251
01713
03738
08895
02506
07011
03898
05305
00379
06012
07054
06089
03752
02971
06803
01779
00640
03936
00341
04093
00761
02400
05911
04238
04931
03599
04458
04883
06383
04561
01581
02689
06177
07576
01361
00392
00984
01017
04810
07659
05483
01658
00078
00602
02169
04943
01317
00249
00226
07078
07320
00880
04806
03370
07410
00501
02784
02943
04101
04844
05699
06020
01110
04650
05196
07045
05792
03528
04275
07557
02304
02188
00121
07432
05669
05044
00201
09011
05315
04823
07812
04073
04695
05836
04738
00188
07825
06720
05481
04609
00390
02404
05540
01509
07594
08589
08197
07843
05829
06225
08785
07167
00794
05811
03582
03764
01348
06255
03123
00469
06857
01439
06493
06157
00462
06422
00198
06675
07006
03816
00358
02598
02105
08667
08641
06167
07091
08981
03295
06912
05308
04914
00148
08659
05983
07441
04001
03728
07199
00979
08453
05779
02992
06260
01321
02168
06514
00338
00950
00790
07976
06500
09027
03714
06728
07628
00171
06142
05631
03010
06902
08504
07086
07554
01386
03781
04806
01205
00594
06756
01725
03639
05661
07104
01242
00875
04732
06996
02847
05492
08365
05888
02711
00277
00329
01597
02034
02141
06139
00726
05537
04445
03603
03628
05958
03159
08933
01610
04225
00843
06129
07406
03719
00557
03316
03564
04960
06730
05351
03305
00556
03464
01301
01607
01314
05374
02231
06642
02513
01913
08403
00931
08024
05781
02169
00232
03193
02807
05385
05156
07019
05708
00859
02928
07776
03035
06574
08968
03678
02665
03085
04385
03742
00790
07972
05291
05511
05335
06754
04034
02037
02647
00659
06949
00142
05967
05916
02424
05927
06207
01188
00085
08060
01227
04647
02610
07153
02671
07123
03234
03204
01815
08758
07642
03272
04902
06707
09038
01493
02545
05604
05344
02971
04732
08949
03165
06354
05262
01076
05307
03339
04656
08072
08536
06900
05228
00458
02778
04821
06051
08634
00323
07427
05448
06011
07484
02699
06711
04337
01501
07564
03419
06683
08793
08291
06149
06767
00285
08755
00671
04442
09066
03721
08332
04402
02917
00539
05076
06594
01906
01385
05460
07480
05516
00873
06289
09058
00920
09078
00075
05888
03897
04668
05078
03195
01677
06976
01780
04670
00799
02787
03109
08137
01217
01546
00796
07758
07028
06144
06955
08093
03494
03032
08826
00497
00144
07763
04637
06665
03758
06546
03336
08482
04229
00997
01377
06194
04728
03003
07010
05874
03730
08681
04440
02501
02299
03478
01028
06180
01245
02869
00036
02414
01200
01143
06341
05201
08083
06218
02484
07820
03006
00103
04656
04208
05161
05475
06033
05674
06557
08999
05155
07639
04210
00645
02009
05303
04989
04504
00015
08367
00733
07613
00931
03746
03094
00542
07345
08927
01185
07368
02607
00921
04999
08340
05621
06562
08449
04694
03437
06798
08241
07472
08230
01920
06387
07595
00979
07877
02003
06149
05527
00601
07927
02928
03928
01703
06960
03792
08706
07761
08667
00674
00626
01678
06734
03541
05536
07176
09053
04706
07593
04414
00927
02128
07773
05526
07718
04863
04626
03625
03624
02336
06291
05752
00878
08611
05668
02787
03031
05817
04855
05581
03711
06929
03467
08671
08995
06771
01453
08137
01169
04775
03218
07367
01572
01020
09079
06361
07001
02165
04535
05595
04909
07334
00166
03516
07148
08716
09043
02190
02507
08878
02122
08004
06359
00079
07016
08606
03361
03573
02320
00206
05018
04149
03419
01752
08036
02699
00995
02233
03310
01829
05554
00181
08189
00006
05398
02107
06177
04036
00156
01958
02516
03039
05814
05049
03906
05646
05369
04957
05577
05588
00377
05547
00887
03156
08408
05549
05822
03874
06547
03169
08892
05095
05793
00397
00429
08937
01333
03695
06923
05795
04579
06961
02209
00803
05754
07838
08303
00332
00849
01391
06890
00348
05424
00068
05488
02256
04710
02423
00123
05544
06049
05411
07495
05027
06186
00162
07337
02074
03668
07553
05331
02081
06188
01558
08591
07966
03475
00573
07769
08407
07952
05968
00361
02796
00576
06888
07481
01902
00620
06524
04611
08775
08015
03685
07899
06681
00465
01533
04845
01734
04151
03149
02018
00022
05100
00918
07046
03805
07946
03103
01429
07069
06707
03797
03146
06065
08343
01153
07574
02300
01423
00622
06777
03099
00339
03072
05800
02049
08305
08573
03520
06073
05822
04835
00523
01071
09011
00499
00881
01772
02769
00012
05544
03876
04337
05693
06173
03390
00212
04169
02335
08551
05886
05901
01170
02429
08982
06759
05199
04763
01818
07726
02063
03341
05253
03690
04034
07810
08964
02771
03885
03842
08013
04999
06907
07667
01511
06164
04977
08744
02326
01249
04957
04463
00370
06855
01794
01416
07044
03416
08555
00559
07813
05192
08429
05781
01420
03872
04391
03528
07463
06462
05693
08044
02362
07378
00909
06441
07088
07630
04710
03674
03738
02068
08422
01313
08026
02686
03436
00793
02157
05173
03387
02362
07837
04636
08683
02115
06843
04695
04654
00381
06301
03470
05214
03253
01648
09023
00862
04488
08796
04032
06210
06337
01612
00144
05804
06527
06902
06066
02113
00604
03549
04635
00241
08130
04251
04856
06093
06379
02150
00936
00139
05694
01897
06581
06484
01586
03550
00630
02610
00171
00228
05321
01995
08240
00421
01359
01690
00358
01931
07217
03457
00664
01007
05902
05953
02216
03022
03443
04030
05847
08592
04922
07991
08761
04055
02934
02598
02122
06138
05025
08805
02154
04031
07677
08570
02652
07083
02314
02096
03431
06784
00417
07651
01418
01621
05813
00833
01188
05262
00238
03236
04000
00659
00379
09053
01504
03708
02637
02698
03302
04363
07787
04579
07741
06490
04637
00762
04196
02167
05889
07866
06036
05406
05053
03768
02921
08874
06966
07834
00179
03232
08739
04636
06132
08129
07113
00028
07905
00503
03399
04781
01254
09052
08223
00673
04067
04012
02412
04560
07361
07132
04159
08653
01943
05412
05453
02404
08117
01661
04991
03109
07223
00027
05553
06357
02507
05575
03377
00214
05598
00169
04799
07654
06876
08767
05750
05861
02874
01941
02042
04884
01870
05468
08938
00531
02250
01622
06830
08170
06043
05159
05661
08241
00889
01900
04140
01105
01396
00405
01286
03383
03809
02817
00973
01871
00771
02878
01980
08985
08465
00466
03939
06009
06892
04034
06112
08094
02983
04801
06094
02519
02235
04965
00003
05702
06454
05654
00969
00252
05724
06504
05294
08409
08224
05884
07994
04353
07021
04842
08428
05988
07532
08266
02000
08336
04823
03565
04418
07341
04192
05240
01428
02283
04992
08353
01747
08012
05644
04813
02398
08872
08386
03218
02803
05461
04425
05801
05961
01815
03414
04879
06844
07950
03315
02322
00776
01281
05054
02135
08651
06440
02975
08036
09025
03761
06863
03384
01171
05363
01361
07786
03934
02779
00083
02879
04894
05812
08306
03256
03534
02846
02531
07481
03594
05080
04030
03177
06603
05144
07317
02666
00209
00627
05495
07132
07451
02498
09087
00146
04692
01967
03039
07844
05342
07338
08822
04241
00891
03165
08938
05238
03541
07262
04360
02364
03503
04004
08185
07979
05390
04288
04013
04011
06534
03743
01203
01780
05521
07165
04193
01679
01902
05617
03192
02780
08060
04704
01132
07635
07230
00064
00532
07262
08459
01566
00172
08272
01690
00208
02660
05193
06668
08581
04310
01927
00431
07198
05493
01833
07875
04351
04169
05694
00140
01303
03966
00857
06859
03302
01508
02485
03538
04165
02402
08144
03023
04267
01348
04725
00193
07542
03175
06962
07349
06177
01691
07420
04636
09070
02124
07854
02702
02584
00126
04241
01468
01555
05607
01024
08631
00080
07255
03574
01336
00536
06155
02341
08577
04721
03747
03574
06798
05964
03526
00655
00289
07481
06801
00891
08052
05102
04148
08644
00540
07112
03300
08291
04284
06752
04638
06867
09064
00333
06517
03092
01284
04970
08403
02245
00789
03815
08225
07865
07986
01586
00354
07111
03325
05824
05563
00488
01453
08202
04200
04314
04240
01146
07136
00727
03229
00526
07906
08989
01611
07034
04257
00677
00482
03629
00593
08798
08944
00194
05308
07784
04677
00442
04041
01523
03100
03316
08590
03862
06841
07114
06890
03196
08535
07971
05353
08515
07247
08562
07597
08267
03511
06614
04523
07770
04002
01651
07315
00354
03881
08110
06901
00421
07779
02881
04872
01462
06470
03446
07637
07743
06573
07542
05153
02059
04891
02894
03260
05113
05225
02686
02658
08188
08165
02259
00660
03843
04599
05527
00464
03121
03884
03922
06411
03726
04903
08540
03991
02596
00856
00634
07153
06210
03948
08527
05561
05830
06863
06804
08993
04874
03092
06784
07829
09069
00031
05943
05012
05381
08902
02013
03588
01078
06926
06275
08656
07820
05182
01641
08719
08754
01352
06059
02473
07622
05656
01495
04750
05890
00771
02269
05643
07834
04592
02527
02501
03192
07055
01286
05314
05510
05759
03397
07755
02901
08922
06917
03132
00455
05188
07970
04258
05211
06820
04806
00634
04261
06339
00104
03084
06998
02691
07197
00827
01933
08277
06371
06936
08896
06317
06857
07386
08822
03186
01547
06077
01007
00428
01411
01876
00671
01757
07382
06113
04899
08252
07775
04083
07425
02270
01753
07147
02383
00460
01567
06436
00887
01471
07456
02745
08062
01091
01088
06462
01187
04218
03932
02278
08931
05796
05018
00519
00864
02640
02477
08305
04027
01678
04353
01889
08587
05837
01346
03183
01360
03305
07216
05470
08832
04233
02690
02828
03157
03791
00295
07103
01112
05196
01795
05954
03854
03287
02078
03950
06098
00827
05872
05140
00210
02016
06629
01880
07951
04648
03683
07748
04473
07019
08947
06371
03728
05689
07781
02645
04994
07032
08689
03627
04497
07728
02131
07081
07903
07220
04734
01825
04565
00008
00321
04323
05841
07490
06050
08499
06774
03990
00325
06770
06455
01776
05321
01220
08079
08152
07498
08780
02216
05514
01915
00654
07041
03022
02202
02223
01134
07707
00275
00863
03452
06972
02702
02499
05639
01390
04706
04554
07286
06756
07506
04965
04561
02750
04766
08196
04204
05257
03432
07337
05175
00826
00337
08463
08425
00454
09004
01268
02568
00905
01328
03768
01165
05570
08534
01498
08261
05826
05886
05442
07575
06538
01572
05905
05479
01144
07713
08144
06401
02227
08783
07680
01328
05075
02922
02427
07070
07687
05171
03992
03048
04245
07439
05917
08030
03584
05269
06534
04382
05749
02549
03499
02791
04624
08406
08214
08366
07595
01015
07015
04284
00677
06763
01321
05806
07937
05035
00258
05246
04354
02088
07828
06327
01003
01234
02370
04029
07200
06519
08574
02586
05563
08905
04336
07265
00509
02636
08445
03985
01050
03364
08639
03218
04780
04208
01328
03389
06232
02303
07766
00874
04427
00440
01070
05208
06987
07417
00962
03504
03383
03604
08409
05542
05437
00887
00754
01088
03083
01774
01240
04605
01181
00823
02244
05499
08204
03950
00137
01878
06657
01003
01850
08538
00334
01566
07439
00907
04810
07609
04118
02936
05077
04329
06097
01561
02274
06966
04184
04862
07504
05249
08276
07429
00804
06137
05923
02160
05673
08726
01400
04165
03967
07395
08844
05406
02946
08802
07519
08149
04175
02526
04533
01913
02889
06636
02840
04368
08542
07748
04610
00221
06421
00303
00493
01782
07528
06870
05191
04319
02834
06874
05970
01372
02502
02118
08828
03242
04888
03568
06475
00818
08126
07984
00284
05955
04936
04895
08516
05534
06709
08678
05582
06507
07817
08454
05752
03443
00648
02201
03441
04564
08504
03212
07577
01690
07959
06638
05515
03718
07880
02468
03969
01912
02568
04554
01710
03078
07266
02553
09016
01783
04104
04743
03281
03850
01402
08353
00579
05976
00528
05919
04525
05849
07687
07679
05042
04212
00109
02808
00757
00505
03290
05262
07674
06169
01936
01737
05072
02830
00403
00234
00984
01920
04514
00585
07550
02663
06402
01256
07491
00814
07728
04824
01926
04429
07303
06739
02081
08480
07064
01015
02005
05093
01778
08907
04891
02793
08274
07696
05429
06154
00727
00586
03903
02652
00259
01953
00479
05046
02198
01015
01757
00768
03273
06803
01473
02640
01580
02397
04803
04786
05149
01113
06551
01052
06407
02826
06334
07647
03698
02364
03594
08480
06853
08745
02439
01256
07124
03410
08420
08571
00862
03514
08787
06875
05202
07949
04469
06273
00441
01487
00930
04068
00906
04431
08981
02652
08830
07486
09049
03151
05149
07181
02910
08382
06147
06640
05883
04435
06636
06505
01758
00166
07069
05413
02515
01402
07519
05126
04886
00418
01575
08219
06287
01777
06953
03064
04240
02263
06303
02569
05494
05298
01698
06786
00106
07870
06387
00246
04043
08373
08571
01730
07524
03423
02901
07569
05443
03769
04033
01685
00270
06769
04710
07951
04599
06026
03690
07233
00930
00658
05374
04383
02091
07175
04209
01133
06909
07862
03138
01054
01891
04871
02605
07568
08175
01573
07884
03393
01401
02525
00535
07931
05650
03695
00126
02953
05892
04261
04155
08358
08755
03465
06746
08826
04654
03442
00959
04443
00756
05671
03467
02490
00715
05480
02891
08996
07071
00382
02075
03873
03799
04805
03313
04844
05120
03828
03910
04972
00196
05930
06566
00314
08250
08844
06065
05599
08725
08976
00894
02363
03107
07825
05543
08170
06019
02673
02568
08310
06207
05024
06921
04677
02911
06042
03823
05879
04568
04148
08315
04369
08353
07408
07778
03366
02568
07491
04481
07455
01646
01176
07568
03471
05593
00060
03359
04432
04663
04917
07564
05321
08307
04949
05120
05473
00388
03743
04034
06001
04538
05211
06797
01366
06705
03663
03863
01346
07344
00494
00691
04453
03991
01375
04653
08719
01038
08044
01289
07453
06487
07476
00480
07314
03968
07275
05258
06453
07953
05572
00221
07333
02064
00353
03060
08020
03486
05403
02218
03037
06911
08089
03802
02805
01819
05160
03423
08921
00092
00865
02437
01978
06391
03307
04547
00233
01362
01451
00692
00526
02044
00938
06796
06125
06921
02842
07040
08284
05986
00249
00634
03172
08497
01344
04268
03667
08001
01764
08240
02203
01312
08115
06149
08590
00519
00557
08797
06817
00028
08237
05614
07050
07060
07472
02188
01118
01679
02070
06432
02577
03559
07133
01947
00675
01685
00258
01407
03487
03975
03550
03031
03118
02084
00425
00119
08153
01543
03439
00430
01335
07895
08573
04859
03759
00680
07551
07700
02199
08462
02524
03805
01967
01335
08434
04110
00365
00891
03793
03940
08382
07300
00126
04629
03481
03308
08953
00024
02583
08591
02960
07247
04851
00438
00967
01697
00292
05622
01978
01320
07178
03343
07414
00035
04170
06049
00028
03074
02367
05456
03743
01955
00522
01448
01201
01917
00253
04211
00521
04436
06896
07499
07084
00299
07840
02354
05083
07962
02153
02177
08949
02216
08076
03713
02502
05590
05623
07968
08792
06219
05533
00507
03473
02243
05017
01167
05370
07971
05038
02630
07299
01178
03380
05632
08592
08086
03799
05426
08593
04775
07055
00533
04693
07073
04560
04609
04874
00754
07700
05978
04413
00069
03746
02841
03475
05825
08034
04757
03690
01907
05607
02328
08905
02040
01252
01488
04724
09073
08796
08907
09084
02892
04136
02782
02409
00270
06584
03495
07244
08214
03771
05958
04183
02021
06011
05870
04141
03982
07921
00661
00180
04538
03913
06918
04684
05448
09039
05132
05226
04550
04170
00756
01822
01504
08190
07048
00114
08951
09057
02706
02145
02107
01998
05164
02583
04606
03280
04677
06559
00319
04674
06601
04080
02771
03536
07183
02208
07651
02581
04457
05724
05683
08802
00922
06013
08968
03784
04019
06339
08333
07098
08075
08269
06149
01679
00579
01537
01152
07792
02711
01273
01315
04101
00500
07815
00666
00819
06988
05513
06201
08574
01745
02810
03288
04372
05184
08350
04224
08266
03243
08149
02554
04097
01929
02476
08715
07917
08621
03239
06056
04064
06275
05131
02333
07783
00306
04972
03111
08651
03601
02747
04493
03678
04561
06291
08440
01207
02115
03526
08900
04344
08916
07299
01273
05123
01993
00870
02671
08293
00281
02279
04976
04891
04554
07425
00612
00835
00515
05039
01315
01363
00757
05562
02768
07813
06958
08007
02378
08468
02363
08595
07160
03262
05954
05197
04739
08323
06918
07831
08531
06069
08139
02721
08206
06647
08927
05722
07633
08648
01679
04949
00145
07989
00824
08606
08367
04068
01062
08275
08585
01294
01323
00110
07431
00956
07345
01408
06178
03142
00388
08810
07872
08243
07807
02644
06662
01501
05047
01056
02012
01300
03871
03546
01785
04439
00459
01426
05783
04705
06955
00178
08502
06126
06147
06431
02582
04335
03225
00759
08492
00964
08941
02705
03086
04481
04357
08824
02438
04628
05781
08693
00712
06691
07333
08593
07168
07973
00482
05112
03199
07486
02239
01749
01531
05524
03264
09098
03073
05806
05714
07334
03032
03024
01235
06470
08836
08797
01741
01978
03104
03134
05870
04863
08399
06343
08286
08062
08201
08968
02964
02746
03685
03162
00588
04391
02923
04740
07794
05839
01700
05833
00652
07590
01671
01419
06790
08315
07343
07622
06911
05613
03451
03824
05613
01516
00587
05485
09070
04814
04896
04844
01109
05750
08055
06557
05908
07540
03946
06173
00184
06809
08087
03220
08091
07282
06911
03149
00787
02362
04372
07657
07903
06626
07680
07897
01251
01137
07901
06038
00037
06456
06809
00669
03795
04934
02831
05579
01749
05329
09041
04516
05186
08522
03693
06791
08112
02279
04095
04077
08329
07596
02264
02476
06797
02908
01334
05831
01491
08098
06628
07641
08435
02540
01525
02054
04783
05459
03905
07897
00913
03577
08611
02904
07350
05640
00383
06338
05921
02544
08635
00232
03353
05813
07370
02512
02570
08003
03993
08367
08782
07163
07226
06486
03997
05499
06243
00080
01575
06921
04727
02957
08118
05680
02148
06206
03005
01281
02617
02674
09087
02334
04064
04262
03623
00353
02601
07838
02188
02724
01505
02824
05916
05024
06977
00733
02813
00912
08435
00522
08967
01720
04215
00217
03871
07399
01184
02146
01870
08371
03631
00845
01711
00976
07889
08230
02614
06808
05752
07281
00440
03718
03807
06588
05528
07149
08638
06086
08408
03760
07778
06093
07838
02408
04218
08064
08420
07322
06548
00184
01338
00759
01620
01345
06215
03674
08130
02273
07766
05942
03268
08729
02310
01633
02457
01740
08754
06957
07261
01257
02911
01910
00470
00101
05673
03441
05436
01206
00536
00236
01179
07527
02704
00341
04385
01957
04940
05273
00999
03295
07960
00179
05468
07382
04986
03906
05010
00011
06607
03258
00729
06427
01612
08846
06978
07906
06287
06390
03441
05551
06729
06325
06301
05044
07857
06685
04582
06029
06543
04108
00029
04971
05728
01746
01322
08596
08753
04333
02235
00554
02963
07914
00980
01899
06185
04273
05087
07711
00289
00349
08516
04496
01070
04629
05607
08522
05264
02871
00011
06933
07314
00768
07227
08646
03401
00885
03456
06848
08997
03945
01778
08533
08777
00515
03952
00568
03084
07362
01983
00385
05171
04484
00587
00411
07315
08273
03008
04350
05323
01439
05939
07558
03695
08740
02490
06732
07855
00930
03764
03064
08615
00970
02486
06939
05902
03287
05698
00856
01647
00838
07045
02083
05856
07961
07424
01538
03180
08197
06228
03076
08454
04673
07800
06886
00444
00572
04880
04756
08672
04187
08863
07326
03100
06049
02663
00949
03045
01607
01934
05067
04944
07184
02625
00238
04684
05126
00283
04172
06121
02136
00979
08323
00478
02433
02152
03411
01799
08265
07235
01759
06753
08794
08228
00621
07478
01849
06830
04455
00218
05543
00603
04675
01465
07897
05371
04610
01768
00252
07078
01025
01565
03226
02422
06076
02242
02594
04012
02672
03434
03166
07318
03493
04009
05780
05942
02217
03927
05302
04677
01625
00471
08363
07478
05025
07212
02532
03944
09050
00267
03519
02679
04361
06482
03867
08156
07795
02923
00246
05919
06537
05791
03568
04610
06965
04501
07897
03320
05118
07289
07925
03775
00802
06189
04819
04623
03958
06435
04357
02251
05419
03791
05652
08299
02356
07931
05008
05761
00135
04121
02895
04807
07918
01573
07306
04593
03484
00040
08457
02895
06701
02514
00557
07165
06218
02859
03239
07198
07897
00601
02929
08621
05085
03621
01012
02454
04343
03781
05253
07294
07637
04147
02226
04650
06216
05367
02536
05569
05057
07559
01840
00327
06252
06508
03587
03113
06019
03443
02499
06515
05126
07373
08871
06348
06603
05519
08834
02016
08228
03562
02069
05754
05497
04754
08379
01737
02845
01563
02435
07938
08034
07737
02266
00935
06693
08397
07414
01150
02879
06781
07663
01201
02517
02089
05107
05374
02847
01489
05125
08781
06097
02783
04832
07905
01186
02217
02811
01016
00603
04596
01426
07926
07397
07528
00066
02037
05935
07563
05474
00316
01774
00362
07886
08206
03194
05508
00474
01226
07110
07778
01537
07184
05573
07100
00167
04651
06453
07373
01792
03983
06517
05629
08626
04719
06158
03324
03994
00567
08702
02228
08356
04343
04642
01249
03398
07848
06714
08789
03420
00817
04907
04295
00489
06946
06184
01977
01921
04129
03990
01281
05986
00349
02775
02960
04762
00460
04554
03002
05417
02910
05198
02371
04235
06100
08937
08783
07097
08495
04111
07038
01239
03593
02100
02007
00383
06179
01230
01454
07298
07558
05960
04941
06067
04719
06937
03368
05558
00661
06433
09058
06454
07361
06663
01648
05708
05314
04655
05204
01616
07553
00031
00058
02386
06633
01981
08503
04465
04654
07452
07979
00559
06846
07764
06691
00498
00813
00791
09041
07019
01643
03499
01471
08350
00486
03586
00926
03926
06606
01273
09083
08167
03836
01113
01605
02438
07998
03916
07130
08964
07081
07104
06461
00683
06214
07642
08824
05019
02887
07630
01439
04645
02421
02099
01265
07238
01523
08073
00583
03286
07914
03055
07676
06186
05721
02213
06723
07277
06101
00494
00073
03948
01122
02324
00706
07107
05764
06669
02087
00189
04524
03716
06934
05054
01679
05773
04449
06684
01081
01990
01534
06331
06276
04569
07092
04421
00960
00635
05284
03322
02507
07310
07123
04154
00842
02715
01543
06982
05183
03770
02226
04546
02381
04195
01434
06268
04886
04587
04443
08385
07684
03732
08143
07689
07632
04754
06239
08316
06785
01043
07572
04482
03352
00878
03605
00260
03141
04977
06597
06573
02520
00980
00081
07812
05455
01362
02755
01563
01549
04067
04494
05337
04856
03671
08030
02593
02664
01543
02764
07543
05623
00938
01667
06512
04058
04891
08350
03806
01154
05830
08466
00059
02061
02449
08193
03704
00999
01989
01949
07250
05268
05050
00923
01907
04344
00067
07074
05070
07090
05700
05344
08018
08551
05159
07361
05729
07763
07257
02267
00230
08158
08954
07559
00824
02332
08743
06665
05014
02180
03476
03736
01577
08019
06211
08365
01937
08601
01801
04893
04664
06893
02040
07110
01524
07613
00805
02738
04444
03630
02731
02164
08535
03885
00886
06521
02333
02936
02278
01774
06842
06200
06636
07968
03905
08283
06259
03193
02282
02447
03503
05362
00452
03769
05288
08311
01279
07121
02122
00578
06005
08791
05426
07408
02917
07027
02132
06722
00849
09078
03471
05288
08776
06893
05011
07861
06505
06723
06718
08366
08345
00230
00979
02733
08009
05787
04815
07290
05973
07523
06429
07833
04993
09067
00374
04359
02803
01276
02146
05192
01704
06172
02298
05642
04088
06172
08883
04675
08929
06779
03963
03541
08248
06486
00452
08642
01332
01290
00094
02324
09000
03910
06995
04271
04727
07500
02106
01566
08567
06391
00043
00757
02895
08833
06079
06069
06450
05844
00947
04070
03154
08191
04616
01933
06689
00230
05738
05285
05172
04750
06961
01432
01774
00127
08594
05032
00044
02261
07431
03153
04271
03446
01311
05831
07086
08449
03633
07132
02674
06732
07299
02250
04744
00872
04162
02503
05734
05011
07009
08418
08562
00707
05068
00803
00144
08938
07092
01985
06223
06011
02600
08407
04344
07711
00715
00453
08991
04253
02749
07459
05391
05719
03223
08384
01645
08257
02604
01642
05661
06437
01442
04514
02761
00622
07618
07593
03814
04735
00288
07804
00533
02468
07658
00265
01510
01566
08233
05738
08557
05760
08066
02843
07075
02706
04496
00262
08143
08811
04784
04327
02775
02911
01819
02275
08729
08862
02080
02728
06792
05289
08286
06822
00924
06847
04229
02906
07429
08541
02731
06612
00177
03002
04037
05484
02772
00909
00644
02033
08502
07108
06370
03134
04024
08511
04862
05786
04139
02143
06669
07895
09090
03386
00346
07959
07951
05612
06429
07971
04977
03994
07303
05018
00713
07587
05702
01797
05183
08004
07409
01586
03817
04530
05488
08702
02204
01195
07954
03199
06966
05310
03042
00880
01472
04064
00232
05704
07135
08575
00301
01111
01026
00718
03943
06903
04793
08260
00776
03167
04977
00058
01482
02999
01852
07716
04560
06487
01091
01932
08999
02506
07891
08974
04879
03979
04745
01435
00560
08083
00954
01113
03586
03403
05196
06273
05002
07081
06203
01824
04417
06013
03368
05888
06282
05725
00884
00999
05274
06538
02464
05542
04641
01620
02757
03643
07240
04541
02791
02005
08195
08446
03788
02221
03779
07050
03775
02515
01652
08627
04434
00319
01398
04508
00349
06014
04108
01873
06888
01429
05476
07871
02793
00208
02140
01611
01880
00642
00960
07602
03600
04424
01331
07311
00804
01232
08733
05233
06518
00287
04806
03729
06447
05670
00306
02300
06452
02104
07133
00957
05081
07601
06095
04525
03765
07716
08824
03016
02917
02489
04319
00613
02486
00402
03994
02104
06342
01676
00232
05967
00235
07106
07890
02098
07764
04776
06359
06031
00365
05654
04826
01879
01842
05708
02426
00448
05847
03692
07898
00468
07535
03626
01795
04763
04423
00977
02007
02883
02383
05563
04672
02301
03828
06977
03710
06528
03201
02929
06790
00340
00471
01491
08464
00213
01511
03291
00403
02390
02060
03537
04773
03273
00979
02321
08642
07191
05084
02021
07575
07526
01170
06649
08860
09063
04134
04641
08985
08042
05548
04233
06794
00181
02292
03444
03918
03145
04813
07791
00339
02748
05453
04954
09053
00364
07300
03292
04217
03842
00477
07612
05660
01595
02919
02764
07864
00064
00370
00041
07115
02968
00300
04329
03952
05322
07723
01625
00240
08221
07131
06119
05638
08033
03348
03221
02554
04514
04794
08117
03455
07059
00774
08236
04755
08664
07471
08042
03286
07392
06066
08391
04568
01638
03846
03588
08020
04896
00795
01210
03410
02107
06086
04732
04191
01394
08358
00196
06108
02569
04182
05447
08165
04583
03175
01262
05849
04779
02897
02962
08792
04808
04279
07212
00316
07664
08996
05954
05673
06951
08085
04206
03340
05698
08961
01201
05287
06650
07559
03532
03723
06387
01295
02303
08067
07433
03440
07846
08185
04910
06134
03876
04103
05240
05217
01752
03860
01198
07306
01856
01848
04298
04234
01458
04342
08605
06520
01314
03698
05146
07763
04681
01260
03298
04126
07091
00092
06922
00241
00804
00179
09028
05821
02761
04798
06723
03847
01135
02726
09092
02083
03077
06673
05686
02212
05790
05153
05218
00636
02767
03203
08049
00437
04287
03574
04020
05874
01689
06089
07585
02421
00515
02071
04428
02639
02400
09082
06841
00939
05652
04552
08786
04591
07073
01483
07162
02368
01130
04859
03364
08044
06212
05615
04873
00599
02073
07876
00504
05695
01108
01534
04335
02446
01200
04681
09052
05171
02389
00567
04728
01416
05521
03285
08761
03395
00920
04491
07946
01406
04934
01298
04534
04817
01970
02049
06354
01456
05536
02000
06925
02110
00177
01242
03668
05406
07371
07350
05959
06273
05184
01552
00681
08549
03136
08921
00423
07902
02599
01801
08100
05742
01089
06253
02214
08174
08808
03806
01249
03691
06360
04898
02157
00967
05191
02798
03395
00147
02064
02044
01985
03994
04806
04890
08730
06516
01294
02004
05969
06524
06717
03400
05865
02748
06908
03060
04419
03447
07795
05286
00982
02718
00349
04124
05439
06444
06538
05721
00848
00919
04430
00745
03546
04973
02098
00537
02443
02487
02554
01083
08727
04270
05250
05465
02804
07223
04755
05532
01541
07077
07501
07969
04708
08991
03690
03183
04778
07135
03150
07961
05748
08391
07127
08328
05501
06079
08489
00936
08231
03795
01230
03556
05465
01583
02443
00944
04674
02057
09070
05323
07160
00140
03640
01782
08035
06147
08713
00280
00352
03660
04328
03376
00923
04147
05009
03661
00496
05971
00249
07700
07123
07825
06664
03081
04244
09064
04622
04344
06094
07405
03872
03731
07092
08926
02456
08174
04320
04594
05544
03490
00732
03390
02771
06582
03284
04935
02417
04620
01358
04669
06216
06369
02199
08875
09073
06485
06422
00848
05458
08450
02777
05070
00051
06679
05477
00817
07423
07132
03599
02368
04347
01413
04766
02137
00399
03401
05671
03499
05822
08073
08587
06390
05613
08410
07618
04758
04644
01120
01168
08504
06600
05945
02502
07657
03453
03367
08991
02621
07343
01965
01211
06353
03884
04001
01934
03134
00845
06666
07906
08175
00910
08609
06487
05821
00273
08204
03752
08010
08699
04934
02619
03450
09058
04079
08411
08247
07198
02395
02794
08825
05715
02453
06305
02369
07425
07698
07752
01520
05947
09040
01534
02855
03431
03991
01258
05635
04210
05467
08906
01594
07832
05227
08537
04385
01606
02157
01680
07274
02688
04071
01770
03785
06007
04083
07676
05772
04504
06713
03916
08739
02995
00213
00209
08330
06082
01382
03856
08339
02862
08306
08607
01912
01556
07428
08140
07038
05087
02410
08346
08319
06397
00947
07679
04582
04424
02012
00157
01758
07167
07216
09030
06684
00829
07902
01663
06790
06307
03816
08033
01657
07113
08130
08612
01959
06299
01160
02390
08928
05178
08360
01021
02046
07859
08156
07817
07203
07441
04336
08115
09090
05258
07753
01422
01551
07903
08855
03131
06709
02281
07780
00890
02098
07437
04062
04645
05538
06557
06414
07841
04652
02173
03276
08276
05515
04280
01057
03092
03432
06166
07955
08319
03646
04175
05979
02460
04186
00751
05347
02310
01425
03510
03843
03697
07561
01384
08979
00461
05967
08161
01284
04679
02076
03159
01289
06931
05769
08360
02293
02832
05090
08612
06892
03972
05008
03072
07342
05444
04208
02736
04867
06260
01172
08960
08543
00303
08775
07633
01057
02425
05792
04888
07134
08718
03855
06416
09017
07039
03686
04273
05951
02897
01169
02769
04811
02623
07937
05514
03546
05194
01902
05659
02766
03103
06255
08272
01142
08236
08563
07125
09024
07168
06998
06246
00730
03100
01414
06229
07225
01032
08209
01009
07592
07192
00963
01672
06030
01647
02141
05665
08223
05178
04014
01655
06549
08606
04258
08973
04759
05552
05073
06626
04475
08674
09081
03287
06581
01743
08988
07441
02240
04825
04113
01389
07873
00643
01002
04310
08135
01721
07233
08229
03226
08984
03848
03544
02044
06667
00721
06205
08670
05588
04906
05326
06567
03624
05549
05367
07772
01742
00946
07136
03136
04663
06020
01481
01151
01983
02878
00164
00402
02517
02271
02477
06466
05556
05202
00626
07351
03682
02980
07030
06387
01090
04097
01297
00895
01886
07802
06469
04498
07068
06167
02314
03694
03737
02056
09037
02668
08192
02322
07251
08653
08214
08939
06426
04902
09014
03998
03666
04973
04764
07583
04409
02294
04911
03595
03697
01209
01455
07632
06866
01610
08831
08187
04348
01929
05744
07842
03288
05474
03799
00578
08847
06174
06108
01075
04656
01260
06415
07220
03894
07226
03753
07825
07066
02771
04940
06199
02952
04618
05584
02863
05974
05414
03678
05019
00121
01618
00063
06870
03451
00628
00930
04579
06910
03021
07048
06814
01779
06483
00389
06291
08181
08932
01004
05504
05353
05123
00619
05749
02545
03181
08281
00599
05017
03402
03856
06670
07053
05929
00867
05100
01254
01886
03187
02608
05382
02696
03058
07204
07231
02296
01997
07919
03828
09041
02493
01182
02777
05444
07029
01358
06868
02740
01180
02351
01034
02664
03519
01909
00061
06682
03363
08352
04121
07584
00264
02878
04902
07845
07605
07928
08339
03533
05335
08353
01489
00782
05094
05597
08211
02348
06003
04502
08270
08420
06648
04513
03082
06386
06894
00507
07148
02756
06324
00818
05412
06627
02083
02732
03430
03824
00702
01084
00808
02836
00768
03620
05759
00850
05408
01607
00815
04014
03887
02279
01646
07000
02231
00827
07885
02202
08137
07688
05442
08951
04374
08222
05542
04241
01618
05178
07651
00414
07324
05198
04862
04704
06314
01037
02134
05514
05829
07237
09061
01211
01255
03227
06720
05633
00721
07358
01603
08250
03804
02565
06651
02969
06932
04143
03044
00840
07823
05677
03468
07171
03355
06323
01025
08868
06367
03667
06203
07222
03217
06723
07744
03445
07506
08742
07973
00487
02063
01715
08156
04989
07067
02809
08612
08468
05462
03039
04670
03643
04604
01572
07497
07799
04221
07927
05592
00491
04097
04483
02436
05717
01431
03437
05154
05965
09019
05971
01076
06294
05941
00480
06987
05947
04830
07221
00424
01177
08981
04884
02820
08298
06555
01028
04850
00093
00547
05930
00121
05354
05906
02231
06332
07500
05848
05827
00905
00412
00404
07206
07041
08005
04802
01478
06613
01245
03053
07640
00067
06987
05105
01064
03209
05473
07622
01956
00392
01762
03080
03608
05114
02390
01260
08806
08356
04211
02739
02629
05838
00165
06331
01544
06312
02628
01134
03161
06450
07561
00672
02899
00006
01003
06277
07369
01050
07509
07635
03592
01814
06774
02858
06909
01911
08456
06513
04877
06766
05005
08353
01751
07356
03372
07874
01800
01754
00853
08434
07129
00022
07749
02971
08008
05716
00525
07873
02904
00931
01860
01341
07573
05676
06372
03605
05037
05262
07438
00779
01410
06105
01687
07990
06416
03341
03205
03748
00438
06814
02498
04294
06105
04896
00811
06462
01050
06913
03176
08082
05301
03408
00020
08900
05518
03011
05481
04478
00992
07497
04810
03132
08505
01217
08009
07020
08842
05519
07928
02021
00607
07216
07171
07549
05779
04014
05869
05657
03742
01409
03925
00132
02444
02181
03488
01295
00280
04141
03648
08880
08537
05798
07771
00251
01585
01690
01810
00486
04379
06135
06785
08308
06891
06424
04598
00324
00874
01486
06846
09056
06770
00397
07412
04170
04893
07757
00852
02392
00090
02477
06526
02480
05510
01798
04077
03699
00934
02157
08923
00062
06913
05077
02277
03571
02116
03699
04045
07278
07181
08628
05843
06816
00182
07076
02788
05205
00316
02389
08680
04650
06048
05604
08347
07998
00461
03696
02961
05110
07541
04741
06736
04288
08054
02888
04479
02245
00873
00016
03768
02192
01045
03430
01618
08743
04549
00114
05386
07392
05245
06681
08968
06913
01119
05360
05603
03249
07556
00695
08445
01827
03561
04895
03944
04713
09083
08101
00111
05746
08487
06123
00225
07513
06447
04198
06577
06674
07003
02240
04349
04792
02559
04641
07097
05585
03959
06768
03177
02397
06733
05598
02743
01077
04698
05337
07588
06817
07068
07196
01309
02470
01476
01125
00330
03042
00485
02242
05754
06509
07873
04168
01139
05412
01008
09012
07797
00626
07258
07640
05514
05027
01277
06686
03750
06194
02385
03153
07012
02335
08257
01533
02829
02949
02580
01093
03303
06122
02864
07420
01755
02857
06006
00965
03394
02917
09062
00664
02430
08256
07582
01288
02213
07015
01516
05963
05222
01509
01429
08859
08907
05120
04082
03016
05959
05151
05033
02151
08298
07778
01976
04100
02999
06416
02386
08548
07622
00343
00795
01075
03619
00067
02231
07901
04283
04672
06466
06956
05355
07710
07239
06789
01538
00691
08247
07676
01568
00112
01837
03699
07861
01045
07797
03068
05610
00975
05498
08659
02256
04213
02801
07222
04732
04183
01596
01658
07892
02195
03247
00507
00585
03909
09082
04677
08396
07441
08312
03379
06862
08480
00732
01006
05904
01108
06363
01886
07669
07747
08174
03344
06980
03707
00245
04932
06257
02840
07209
03624
05519
03923
02819
07358
05400
01430
00027
01782
00187
02773
05020
03559
03431
05947
07697
05287
07176
02931
04017
07431
00210
00670
03228
04390
02410
04746
04247
03235
02087
02422
04643
04089
07150
05369
03769
08230
00973
08353
01349
07196
03492
05727
09037
03936
05690
02429
07848
04546
03297
00237
09001
04559
00971
01858
05702
00970
03965
02958
07935
06809
08652
06501
06617
05863
03586
02840
00215
06751
02751
08638
00784
04032
04074
07009
05149
08148
05259
02982
02602
03276
08331
05046
03989
00606
03155
05881
08584
07210
00742
01182
06997
08095
06550
08581
02371
02285
03482
08345
02935
07168
02269
06185
00553
04717
05243
05461
01949
06905
06119
08730
03299
04196
08325
07643
08087
01719
04626
04945
02325
07345
03456
04846
08357
00072
00376
04866
05390
02748
07952
01191
08391
05315
02574
07446
00655
00831
07628
06963
05430
07237
07824
08729
05677
08410
04608
05364
02369
01963
08032
00160
05845
01603
04865
02075
05838
06750
07970
03968
03466
05939
03664
05755
00481
02910
00655
07861
06810
04690
02952
08888
03946
08741
00192
04024
01434
05050
01608
06908
08580
05022
04509
03228
04041
06241
08290
00981
02450
01719
06020
00732
03857
03058
02688
08460
08746
04562
06313
05898
01611
08875
06865
01603
09062
03936
08118
01849
04414
04049
05220
08628
04721
06664
02397
07968
06620
07386
06978
01623
02912
08860
06583
03572
08761
01529
07890
01567
05594
04962
02165
07921
05326
03721
05680
05545
08942
08153
08109
08245
04679
05078
07305
04195
03554
07857
07061
02291
03035
06846
07507
05674
04715
00781
03497
05757
02666
06553
04282
04620
00393
04920
04437
01498
07606
00473
02620
02502
03642
07583
01540
05092
00284
08337
06722
02618
05688
06844
08652
02707
08213
07421
00138
06221
06208
05398
00964
08255
03259
08849
05266
07966
01811
07846
01215
00158
07687
04533
03311
08437
06241
08399
04468
01611
08258
02447
04808
01020
08990
01726
05494
03783
00462
06332
03106
04257
02164
06994
01094
04751
03336
04989
00672
06365
04788
03477
01850
07827
07421
00863
01994
03458
01065
00065
00498
02688
04447
05235
01631
03450
01778
00607
07443
02154
00239
08102
02504
02689
02241
00183
06001
01947
02254
07029
08464
00838
01764
01593
06094
00762
00985
03210
07732
02658
02321
08732
01279
02276
07031
05601
08290
08755
06467
05819
03375
03090
04047
02647
07716
06222
05712
04731
06161
02041
03128
06058
05476
06753
07462
00985
06395
04007
03855
04367
02422
07529
02844
08894
07669
04764
02425
01801
03451
05500
08872
03793
00318
04114
08471
01836
04385
08555
06233
01254
04768
04255
02735
08279
01454
00877
06552
00607
06758
05319
00482
06484
01228
07890
03784
06377
02470
05098
02517
07764
06015
01568
00367
07654
03921
07966
00514
06800
05381
06853
08143
02626
04327
06227
05654
08732
02554
01459
03912
05129
00658
05196
00782
02479
04489
01533
05239
06258
01133
06656
06700
06997
05573
00392
02526
02742
00406
05470
01672
01855
03853
01612
04552
03333
07775
01047
01225
08302
06330
00138
00368
07036
05846
04479
01659
04992
05279
01988
06322
08437
05994
01116
02261
07744
03807
00152
02487
00125
03343
05966
08102
05933
06096
02338
05295
00856
04571
02125
06325
03480
01871
02202
02122
07959
06840
00013
03410
08233
07367
07448
06497
09073
02210
02308
00256
00902
01422
07195
08600
02783
03747
01222
02719
08279
02224
01074
04583
08119
03859
08435
00769
07702
08604
04473
05083
00964
08255
04976
06551
04544
08484
03972
00728
01051
06095
00483
04410
01649
06953
00937
08338
06979
03866
00314
04460
06488
06277
08938
01786
04686
09015
04103
02646
03836
00623
03525
07019
02481
02979
09022
08285
05328
01160
00045
01259
06963
08903
00448
03807
04195
06733
05931
08149
02770
04337
02550
08112
01640
07489
03302
06086
03176
02223
07571
05051
06915
04877
05910
06958
03563
01129
01425
00184
04910
04487
06370
04446
03229
02249
05485
00017
04680
02882
01009
06117
03828
06114
01706
08755
01492
03322
02360
05225
01803
04351
02993
04024
01442
03022
06937
01224
03318
07011
06871
09061
00112
05575
02157
05677
00881
04281
06473
06010
08682
02683
00602
04970
04909
01539
03694
07774
02883
08020
08041
04581
04009
05740
00520
00986
02609
03193
06565
01809
02597
03555
06118
01271
00208
04070
04594
04203
08382
01751
03239
02798
00919
04497
08230
00135
03756
06835
00154
02736
02353
01893
02255
02371
01566
04792
00908
04704
08341
02559
06219
07188
07070
02404
09060
06978
01589
06680
05890
02742
00309
05283
02541
02416
07463
01372
01771
01662
03914
03762
06182
04986
01558
01035
01266
07247
07912
03277
09072
04535
03085
06691
05646
06523
00951
08530
05536
00627
06768
09051
03712
00240
04026
01677
02094
01048
07692
00031
02138
07114
00104
05272
03918
07959
06471
00862
00229
08261
04205
00898
07866
01690
06493
07315
04099
00001
00305
05653
08705
02013
00280
01101
00617
04127
05017
03826
01942
01415
03780
02295
04110
05102
04947
05633
02282
07256
03151
01068
07097
02177
00638
05711
01593
05265
01589
03236
02230
01861
08768
01137
06737
08953
02089
05862
03285
09065
07254
01561
08388
00080
02938
03852
00296
05184
06254
00569
08414
00684
04666
01227
08253
07598
05931
04157
08697
07653
01442
01085
04382
01068
05391
01335
05771
03030
03787
07867
05019
04291
00632
05550
04154
06956
09010
03549
08963
02186
02715
04353
04115
00431
03093
05059
04678
07098
00260
04790
04610
00130
05703
02040
02759
06711
01299
08726
07831
07260
01135
02164
03175
05953
01544
02561
05991
04374
08089
07943
01308
07865
07840
01052
01683
05674
04350
02465
05195
05507
01629
02644
08740
06146
02064
02822
07490
07496
08216
02129
03316
01052
08856
06965
02442
02347
02466
01130
00139
08566
08946
02814
03518
05277
08826
03209
02071
03592
06468
03765
08349
09059
03069
05570
02039
02715
05130
04770
01379
02340
02366
03722
02440
07330
00822
01257
06908
03441
06370
01621
00334
01169
00821
07681
07303
04290
06104
04414
04468
02313
07388
08831
05064
05644
08489
04616
03014
05765
03703
05985
00329
08083
04341
00444
05854
04448
08650
04821
05772
05243
00067
08603
08340
01454
00450
03701
03839
01612
01965
07435
04656
07750
01708
03710
03714
08267
04357
00542
06800
00647
05298
02199
03365
05692
05484
06784
05762
03125
00722
06513
02447
00628
08482
04626
00217
05358
06710
05006
08867
04251
04880
08634
01256
07038
03698
05239
03214
06669
02064
02308
00150
05449
02692
08416
01542
07277
01144
00820
02920
00166
08680
01780
05464
04446
05927
04060
08133
02844
03564
06011
04470
06886
05626
01408
02429
04402
02713
06414
06038
01648
04440
08262
07809
05452
00035
05435
07085
03061
06301
06182
05392
01013
03140
03259
00992
07420
06486
05264
08872
03100
05152
06549
07213
00199
00979
00270
04085
03177
02730
07430
04618
08645
04591
01545
07481
04775
07773
05296
04913
00559
03855
06324
03510
08105
00624
02005
08742
06109
00995
02002
01502
04159
08147
03939
05536
03933
02855
06587
07526
07756
04027
07288
07679
03623
06382
08144
06822
00542
03541
02593
07603
05501
07894
00828
08518
05955
06834
00599
05723
05194
06813
01119
03500
04828
02500
00495
05278
02875
05301
06659
06662
00298
06595
06983
08741
02680
03161
07314
00060
06614
04880
05712
01542
01969
01765
07085
07616
03018
00665
02089
00310
02228
06465
05193
02076
00036
02555
04623
07524
05726
07814
02478
05567
04959
03130
04432
06923
03335
07367
00857
08659
05707
08440
02706
04311
08845
05433
05139
00220
07211
01574
07107
07364
06461
05555
05358
05295
00258
00052
05091
07469
01679
01042
00048
06888
03384
08717
04907
06290
02999
07169
02353
01611
01115
05944
03834
07413
08095
02694
03407
03942
08857
04792
03224
02016
01126
07519
00845
00277
07114
01196
04568
03613
02844
00353
00502
03956
08564
04691
03696
05129
03942
06512
01304
05717
04621
08972
05069
02265
02628
02212
00739
02030
01248
08987
00829
02671
07415
05576
06597
06015
05201
09018
01610
07190
05822
05418
04042
08105
01012
03688
00526
06657
08962
04517
01943
07079
08978
04253
04899
02711
03852
03274
06977
00924
07357
03415
04693
00741
02192
03335
06357
00771
00450
06598
08521
02081
06641
03739
01686
04926
00563
00932
03106
00149
08129
03067
02491
02962
04456
02278
08379
01938
01275
00473
02088
07817
03763
06581
01505
03313
05668
02561
07570
01282
01954
09085
01408
05109
01125
08074
01981
08798
03081
01848
03291
01206
04313
08328
06831
07355
04670
04075
01278
00002
07385
08789
01912
00055
05407
02635
02061
07739
03945
03311
00813
06801
02172
08678
03624
07899
07437
00704
01303
00195
07935
04815
01506
05895
08331
01298
08479
05384
03369
00861
06392
08024
08513
00866
03969
02367
04032
04676
04497
00076
07730
05060
07403
04578
02040
07253
01300
03514
01895
08412
06664
02216
07884
05009
03151
07285
03367
02423
05687
08351
00320
08838
02672
03384
07261
01832
06087
07742
05702
02141
00492
08308
07034
01338
08750
06610
07803
04342
00701
01268
06970
03708
03433
07397
06708
03423
01509
01883
01809
03159
07679
01702
04288
08840
05199
01985
03380
07258
09091
08742
06498
01300
05870
07830
04806
06558
01620
00914
06429
03878
07391
06701
02201
08926
02836
04094
07013
02516
00881
06482
06389
00072
01812
06650
08908
04295
04708
06132
07721
03425
01307
07004
06839
01848
07413
01299
03783
06152
02084
05552
04416
00976
04205
05998
07450
01859
08387
08506
03032
07716
07403
00569
06547
08960
03532
08044
00920
06157
08161
08360
07001
08309
01245
06437
07542
06789
06863
07954
04011
09096
00502
04054
01638
07632
01845
02654
04667
02171
01645
01255
00835
07091
03487
07825
03214
00840
05513
05007
00437
05516
00616
00230
09077
02346
07312
02799
08102
05472
07809
05652
07527
06194
06295
03086
01271
01270
06368
07254
02093
00942
07446
07404
02561
08854
05688
06982
06460
09052
06326
04530
02270
08991
08149
06545
00687
02755
08988
05716
01655
05515
04194
05976
02535
02165
00797
06614
08690
08379
04713
06666
00032
05351
04262
08905
07647
05720
08042
05199
06283
04160
07835
01975
03896
05927
08637
02950
01296
02929
06421
05750
00774
01497
02063
02747
05415
04170
02034
05061
04735
08338
06866
04673
08052
00571
03745
01770
04748
00969
02959
06424
02069
07575
05696
03980
04022
05530
08560
04580
04076
06012
02424
04443
04030
00315
00692
08776
03591
01597
08965
08354
04783
00248
05295
08883
07317
06678
01395
05911
03412
02326
07185
07078
02600
00303
07070
06423
08508
05138
01486
05588
08423
05416
01611
04353
01856
01519
03028
03060
04983
03693
03690
04287
02465
01763
07958
02581
00075
01400
00849
05872
07668
00202
00252
06329
01525
06678
05679
01815
02327
06331
04830
00001
00060
04289
05960
06186
05711
00528
00492
05206
01954
02148
06057
04307
03121
08785
05449
07203
06254
08736
06802
06721
07291
08629
00574
06624
01388
05733
06849
04751
05570
02495
08185
01032
01889
05322
00642
06216
05399
04642
07232
01831
00270
05176
07454
01601
06240
06093
01329
07532
00305
08583
01862
07839
01322
04119
02669
03492
02061
01971
01427
08041
07114
01860
05126
02604
02209
01804
06461
00133
05601
05661
03731
04059
00225
08246
08349
00391
01574
08408
04557
06509
07686
06357
05773
02812
08064
03937
07853
01328
07828
06949
02041
01072
08322
04441
07443
04978
05059
04019
06857
07996
07445
06894
07878
05105
03133
07730
05227
08856
02014
01565
00586
03897
03163
01626
07419
09017
08541
00666
00548
04149
00845
08036
04839
02040
00955
06667
08289
06666
05357
01883
00034
08764
03645
06108
06629
00061
01204
05763
03935
09016
03012
03836
06120
08973
07110
08210
07809
01138
01222
06942
01151
02442
03436
05262
02513
02949
04411
03440
05771
07763
02965
00635
01685
08375
02535
07548
00187
03916
04475
06051
07753
02703
02832
07217
05686
06988
05689
03816
07329
04331
03863
07854
07993
05836
05356
02851
04708
00603
07293
06862
06643
02337
00060
06405
07756
01800
03267
00272
00397
00478
00426
02184
07829
07825
00051
04408
07609
07771
08613
03305
05193
07509
02818
04636
06744
01654
02019
03861
02458
00814
08590
03864
07234
03049
02978
08799
01405
06903
08336
07166
07710
00014
01985
01739
00347
06578
02465
02346
05865
04521
06182
04941
00340
02454
06765
05695
02793
02841
01011
02378
01769
07861
07388
02663
03911
06043
01511
06958
05787
02687
03562
07322
02200
00524
00956
05847
08651
08418
00916
03795
02173
02415
04088
06312
05838
08807
07592
01664
01504
04880
00490
06775
08372
01474
00555
06438
04143
06298
06619
00769
00342
03014
04610
05146
02196
07665
00703
06346
04062
09045
03931
00841
04826
06801
07567
03106
02351
01945
02814
07409
02972
02836
03462
02052
03619
06952
04330
04949
08610
08495
03866
07374
01218
00283
06623
00788
07601
02497
06909
02098
01290
06319
06707
02742
00007
05146
08539
04234
04535
03494
01191
00288
00578
03825
03944
04956
08058
02007
06569
02608
01728
01233
01004
00559
01292
08186
03017
07183
02385
04951
05316
04288
05741
00600
06618
06765
01898
01526
05972
03821
04111
02644
02124
05340
07669
06658
03804
08801
02898
05160
06585
05324
08092
06717
03637
00257
08010
04315
00309
05487
04925
05812
06063
03700
03474
01288
01184
02102
05057
03930
07777
07247
08969
00401
08312
05206
05503
02939
06042
04161
03493
08641
05121
01556
04610
03462
08976
06928
01946
03034
07871
05601
04601
07411
05465
05609
05201
07407
07835
01270
00008
01042
01564
05595
05099
04895
00480
06084
07726
03161
04946
06265
03081
07059
03949
07448
08396
03085
08939
08039
00323
01575
08777
08704
08644
08253
07247
01313
07495
06745
02462
05115
04200
04937
08995
06107
08700
06000
09062
03833
01230
03660
07924
04873
08089
01866
00434
00200
00196
05985
02232
03643
03545
05694
05657
04032
00607
05994
04757
03370
08666
04918
01294
08340
00157
02667
02396
06497
07304
01750
01721
00129
00988
01975
08739
03384
08033
03434
07328
05237
02131
08423
06016
00692
05764
06527
04747
04137
02565
02844
07696
03181
04920
06062
01773
03602
04719
03005
05701
08362
02803
00143
04315
08505
02044
03107
00857
09048
02541
00503
03833
05326
01376
00250
02475
01098
02825
01942
02814
06524
03443
07238
03806
04633
00880
04582
06951
05995
02561
08327
03723
07622
01978
05173
03892
07712
06474
03991
02632
05143
03925
01958
03544
02160
00852
02375
05210
08597
03162
03516
01954
02200
04737
04770
07352
00232
06233
01324
06383
05918
06268
00396
00002
03232
00371
04243
04548
00686
02769
05271
08878
01666
01318
01141
04246
01961
02295
03214
01375
01388
04245
07411
03880
05502
05799
02100
08105
07684
03202
07437
04801
03403
05367
01453
04526
03086
04028
02832
03748
01327
01989
07777
05617
01032
08915
00813
07157
06007
00008
00522
01954
01585
07033
08740
04779
00844
01216
04373
01247
07394
00220
05030
05325
03986
03571
04241
03623
01398
04280
02730
02576
00788
07472
08350
07418
01347
08827
04171
08384
05097
07072
01379
06129
07106
03157
07767
05400
02388
06164
08405
01653
00190
03156
04709
06005
03108
03504
02693
07297
03961
04671
04104
04682
05868
01676
07049
03857
03073
07292
04113
08444
00424
07103
07278
08127
08639
07916
08248
07430
02689
05445
05447
03234
06920
05787
04687
06802
03524
02910
05956
00063
07350
04217
01178
07565
08163
01782
03923
02666
05183
08890
02944
00520
02371
01500
02891
00712
06246
08123
00464
00389
02400
06545
00999
07156
04335
01799
06469
01306
08919
04636
07479
04991
08439
08731
01107
04658
07150
00461
00019
07365
08605
05327
06249
01489
06954
03064
01433
02315
05053
08435
05289
03054
06319
05341
05210
04229
02376
06318
07489
06184
01131
08239
08929
07687
02314
02375
01369
05087
00392
04674
02287
06422
02634
07020
08850
07058
01565
05491
07245
06058
06033
06837
05448
02472
