09010
06832
05608
04463
08117
03695
01662
05383
04692
06233
00069
07893
05888
07234
01360
08936
07673
02235
03745
05191
02555
04094
03643
01456
07926
00280
06211
03641
01055
06044
01451
05177
01748
03660
01048
07674
05535
03955
04297
09419
04765
07730
03431
00693
00070
04773
04032
04848
08314
09377
08968
07663
00743
01915
08168
08686
07356
09084
09171
07723
04094
06084
00514
03699
07129
05610
06860
07656
04218
08758
02515
06287
03369
05658
05666
01738
08783
03191
00324
06976
07879
09524
06906
06904
04282
01865
09605
04489
02139
06705
04171
05163
03140
06934
09420
03980
07423
09402
04337
09045
02882
04296
09868
06771
06976
05210
01679
01379
03541
08654
09228
02922
04020
08327
06286
05951
09111
03464
02500
00555
01244
07016
09278
04094
08731
06338
00508
04387
06068
09585
02226
07086
06439
06461
03125
04160
07735
02760
05994
07001
05737
02992
07385
02973
04682
01734
00694
05031
06464
04691
06043
07806
03186
06328
09577
02091
01234
00247
05938
04654
04900
01050
02320
05743
07513
04224
02997
06308
08265
04118
08950
05651
02111
03585
00406
09380
08944
09581
00300
03405
03416
04668
06892
05828
01973
01893
02904
03783
02292
08023
02586
02540
00698
02077
07687
01243
08048
02531
07772
00148
02635
01652
01516
07065
07079
04299
02550
02545
01883
01293
00804
08905
09163
09065
04606
05352
07890
03816
09110
01126
01755
09588
07125
02337
08886
04367
04582
01487
05327
06984
05846
03396
05688
05429
07836
03673
00177
02648
08619
01455
01566
01249
08619
06134
01584
08439
03589
02961
03808
04195
04960
07499
02497
06534
03157
03012
05153
00038
02254
06334
07616
09619
09459
08308
08057
05352
09213
05068
01481
04862
09041
06190
02857
00918
08609
02240
01888
08222
00918
00753
03276
02044
05306
04970
08015
03715
02300
04115
03922
01164
06031
00773
04657
06594
04379
03308
04672
00968
01348
01536
09631
06902
03890
04782
08405
00359
03322
00280
09724
01933
06011
04923
05329
07623
04351
07168
07970
05657
00697
07361
00694
09733
05740
02843
01699
00115
07503
04097
04608
03226
05369
09777
01814
03235
00135
02330
09694
05787
00125
07370
07790
04933
05326
01802
02151
09690
01632
06989
00720
08913
09060
08670
06288
01535
06090
02457
05194
09308
08538
07413
03126
00596
05235
05691
05052
00904
09181
05576
00430
05849
05086
02517
09671
05102
01226
00332
00891
08891
09845
08048
09262
04107
04313
04890
02192
00680
00345
06862
04091
01591
04356
02761
07549
05013
05423
08668
00943
07076
04079
03783
07135
05682
01971
02397
01131
04332
02242
00316
00121
03358
04237
00369
07047
07943
00281
05993
01247
05647
02576
08071
08168
05620
05733
02830
06894
02201
04509
00483
09821
07452
07333
07835
04933
01916
02950
08407
00074
04259
05133
00374
01619
09377
03941
01385
06873
01360
00378
02783
04508
04601
08536
05267
03337
04777
01913
04762
01483
05393
09036
09338
08364
03480
05691
04280
05983
04758
08764
02159
06212
04626
03764
03938
09687
05950
01788
01000
00475
05979
09378
06416
01088
04401
04060
04823
04384
03108
08848
02786
04647
08068
05845
03369
00105
03795
09409
02634
04213
07729
01220
02616
08405
00515
08804
01216
09341
02140
09452
00869
03161
07068
04560
05772
07102
03331
05422
01219
01112
05646
05963
07935
08931
05842
03015
09505
09068
09151
07007
08105
04960
05287
00359
08151
00508
03692
05142
08376
06684
09883
06710
04857
09346
08083
09515
07559
06034
06655
04060
09646
01137
02307
08256
09423
04622
09436
00940
06726
05537
05394
02710
07010
04783
09194
01701
02403
06987
09573
06245
05090
01052
02584
02861
05503
08975
05584
05582
05761
05245
07057
09602
03276
04094
03967
04969
04688
08293
02069
09249
08839
03256
07969
06613
07103
04302
04661
02509
08013
02784
01168
08020
05538
04658
06866
08395
02460
07701
00478
09650
00710
05162
08706
08533
05766
07172
07473
06845
01004
05867
03553
02977
04040
07169
02608
06944
03669
03870
05605
07141
06157
04321
07527
07753
04788
08681
02709
04573
02488
05190
05086
09632
06555
08602
07097
07717
00916
07380
00546
07292
07933
07084
06552
05362
03198
01727
05026
09299
05872
01991
03373
00442
06137
00696
08123
00944
00828
08926
00098
03855
07837
08487
01984
03721
04574
08092
05583
07002
09629
07028
08494
09358
00549
00613
01902
07709
01137
02192
04177
03918
09460
06847
08429
07323
01156
06742
09736
09767
01670
03072
07803
05244
00874
04072
06772
02444
06652
01260
01559
03423
06218
03093
07169
01652
07774
09289
01840
08377
01124
09266
05275
09837
03218
04264
04517
08734
06424
02375
06478
01708
06718
09483
02870
09425
07549
02409
08769
02061
00869
05619
05356
08465
08150
04715
00867
08608
05127
00261
05382
00112
02656
01007
01332
02133
09052
08074
01926
04591
01093
03919
02856
02189
06092
04928
06055
07213
00306
08534
08125
00528
03270
06740
04445
00655
01162
04302
09475
07320
08247
07915
07926
00039
09660
07061
04294
03548
01411
08884
09374
02412
01808
03522
05891
05892
02125
02082
03544
04021
00234
00955
01518
06417
06997
01296
03115
00343
05153
04882
02542
05423
07260
04406
03310
09229
01997
01361
02064
09144
00528
04682
08168
01423
09001
09028
00275
09012
01475
01570
08887
09553
04765
02727
00324
05632
04151
09110
09644
05954
06740
00263
09096
06365
04493
01164
07321
05812
03618
07664
06653
01252
01409
00509
07921
07312
01059
08605
00116
03953
05291
07771
01471
00132
04354
08588
01357
06426
08565
01874
09839
07267
00502
03133
03921
04646
06494
08505
02771
09797
05920
05108
04442
07740
05195
04048
00431
03873
02198
02944
02934
04271
05609
09857
00089
07623
05073
07221
05087
08754
06553
02061
02309
03532
02032
05371
09184
03855
03563
08425
03441
08819
04370
01677
03703
04677
00511
07700
05589
00004
04759
01023
03400
06107
00394
04185
08499
03006
04768
07285
07840
04023
09181
00867
07256
05758
02173
00755
05978
03110
09519
02489
08509
00531
00821
09865
06423
06821
08947
06968
00987
08465
06398
05028
00023
09791
01160
01366
00611
07709
07780
02569
08806
02512
02799
02994
05910
04024
03330
04619
01015
08693
02276
02813
09522
08361
00297
03503
07871
09458
09877
02368
00010
00417
02294
00041
02971
04461
02004
09725
03421
08699
07699
09405
02297
07642
04857
00964
00386
06683
00947
07216
03031
00199
08173
09836
06637
04068
04757
06091
03640
04602
02451
02381
02121
06324
09076
09692
05140
08864
00043
07985
06891
02332
08673
02814
07807
06442
08081
03777
09757
04995
02903
04026
02886
09388
05754
08634
01972
07593
08849
01892
09179
08543
01779
01042
07888
04546
00403
08874
02269
09280
03771
02670
06643
08098
06433
04110
09858
02680
07173
08980
03578
08055
09106
07670
09483
03916
01639
06072
05410
06764
01742
09024
06027
01376
08540
09836
00651
02038
05356
03019
05207
06669
07494
08969
04668
06175
02544
04881
04171
02449
09687
06905
00117
09304
02485
03522
03247
07459
06180
09457
06011
01264
00072
02621
06459
08166
00285
05398
02827
05497
03438
00843
01650
02124
01802
03877
01071
01699
01117
09545
03118
08748
04709
04325
00082
08078
06116
02771
02082
08902
07217
05069
07556
01082
02994
07736
07398
00835
08264
06392
02815
01859
09698
02998
00498
04039
03381
02971
04826
06924
02337
05757
02175
08913
06182
03687
08810
03137
03822
06292
07228
02199
03386
06097
00207
00718
00540
00326
07337
01656
06436
05207
09227
00727
03799
02192
00539
01700
05817
03518
02907
07500
04172
09253
06033
00744
05326
07691
03648
08352
00191
08159
01628
07736
07195
08160
07582
03911
03875
00949
06732
00754
08568
05042
04624
09694
04262
08321
09088
00182
02996
09454
09194
02895
09424
04456
09565
02373
09204
05166
03456
05547
09385
01455
06395
05188
04324
04567
01433
01146
08463
01486
06090
04312
09614
01938
03585
07859
05659
02112
08514
01073
03021
01104
07797
08747
01376
05260
08971
01833
02830
03104
07286
06212
02993
02903
03054
00135
04454
09525
01431
00063
08039
08549
01989
01146
05669
00506
09718
01539
06925
06639
04805
09689
06391
02807
04506
02478
04534
01671
04991
08366
00379
04947
07643
04617
06085
06973
03998
07529
01775
08630
01376
01133
02488
06049
01947
06724
08877
05671
00763
00342
01628
08936
00241
00742
08964
08356
03708
07464
09850
08426
07968
02250
01735
01362
04582
01802
02781
05107
08314
04367
05864
04819
08244
04629
09409
09888
00817
07914
01746
00427
09041
00784
09057
00288
00202
08933
02047
00582
05131
00871
04053
02429
05504
06380
00138
08638
01759
05517
07077
07490
07600
09503
04201
03884
09619
02679
03027
09137
07322
02817
08167
09085
00927
07704
04108
07384
05071
01384
09344
03994
06856
05772
03411
06309
09565
06644
09184
06133
03891
09532
06927
08975
03693
02383
09503
02595
06058
07962
02553
06283
02984
03683
04850
06330
03133
09171
03832
06922
01229
08033
03826
06027
05954
07750
03735
01399
04400
04758
02552
05095
04469
01599
05874
00896
05505
01570
03080
09026
06088
00359
07100
00984
01489
03262
01914
07248
06624
07168
00673
05539
04052
02791
04607
02037
00849
08431
05486
00726
02240
07618
09300
06618
04017
09388
05856
07050
01912
03012
03185
06301
00797
04686
00624
03574
05626
06985
02927
01347
06270
04384
02517
03755
07143
04654
05034
07113
09738
04892
04615
06033
08115
01189
07631
06449
04724
08124
08145
04769
07414
06993
00479
00431
01650
02630
08580
03582
05039
07188
03017
05970
05449
03999
02949
05070
06560
01847
08303
05118
02199
03253
02294
01460
01759
01894
09281
02357
05340
08802
05766
05796
04866
07001
07212
09768
03838
03312
04424
01456
01040
02804
02636
05709
07081
04376
02695
03531
04893
08176
06378
09076
05270
02853
06901
03550
03877
04240
07131
09564
03527
08884
07910
02465
04117
04129
08361
07677
00573
08015
02445
05988
09884
05011
09328
07221
03860
04592
06435
03368
09779
08991
07823
04960
07887
08705
05381
04529
07245
01969
09875
01130
02221
05347
08506
09719
04655
06148
04511
08005
06668
01884
09767
08814
07760
04039
03262
00637
02272
06235
02064
08784
03162
04870
00410
08982
06904
09176
09265
09343
07982
03861
03878
00905
00112
02107
04194
09649
08044
02617
09144
06145
00822
04335
03325
06994
03536
09430
05808
09865
08357
03281
00687
03258
05349
05115
09179
04308
04543
06304
06671
05578
00098
08818
05044
01092
08690
05131
00829
04169
04243
00114
03070
03491
07839
09200
01003
00280
01332
04126
09703
00558
02309
09433
07956
04727
02517
07109
00970
05388
07440
09742
01251
09496
06819
00537
06801
06408
07074
05796
03056
08997
04757
08342
02224
02538
04531
02814
04914
02212
09487
07282
07131
03504
02170
05607
09825
08308
06443
09804
02411
03638
02045
05741
06634
05578
02938
01471
05817
00279
05001
09161
09818
07286
09270
00226
08753
02408
00598
03498
06178
03141
07859
01178
00352
07381
07219
01121
07665
04103
09544
04201
07938
08077
08672
09347
07403
01564
05826
00039
03029
04973
08329
06116
06819
08308
02494
05860
05611
02237
03965
03739
02386
01709
00314
08855
09663
07320
07128
01365
05990
05909
01267
04662
06251
00213
04576
04701
02119
03730
00801
01885
04791
00596
08376
05114
07485
05583
03080
06574
07052
09549
03712
07050
06123
03718
02001
01583
09274
02830
08402
02251
00052
04338
06307
07729
02315
03451
00905
02242
04342
04916
04885
07637
03100
04167
00877
04606
00173
09575
06534
01078
07330
05609
04741
04739
05748
02530
00527
00424
04250
09761
04812
06985
00828
04466
01423
05421
03148
03018
09284
05171
09283
00094
01563
07403
04640
02979
07385
03882
02726
08160
03170
00430
00540
02481
04826
06162
07930
05255
08946
08413
08848
09340
03354
04853
09338
09517
01008
09218
07695
00791
08636
09072
07562
00235
00051
00771
06240
01738
06127
03891
04033
08378
03305
03797
05174
00623
01198
07522
01372
03258
01160
07338
05122
09664
01488
06599
07769
09646
00642
07344
06004
05185
08525
03073
03396
04421
00605
03050
09254
04556
09023
00160
00081
09713
02074
04424
01427
07130
00509
08007
09579
05871
08438
03743
08677
08432
08855
02217
06893
06659
03488
09539
00120
01524
00079
04741
09793
00742
08332
08507
06080
04196
08789
02323
06111
08584
00187
08489
06689
08547
03492
03279
03474
06350
00940
04676
07946
06341
08558
05813
07083
02855
05047
04764
04585
00405
03655
06048
06416
03056
04705
01413
00468
08946
09614
02169
04866
06629
05498
00985
08711
06508
01293
01144
01834
01719
06365
06249
01503
01718
04913
02303
00595
06581
07492
03205
06076
07359
01472
04736
05321
04669
01828
08862
09076
06639
06325
03357
03400
08202
08136
07445
08853
04985
09099
09239
08018
03681
03147
00819
09510
00195
02457
05532
07048
05102
05440
04304
01074
07135
04426
09327
01754
09642
01945
07714
00774
08286
06162
02825
07765
08812
03585
00152
09151
07093
09239
04723
08999
08974
08772
01753
03393
05401
08833
00008
02247
05039
00302
04704
09277
08672
04098
03010
06868
04007
00103
04403
05296
02123
00410
02574
07274
09416
08320
04330
02721
09840
07831
09805
06873
06305
09565
01475
08454
06479
01825
03171
00015
09054
06077
05501
02907
04326
02271
09072
00566
03804
03920
05522
08180
08663
00023
09571
02935
08556
08363
07623
03231
00910
04658
09885
00235
06909
02069
01721
08075
07622
01633
04336
05757
06064
02136
00815
00642
08570
01093
00382
02093
05601
08990
07984
04360
08718
02116
02289
09851
05917
02564
06619
00897
02892
09668
09042
07145
04164
05162
01075
02078
08685
00782
08352
04456
01021
06168
09587
06556
01263
00876
02484
00564
00970
09610
07288
00999
00762
03594
05540
05366
01355
08288
08699
06823
04498
02990
04733
08033
08700
01014
02605
05054
02668
01435
03043
04745
09737
05793
05167
00231
07414
00301
04097
02445
00183
02579
05574
01564
08881
07447
08587
07409
02158
03651
05014
02697
09323
04142
03218
09608
01086
02226
00172
00843
08828
07976
09176
09655
07940
04198
09897
08681
02310
06423
04222
07468
06984
09475
01138
00721
04415
03697
02255
01172
01433
01820
01771
04775
08811
02610
03124
04372
01998
08210
02471
09272
09200
00462
05740
04287
05137
06833
07480
01972
02640
06914
00695
01942
07132
05864
03676
09381
01559
00243
07812
09422
02162
05660
03200
09441
09827
05694
03476
02201
07272
00805
08213
01507
04509
01936
02266
09333
02842
08440
07484
05846
03578
06955
07815
05198
05657
04059
07437
08988
04085
04802
05457
07620
09191
07499
07520
01391
09762
04385
06598
04062
06196
08145
04592
03899
03186
05654
02507
08936
02157
06496
09801
08566
03663
07536
00403
09297
06985
01396
05919
09017
00274
00088
05475
07017
08294
08637
07056
05549
01104
03043
09861
01500
08058
08380
06776
03908
05628
02888
02503
07216
01444
01556
07779
02599
00348
00735
08687
09303
02593
04442
04308
07194
01841
03788
08294
06690
03061
04778
05682
05996
04558
02940
00394
02570
01618
07375
08827
01965
02353
05483
00966
07610
03969
09106
00215
01471
04280
01416
03978
05219
02125
07262
07111
00238
02951
06498
05821
01122
04610
07245
07980
07402
07251
09208
03605
02181
09771
03373
08890
08560
00064
00690
02291
02074
02553
05284
00251
00605
01260
09190
06869
03009
03525
06580
08656
03269
00859
08923
04369
01242
08231
08731
08084
09448
03348
06904
09721
06992
04879
04096
00870
06676
02994
01349
02983
00535
07656
06671
04213
03809
06786
08972
00667
09466
08009
09804
07151
04699
05941
04954
02714
04497
03645
05424
07256
06315
07680
07811
03423
06312
03036
07398
01570
08177
06921
00017
06325
07625
02386
08507
03088
08998
06717
02389
07158
02606
04769
09282
06128
06020
05822
03823
00051
06492
04860
07820
05427
05665
05648
05146
05190
06656
08887
09436
09058
05227
05701
06373
03054
02450
01719
09856
02076
05510
04166
05510
09588
01628
09397
07225
04404
09144
08209
04850
01873
01263
05528
04363
03829
04427
01879
00815
08988
07753
01801
00746
07410
04386
00333
09173
05426
06395
04387
02125
07917
05300
08740
08717
03505
09649
05925
06071
05510
01131
04151
09100
03852
09456
06593
02868
08343
06030
08913
07492
07903
01019
00284
09404
01454
06038
04741
06805
02336
07075
04826
05155
08464
09492
08080
01321
07702
01944
01984
02394
04945
06065
07039
05820
04935
00706
03462
08732
07283
01944
03559
07400
04651
00965
07549
02257
02874
02319
04578
08358
02090
06947
09080
06242
08335
07446
09653
09178
06599
00214
04200
00886
06803
07782
06685
07630
02207
06855
05301
00355
04759
06179
03288
03348
05465
08387
04472
05070
00571
05945
03211
00311
06117
07846
06988
02598
06524
07786
00667
05209
03972
03462
08719
07761
08312
07678
04494
04503
04263
04435
06108
04076
01950
08557
04140
03491
02029
01138
07025
02335
04140
03665
00364
01744
01844
04565
01812
06719
04934
09664
03615
03593
00832
04897
05407
07573
03054
01277
00121
03702
05185
07228
05557
06561
04828
09628
07600
01729
09855
04606
00416
08884
01737
00805
06850
00845
04505
08011
09794
01340
04613
09392
00432
09238
06820
04842
09462
00044
06958
07496
00851
09683
02742
00899
02782
07088
04949
00302
03428
03694
01054
02822
04264
07085
04494
03530
04017
03267
09212
07310
01323
09782
04017
04894
00770
01629
00895
04526
03149
06863
01001
07785
07383
08590
09293
02610
08864
05498
09669
07305
03230
05811
02451
07335
03567
09521
02583
08216
03463
00809
01079
05634
04908
03797
07726
01274
09606
00276
09294
06576
01564
00473
02394
09437
03333
03204
01760
04685
00972
08059
00484
06315
01313
08454
08093
01532
07735
00913
02260
01815
09487
04043
08264
07280
03227
01452
07493
02937
04116
03765
09433
06293
02791
00825
09133
05684
02734
06740
08252
07179
07052
07218
00767
02882
05042
06538
00889
00170
09678
08481
06646
06552
00202
03350
09511
01415
02125
08665
04237
02841
09254
04256
02168
00325
09414
07402
05322
06131
02817
00166
05865
02449
09061
08981
00957
08565
05579
02924
01667
03356
09002
09784
09775
03149
05070
08569
01246
06784
07294
00674
03169
07239
05427
02911
01266
07287
02921
09333
02013
00396
01167
03811
06782
00706
03826
03670
09194
07444
08223
08946
05802
03951
01600
02464
02669
01147
03670
04204
09847
04975
06393
05364
05715
03271
03932
08504
05524
01663
04139
02018
08530
02788
00091
06770
09840
09739
03065
07078
00374
03570
01531
06983
01548
05486
02636
05903
00631
03795
04631
08168
03698
04739
08160
09523
01075
04029
01839
08834
04505
07354
06346
05036
06650
08796
05489
01279
07706
00771
05097
02440
07485
03937
02890
02899
08954
05546
02682
01646
03141
02819
09188
08067
06225
01592
06954
00402
09431
04618
08596
09078
02770
04484
04528
05781
08316
01538
03042
02790
03473
05319
01529
05482
04059
06372
06225
01739
07847
04342
05166
08289
04679
06153
09358
08771
09126
06108
09642
03867
02472
08516
08505
07106
06263
00060
08387
04959
02759
04660
07298
08528
09809
07698
07755
07874
08677
03519
07751
07734
04617
09247
09032
06819
01522
00515
01604
01444
06605
04124
06930
05788
00847
06356
04845
04668
07163
04527
05949
07623
01609
08572
07287
07640
04265
01189
07797
04389
08917
05626
06916
01624
03093
02732
05800
01230
04297
01799
04050
09032
07776
01474
08612
07834
07963
08163
02005
05612
02587
00112
06391
08537
01510
05724
01883
09254
02562
01436
04561
04407
03017
01585
07785
00321
03166
09818
00242
00244
00991
09815
09193
09873
03569
08362
01089
00756
08864
01263
03959
07408
07995
00208
02753
07044
02964
06302
06330
03330
05072
01150
04229
06499
08676
01936
07670
04562
01697
07965
02101
00494
00370
08857
04108
09782
02292
03111
00894
05160
00266
09002
06171
01114
00098
09058
00999
08541
04500
04788
02975
04737
09615
02219
03310
07095
06022
02934
09189
06938
09686
04976
01035
02671
06613
08259
01604
03184
04446
09218
00773
08376
02713
02638
07011
00249
01385
05567
08573
06744
08907
00792
07922
00646
01578
02204
01892
06469
06128
08581
08884
09105
01848
05663
05450
06145
05288
07815
00840
03525
08971
07822
08607
02277
03301
06333
01930
08242
09596
02430
06343
02857
04788
03408
08032
06078
08981
03389
04295
02278
07364
09781
00723
04700
05588
02003
06759
07870
06860
02964
04064
04495
06663
09228
01863
07091
04895
01265
05429
02503
02698
08424
03393
08496
02751
07683
08492
02391
09126
08881
05763
07157
02440
07580
07476
09661
06758
03512
02978
00139
00139
06321
00825
06770
03429
03996
09139
05890
08645
07368
07098
09326
05024
01268
01126
07108
02192
06268
07751
01339
01571
03261
08887
05732
05955
00483
01030
09563
06305
08157
09304
03120
08447
00884
00562
00708
04994
05944
02094
05049
06393
01057
07337
01391
04962
00851
09376
08846
09527
09837
04839
04129
04165
00272
08885
05213
09284
08330
03830
00659
03978
01999
07867
04968
06787
02424
01608
03887
05497
03859
08124
05381
05594
05799
08301
05464
03107
02937
05053
06126
03637
00709
06891
09462
03747
04170
03032
09365
02302
03585
05422
00631
04217
08265
06227
05809
01131
05653
01626
06670
07416
02715
02360
07974
05077
09580
01590
06199
04256
08109
07555
07168
04072
06312
02929
03861
08898
06825
00243
00492
08562
00604
05050
07506
07929
05388
09898
02965
02399
01347
03065
09830
06000
07860
06527
02168
01384
09679
07193
08231
02625
05423
00892
04700
09442
09814
07153
07122
00922
03838
02355
02842
04577
04179
04409
02124
02675
03947
06195
00861
09271
00017
03831
01497
03448
05863
01378
01322
02960
00535
06989
05664
06153
07940
08993
08189
05674
09714
07507
08793
09858
05012
08309
09066
06404
07163
09039
00173
03483
02475
09030
09285
01536
06949
00395
07161
02834
07112
06607
08038
04030
06198
06546
03919
04537
07344
01114
02708
01488
04914
01376
07679
05551
06016
09831
04141
01285
01214
05809
07574
04564
07147
01578
03960
04056
00598
05806
06510
00487
00534
03031
06570
06713
00211
08093
03811
06841
08326
00491
03413
00496
03001
06436
05530
05232
07093
09230
08579
08034
02377
03886
00286
00667
02596
06229
08735
02653
05732
06298
01150
08422
02730
01870
09070
04429
06298
07658
06132
08384
00490
06488
06160
08022
04311
05805
05561
03103
03433
08314
06424
00674
06029
09814
01710
03079
08573
09621
09786
08434
02207
06655
02435
07508
04199
07160
00100
06598
03531
02159
02591
03431
01713
07329
01076
05047
03860
08326
07129
01158
02212
08499
00867
07138
03764
00758
03920
05673
03411
01311
08277
09883
06315
01296
04820
06709
00653
09657
00507
01072
04781
04054
01130
05781
02383
00346
07786
02614
00340
06492
00476
07777
08127
09581
07110
04312
06695
06070
05726
08185
04002
03167
09384
05469
05180
02049
05865
07337
05974
06325
01470
02811
04978
01979
03360
07060
00895
06198
05290
06922
03187
05589
06557
00330
05082
03079
09091
02593
01191
05864
00275
01599
08021
01305
04234
00246
05122
01535
06423
00103
01175
09327
09382
01264
05237
03369
00314
01286
03186
03103
07072
07873
09277
01349
01084
07790
04808
06583
02763
08378
04674
08815
07796
01662
02204
04397
07012
02191
02369
05525
00229
08167
02603
06977
06062
01950
08186
05892
07041
05971
07803
03307
02532
04607
08191
09006
06226
02164
03905
09136
07785
03778
03574
01572
04856
08663
01740
09071
08166
01757
08338
03079
01715
00035
04567
06817
05136
06125
01433
05685
01498
08736
02127
01096
06209
06586
01479
02083
01986
01182
08610
01777
08955
03073
07373
02985
04471
07825
07213
07931
00988
04983
03403
03494
06786
04457
03206
00393
04738
03857
08266
03699
08777
06837
04326
05804
03256
06135
03738
06905
04224
02789
06787
00491
06819
00871
04613
03601
05197
03274
06542
06629
07254
07273
00661
02494
07856
07678
00498
04803
04521
06570
05309
07887
03504
02934
03006
03376
01905
01963
03060
02510
08100
08921
04687
08195
09518
03720
00741
02229
04359
03515
07132
07540
05771
04111
09500
03169
09567
03981
08935
06716
04905
07880
06635
07552
04913
03078
04966
08504
03352
05629
00697
04394
04731
04421
01034
02587
00560
08277
05024
01064
07591
07039
03890
00106
01548
02414
05384
07358
00555
00635
07226
00232
02122
05640
04706
03510
05327
04398
08168
06280
07172
08085
04758
06324
06196
04882
08242
02440
09180
05116
03500
01039
07852
07136
03624
01525
07769
04868
07350
05894
00542
07044
02586
01627
06699
01200
05519
01538
05974
01045
00436
05028
04250
01071
06501
04616
04363
06935
07988
00554
02220
06711
03536
01481
06483
02187
03520
03750
01682
08791
08088
00523
04094
05035
08448
08653
01297
08222
09674
05983
06387
04988
02403
04592
03647
06491
05687
08374
01445
00529
03435
05645
07854
08193
06399
05342
06138
06963
04595
01106
04154
08242
07763
06252
04238
01561
02792
09202
07328
01837
02299
06141
04737
09623
01101
00359
00436
02817
01909
02924
08620
07232
01244
09504
02239
09494
04555
07347
00012
02257
08948
00443
05238
02349
07724
06958
00259
02338
09221
02234
01828
06281
02583
09561
01832
07829
05641
07887
02864
02850
03681
08675
04310
00728
04102
04489
06842
03954
04943
09099
01437
06717
09412
09170
09646
08484
03025
07276
01036
09293
01059
00360
00125
04879
05296
06323
03760
04735
04235
09010
05589
07113
01357
04089
05259
03208
05523
00131
04905
06117
08483
00271
09594
07807
01018
02631
05842
07571
04948
07023
07777
08255
02616
01114
03434
04313
01951
05966
08618
05501
01316
09822
07796
04257
02519
02101
06002
08537
06427
00181
02246
04804
01906
00430
05106
01890
00108
06590
00197
06554
01107
09766
06750
09351
05381
08598
09272
01249
09789
08578
09297
09527
00944
00557
01177
00156
09237
08056
08958
07458
05899
05520
02670
07258
01058
08120
05681
01766
02298
08178
01505
08198
01428
00241
01828
00043
00384
06190
06391
03665
01176
02215
03913
05400
03402
00608
02552
01146
09889
00813
05866
03896
06194
01053
07897
09366
04338
06030
03931
06997
04321
01749
00456
06210
06461
03829
06509
09469
08453
01012
03627
09167
02425
03159
02495
09480
09647
06019
08457
06157
08669
01892
07271
03231
06961
06474
02982
00518
04554
01539
07225
07221
02137
04974
06787
09458
02740
09157
07256
04637
08035
05805
08223
04550
01757
00739
06486
01897
09242
08674
08247
07054
06499
04046
03571
06118
08584
00760
09051
07186
06162
00576
03074
00727
03433
01724
05373
05370
08603
09182
09874
09216
05451
07001
03817
06891
00510
04405
09434
02789
04480
00129
07251
00818
05973
07443
03013
02394
00758
00995
07838
02272
07834
06156
05958
05046
01145
06088
00264
05906
06868
08375
00553
03870
09068
06852
05799
02540
02430
03664
02359
04772
04108
04352
02721
08564
01957
05397
06589
00223
05935
02059
06032
06813
05090
07467
09886
00415
03130
06851
01442
02790
06374
05808
05420
08803
07087
05226
07441
06843
01451
06137
09858
07644
09091
04639
04880
05820
02141
07623
05844
03664
02284
02948
04084
06574
08330
04334
04180
09210
03280
09327
05876
01783
01864
05338
09103
03490
00932
00383
04197
00366
09523
05675
03330
02955
00065
03785
03834
02790
00812
09838
04281
01706
01089
02630
08208
05350
05710
07549
02315
02530
04810
06369
09378
08548
07104
07032
02887
03472
01058
05883
08553
03491
06913
02870
01975
02225
00576
04952
03757
00826
07498
02492
05472
02553
05257
03556
04650
09581
02983
00158
00716
01936
00241
05757
04664
05480
06125
05899
01786
07788
07477
03293
06631
09877
07768
02171
06762
05128
00239
08574
00562
09789
07450
01288
09518
00972
04265
06676
00711
06743
04423
00935
00917
07760
06732
04967
03285
07241
09003
00762
09042
06068
03218
00927
05924
08788
08790
00965
06321
08122
01000
04617
03289
04993
08506
03371
02721
02168
07016
05792
06871
01932
00627
05048
00481
01381
03836
02527
05530
04267
08130
06682
07339
00205
09088
05615
06583
04325
03430
00445
01754
06543
07875
01467
04317
02632
08073
00140
09895
04657
00075
02330
02478
08056
06295
02560
07672
07924
04436
04656
05115
05804
07945
02077
07360
03314
06856
06638
06595
09834
00391
03090
04933
07445
03405
03633
08556
00357
03935
00496
01852
09394
09133
03400
07887
02160
09067
02835
05102
04420
02957
06932
01020
08141
00686
01954
09397
08537
09078
06965
05155
08737
06495
01213
06437
07554
08926
07079
02916
00492
03016
01018
05714
02136
09835
02267
07707
05595
01580
08070
01072
07195
00318
05485
02352
05919
03528
05854
02494
00455
00301
04058
03532
01244
01329
09581
09845
04174
02457
07313
00238
02757
02844
06746
08059
01651
05788
07659
02458
04237
09344
05588
02577
01755
05956
09745
06104
04077
06699
09336
08527
06451
08874
07302
04682
00429
03025
00574
00392
07050
01015
07703
04273
04176
07043
03673
08986
06738
08393
08140
02824
01654
03848
02345
04322
03772
09282
04142
05149
02219
01195
07377
06789
00406
07568
07381
08196
02327
04635
05977
06931
05338
01927
06865
06559
01954
05789
00042
08416
02162
07250
09682
02228
00398
07665
09470
02153
09111
06613
04218
09520
08293
00644
05891
05691
05324
06595
06627
04004
08371
05959
02725
03032
03474
04025
03915
07102
00002
09298
08666
02328
03359
01578
07725
06252
04613
05229
09834
00540
06440
06640
02291
05884
03519
02358
07533
07038
06521
02529
05875
06920
01831
09277
09218
03914
01453
07215
03388
09151
05127
08270
00640
01346
09392
00825
08657
06914
06984
09562
03342
00318
07591
06028
07530
03339
05933
08301
07204
05556
05144
08771
01199
04261
01741
05961
07577
01361
02020
09182
09694
07282
01951
01021
05588
04194
04014
06292
07173
02307
05305
08510
03385
07792
09415
06933
08247
04327
03592
03453
05207
08903
04013
08052
02690
09403
06299
01639
04201
01406
03458
07005
03819
03618
07378
04011
02147
09540
03921
05523
01567
05246
02030
04003
01544
03509
04681
06810
02870
03494
01067
00807
04951
03826
03502
08429
06107
02681
08187
07887
05947
05700
06433
03405
04816
07473
06162
07076
05272
09453
04672
06889
06881
01457
01346
02063
02602
01117
08216
04204
06398
02924
08434
08137
05546
06754
09157
07893
02399
02021
02344
03969
03742
06783
04042
05273
06806
03717
07228
04340
05352
03608
04876
07170
06200
02490
03681
07756
01515
03312
01229
09706
08105
02647
09729
04968
07855
06490
05787
02050
01875
01449
09215
03705
06663
00892
04932
03623
06899
05167
02473
07044
01386
08990
08828
06043
00969
04026
05479
01164
02364
06675
09452
07352
02350
01581
06352
05060
09284
08174
08831
06348
01797
00190
04318
02491
00269
04537
06953
04647
04684
02010
05920
04942
06362
05570
06825
00104
09566
00901
09261
06033
04404
02820
03645
08700
00340
04263
08647
05737
07481
04970
02198
00428
06642
01379
03702
09647
05124
00548
09230
08754
03305
07536
07429
03275
05713
05608
09375
04000
03332
04126
01517
04598
00404
09214
00263
08631
05313
00573
06615
01348
05070
09255
03684
05577
01106
09298
02816
00517
09853
03497
07438
07807
02922
03067
00836
02959
08358
04880
05030
09112
07055
04370
02109
02886
01479
02642
02471
07331
06663
09047
03618
00199
08604
04592
02404
09100
09005
09309
02979
04989
05971
01330
07686
02047
02482
05940
04253
06051
00534
08598
03185
07571
06839
02750
02072
03999
07301
04338
05328
07616
09187
05112
07262
08791
08983
00789
07767
01989
06947
09249
08483
08236
00235
01145
06994
08470
09123
02435
09260
06421
07456
01843
02317
04698
01043
00367
03422
00768
07135
09729
06439
07761
06625
07929
04858
05869
08549
04966
01749
03475
03667
05938
00004
07896
00636
04417
07398
01379
01032
06708
00886
08667
08269
05382
07117
06308
02553
04872
02219
08280
04076
00535
09884
04739
09317
04818
01778
08711
06672
03644
04873
03275
01675
07567
00626
07406
03470
00459
06777
02799
02288
00722
02294
03323
02183
09664
03154
06502
03528
07252
05124
08253
09353
03477
02154
09566
06263
07203
01042
03507
07076
01830
00772
07348
00410
04198
03930
08962
08330
03357
08632
03669
03065
06326
05915
09118
04941
08647
01028
04376
03567
06714
05255
04954
07717
00442
08311
08533
05647
07076
03231
02215
08008
02012
07682
05678
07227
00273
02202
08969
06631
08365
01070
04629
00905
05444
07123
03029
00624
08645
08351
05392
01952
04439
05774
06631
05776
08618
01116
00280
06805
07964
05439
01745
00280
04755
08742
07154
07167
09473
07804
05185
02618
04631
00488
06961
00817
06292
07302
02715
08143
05913
08638
03549
00385
09571
03784
01284
04307
02981
04072
07880
04912
00572
09864
01687
03789
02230
08637
07960
08031
09053
01007
01808
00390
03193
01878
05902
04785
03229
08170
03875
08615
04000
00705
02249
03719
02589
00565
04849
03781
04992
09193
07564
05522
07576
07077
08119
04026
03253
00702
01695
04065
01839
02647
03488
08731
01953
02359
06615
01061
06621
03840
07627
02674
09745
00030
08460
03646
08555
09341
09278
01807
07502
06527
07481
03313
01628
01018
07083
02864
09492
08711
08576
08022
01857
02584
01143
03082
03910
06560
01101
04665
04338
06685
01797
08667
05084
07531
05387
01338
09503
08012
00071
06944
05675
02864
07475
04947
05743
00943
01525
07562
04176
07033
03782
07174
06664
04443
04507
01922
07425
08609
02251
00257
02376
00840
04135
05635
03445
00741
06526
03379
00394
07427
05364
07220
05108
04246
09097
07026
03966
04793
02880
03184
01444
09359
09630
04537
02212
02398
04918
02668
09352
07861
01626
07681
00301
04965
00608
06085
02525
04827
06076
03165
04379
09768
03609
07484
09423
01561
04052
08263
04493
03790
04527
00819
00892
09619
03936
08979
06068
01191
03046
07851
03757
05569
06117
00380
08364
04832
02851
05834
05039
08026
01410
01936
03352
03285
04370
07003
08055
02895
07523
04862
09112
02592
05148
05479
08333
04758
03471
02655
00826
08357
05665
07423
02032
08769
04702
05888
09352
02681
02302
01061
08339
05634
05771
00823
05787
04737
09103
00954
03469
00446
08370
07243
05035
09798
04038
07118
06246
07740
07191
01851
01900
09712
02246
00253
07399
03044
04177
00007
00918
09461
01488
09762
05341
02430
08884
01240
08701
02768
00308
08296
08311
06178
03015
03346
02789
02820
00585
00238
02959
01980
08617
04453
07783
00012
08568
09181
08440
09099
06267
09363
03453
03966
00609
00426
00286
01531
07564
06777
07802
09766
03318
02350
01992
00073
07751
00511
07055
07858
06896
00087
00228
02655
06584
03747
07875
09725
05045
05769
08586
01122
01232
02518
02683
06922
04265
00120
02925
08685
08816
09892
02917
05544
05991
06358
05472
01953
09441
00854
07393
09488
02801
08816
07458
07768
06745
03435
04427
06616
01452
09779
00785
02608
05619
05505
02546
06916
07823
08068
02495
00807
01543
02063
06100
06344
02712
05839
00099
03234
07282
01962
08651
04263
01631
04185
06408
06372
06988
01002
02968
00543
09236
01723
02490
04154
07040
07292
02327
05032
08489
03071
01702
02246
05094
00031
01425
08832
01437
02930
04014
04837
07417
04369
01268
02149
06490
01794
02938
09227
04672
00412
04774
06236
04023
03996
04520
08635
06920
02947
05446
06010
08074
00953
09108
05690
03464
03448
02713
05355
09503
05538
02512
00362
00508
05089
05514
02664
01862
03205
00113
07116
07810
01453
09585
09114
05756
01038
00847
08053
09867
07902
03587
03730
00298
08648
06972
09110
02650
04226
02176
08237
01712
09400
07070
06601
00255
02940
03951
07371
07983
08703
02123
07821
01721
07153
09673
00741
07479
02922
08496
03786
09280
05197
07737
02325
04641
03971
03235
08639
01991
04337
06861
05950
01805
06218
08722
04489
07083
01188
00872
04686
07377
03470
02954
01763
04754
03860
08033
06633
06508
04183
06777
07442
05276
00832
04270
02138
09055
03071
01727
01540
09464
00761
08014
03758
02259
02119
06054
04207
01463
08102
02272
02541
07436
00653
00866
00745
08240
05934
04946
06291
09183
02553
03081
05918
08374
08914
03676
06636
09748
00530
04058
06107
06585
06994
03977
06142
07588
02208
08905
04675
00220
00806
00013
07409
07824
04013
01025
03185
03699
03803
09456
00229
00780
07957
01949
06622
05407
06541
02055
09421
09328
09432
08928
06306
09149
09043
09270
07452
09414
09212
04828
07324
05462
05036
04425
07032
09477
03697
01973
08100
03977
02574
03175
01897
01087
07855
00122
07534
04046
09531
01805
05369
08243
05131
07271
03249
05324
06690
00003
05938
07419
01072
06406
03243
08184
06320
04293
00112
05463
09590
02894
01905
08696
04981
01491
08290
05940
05233
06057
03849
07688
07405
02292
08386
04306
02694
06129
05069
08583
09829
06018
09159
03265
08767
09435
01735
04670
08350
07940
05916
04907
06726
04046
07833
05984
09658
00759
06740
02135
03622
07002
01844
01820
06356
01601
05001
06679
04338
05557
01058
02214
04242
00209
00411
09102
03989
06819
00389
04410
09713
08732
06024
09867
02336
07187
03032
06250
00074
05264
06719
09288
06143
06071
08330
00243
09066
07068
09011
00143
09093
09836
02916
06632
06491
08986
03851
05488
05855
07203
02481
02897
08795
00387
03008
03320
07806
09372
04789
09469
04438
05134
02100
06971
00622
04718
01388
04568
06712
02261
03255
09166
04319
05948
05514
00838
02333
03301
07869
05958
08156
03949
01035
09113
04071
01258
01345
06506
04968
00505
07029
05098
05488
01141
00193
08964
08802
06494
03226
08324
02034
07871
09765
05517
02819
03099
05665
02291
05324
00132
06175
04087
09812
01544
03502
02042
00608
05069
06261
07186
05710
05935
07528
00168
01041
00256
01048
03207
05776
04215
03228
07195
08172
04604
05277
06374
02997
06841
05724
03544
04284
07665
04431
06621
07648
08381
00911
03651
01839
03772
03422
01638
02253
01929
05569
06728
03517
04040
08700
06781
05139
02874
05317
02200
09273
08802
03123
00734
02338
02348
03165
04484
03649
09693
00879
06095
00880
06190
01189
05473
03780
04798
09231
07143
03813
04899
00649
07170
06895
07385
01561
07752
04232
01598
00730
00479
04971
04502
09391
07710
09373
00214
04357
01356
05139
00812
06938
09256
06631
03846
00241
01743
09000
00608
08096
01698
08080
03009
07140
02477
08273
04543
00307
05661
03618
09195
05130
06853
01381
08647
04702
02720
05994
00918
03731
06643
01521
00630
03785
07146
09553
03865
04911
09394
00821
05914
08445
07857
00712
01336
03885
06274
04358
01754
09782
04764
06469
08621
09642
06842
02218
07755
00415
07445
00538
04180
06365
06502
05569
05330
04454
00176
04062
06976
08946
06505
07596
09192
04706
09370
02065
04655
07065
03564
08537
02109
08678
07138
00702
03165
04534
00657
07431
06572
07001
02150
09820
06293
08224
09476
07929
02794
05378
02306
05503
03790
07195
03149
02268
07690
03191
06587
07890
05678
07100
01035
03064
05325
00760
00305
01584
07798
02957
02711
02621
02239
00038
04725
01081
03528
00027
02042
01483
05068
00890
04180
01672
01595
06158
03158
02275
03263
07201
05258
02651
06734
09245
09173
09441
05694
01779
00370
08816
07772
03292
09139
05698
01715
09222
01808
01052
08673
02611
00211
02321
08756
04365
04458
09704
04791
08818
00875
08716
05468
09019
02313
07565
00578
06509
05439
03237
07332
04183
07514
06445
07352
00251
03102
09091
07718
06207
07014
08922
04345
00412
06372
05552
03256
08187
06252
06187
05299
04141
07432
02710
00257
05081
07222
00871
04450
05391
04512
00357
06886
04052
06867
04364
02209
04681
05931
08664
05710
00818
00150
07917
01487
06009
05749
03272
02150
03036
06314
04626
03422
09472
02314
09299
06498
01195
05487
07674
05131
02153
09785
01615
09013
02642
05331
00879
03151
08579
09023
00889
09300
00828
07430
02344
07335
00036
04533
00293
02064
01316
04972
02944
06820
09286
08893
04705
06610
02925
08582
02041
00819
03597
00469
05000
08517
06205
07032
05873
01150
05913
08017
05518
04160
01904
03032
05532
03325
03734
08637
00999
09619
03496
01878
06081
08846
01673
01600
09149
00298
00579
08242
08148
08068
02139
07625
02771
06626
02806
08908
07215
01687
05990
06026
04843
02586
08634
07314
06708
06114
09250
02128
09778
02002
08186
00440
03178
05978
09109
00227
00836
08414
09458
05478
08336
08505
04496
05840
02094
03260
00568
07757
03695
09149
08987
00349
09047
08869
04926
08755
04605
04492
04558
00334
00990
08084
02348
05578
04602
02935
04100
08152
05812
08062
08664
05744
06281
06947
01796
03528
07524
09554
00135
07049
02597
04084
04292
03783
08224
07802
09760
08699
06349
05362
03830
06816
05491
00596
08317
01260
07622
06578
06416
01248
07190
03546
02315
07447
09509
06541
07763
08269
06657
09861
08191
06295
02420
07741
04288
02876
02000
01001
03689
03857
09107
07261
04940
07570
06700
07871
05813
06706
09061
01585
07485
09825
00762
05797
02070
01343
02714
07567
01684
06444
04344
03405
09544
01442
09332
05410
03548
07214
06301
06166
06231
05691
02076
07739
07242
06903
04095
02373
04424
00288
03611
00031
07773
03747
02431
05292
02565
02307
09504
01673
00444
08949
09774
07478
07582
09828
07694
05766
01348
08128
09813
02997
05016
09044
06663
09743
04408
08484
01510
02653
04727
05278
07165
04228
09433
07581
02451
04907
09257
04253
04534
04444
08026
07091
03616
02487
03493
07144
04709
03946
04663
03492
02833
04201
05319
09720
00789
01653
02492
09156
01286
01601
04164
07449
09363
00128
00552
06876
01765
01314
04316
04064
02036
01019
07719
07426
07320
05478
02094
07766
00817
09748
05390
01027
02133
08983
07588
07159
03941
08822
07116
03248
04587
00803
02629
05391
00659
02576
09124
02872
04260
02760
02948
04320
05995
09246
08051
03291
04587
01525
05124
09761
02351
04934
00405
00988
02889
02075
00795
06553
01399
02913
06772
04424
08682
09008
09445
03405
09403
06183
08430
03083
03622
00739
08156
06413
00282
01834
05686
05698
05161
05197
08167
08039
03286
07191
09403
02295
05833
01733
05184
04470
05660
01550
05242
00194
04824
07304
05104
06816
08491
01710
00258
01924
07453
02389
04268
01679
06177
04638
00235
03190
01406
07425
08023
05427
04707
09368
04717
07857
07881
08532
07272
02250
05731
00617
03799
04769
06784
07094
09550
07538
06474
07191
01403
03705
07298
05299
09476
01626
03241
02286
01126
04620
03038
08067
00048
03365
03365
03983
02659
07586
08012
03353
03642
08829
01169
09359
02626
04959
09077
07883
08380
01428
09044
01396
06042
05406
03569
04932
07936
04390
08037
07650
09129
04167
05829
06357
00175
05205
03501
01011
08808
00209
01552
08320
03333
04423
02961
07231
07073
08976
03155
09623
08572
01007
04182
09832
03858
04988
04479
09202
05856
01879
08698
07159
03014
02540
05806
02408
03866
02879
07658
04620
03069
03471
04376
09401
04979
07888
06719
04921
05001
08885
02730
08050
05396
09069
02023
08760
06705
00535
02046
05671
04133
03937
06247
02248
04430
09818
07399
01548
06171
04283
03224
04371
08757
05719
08283
00792
05587
02756
07940
01402
01434
04750
05861
04760
07154
06904
06331
09067
02317
01510
01534
05204
00750
06360
07009
07445
03168
05478
08794
06716
02065
06021
07392
07735
04825
01698
08858
04412
03874
05975
00267
05549
01747
02634
07149
05048
05584
03762
07011
05261
01110
07065
00429
03993
04175
01877
00015
06566
08773
05003
00025
07785
06924
02313
04065
01740
07461
05571
05114
00898
07134
02041
06721
05458
01657
05793
07111
05344
05462
08877
01855
08510
05481
01809
07978
01433
07792
04278
02481
07328
01125
02886
04606
03087
03808
00031
00975
04639
03929
05795
08241
02638
07517
05383
04033
09269
09491
04073
02929
09370
05206
03740
08038
04199
02090
07726
01988
05681
01497
02860
03000
05366
08383
04006
09182
03986
09301
00823
04691
04138
09468
08286
09860
03828
00638
09527
04095
06151
00839
09747
03928
01242
03241
02266
03056
00246
04552
02095
00841
02201
07262
06031
02499
03093
01524
09804
04209
07134
01988
07573
07505
01479
02951
01063
09895
02699
06257
04326
03368
00607
00498
04861
02476
09086
08608
09837
00153
09274
04297
07181
01287
04441
06548
07716
00602
06687
09888
01344
01967
06782
02368
06830
05888
03290
09153
03210
09866
08872
08170
02520
05647
03933
03955
01127
02269
02800
00518
03308
00730
04096
05854
09503
02340
06509
02173
00365
02374
00890
00858
06093
04824
04480
00956
01960
02496
04813
01403
08000
00264
00895
00285
01902
01893
03182
07148
03804
02271
03537
01634
07102
06371
07454
08550
03542
07826
01136
07659
04991
03919
06277
05703
00011
01124
06362
00390
06580
08673
03078
08429
07149
04263
06936
07558
06318
03617
01521
02874
08945
07314
02977
09831
00585
06278
09531
08671
04421
03746
08768
05909
01695
09631
03273
00219
06011
00427
03948
06305
09734
07520
05640
06758
02316
03198
08331
01458
07425
02836
00258
07080
02821
08234
06580
04862
02304
06126
09807
08010
00109
08744
01247
02867
06707
07141
02372
01261
04965
06476
00568
09666
05695
02009
07256
07991
07841
05320
07475
05699
09236
00829
05945
02292
08373
03118
05661
05948
06111
00792
09483
09654
01073
01972
03337
03977
04189
02006
05680
07182
08832
06761
00688
05375
02229
00903
00932
05700
03289
01102
04713
09799
03513
05452
02479
00823
08325
00952
05514
08886
02666
04786
03862
01716
01346
06230
05888
00496
05535
07944
00409
07022
04940
00168
09829
06890
03021
08934
07430
02157
08316
05941
01541
03597
04806
04177
08699
09880
01236
02418
03741
08090
02908
05960
08488
05124
05976
08102
08122
03326
03038
06690
05049
00536
02191
04819
01935
04258
04976
08834
01910
03365
07549
07047
05091
00758
03441
00134
06537
05949
05910
01333
03246
02522
09111
01828
04449
06021
05506
06851
09380
03753
09867
02213
08114
01637
03258
05788
05430
01910
07108
08616
01382
06636
03937
02293
03287
05836
01940
05092
03145
04527
09048
07961
06731
07565
09862
08913
04146
06856
07740
03867
06634
09232
05889
04964
07679
01577
00320
02380
02313
00681
06787
06060
07548
09728
05063
07991
01476
06168
00458
02949
05784
03725
03610
00103
05442
08575
09565
04588
02994
00309
07431
01840
04608
06651
04067
08296
01305
07827
05674
08375
01362
07680
06191
07753
05291
08539
03088
05573
09139
08491
01694
02832
03357
00224
01143
08149
09632
04361
06428
09463
07217
05467
07107
06508
08913
08386
03699
05408
01314
00716
02339
09469
08119
08040
07490
08695
03864
08861
09639
04115
09668
06952
08414
05690
02269
03256
03511
05928
03173
08373
09519
09410
00832
00103
09503
03649
05051
01474
03228
03013
05800
09115
00204
02962
09225
02526
04578
05287
06621
03932
07293
02160
08126
03143
05157
06230
09750
07480
01271
04019
03829
06357
09658
06628
07945
05317
09819
01804
05768
00745
05045
04065
05683
05109
01696
03966
00443
07004
04729
00744
07404
07794
02546
08378
06439
02696
04250
09729
07334
08045
07687
06892
04332
03591
06217
01057
01967
05860
07712
02565
05880
03713
08980
08383
07689
01242
02897
08121
06043
00584
09365
04298
03773
01211
09028
01116
01933
09051
04551
07378
08232
06627
08106
01026
08417
07997
07333
05578
00023
05417
07842
04272
03065
06061
05504
01328
06456
04182
05339
09134
08847
01521
07336
06210
06614
06449
06478
05965
01393
03465
09707
09633
08821
00825
03581
06448
07861
00078
07844
07602
01331
02908
04884
09525
01553
06965
05537
00210
05431
06420
02495
04919
07056
08835
01961
05739
05393
01542
09166
03550
03047
04000
06486
04871
01272
03568
07283
06208
03384
01679
06763
04053
01650
06912
01251
00780
03397
00597
03630
00221
08863
09629
04241
06662
00741
02399
01647
03662
03845
00078
00960
09376
02370
07782
07179
02559
08193
03088
05669
01616
07745
08798
06226
09256
02004
08554
01190
01125
01641
03201
01529
07784
00230
04464
01772
07592
03152
08323
00356
02798
07558
09847
08753
07453
04632
05290
00980
02533
03972
03200
07854
06421
03610
04441
09801
03182
04165
05366
06874
01751
01457
06730
02321
02575
08970
07174
01784
05770
00695
06389
02199
02783
05537
01775
07693
00346
05035
09800
08460
03842
03670
07341
04319
07556
00809
02230
02057
06232
01198
04207
05318
01348
06549
06282
05566
05731
03079
06339
03270
08534
02479
04160
02432
05814
06057
02278
02791
03687
02916
06612
05199
04442
03566
07239
08475
00451
09571
03127
00764
06865
03694
06662
00871
09818
00064
04403
08064
09815
04627
01239
06366
04269
02688
02640
08826
05367
08474
08373
01512
09404
01746
06298
08713
01656
07668
00113
05175
07547
05839
05895
09571
02906
04406
00803
03485
00747
06615
06796
05599
03707
08400
05997
07967
07883
08958
09021
00207
06260
07137
09580
07743
04485
01427
01919
05054
09208
02712
08920
02678
00108
03619
06114
07467
05170
09288
01769
02931
00245
07022
01837
05671
07528
03273
06182
08006
01344
02592
07311
06382
01980
09876
08403
00176
06585
06881
06702
02642
07534
00119
00832
09197
00433
05957
00813
05642
04897
03758
00513
07925
02213
09608
05358
00808
06869
01206
05105
09434
05739
00623
00978
05419
02340
00874
06837
06721
09634
00609
06162
08153
09443
02660
09148
04572
00668
03554
07586
07674
03304
01403
03918
08040
00755
03923
06272
03162
05167
02496
06535
02128
04242
00211
04595
04106
04534
05832
05907
08103
03290
03231
02181
00143
00451
00075
07109
01862
03176
05858
03423
06829
00958
08904
02886
02463
01263
07853
04777
03841
05877
08238
05172
08431
03536
06456
09865
06647
05641
09244
06052
07381
06179
08886
08954
07480
09713
06833
03570
07459
08600
00985
01939
07657
01367
01720
08234
09803
08689
00127
03299
05017
09240
04672
00023
03496
00772
07521
04204
03366
09386
08216
01766
01916
02287
07036
05262
00597
07725
00709
06993
03184
09878
08322
03206
00948
06480
04883
03877
08304
07345
07201
08417
05675
00411
06231
03481
05590
00115
04044
06488
07067
05856
02367
01431
09183
09143
05651
09871
05328
08471
07859
01800
00549
00620
02722
03588
09524
09557
04193
09797
06177
01642
09190
06919
09837
07254
08105
01834
04562
06278
02691
02873
07218
03276
06598
06139
07320
05804
04372
02195
05446
03464
02795
00379
05145
07311
07617
09829
00455
08060
08835
02675
04563
05802
07927
03145
04480
09086
01276
01149
00075
03691
05403
07315
05247
07817
05295
09383
03367
08660
09450
04885
05991
08396
09478
06067
03701
06951
01915
01289
03751
08003
03795
05146
02873
03807
01569
03712
04872
07362
02776
01039
09886
08711
09099
05323
03507
09495
06437
04427
09317
07632
05599
06333
07055
02450
03083
05232
01228
07908
01740
02945
07583
05526
05800
03007
04072
09791
00933
04922
08606
05350
00931
05888
01159
02886
04253
06363
03884
04635
00488
09370
04277
05455
04449
01755
06135
07538
03558
07574
01067
09502
04879
04576
09678
04080
03695
04314
01571
05236
01326
01413
02604
08535
05519
08111
07457
05024
02931
03285
01051
00064
09309
08630
02456
00311
06785
05839
06525
01817
00352
05828
03729
01221
07893
01414
05250
07481
08498
00279
05663
06883
05762
09772
03767
08877
03791
08085
07192
03729
04714
07508
08916
08707
01035
02004
07462
04411
03155
02021
05807
03398
02015
00303
01099
07601
03934
00351
08530
05782
02120
09457
07987
06104
02311
05858
07052
05050
04000
09862
06181
03364
04370
09436
08083
09719
08434
06579
06878
04558
04666
01926
04823
08141
02102
06198
01720
08194
03950
00127
09822
07106
09061
07913
02376
03359
08087
07394
00865
00973
04373
06441
04212
09115
09662
06557
06289
09492
03534
09401
05637
01230
03488
07180
07222
09339
04614
01610
02737
07547
03328
01602
07577
02906
07162
04810
00969
03796
03982
07089
03127
07071
01106
04783
09484
04509
08064
03652
04596
07007
06224
04083
06586
05669
04499
05953
04669
03363
04557
07391
05781
08382
04013
08849
08649
04329
03878
07165
04523
05971
08534
09060
08635
06758
03171
00776
01238
00269
08346
04672
01349
08387
01011
03104
06297
05013
08040
07504
00522
02334
09605
09712
07621
02321
03453
06275
01381
08251
09077
05306
03037
07356
08269
02720
09771
08606
05349
00659
05573
04168
02745
03468
06009
04409
02983
08521
08168
05024
05207
08478
08495
00091
01057
05954
09037
04809
09892
04971
05205
09845
00855
03280
09776
01375
05008
07860
03745
07505
00162
06285
03045
09747
00472
06366
00274
05520
05209
03326
00460
02055
08567
07333
01470
03219
08954
02993
02212
03011
08674
00347
06937
00678
06693
01692
03052
00331
06579
03164
03076
06386
07441
07234
07264
01848
06725
03509
02746
06356
06036
07722
06492
02918
08141
07530
03601
09801
07694
00213
04462
02169
08146
09679
06237
04819
06942
04094
04952
06510
08746
01356
02335
07678
03383
02881
01203
08560
08290
08470
02243
04014
01584
00042
05309
05845
08322
06270
06827
08505
09560
03321
05732
04752
06081
06493
07393
05227
08502
02321
03084
05410
08060
06980
05152
03779
08814
09359
00373
08387
06836
04071
07175
08177
06249
09886
05306
08192
03711
08052
05747
00620
03884
00925
01454
03284
07587
08726
02041
01231
07966
06206
07673
00012
06151
02016
06669
08153
02517
06571
05560
00461
02359
08933
02144
06002
01984
06601
04144
08686
01083
05360
01439
09757
04243
02983
02903
02225
06096
07271
01761
01809
03536
07857
08907
00040
01353
02229
01224
02246
00472
07110
01860
09186
06103
07673
01604
05792
00136
01180
02050
09681
05972
02374
03230
07996
06820
00241
02851
00854
01391
06531
01637
04648
04175
01009
01133
09123
00683
03545
03508
00089
02736
03664
03302
02033
00455
06374
04029
01751
01345
02099
04166
03476
00544
07398
05787
06878
07307
07520
07020
03613
03698
09718
09513
03053
08888
06635
00736
05531
04128
01334
01869
08895
07443
01685
05945
09868
04556
09524
05705
03872
02108
03985
00036
07126
08077
02201
08096
05659
07377
00675
03983
02936
06079
03276
07009
02998
07601
02735
02383
01608
03709
03487
05890
02214
08076
05992
01826
04409
06314
01259
04131
08126
04315
07063
08397
03144
03979
00237
09336
09169
09592
07495
05658
01837
02299
05069
02178
06463
08609
03536
03603
01760
06747
08868
08697
06086
08344
03538
03337
05538
06625
07839
03231
05626
08085
00125
09193
04699
05484
04752
07051
04106
04282
04548
00869
08754
09061
07921
08570
07063
05228
06463
07107
07610
06984
03126
02121
02126
05093
05822
09077
05137
01116
09217
06592
08327
04823
04550
02691
05313
09458
08077
02717
00594
02659
00049
07028
01485
02399
09109
01698
00686
08854
00780
01772
06494
05640
08395
08206
03026
05662
08494
09618
03571
05592
00340
07956
07986
00699
07431
04303
04587
01594
07220
00494
06804
06253
01883
06789
08124
03979
01544
03662
08637
07336
00238
06709
09287
07061
00277
07340
00399
07915
07415
06429
03464
06490
08855
05578
03322
07463
07408
03778
09457
08528
01029
08602
05696
07578
03341
03195
03812
06342
06533
04407
06663
04209
05518
03875
07615
09441
04219
09035
06060
01648
06568
08350
06640
01795
06744
09290
02995
02114
06048
09392
04391
04332
07052
05201
08191
09833
01721
04160
07673
03679
07466
04203
06684
04638
09104
07845
00988
00649
08305
06475
08217
07534
03215
06752
08539
04990
06846
07260
07118
02405
06796
00644
07393
02517
09454
02711
06848
06375
00385
08020
04659
01736
04271
01663
04805
00057
07559
05920
02727
07729
09707
01452
03463
03172
09853
02328
02733
08361
05982
09423
02586
03102
06575
00431
02086
05944
08214
02784
01652
02215
08637
02976
07394
06143
05214
01020
03622
08996
05148
08432
05320
05957
02485
08886
01701
07867
00169
07377
08066
06974
00310
08057
03063
05096
06678
02464
05108
01477
08487
05564
00154
00405
01507
07411
07669
07289
09412
05900
08121
05534
09034
06244
05355
01400
02215
03033
03328
08193
01256
06868
06098
06935
08072
01713
00254
01299
00041
08840
01841
09176
06903
02455
05746
02345
00688
05662
03194
09166
04286
01305
04616
07492
00354
06368
02344
06263
03658
01105
05563
00876
06506
00936
04724
00092
07534
02859
03755
08296
02156
08994
09379
02365
00401
02009
01909
03471
04115
06473
09235
04454
09367
09585
04531
01961
05992
01289
07619
01226
07341
03010
06979
00031
02670
01382
02998
01435
03510
05331
08236
09594
00786
07243
05212
07179
00890
04050
04358
07420
01858
06799
01570
00524
02375
09682
01125
01661
01484
08319
02768
07001
04107
07736
03967
03319
02521
08441
09862
03194
02935
03769
02099
04261
08496
02182
06929
02323
08716
05550
04026
01319
09530
02633
00337
09889
01566
02846
04954
03388
09645
06593
03959
04855
07414
01696
01223
00071
05391
07894
02669
04166
05565
06545
04620
05170
02689
00220
08538
05021
05613
06629
04108
05773
06063
00642
00081
00877
07364
07739
09679
02639
01648
05092
02971
08342
03194
09036
08252
06831
02687
00112
04584
01255
01941
03268
03006
00839
07491
05544
09764
02125
06824
06096
00180
03241
04028
06734
07815
00280
07982
00256
06907
06140
00536
06135
03994
02200
00721
08993
01753
08659
00390
00740
02765
05141
09449
00200
00905
01162
02939
09747
04948
03466
08780
09621
08067
00287
04538
00763
03505
02954
00782
02120
08995
03378
00050
03862
07222
09706
06401
05679
09670
07048
09712
01626
01261
07699
01983
05134
06422
08495
07096
02037
06901
03522
02680
04473
02913
07027
08444
07174
08588
02322
01170
02125
01510
05098
01566
00747
00716
05803
07288
07695
08868
09221
06032
03405
05372
04614
03434
09286
09028
03328
03892
03681
07586
03755
03997
00141
07740
07517
07363
07062
03623
09789
04861
07926
03224
02010
07108
05831
01021
04425
02252
01775
00683
04674
05867
03561
04509
00238
09462
02968
07844
05423
00536
09363
05047
01081
09304
03647
00586
01762
07443
08516
04496
00015
00263
06726
07862
01157
00979
08445
00875
04454
09416
02177
09797
01899
08561
05047
03738
09039
01191
03185
01501
04775
08047
04660
02799
05722
00890
04320
05371
08165
05420
04127
00618
07480
07868
08387
06063
06835
03307
04307
02903
07919
09380
09547
07577
08769
01385
07343
07270
05045
05201
01899
02635
03093
00906
03880
08544
03208
02253
02949
05670
09699
00601
04620
03544
07127
00881
05156
03128
00785
07862
08601
09893
04932
00140
05362
00648
06987
07340
01012
09672
05679
02501
03263
09411
04307
04549
05622
06936
03589
06167
04644
09791
03890
06251
01414
01176
01145
01356
01537
02156
00174
09190
02644
08197
01952
06217
04923
06732
08801
09854
05691
05150
03002
07145
06890
04060
01347
09495
06711
01553
05087
04479
03635
03275
03816
08597
09063
07120
05666
08651
07322
00379
09714
07112
06911
06722
06900
02849
09700
09213
02640
00974
08243
06126
08174
05903
09538
01883
02637
01485
00982
03601
05358
08709
06412
03993
02148
00684
07143
04150
04410
00053
06311
01982
02865
08251
08463
08054
03317
04690
06755
09017
06155
01481
09444
07641
08643
03042
07348
05727
08315
05327
02192
09257
07996
04090
02433
07061
03639
00264
03003
03416
08557
07242
06200
09064
01316
01164
06992
02504
04372
00263
06899
08131
08190
02163
02352
04184
02140
07526
02609
05356
05591
07152
00464
05685
04939
06256
03096
09368
01432
01768
08395
03107
08342
03778
01797
03946
04554
09299
02201
07743
05016
04380
02819
08028
09053
07079
08900
05241
03599
08699
04923
07243
02340
04858
01911
05505
05228
07233
03927
05501
03603
02217
03726
02667
08694
02465
04730
07819
00875
04671
00810
05628
08620
02069
01573
08474
06725
00950
09163
03269
03706
02134
01296
08879
02007
08986
01568
04801
04615
08024
03317
03097
01936
02175
05884
01800
09053
04935
07303
03631
00764
00761
07452
06192
00687
06703
00815
08157
00801
04303
05299
05127
01993
09661
09490
03289
09810
02927
02864
08380
06068
04673
06481
07199
00256
03829
05678
03150
03503
03281
05108
05415
03779
03165
08675
08029
04578
08840
07315
04887
09285
05412
09804
00909
02834
03458
00735
00544
01871
01255
01122
03724
06282
00512
08945
04464
00018
05512
02480
02948
08615
00042
02489
03114
06251
02234
06158
02104
09645
07186
00796
07767
03322
02746
04931
05114
05971
07288
02314
07793
04618
07194
07231
06735
03386
04761
07796
06843
02102
08368
00197
08896
08851
04226
08258
02193
01077
03265
00478
07365
06531
08092
03218
02942
00315
09568
02439
02558
02745
07127
05550
05919
01469
01313
01318
09867
00352
04060
01798
09768
08648
08192
04410
07777
03745
07229
00607
02695
05255
05818
07466
03092
04582
07378
05084
08370
01136
03916
07161
04860
02472
00143
02017
09434
01918
07312
02608
01026
09004
04678
03802
03896
06617
05565
01206
01722
09641
03739
08584
03785
09640
02152
02707
00141
05524
02264
04700
05359
04133
05851
01921
06889
08300
00984
06070
08754
00816
01967
02945
03086
07173
09866
01050
07066
03280
07075
07502
05480
05833
02217
01406
01790
09688
03424
09344
01407
02842
04050
02881
03836
03419
00300
05362
09634
06381
01855
06464
08793
01855
07881
09208
00625
09109
05880
09357
02119
04634
07621
05429
09352
05707
04913
02435
03826
06343
03410
04330
05372
08887
05465
03879
02833
09109
03997
04796
01857
05906
08126
03077
07740
09884
04451
04594
00728
07442
08316
04871
05417
06141
03412
03056
00188
03005
08189
06448
04430
08702
03445
02808
05947
01741
00423
01462
09251
02343
03167
07704
03407
00176
07939
01608
07421
01846
06613
04558
08327
03485
01270
06952
09143
02415
09596
00566
02685
00521
09356
06521
06101
00108
07778
05315
08315
09730
03630
05458
02133
01358
08577
08650
04948
05271
04253
05309
02639
03789
06526
01924
05530
09453
07482
00612
05587
06267
07420
08124
05091
05183
05934
03995
07183
05598
09244
02722
09561
07371
09709
00199
02335
03732
02713
07713
08944
05302
03872
00888
09831
09490
09191
02677
09244
02012
02825
09283
04813
01578
01745
04818
06594
09761
06559
09260
08733
03402
03961
02398
00066
02224
00880
04421
00198
03847
08080
06922
01319
02583
02580
01061
04616
06511
04280
00641
03067
05348
08089
00205
05621
07270
02735
00602
00790
00913
00847
07990
01582
07674
06238
09355
02744
02693
01699
07992
01693
05315
09629
09496
00017
02704
03490
09020
08127
09223
08120
03815
07886
06770
03728
09442
03232
04437
03081
01095
00262
02804
04291
01367
05847
03005
05806
05628
07316
07421
00959
02012
05409
05862
02053
05972
05333
02350
08516
04277
04851
05003
03092
07336
02396
03426
06073
06090
08878
02107
05720
08227
04756
03110
05445
04820
00163
06016
06615
00485
09554
04557
07586
09665
01397
05302
08424
02961
08717
02713
07448
06659
05272
08797
03615
08191
06463
01711
02924
03997
06542
03942
05888
03970
05111
08811
02827
05714
02939
02294
04994
07403
07122
09229
00222
04135
00878
08139
00769
05336
01767
05044
07053
09429
03979
02523
06466
02181
08469
09427
06466
01775
02176
01156
01704
04750
00886
08954
08848
09832
06918
08811
02847
07098
09131
07337
08630
01718
03607
01923
05021
01224
04105
02909
02931
02608
05755
05820
06917
03057
01463
00992
07537
05433
07676
01768
07801
02308
09598
08600
01676
08813
04768
00423
01389
05053
06843
09244
03442
09115
06224
05696
00592
07962
05869
01518
02102
07221
09500
01937
04920
04308
05649
04907
09799
08345
04904
07675
00642
04966
05096
00009
00371
07255
04418
08959
01029
04212
