02210
08151
00335
03307
07338
02654
03125
01979
09176
03314
06258
08806
05828
06931
03720
08126
02556
03284
02839
05027
05738
00966
04224
04815
06205
02510
00980
03000
04395
06637
00939
01824
08403
02525
03160
06229
06392
09163
02297
04480
07994
09134
08557
05484
07823
01346
02678
01245
03655
04648
06806
04747
02741
07326
03478
06225
06001
01934
06906
00422
08850
07334
00528
07272
02793
00732
01423
07471
06945
06716
00668
01381
08098
07767
04079
02112
03156
05913
08404
07194
06433
08184
04014
04726
05315
05740
07614
01342
05181
04695
08913
02677
00158
06090
04999
06902
02495
00313
01416
01655
01766
05956
02193
05974
00339
06147
05572
01599
00496
08318
07701
00399
02573
01150
07089
03760
07681
06795
08330
01377
08445
05371
07533
01032
01402
06628
05452
05151
02683
07678
07486
00201
06029
02624
06756
08783
05546
06661
01736
03996
03773
00827
04606
09113
05624
09184
00428
00197
05802
06521
03542
02813
05324
04656
05186
01644
00978
04961
06290
06071
01479
00889
00767
03824
01632
05860
05290
00332
07683
02929
02999
03899
04841
08852
06307
03220
04270
00673
01412
05635
00514
03832
08471
07448
01087
08345
00955
04732
01251
04516
08493
06794
03928
04549
01366
07104
05902
05011
00983
00033
02842
06204
04893
04009
08223
03111
05710
01500
07715
04357
00811
04715
05813
05084
07312
05436
00018
06050
04534
01269
02543
02210
01218
05252
01369
08814
01519
00294
03752
04490
01582
09330
02890
00584
09118
06305
08172
01918
00998
02389
00666
02264
06862
00659
04744
00162
06454
07790
01353
03919
00550
02097
02724
04631
04381
07481
07160
04416
01470
02053
04228
03100
06156
02379
05016
09099
03702
04016
04466
05261
01277
06491
00977
07670
03378
06894
08806
09126
01900
06354
03528
08412
03832
01575
05038
01406
08841
08365
01535
00048
08239
02754
06365
07247
04660
07895
08784
08824
04065
08529
00791
05065
00455
02442
05794
08036
02121
06113
00771
07076
05135
06604
04354
06077
03150
01377
04607
09037
03099
06812
08699
01928
00942
07727
07575
01228
06595
04300
05270
03403
05715
00968
07687
07902
07129
05781
01162
08364
05329
04687
00499
05783
02923
00544
00324
01463
06909
06891
06813
06109
08102
03769
06495
08510
02287
01627
00455
06210
02908
01420
04774
03760
00600
08138
09276
02976
08303
01562
03884
08556
01732
02469
07979
07356
07179
08066
08218
03101
08945
06969
03468
04781
06671
08546
03833
04965
08862
04936
06608
08923
02380
00829
06803
09163
06204
03162
07484
02850
04028
05763
05894
02767
07080
04982
04710
03694
02324
00862
05600
08938
06982
05360
06774
04703
02770
02737
02731
07441
05367
05738
03750
08852
08366
07921
03130
03777
00787
05693
08010
02857
07972
05925
01778
00113
08167
07398
07016
05491
03113
00952
07778
04037
07000
03867
05097
05479
04057
03027
07994
06670
01334
03581
09278
05993
02615
01509
03143
06068
00217
02238
07915
01561
04501
00397
02949
08695
09375
05322
00246
01932
08806
01003
08179
02423
02307
04167
01032
07507
09339
05252
08394
04449
09183
05406
03466
01405
06547
05125
01238
06002
08851
00473
00841
00877
00992
08973
04299
01291
02874
06701
01707
01528
03160
06085
03152
08357
00428
02167
08671
03933
06178
07609
05479
00828
07166
01969
06384
09180
01956
05109
08466
06446
09067
08003
08154
04666
01827
00802
07871
06251
06742
04284
01275
02953
02299
01288
04205
07996
06573
03776
01107
04785
03218
03868
07244
01733
07807
06376
08876
06004
00025
02505
03993
08300
02526
00887
00938
00875
06986
01624
06135
09241
07014
07674
07363
02308
06266
03650
07430
00838
03819
06837
00767
08437
05728
01841
06383
03879
07830
00674
04536
03783
08956
04133
03989
01944
00905
07370
06315
02453
03400
02723
03469
02891
09142
00619
02189
01700
02818
02341
02870
08145
02883
01970
06511
06379
01544
03382
05242
01262
00016
04832
02074
08978
07777
00284
04482
00767
04838
04383
03771
06476
06586
07718
03438
03196
06473
04436
02415
06094
05566
03102
06874
03760
08359
06740
01191
01135
05325
06878
07705
04262
06863
06792
07989
02280
06310
05620
04510
04203
07546
05595
08077
07220
01492
00983
05861
08160
04237
06152
04093
01078
03147
01297
00038
05543
06420
02030
07132
06591
02483
01773
08498
03971
01480
04366
01326
04462
03996
06911
07763
06754
03178
09233
00909
00824
05392
08721
08632
05516
05045
05155
02705
01888
09221
05562
03222
01858
04471
08829
05873
00693
08503
05990
00303
03465
00216
06084
07591
03920
07169
03331
01143
05063
04464
04245
08040
00332
04773
06935
08105
08418
08621
06410
06897
03575
05839
07269
00934
02678
01010
07140
00978
04789
04093
04135
07653
01413
01481
00161
09310
03625
02257
04482
01907
04438
03658
03612
04809
07478
04173
01623
08133
00368
05609
08153
03480
04719
08517
06549
06217
02085
01955
00807
05868
02077
00632
03794
04280
02738
03464
04590
07783
02687
07831
09321
03318
09211
07434
00713
00876
01952
02668
02387
04512
07609
00509
08139
03483
07022
06556
03616
05004
07853
02012
05635
08946
08127
03685
08204
08100
08892
04674
05129
03788
02851
03504
09084
01955
05210
01318
04208
02542
09159
02759
05728
06733
01657
00028
00012
05772
01550
06727
04001
07587
00753
01971
09395
00176
04151
01583
08441
07156
07911
04737
04902
02475
06948
03463
05951
04445
06312
05264
07446
08306
04566
07650
03818
09242
00612
00540
09097
00225
02635
04251
05139
08434
05653
05947
02100
06587
06514
05907
03165
03582
02767
06371
08879
06671
04884
02497
05502
06289
05287
03294
06790
08556
02226
08296
09133
08249
01278
00320
07797
01270
02843
00740
02380
07052
02709
05935
07505
06725
02196
08132
06476
04532
06944
07058
02155
08469
04551
02465
05429
06491
02277
06459
02405
07024
04199
06061
00493
05655
00484
04708
03164
05421
07000
06293
08430
02070
05814
03869
00774
03300
03313
03543
00794
02290
02431
09092
05227
09119
08795
04116
06184
03223
01965
02010
08070
06483
06904
00622
08982
04879
08616
06765
04539
06252
06566
07395
03270
00972
08658
02640
03688
08011
08620
06047
01195
00390
05471
06491
02029
03963
07010
07581
02515
08568
06531
05417
00566
04055
06162
02935
05148
09383
02640
08525
07453
06942
03939
06313
01832
06266
06807
06427
04786
03679
06586
00265
05155
00698
03483
05869
01829
02781
02696
02985
00617
03483
08044
00867
05112
03275
05977
08163
09074
04625
01783
01705
04791
02911
03465
00171
01464
05836
06368
06724
04337
08851
02142
02361
04925
07180
04105
06517
07110
06455
00603
01828
02416
05836
01146
01132
09184
07552
01240
06751
00126
05298
09113
08269
05740
01244
00572
07903
07274
05989
08489
02894
08728
07371
08662
06106
04303
02774
08581
03214
09180
03015
00941
05513
07882
01175
08483
04856
03667
08380
02244
07958
00738
07582
07234
00885
04728
09048
09378
05918
04666
05178
05902
09109
06611
06555
06747
02840
05171
00492
04881
02590
06916
01152
02946
08932
01924
01015
07433
02362
07140
00122
07665
01573
08244
09209
09015
09341
07904
02887
09309
01087
01500
06983
02971
05717
05911
02752
06964
06792
00511
01836
08986
04656
05769
00806
07255
07674
01490
02602
07834
02232
07951
09014
06738
00639
06526
02174
09282
06666
05024
05862
07233
02563
04827
05400
01717
02402
07407
01453
03035
00926
03661
01224
03229
07296
01631
06270
06072
02687
01496
03058
00057
04605
02225
03861
01676
06777
02701
07810
08065
00686
04138
09120
04628
02761
09029
01600
01478
06567
05480
01870
02605
04381
04954
00005
07397
00233
04795
02267
05857
06278
03666
03044
08218
03045
01014
06650
09059
00798
06061
00369
04495
07550
03684
02841
08943
07355
08164
07901
04908
01258
08205
03288
08549
07937
06562
00679
04726
08545
01768
02361
04565
03611
06100
02899
00450
04436
06361
00945
01226
04027
08666
01351
02640
07159
02602
02981
02057
01517
05965
06393
06650
07366
01835
04078
06080
01728
08553
01978
00868
02307
07403
04621
07129
02892
04914
00909
07699
02238
08334
01918
06854
07867
00592
00903
02224
00867
05399
04065
01524
00716
03509
07584
05540
08407
03181
07124
02658
06931
03467
08793
00115
06187
00767
00129
07425
07338
05432
03996
07203
06519
06905
05542
08459
07315
01267
04111
03563
05031
09311
08904
00965
01067
00574
02264
00422
08657
07559
01862
02391
03000
05092
08793
03408
09373
04977
06132
00904
07763
00521
01333
01869
03507
08263
07028
06196
04975
06479
06609
01286
04216
00847
03166
04864
05999
02421
02363
04661
01537
07662
07305
03898
06979
01623
09278
08877
08037
05380
09199
05675
04235
02731
07244
05797
01262
09052
07332
06294
03466
01903
01090
02132
00040
02978
02047
08976
05652
03118
04391
05059
04409
05885
02256
07863
02959
06074
09092
06440
08399
06196
07768
05805
06381
08256
03508
01255
00972
06403
07739
06581
07544
08321
06669
01264
08685
08373
09016
00418
06461
00197
03582
06206
04094
07264
06151
03340
00009
06295
03718
07020
07567
04606
06193
05548
03630
03022
07363
00335
00257
08512
05588
00180
04750
01455
03512
06288
00201
03162
07916
07225
02470
03270
03748
06609
02716
04940
02626
08451
05357
02172
00170
06669
07425
04253
07993
05569
02370
07887
02907
06082
00514
02671
09251
02216
07128
04719
03117
00511
04970
08816
04463
01362
04156
00164
00359
05000
02247
06988
06134
08001
06597
02723
07978
00223
07905
06494
01633
08475
05059
07312
09217
09282
00409
01581
09324
07796
05673
04323
00241
03666
01699
06137
06422
08713
06475
03909
07457
00799
05467
08781
03382
03025
04192
09265
07883
07806
07859
00243
06271
00908
08120
08861
08184
04645
06715
00798
02308
08069
06942
07024
01112
08827
02159
06217
01132
08794
03630
00371
05775
06627
06517
02818
02295
09288
03696
04802
04136
02759
06403
08451
06638
00937
08499
07250
01734
00678
08596
05061
08102
05895
07154
04370
09157
01888
08468
06268
02389
01776
09330
08164
08277
05686
03831
02176
00723
00594
08529
05354
08895
00525
02461
02248
04274
00853
06072
01747
04429
00809
04081
06574
02206
02918
02602
04165
09077
05340
00437
00015
09398
04624
07530
09394
03791
05798
02206
07890
02848
06234
02288
02429
06362
08611
09006
00574
07200
07133
02356
02252
08162
00906
06036
05790
07257
08269
02889
00069
08397
07890
01805
02958
04121
00413
06779
06442
09136
06205
02399
03252
07369
09037
09081
02279
04462
07055
05416
03097
02507
07445
07203
08488
03537
09398
06794
05016
04586
04913
01844
07950
05590
03456
08490
05635
08356
00404
06032
03912
02773
02561
04156
04379
06931
03519
06303
07196
04823
01116
05648
05886
00815
06617
00528
08829
02894
01479
04808
03032
01221
04565
07662
05987
01255
06090
04431
08493
08395
00145
02166
08632
06154
06262
03434
08162
00152
05035
03254
06703
03888
00615
00330
03993
03352
08452
00847
07021
01044
05971
09216
05851
09302
00422
07100
05042
05547
04618
06584
05365
05672
04079
02032
08478
08315
03598
05798
08182
02278
05126
01539
06614
06343
06162
07555
02733
05371
03922
00350
05502
02304
00629
05800
00204
00730
06392
01977
01901
07957
03734
07224
04321
05849
02195
07443
04774
07436
00102
03050
04754
01953
03275
05754
01963
08902
07779
00349
09230
01963
03785
03558
07210
07470
02689
01026
02792
00292
01710
03570
06394
00226
04328
01797
08597
07777
09209
06987
07932
08904
02883
04796
08882
05787
01592
08350
08436
03530
03701
07502
05600
07516
00083
06589
01046
00610
01571
04108
00026
03624
06990
04851
00451
08126
03798
06466
03468
08853
00997
07715
03676
01420
02624
09390
00459
01322
02775
02556
01675
07422
07731
03712
01904
03979
04637
07551
04574
09279
08863
07128
07103
08882
05353
07831
03813
00532
00931
08523
03402
03143
04130
08327
01489
02620
05233
05518
00960
03881
08140
06607
06797
07408
03876
05192
07690
08915
02194
08431
01870
04075
02970
08652
05418
06919
07622
06058
07492
09130
05859
00036
04283
01869
09284
06260
01609
01356
06074
03263
09142
09205
04492
08740
00862
02418
03921
07099
04209
03352
02583
02738
00058
09392
02046
05131
03207
08362
04759
01345
01044
05490
04163
06721
07140
04699
08409
08638
02278
04807
05127
00196
01480
04992
01947
05342
01322
07377
08055
02603
05105
01438
09136
00019
03006
06987
01329
00808
01587
02144
02929
04312
08817
07585
08565
06086
08849
02795
06627
04216
05109
02874
05084
09059
05162
08816
07637
01826
08925
05905
01027
06814
08655
09234
06088
00143
03742
07175
05510
01473
05865
03435
05431
03826
05879
06042
01055
08855
02901
07883
01534
07742
07058
05769
02230
09231
03577
04001
04757
05547
00635
07509
07239
07575
05454
07007
02572
01242
06149
03402
00025
03545
09197
07585
02726
01179
01578
07715
06379
00320
08588
06910
06248
05014
08841
05536
04503
03115
00096
04805
00456
06894
02607
02915
02793
04105
02610
06377
05480
04879
08521
08238
01559
07827
02716
05261
00586
05833
06214
02390
08967
05765
00203
06240
07283
07945
04926
06411
04749
00677
00564
03994
08225
02639
04095
02789
04764
01186
04808
02797
08103
06738
05380
05992
06426
01077
00426
01492
00398
06933
01646
05784
01686
04131
05653
07630
07683
07589
04869
06629
09347
07096
04824
03851
04454
06993
07342
08776
09172
07724
09339
02197
01430
04016
01844
09227
02128
08554
00681
00769
03839
08662
03424
03661
09165
04028
04446
05643
02694
04606
03666
03899
01621
05520
01552
04781
02656
00384
08975
02344
00038
08525
03184
02808
01433
03700
01075
03909
02411
06630
02111
02696
01113
03749
07398
05937
06806
08813
06099
03739
00326
05551
07753
05289
06952
05985
03081
03298
06726
05329
08023
05112
03380
00272
06154
01847
03867
05595
07030
05568
02681
07029
08624
02445
06935
00961
01949
07415
09015
00258
06543
09163
07711
06053
06126
03235
04846
04830
01678
04472
08266
03736
04578
07741
04364
06681
08326
07144
00241
06177
08553
01809
06597
03875
01039
08405
06494
07723
01801
00500
02218
03176
08263
01110
04806
01707
08796
08684
00261
05245
00668
05691
07841
00104
06749
06291
06817
06324
04894
08509
02214
03569
01920
08124
02827
03876
07176
06411
08770
05498
05302
08948
03997
06089
08998
01720
08831
09022
04241
07042
07000
05385
08502
07029
06254
04789
08994
08254
00607
07892
08313
05861
05432
09128
04815
00645
00840
07811
06504
07187
06614
04104
09288
07147
01859
04818
07857
04117
09366
04714
00911
06095
01899
03838
00377
05564
06446
09333
05806
00698
08346
05359
06304
04889
06033
07641
03066
02559
07446
09358
02938
00481
06591
01897
05419
04868
03680
01152
05907
02130
03118
07114
09291
08568
08898
05224
08104
02059
08581
05193
01076
09138
03494
01016
03314
02071
04741
04161
01613
03216
08739
00473
05579
01130
08680
01282
03147
06325
08825
02229
04912
09338
07108
04626
00041
03528
06929
03003
02823
06966
03135
01200
02594
04115
01791
01267
06224
04634
04945
06835
07771
06586
05578
05798
07470
05929
04847
04590
08244
06528
01752
03679
03765
00521
01180
04743
00301
08981
02324
09203
02259
04690
00279
00267
06043
09009
04146
05100
01120
05014
06145
09020
05714
01377
05863
05794
05503
04618
09318
03394
01834
00201
02483
08992
09109
04523
03905
04165
08355
07433
05960
03349
02695
08874
06369
02105
04482
08560
07842
00839
08205
01960
07441
02999
03996
07539
02270
01689
06659
04610
03865
06874
04512
03014
04517
02166
02844
03965
02400
05423
04959
08313
00680
00291
00215
08546
03491
08755
02917
02908
02410
06720
08780
04787
02492
09033
00495
07274
03523
09039
06373
02068
01469
09289
00435
01906
05602
01291
02239
01738
04060
02753
04949
03824
08567
08362
07472
09183
00127
00192
09054
09304
00121
08307
05168
06331
02175
08309
05021
07707
05955
07184
04602
03652
01822
07732
05648
08520
07806
04189
01722
03470
06402
07144
06753
09228
08179
04174
05885
05443
09010
03066
04851
02545
02520
07140
06350
01637
01245
02880
03187
03178
06232
03240
01805
05158
04456
08054
06457
06205
08645
08806
05671
04006
05150
07608
06702
05279
08488
00179
05243
02508
02095
07773
03150
00475
00916
04751
05545
04467
02507
08845
07077
08675
00912
06596
08786
01559
08638
00371
05379
02404
08051
08652
00437
00581
00204
01436
08466
02230
02128
07142
03205
04398
08451
01838
08300
00394
07594
02520
04557
09123
03789
00673
05887
05730
00102
00102
09398
04154
02557
06417
03610
01675
08469
09346
03373
03367
06615
09289
02815
08741
00160
05913
04744
06643
07242
09336
00425
04601
08628
00876
08519
01905
07575
01072
02693
08738
00214
03803
02901
01771
04392
08217
09218
03388
00518
01867
04789
05089
07043
00610
04882
03368
01389
06017
04999
07985
04655
00416
07313
07357
00624
03789
01130
02479
06740
03693
05979
08216
01316
05368
03081
02671
00284
06386
02271
06948
02546
08501
02960
04157
04366
07924
04888
03538
00090
02347
06158
09227
05895
06082
00272
01498
07521
05640
04027
09075
08993
01036
03892
05816
01229
08967
01944
07200
02277
03981
00885
09383
01149
05235
03819
04321
01322
04954
00659
00464
08539
03761
06010
01774
09246
05641
08737
02188
06155
08145
07277
09352
06929
07738
04918
03085
03267
04045
05246
00861
08199
00321
07399
09057
00835
08568
01593
02033
07404
08937
05528
01406
07220
01296
07222
01549
06175
07265
06810
05727
06594
00853
05092
07435
03521
08171
00515
01285
07380
06679
06006
01463
01741
04576
02971
02221
00784
08506
08039
05335
01447
07052
05955
08248
04513
07133
04943
07724
00295
04152
00885
01486
07987
03798
04245
04286
00197
07402
05185
08594
05995
02951
02812
00604
04412
08422
05716
04953
00977
08876
04152
05873
01704
02040
04360
07138
06871
07722
01312
01327
02554
07559
03624
02358
02568
05177
04491
04327
00680
01428
02450
01977
02684
01595
05853
06231
03527
06000
03245
08311
03968
03474
06736
04650
05411
08497
02034
08847
03328
08765
05869
04835
01963
04740
03357
00627
07191
04283
04883
06346
08839
06980
06547
06949
01155
07909
01996
02220
01555
00657
05155
01987
02003
01528
06556
06495
00307
04194
02855
05732
01042
06960
04867
05578
01271
03611
08978
07009
00867
05854
06856
08281
05838
03494
01616
06588
05372
06299
03885
05151
09124
04894
06826
06379
07701
05962
08728
08442
06597
05639
06362
04861
05464
02249
02901
07763
07545
00239
04985
01355
06528
04144
05606
07066
08184
07784
07821
00536
01228
04623
06045
01637
02333
02571
06911
00049
07034
05204
07062
02217
04685
07413
09022
05262
01110
09275
02744
00799
03103
08093
09287
05734
05890
06891
08730
03400
09258
00355
05030
05838
08957
03031
03447
07617
00043
05643
05828
00515
07919
01250
04932
08696
05934
08824
00832
03874
06496
04793
01311
08108
06378
07352
01736
03374
05646
00869
08303
02048
06312
00022
02223
08978
04309
06950
08336
07279
03210
08506
05910
02818
03982
01984
05862
01049
07598
03163
07701
04310
07467
05905
01782
07989
06313
00229
08600
05431
04166
05944
06138
02844
05413
01843
00916
05568
00095
04911
08459
01116
01694
02949
08600
02877
05069
08938
02711
02018
01342
00170
09255
05495
04361
00774
06330
08550
02262
01256
02978
05117
02920
02842
06918
05346
04102
06278
02056
01787
00855
06584
04725
04907
07274
03728
08944
07927
01719
07372
05603
08886
00084
05594
08587
04798
05200
07883
01374
04108
04094
01515
06548
03307
00247
09037
04215
09230
06103
05212
04833
06720
02354
06892
05849
04224
06026
05222
02497
03571
05320
03834
07006
00873
07444
06223
08837
01002
01571
08870
03007
01505
06893
08165
08857
08862
03719
02903
05226
00130
06635
05536
07921
02955
05186
00479
08427
07976
01564
02364
05110
06294
02292
00240
01822
07624
01610
05548
06897
07853
08838
05530
06448
01036
01046
01032
06100
02666
00092
03779
07355
05292
04743
04567
00574
02760
05813
01820
00264
01069
04690
09125
02149
02876
04351
09251
02412
02414
06041
00710
06755
00508
03989
05443
02317
08998
00510
04856
07387
04083
04138
08084
06404
01447
00663
01413
02002
02283
06061
04489
03451
03909
07304
06710
08472
01864
02941
07989
00422
03423
08814
00672
04566
08067
00716
01533
09275
04397
09240
03874
05040
02092
09134
07088
04763
00263
00262
01669
03714
04135
00056
04753
07281
01668
01548
06682
04204
04048
02555
08723
08135
08200
02509
05623
00016
08534
04480
07947
09101
04684
01905
08714
08000
03283
01323
06290
06268
04361
06129
00523
02786
06089
06209
05824
04637
05836
07712
08950
05574
02454
07972
09201
05588
05052
07089
04910
05995
09081
01403
06203
04976
06543
08069
05307
07847
02066
07636
08158
03482
00360
07012
00684
07782
04509
03044
03450
00531
04355
05712
02701
04424
03823
00283
01476
03896
00591
08135
02002
05941
03935
08507
04728
06503
04850
02247
02466
07921
01270
05631
01304
01873
04992
06874
09180
04474
01959
02478
00763
08568
05276
01889
06628
01767
00975
06694
00238
01503
03829
02555
07087
01416
02021
03475
04310
01295
00402
09093
08010
08690
03778
09287
07691
04310
06782
07592
01110
07690
07066
06985
06759
01895
08892
05087
08815
06295
05393
02737
05156
01854
08555
06648
02583
05066
03063
01503
07713
04379
02362
06656
02911
08286
02972
05337
09045
07684
04821
04673
03735
09234
04643
09083
02130
06844
02558
06926
01849
07019
02506
07086
09315
02617
02636
06811
01713
00469
09056
06179
07645
02239
09151
05111
01503
05145
01758
06983
00985
01815
06377
04027
01010
02069
01054
03079
03136
02948
07326
03417
01518
01905
03639
01682
05845
00938
05876
09231
04311
05094
08510
05652
05134
03560
05387
01964
01939
05734
00133
02863
08211
00892
02614
01072
05460
03977
08423
00393
08693
02563
07880
04261
03219
07956
08041
01346
04672
02352
02735
01738
06957
03185
01771
01484
00073
05473
04220
09332
01178
08011
04469
04595
08463
01527
00361
00628
05752
08680
05514
01213
05365
08388
07872
02318
04940
00735
00623
05561
02054
04212
05394
08669
05960
06266
00052
05529
04592
08038
05277
04706
04069
00971
00505
04017
02097
05906
06756
05796
04803
03391
03434
05247
03004
05019
07307
08495
07628
07080
05331
06435
04029
07092
03208
04719
05580
05596
00885
05758
01336
02236
02147
05819
07547
06193
01718
02876
04413
00908
00718
04044
06032
01179
06164
03580
04487
01493
06748
07141
08759
02505
04355
04244
07007
08499
06733
06394
05132
05245
01465
04655
02053
06654
07953
02059
05302
00666
04313
06536
09359
05054
06536
06208
04404
05398
00708
05262
08384
08357
03952
05051
06314
01015
03761
06704
04074
07358
04054
01579
06917
05800
07693
07304
05227
04313
00467
04941
01938
03802
02219
07154
05299
01742
08936
07035
02427
07749
02334
01907
08100
07727
02882
03735
04889
01430
01409
01660
04377
06400
00670
03997
00738
06112
02685
05013
01991
05456
04765
05566
02228
05845
01579
03308
01582
05647
02361
00250
06167
05748
01269
03934
08575
07592
00246
07746
04015
00234
02265
05210
06695
05838
01497
07214
07992
07723
01085
04459
04419
06120
04172
05738
05479
02464
07875
01316
03090
08070
08279
06408
00839
01783
08734
07243
05070
04035
05968
03283
05129
02407
02459
05768
01226
09387
03980
07815
05130
07971
00265
04685
02660
06868
02507
00780
02064
08980
07513
07141
08892
04102
01119
08770
02005
04609
06501
09310
08859
00653
06796
03332
02570
04777
01276
01425
08997
00019
00257
04263
05981
04725
00348
00358
09103
02504
07694
05745
04867
08840
07327
02275
08624
00060
07412
06972
04045
02352
05870
09356
07955
03761
02807
05538
07919
03948
00224
05017
03923
07627
04886
01408
02108
01269
07796
01436
09358
08113
07801
08333
03331
00479
02057
07898
05259
00731
03522
06449
04244
06495
09029
06575
02939
04171
04484
07688
07683
02660
04579
03108
01562
04950
02439
07871
08844
03543
02803
00451
03502
08610
07833
05091
00572
03413
07549
00478
07871
04159
01485
05534
06446
01113
08525
05605
02581
07672
08232
06291
01323
00372
00328
02799
04373
05929
04790
06311
05816
06535
02597
08925
02276
04920
04841
05144
07260
05221
01501
01860
01041
01693
01986
06335
03582
05060
07891
05145
06767
06683
00549
08991
08402
04514
02821
01964
00880
04007
02377
04125
03773
08801
06488
08639
07386
06142
04309
02792
05292
03029
07222
00846
07134
03688
02236
04488
00745
04538
07003
00463
00099
04049
01865
01872
07501
05328
03324
03073
01087
03276
06123
09357
08438
07417
07214
01366
04782
08512
06490
05670
02602
01463
02156
02274
01648
05357
01447
03156
00866
03672
02409
01619
06863
07813
09255
05337
08416
08523
03337
01329
03590
07413
03497
01290
09088
07298
08324
07837
08506
06563
00771
08871
08466
01712
04723
01115
03516
01431
08704
02687
06174
08514
02145
05953
06733
04540
03588
06247
09118
07216
05970
03096
08345
08597
08917
01641
01263
04090
04918
09063
01756
00938
04052
03286
01111
01852
06343
02685
07927
02874
06930
05583
00592
05020
03694
08310
03771
06553
05955
05221
05299
02737
03353
03746
04236
03241
05133
02182
06462
05939
02728
01267
06687
01490
05577
04433
04766
00887
03355
08236
08811
07947
07753
03302
07997
01138
02733
02660
08667
01376
07312
00496
07340
08523
03435
03579
02299
07236
00037
01220
01705
01787
06997
05306
00990
02046
09207
05450
01026
08557
03436
04229
02790
05126
07673
08656
00496
06464
02370
01521
08291
02150
07023
05100
04389
09330
07420
01287
04538
06762
07471
08168
05197
07532
04987
07689
03575
08002
01625
07661
02632
09106
06958
06410
05290
07181
06463
02171
07518
01738
05488
00232
08966
04142
02565
04940
08777
05322
00208
07835
05101
03080
00409
06102
01694
02067
05628
04413
09301
05779
07443
03975
04668
05554
05484
05321
05021
06606
09182
03585
05226
02027
00261
06245
04464
00276
04213
00645
08805
07590
00851
04858
05464
02962
00886
03465
05175
05164
07004
05040
04323
07116
03298
02708
05993
03953
08180
01453
05818
05301
05826
06430
06745
02457
00963
09165
06724
09373
04107
02931
06900
04140
06560
02360
03039
06818
04738
02270
01573
08771
00577
02512
01303
02674
00225
00568
08067
07986
04184
08778
04092
03205
02680
05192
01263
09150
04255
01570
05184
01997
07899
02817
03746
03862
04524
03329
05726
02766
05962
04081
07251
08668
02053
02232
00460
02624
01540
08678
01015
08347
08157
07396
08265
04794
03562
08201
04983
02688
05341
06394
06487
09358
08626
01060
03597
03978
01083
04817
03377
04242
07417
02653
08006
03475
03670
05660
00302
09242
04047
02315
00672
01718
04654
01191
01588
03321
06327
03941
02917
08329
06400
03999
08309
01447
08259
05104
04294
06802
02696
03620
08988
04593
08955
07711
07385
03916
01045
08009
05040
04045
01311
08282
01107
04073
04553
04200
07248
04469
02896
00226
06422
08430
08558
08639
04958
06897
06931
04080
08484
00796
08089
00823
07980
06175
02301
07915
06209
04858
04497
02945
05336
05637
01127
07096
07252
03934
05808
05209
02187
06202
03955
05305
07078
03339
03449
06333
02285
05986
05452
02577
00729
03090
07440
04973
03331
07241
03186
06924
06809
06571
06157
07370
03193
04532
08387
06049
00198
07850
02072
08256
09072
05877
02987
08945
00456
06660
01294
08421
05688
00029
08284
06327
01073
02321
05122
02026
02974
08754
04958
08055
05086
01289
06068
02631
00999
05152
04488
03209
04838
04745
08445
05496
03283
00001
03708
08612
06880
08789
06528
00924
08698
08199
08166
08189
01057
04221
02267
02338
08578
06518
09333
03480
04779
07394
06923
04715
03550
00045
05608
03067
02599
09399
05771
07637
08384
06899
06794
02607
02740
02058
07461
02244
04879
05283
08799
01720
00012
08002
07918
06961
04593
08274
04068
02122
03725
01024
01294
01133
02554
04278
01769
03147
05893
04184
05933
07891
08427
04534
09106
01254
01477
07175
06807
00171
06963
03526
06025
05116
08199
02044
06800
07883
02344
02865
04942
07986
05080
09032
04992
01182
02319
06695
04783
06351
02430
03032
05888
04631
00599
02431
03023
08708
02033
06047
08707
02724
05834
05715
00418
07516
01182
00886
03597
07541
04820
04808
02239
00043
04207
02158
07263
07243
07977
07717
02892
08153
04835
06082
09048
05027
00666
03305
05005
06998
08332
05216
06949
05899
02553
07886
05966
05925
01308
03166
06873
03257
08631
00498
04099
04698
08542
02046
00589
04313
09036
08387
08262
07718
08891
03436
07849
06693
00287
07544
09065
02391
04249
01308
06944
05100
00634
03732
06023
04378
03597
01862
09264
03109
00951
04668
03631
00611
01490
02244
09399
01475
01813
08013
04041
01873
00671
08976
08222
05232
07586
05297
09134
02013
09029
01224
05346
07387
00066
09280
05555
00793
01214
02380
05669
02820
00262
00361
07118
04594
04415
04220
01449
01732
09262
02128
03535
00031
05510
07804
01957
07776
07503
04759
03424
04857
02900
00281
03877
08997
03621
06967
05189
05755
08499
08802
07253
08986
05666
01093
04108
06378
06536
01033
01006
07514
08772
05304
04606
05924
05658
04578
00904
00665
01499
03822
04636
05370
07872
07969
03502
05772
02671
07196
00258
04751
08879
03077
04948
08427
04438
00645
00886
04896
07826
04721
07908
01073
01107
00015
02521
07203
01559
08631
06924
02208
09216
07323
07172
02482
03432
07157
00248
04646
04644
08420
07124
00471
08567
02425
06718
07708
01621
06756
00183
00727
09368
08719
01717
05947
03823
08259
03036
01337
05802
00543
04932
05391
07819
08738
09030
06990
06126
06977
02185
05198
08569
04329
02377
05672
03662
01915
00023
07095
06549
08311
07819
02028
03918
01574
02805
02733
05165
00256
02228
00706
02758
00326
03342
08428
05704
03502
02166
01209
05598
01417
08843
07032
00024
04658
07149
07893
00536
01229
01802
03194
01041
04409
04383
00603
09074
09235
01194
02724
02015
02713
01860
04297
04600
07024
08180
04946
09387
07811
06526
01512
03301
01656
09043
02136
03086
05872
08882
07852
09243
07851
08892
06256
01172
02238
02989
02272
01133
04058
09255
00835
01298
03826
04336
02251
01020
01177
01283
04004
03960
02893
06764
07343
00967
00236
00317
05891
00816
07825
01854
06534
06745
00171
03185
02709
05580
07819
06283
04686
02086
06336
02119
06166
00891
08088
07660
00652
06469
08309
03247
09081
02108
01921
02307
07722
01655
08288
07932
03827
01232
01601
08892
02458
07526
06176
05549
02989
02484
09171
06413
07425
05383
04151
03967
08249
01852
03382
06573
01679
03392
09295
02203
03250
05577
04795
02072
02612
00913
03047
03318
05126
03252
02635
07256
09394
05663
07717
00851
08213
07000
08291
09197
02103
04620
05924
04010
01664
05891
05441
06526
04689
07744
04397
05421
05460
06796
02653
08725
03145
01059
07118
05045
04071
07462
06891
04919
01947
07079
06440
01848
06215
07452
09094
04985
04146
05690
00242
04598
09176
08618
06332
08772
00718
08953
05553
07159
09196
01058
05078
07888
00391
07310
07178
08590
09034
06636
07894
00596
06552
00675
09059
06408
04737
02051
02128
08628
08191
04268
04351
01733
07547
04631
08563
03001
06713
04648
00529
01862
08277
08357
02607
02605
09048
04872
01677
06725
02579
01600
08583
05683
03630
01518
04644
03279
04550
07163
03150
03507
08993
06607
09166
03252
04351
05572
00819
04475
00335
02001
06047
00493
05699
00579
00094
04822
02881
07045
07436
06277
07838
09000
06210
09097
06113
04029
00637
08513
00114
03927
01579
06032
08317
06511
02618
08759
04159
07439
08303
08597
08892
01719
07712
01426
03922
02246
08535
05665
06461
04040
00587
07819
08056
03846
04620
00121
06669
00116
07099
02105
08209
08939
08892
01641
07783
04223
07833
06594
01455
06858
07228
08316
07131
05519
04968
08719
08686
03083
05477
00609
02769
05526
06014
06492
00603
00928
00712
02247
05693
07950
04026
04876
04183
06019
08420
09058
08778
03051
08197
00185
08755
08107
03549
07386
02873
00740
08643
00129
07627
03111
03164
02851
01001
07034
00769
00217
02525
09105
01043
04079
04069
09111
08894
00774
03801
02499
03479
07109
05907
03440
01891
00535
07584
00005
01294
04749
03265
08331
04141
09236
01630
00221
07304
01065
05976
08137
04512
08297
04841
08444
04816
06238
04931
00453
01187
04923
01345
04143
05186
04720
03086
07090
04072
00417
03208
01499
02860
00681
02648
06648
06610
04148
03866
03456
01263
09225
05611
09279
03870
00174
03331
05223
04396
06359
03345
04545
06980
02078
08613
04539
07192
02334
08270
04084
03126
05019
07737
07435
06874
03400
09018
01150
02661
01596
08578
04358
05442
02119
07638
01007
06961
04462
07887
08653
02426
05414
04947
09137
06127
07453
08632
05924
02118
04123
04296
05379
02370
07624
05918
03688
02037
02200
05891
02937
05620
01697
05508
03137
03439
07333
05428
08421
07491
05723
04538
04305
05654
04167
02695
07801
03855
01378
03158
04724
00271
02796
05184
06938
05952
06382
00163
04006
07136
05684
08702
04606
05113
02879
00052
06895
03681
06385
01786
01246
04970
05001
02190
02201
07629
00543
02287
08332
07031
07890
00347
00744
00424
07612
03273
04734
05379
03703
08004
07425
05927
02280
02744
04800
03602
03922
03860
05859
09333
05606
04484
05621
05800
04286
02705
08216
04498
01897
07535
05703
02076
00152
08852
09348
02299
05111
00216
06730
07689
06864
08781
06948
01103
01913
09092
08316
02041
06389
03441
08801
05846
03744
04101
04247
06426
05708
05470
04354
03114
02889
01901
03005
03987
03914
03507
08108
02999
06154
00785
09307
07373
08484
01883
03653
05764
08202
05943
02206
01643
00494
02136
03044
02136
00260
02490
01112
03220
06200
07073
07563
01264
00956
06451
00843
01534
04642
07030
04293
02109
05264
05719
02300
07522
02593
06640
06471
06328
00055
09357
04649
04525
01567
09140
03458
06168
00517
06566
01131
07114
00238
01774
00527
06744
02149
04213
03084
01098
01333
02304
03113
04516
00837
02455
08178
08574
02585
06186
05766
03953
05197
05730
04546
04073
00268
05617
02198
01906
04127
08535
07405
05880
06706
08706
06586
07007
02208
02857
02749
08171
04318
04245
05565
09197
02853
07860
05400
00411
06273
07668
08934
09051
09311
04929
05508
02188
08795
08259
00324
01208
01879
05495
05833
07498
08239
05655
06824
04704
06609
01825
08098
05237
05043
01681
03782
07414
02413
05916
02147
06670
08901
03322
07835
00585
01585
00879
03212
07521
05918
00566
08720
01024
01672
09378
07020
08475
04795
08099
01965
09312
01541
01729
00030
03284
00566
02872
07582
01050
07408
06169
04095
01267
08889
09160
09177
00343
02839
01447
00669
03046
06691
09038
00894
05910
05958
06165
06521
05657
04680
03921
08613
08442
00311
06014
08317
04627
08620
02407
03419
02822
01274
00351
08751
05511
01464
00155
00844
04690
07206
04062
01107
00774
05068
08344
02674
03525
06253
08828
09028
01535
00282
01749
09084
01386
00331
01828
08636
06128
07617
08169
01383
05749
02047
06531
03887
05396
08127
09245
09160
08813
09329
05104
07356
02292
03597
07391
01040
09353
09178
00867
07355
07192
05751
03067
00886
06845
01774
04007
06767
03822
07065
01833
04064
02364
05972
00417
07436
00878
03218
03396
07034
01036
06340
09136
08698
02670
02236
01511
01540
03423
05511
01309
09304
05513
00273
04487
04151
01750
01923
00314
05713
02632
08551
03005
07744
03206
03676
06181
06938
08539
04701
07611
08180
00556
02579
00827
02433
08614
01779
00324
08706
03874
08379
03111
04439
06703
08509
06110
05699
00258
03734
01754
04550
03659
02208
00152
03869
00511
03563
04058
04644
08222
04507
02566
08331
02657
01707
08885
07950
03714
03559
07458
01902
00431
01207
05964
01437
00340
04311
08082
02055
02396
01235
09043
09043
01588
08968
02159
06201
02492
06934
05261
00918
05154
07842
03937
07979
04485
05455
01081
03164
07708
07708
08077
08412
01345
04785
00457
00293
09149
00667
09353
06613
04928
01151
06880
08188
01629
03539
05964
09234
02264
03864
01209
04662
02805
08116
04304
04304
00214
06420
07932
03408
06961
00358
07090
00472
03508
02980
01250
01412
03526
02820
01734
07650
09115
06461
08054
08380
03483
06517
01365
00955
03607
06093
03731
07013
08225
02510
03896
06631
08616
09044
02730
09037
06021
04280
03859
04630
07269
04748
08443
01590
06059
08904
05581
03963
02656
00873
01536
06456
07586
01281
07916
02007
00174
02314
03831
06385
02460
07139
01804
05018
05366
03149
08158
07456
08604
06127
01086
01810
08743
05374
01911
04646
01087
03521
08858
08786
06620
02992
02451
08203
08318
02372
08679
02164
07633
05041
09272
01134
08560
02801
06807
02734
03316
02786
02829
08237
08938
03511
00406
04857
03591
00789
07587
05192
09272
01132
09258
08220
08058
07453
06963
03402
00098
08946
01593
01141
07763
04056
02340
02144
00858
03202
06599
07368
03791
06008
05795
08167
04922
03884
03495
04269
01992
01309
05954
06993
01585
05116
02807
07382
05750
03548
05004
02384
07364
00807
00415
04270
04176
01811
03004
02505
06990
07235
07975
07866
02314
06201
08443
01547
01706
03402
01502
02923
06014
05130
05345
05525
08117
05879
08591
07682
09045
05305
08433
07570
02695
06838
04491
08570
09252
04228
09167
07928
07392
04040
00580
09258
07042
08939
00450
07300
02908
08836
07581
07944
06222
07481
00092
04663
06017
01463
04181
07862
08827
01329
05902
06172
02902
07140
04770
01223
06740
01081
01271
08407
05532
02644
04912
07906
00434
09146
08420
03550
06486
01191
06458
04942
02331
01845
07734
04683
04530
04241
07013
07916
07266
04591
09033
00129
00766
08677
04721
03696
02620
04013
04417
08802
06126
00452
02393
03360
09238
01976
06196
09007
02682
06095
08991
08178
06434
02866
04844
00087
05234
02488
05715
04218
04120
02719
05348
09069
02964
05525
02747
08825
03951
00085
08976
04574
07721
07725
06090
05062
02163
03771
04991
03256
07109
01352
00610
04129
01718
08821
04026
06276
02558
03178
08715
00826
08105
07094
08028
02277
03610
02584
00060
00686
04353
04459
04641
06558
04843
08369
06390
02066
05444
08358
07857
03271
06740
05325
08974
01461
06635
02497
02259
00921
02562
06497
02418
01914
05496
05654
05772
03156
05989
05737
09256
08883
01799
00877
01360
00823
06790
04708
04156
00518
02318
03646
09157
03128
04753
03628
08176
04692
01494
03082
03476
04215
08402
06794
02354
05012
00593
00293
05121
01647
01449
04173
02139
03980
03772
09007
07584
05245
03632
06356
00661
03280
08892
03806
03280
00239
01457
06887
06826
08040
05426
02380
01193
00237
07090
07097
02897
03574
07441
03215
02695
07042
04738
00320
08650
09381
04444
01979
00446
05227
06179
03091
03254
02987
07050
00746
05573
01030
01616
06434
01810
06967
07988
08436
04205
00629
02493
06410
04362
04115
00147
07150
05641
08936
01796
08318
02352
03922
02868
03775
00430
01046
03348
06118
07532
04130
08829
06374
09146
02412
02097
06499
07234
03995
08495
01005
06293
02347
07457
03336
04009
02918
03387
08760
00340
09350
07635
01066
02360
07207
05335
06518
05691
01961
07943
05921
01409
06083
07168
07502
04104
03579
00426
07284
03160
07234
04671
07267
07461
08180
05569
02968
02530
05061
00046
06816
03484
04479
00002
03266
02184
02192
06850
03428
07714
00136
06528
09039
01651
06201
06776
04895
09006
04831
02454
00362
00343
00487
02145
03643
05560
00475
00680
06862
04706
05067
08384
04499
07300
05056
07599
05328
07707
01089
01480
06990
06471
08705
04835
05206
05925
02152
02128
02556
02190
01669
05544
02521
09387
04637
01456
06399
08499
04701
00763
05134
00235
00020
03395
01844
02113
02908
04844
05624
04342
05599
03453
06927
05805
06045
06140
05144
02299
01956
00732
07106
05181
03033
00822
02205
04177
03794
00409
07166
01466
02350
08815
07580
07971
08556
08166
02847
05383
03400
07055
06816
04659
00412
04742
04179
02137
06115
07687
08730
06602
02512
06825
08347
04070
04006
00682
01954
01091
08561
03743
04377
04896
05441
01062
07219
00605
00574
00282
01712
00489
01103
06554
03410
05247
02453
05759
01663
04287
09076
05743
02319
04996
07258
04475
07525
06919
05144
04665
01171
08479
00798
06191
04582
03322
05354
01397
06024
05093
05464
03613
05772
03052
04838
03506
01356
05711
01926
02698
04302
06946
05999
00122
00381
03055
01765
07268
02932
06081
00244
05495
08413
07311
05428
08300
07344
05996
06918
09224
03559
06727
02661
06155
01774
07188
06624
07675
01808
05662
07028
03533
01756
03311
00494
01146
07854
04349
00565
03330
00042
05715
00190
08680
00188
02465
00633
04962
08827
07737
00337
03587
06307
06712
09057
03158
08378
02900
06434
02161
05242
08384
08881
08444
07885
01329
06469
04452
04799
03148
03310
00841
05597
08999
08049
08824
08779
00425
02768
07390
00451
07286
00254
05906
09314
05122
08360
04364
01396
08905
05839
00264
03584
09137
06354
06282
04494
05517
06425
02621
09284
02920
02212
06948
05176
03594
05946
01515
01144
03033
05501
07987
03421
05654
01106
03936
04014
07379
08286
06249
02729
03959
08852
07924
04828
02966
05212
05635
06002
07895
00733
01775
04369
06299
06579
01495
07711
01959
08268
06253
00309
07230
04716
08261
08220
01687
06040
00603
03772
05390
04359
04720
06980
08649
04277
09129
08083
07417
01017
03292
03413
09147
02774
04639
01553
07706
02151
06911
04943
00811
01020
05969
09319
08685
08305
08185
01340
05683
06045
05901
03216
00327
03455
05389
00001
08148
06149
02258
07209
00440
03103
06320
02619
01436
04928
07497
01345
08786
06876
02295
07211
08738
07805
04885
01370
08657
02664
01515
09314
02302
00548
05564
03422
03506
02779
01845
03797
01124
05528
04605
02418
04574
09264
03019
01369
06895
03686
05569
06837
00037
06447
07259
00839
03959
03892
07996
01137
03669
04725
01573
00945
01013
03538
04394
04601
09203
05205
04684
07483
04020
02395
06252
05625
07903
07546
09042
07850
00743
07988
06787
09137
05625
01642
09040
01120
00135
07124
01521
01658
05687
09004
07413
01029
02116
07234
06940
02734
02439
01746
03012
02559
02897
02082
05860
01723
01031
04631
05521
02978
08602
09248
02626
06328
07025
00090
02746
04872
01286
02010
00561
06783
01779
08281
04119
01979
03527
06265
08863
03457
03568
01390
05595
06709
01174
06064
07498
02180
09258
02229
07619
05742
04297
00395
05348
07584
07802
04963
03723
06509
03535
04201
06464
05261
04579
03976
06422
03941
09129
02306
00837
06654
01124
04901
06677
05986
06000
09250
07664
05736
02564
00527
02396
09121
03419
09123
05155
08435
04278
08169
00185
06531
01983
04006
08026
05271
09220
05093
03254
08265
07727
09394
09067
03480
00094
03300
06460
01073
00475
07211
04587
00067
01626
06720
06552
04839
02754
07732
04989
03022
06770
03857
01080
03964
01762
06045
01523
06091
03923
07244
02940
05571
05140
09213
07332
02564
04306
07653
03487
03566
04435
08768
03895
01680
07311
08030
01956
04109
00387
07977
07796
07388
06387
05269
02667
08294
03483
06625
08039
01331
04675
00810
09347
09093
03525
07918
07790
01230
02596
08405
08887
01302
00499
06476
05064
03356
05151
01828
00236
06205
03361
00895
05557
01451
01324
02818
05630
08741
03663
01926
07834
06876
06688
07785
08576
00109
08390
02833
05652
07450
06241
03153
07090
02083
01184
01756
03041
03603
02846
05157
00738
01317
09169
09393
02852
08573
07473
00709
00646
06811
08962
06353
04288
06914
01902
08838
05838
03230
02314
01147
05185
07964
03963
00955
00988
08180
03973
05115
01600
06705
06784
08567
03501
02857
04615
07836
00005
07607
04502
08072
03342
07814
02351
00582
05349
02616
05441
08173
08897
05909
00478
05344
06427
04783
03056
08673
01264
00202
06751
04590
06552
02993
01105
07229
00646
05819
08415
01860
05268
08453
02423
01361
05675
08697
01515
04184
02956
06652
01830
02363
02550
00484
08702
09139
06268
03368
03443
06205
08938
02155
01298
06712
03420
04312
05174
05035
06283
08313
02108
09099
05437
05010
07641
04946
05112
04680
07954
07107
04323
06456
01735
00098
01728
04330
09182
01185
04970
06819
06032
08764
07407
00426
04449
02590
06442
01698
03601
09309
03392
07742
05354
02072
07684
02476
00582
01977
06417
03688
03391
03717
08220
03329
03570
05743
01644
06744
00281
07261
08927
06916
02619
01819
01810
08139
09314
06980
05596
08059
06720
08359
05551
04903
07663
01869
00397
02269
06316
06544
01739
02707
01727
01239
08140
01954
08754
03375
07237
06747
06939
07244
05624
04550
01688
02957
03239
01106
01206
07565
03767
05415
05158
01549
04711
04286
02789
01942
01283
08338
05262
02565
01465
05656
08438
09040
05119
01225
05347
08700
07591
05360
09178
07041
06145
04775
04812
03749
01587
06932
00940
05565
07407
08089
07183
02347
07201
01889
06345
05104
04756
01886
05656
00402
03280
03168
01135
08481
09369
00144
06953
02484
07639
04642
03304
08001
04614
02033
05185
05081
02218
04276
09134
03473
02568
06622
02464
00357
01187
03396
06878
01127
08570
03495
00142
03309
04411
04441
05111
03121
04574
04356
00377
07049
03224
01574
07593
00367
02443
02593
06925
06747
07030
05758
07225
07309
00206
00114
02875
05911
00209
03953
06777
07806
03010
04159
00661
09081
06870
02118
02041
04097
08754
09225
04949
04617
06127
04278
01203
01640
04763
03706
01843
01561
00661
09031
07608
05348
08165
06505
04222
03213
08078
07262
08334
05161
07696
08955
00783
06809
03302
01595
02691
03000
03793
06698
06227
01255
03727
02056
08848
02503
06468
03074
03439
04214
01667
04250
01360
00578
01593
05382
08492
05987
05294
08790
08928
08766
03993
01199
04442
03347
01678
03101
05958
08776
06463
04037
04790
04182
03941
03152
05700
05121
07977
08603
05813
01406
06043
04691
01413
07476
04821
00870
00728
02413
06070
09117
00988
05254
06967
00430
09377
02226
05835
08982
06377
03565
03999
01204
05674
02548
08147
08672
08621
08210
04565
00986
05762
01852
05129
03775
00498
05758
06375
06501
04561
08535
00697
07920
06054
05415
09110
04902
07224
01746
02760
04861
03966
04540
05943
02140
08499
05771
04272
04958
03653
03309
04277
07299
04120
06414
03146
04304
00244
02203
02417
08023
07960
01557
03587
05850
06321
00957
03780
09089
00691
01454
04082
06803
05674
04313
03633
04641
04029
06945
08229
03293
08280
06790
08390
05681
02205
03583
00673
01389
06399
02456
02857
03632
08474
09292
07529
07215
04754
00107
07172
06356
07102
02348
08099
08310
02584
00839
03795
03710
07885
06553
00112
06817
07084
05170
00514
05233
00660
01107
08715
04335
01886
00792
06089
08379
07108
02470
06014
07644
00548
05638
02970
01987
05902
06527
06618
09369
05654
01498
07591
01040
07829
08247
01597
08735
03355
04245
05550
07208
08521
08918
01187
05579
02470
07568
08166
01437
04048
00288
08671
08676
00093
00882
01545
03577
06413
03459
06320
01720
09069
08231
04402
00443
01859
06854
04983
00714
07161
05290
00230
07743
04720
00652
08501
07390
03579
03388
06732
05810
03804
05870
06927
01755
01967
01513
09215
02995
07057
04988
08059
06847
01132
08482
03000
08267
06730
01628
05858
03646
02731
04381
07454
08461
03342
01857
06286
01107
00336
02254
00639
03606
04531
02277
04083
01381
09182
04818
05214
09293
01229
04830
08015
00019
05013
02454
06141
02572
03670
07228
01803
00840
06117
06131
01186
04405
07805
08465
01137
04839
05370
02917
05203
03021
09385
08607
08446
01127
01023
05647
09155
01203
06237
05149
01479
06967
06093
01792
00789
09081
02180
05810
01861
03619
03603
04144
05221
07578
06683
03288
03899
04869
08908
00835
06956
06218
01195
06826
00092
05404
07326
08436
09018
00961
01797
05901
06223
04304
06607
08387
07523
07647
08238
02074
05949
04915
05376
09127
06413
05193
04019
04074
04647
04809
02916
04572
03054
08330
08171
01808
04442
08400
00895
02518
05535
05130
04386
01890
02964
03584
01040
07500
00685
05786
05130
02688
04429
01756
09289
01549
07900
01654
03929
06003
06689
03911
02772
03445
02196
01897
00199
06222
03035
00623
04477
04113
07430
03515
05758
01280
09137
07661
04772
04734
05326
03486
07874
05816
00596
06859
02857
08973
08208
07404
03577
02279
01510
01276
04360
07930
04268
03027
01330
07089
00659
07894
02117
00392
00227
04544
03759
04355
07402
09218
08510
07166
04817
07927
05788
07414
04244
02554
00518
06148
01363
04216
08055
00274
07553
07170
07037
02798
01568
02755
05584
05500
06703
05720
07058
07223
08058
03165
00016
01912
00812
03060
01347
03863
01428
05272
05243
04798
03905
04880
02889
06038
02850
08887
08712
09152
09135
05048
05247
00069
01406
08214
04413
03634
00907
05049
03042
04003
00871
04502
09221
01521
07771
05734
03735
06326
06321
04390
00907
00004
04639
01446
05057
06381
00049
00571
07222
03102
04587
03663
07954
07909
01728
03960
00645
00745
06161
01718
00190
00968
08365
02174
07778
08091
08489
01092
01494
05326
08501
00725
05689
07996
06883
08874
01128
05928
07389
08432
04255
05766
03601
01613
05633
00511
05771
02645
04101
01771
08143
00522
00749
01465
07562
00690
01115
05706
07549
02554
03683
09220
00884
05449
00903
05050
08433
04007
08931
04113
06775
02636
06142
08357
07246
08949
02681
08449
08083
06912
08647
02366
08585
02489
00993
02491
04944
03726
08349
00595
07136
07141
01506
00268
08474
00733
08195
04187
03203
05641
06389
01180
01678
04337
05079
05071
09165
01619
01277
08711
00084
00343
05721
09029
02650
03264
00671
09169
01604
08197
01451
05080
06072
06376
07297
06809
04467
01334
09232
08193
05880
00229
08628
07662
05557
00628
07142
05257
04683
03147
02522
02140
05690
01844
07486
05379
07638
04441
07338
06792
02099
07325
01592
05174
08088
02903
00250
06559
05451
07448
02522
05777
04785
09158
03105
08659
07984
04425
04488
04909
00219
06282
07172
06125
08769
00764
00306
03294
06394
04386
08335
00915
01447
08424
07330
05794
04533
00054
04065
02163
05926
05191
02221
00071
03228
05048
06683
08566
02354
01619
01551
01185
07449
01475
01087
07478
07876
05202
03465
04185
07841
01535
01170
04007
06909
06043
08660
03214
03714
02418
00035
09249
05495
08287
03037
06208
01685
08367
03876
06299
07801
00072
08593
09343
05466
06739
03110
00225
03857
00388
02943
05936
07320
07666
00014
05551
04201
03530
00971
03056
00500
03334
01380
08116
07660
07987
03823
06510
01510
04184
01073
05791
06655
08042
07393
03940
04594
03036
02734
02397
07426
03740
09241
06191
00322
03289
07537
04256
09383
04848
08521
07002
04246
00582
06136
06009
07879
01800
06197
01998
07718
01174
03901
00550
04034
03054
04883
01165
06219
04940
07194
05244
04389
06159
09058
05441
09043
07535
02732
04918
04890
02323
06708
00802
04692
07719
09034
05475
00702
06794
05381
04997
07206
05909
03261
03355
03900
01224
02995
01228
06739
09087
04263
00282
07316
06569
08925
00964
07360
06249
01390
04940
05488
08221
05862
05002
08803
07396
09095
04214
07795
04061
06490
04029
07500
05514
01205
02091
03386
02611
04621
01743
04350
06127
02377
00212
00204
01453
08688
03715
07412
06057
03705
01910
08364
08675
02885
09128
06390
07625
02155
06704
07203
00964
09200
04852
06228
05456
09024
02673
03096
00364
06414
01145
08919
05298
04795
08806
01473
07817
08247
01826
00364
05789
03985
02521
04593
08904
01556
05262
06002
02890
03953
07474
00666
00244
00683
08924
00016
02331
02195
01330
07466
08711
04536
08909
03346
08539
05842
06227
02967
03535
05588
04141
07875
07201
03060
03257
05204
00994
04544
00002
02810
09076
06118
08403
05540
04593
06087
02219
00943
04455
01826
04305
00756
02056
06057
08681
03612
05702
08314
07807
04602
02924
09284
04224
06086
08167
07108
07737
06410
07851
05075
04759
00466
04170
09245
08117
06645
00999
02857
04131
04578
02353
05664
06723
08705
00627
09044
00176
04048
04376
07927
07119
01822
07060
03532
06751
07775
08133
05357
05501
02677
07760
00523
01216
00055
03080
07676
01108
06273
07618
01500
01314
00439
03780
05258
05580
02151
02571
05493
08437
02962
01020
08796
07407
02903
05858
02855
04863
02133
07710
03901
01210
04770
05957
09082
05515
02196
04059
02541
03757
03851
08701
03028
05802
04658
00308
04220
01238
02784
01846
00424
00846
04735
05734
07565
03794
01353
02555
01345
07066
00193
08166
07886
01852
00405
07670
08182
02115
02374
01150
03180
00419
05681
01805
01109
01745
08030
07846
04801
07608
08858
02270
06346
03262
02299
08338
03064
01813
06823
02595
04918
07989
09193
09178
00212
02542
07442
07262
02082
06196
04704
04205
01574
03315
00781
09398
08539
03346
08191
09372
00614
01532
07479
06863
03453
05617
04425
00621
03951
05971
07959
08190
04426
07540
01401
00285
06853
08749
02749
02650
05234
02385
00263
08908
06231
09105
06701
06276
03474
06232
01882
07141
03927
07638
04253
06103
08623
02914
03261
08666
05494
08865
02011
08456
04945
03259
04436
09083
03699
04140
08721
00374
00323
06984
00525
09216
05059
01392
08987
06242
07279
00969
04474
04610
08943
01811
06766
06112
02163
06103
05939
09398
06299
08802
03392
06636
07856
02879
02894
08521
08610
06680
09156
00086
00279
06052
08561
03372
09245
04212
07076
04766
03036
06552
01851
01097
01347
01943
02727
03951
08749
05859
00248
00275
08600
05955
07338
04159
00490
06642
00204
06130
07199
06836
05585
03397
05884
09201
01764
05884
07786
08818
06349
01802
06087
02817
01538
08549
08158
08477
01532
06984
07457
01170
00640
02495
06473
02039
01061
05269
05403
08905
06873
06338
03518
08477
00859
02144
03612
08595
07788
01253
08061
01198
04480
08979
00211
03640
01738
07442
05390
01098
05145
03455
06308
00992
09285
01141
06899
03507
00173
02794
04935
07560
00289
02709
00771
02095
09255
05915
07397
01614
07229
00193
00819
05715
05130
03524
05892
06136
02080
06188
01045
01409
04809
05343
04128
07033
00606
01338
06642
01674
06038
06042
04490
06148
06241
07888
02849
01509
08266
07034
06746
07222
05850
06199
05240
03206
05982
07771
01398
03847
05399
01848
06655
04902
07258
07365
00699
02849
07236
04160
03594
08865
00084
05584
07096
04527
07557
00206
02973
09003
08622
06361
08064
08431
06015
02280
04023
07802
07690
00778
04358
02696
03004
05361
06241
07583
01471
00813
09304
03164
03189
08445
09326
07980
05331
02865
00590
03791
06559
00387
00267
00838
00208
09107
02737
01053
03905
00522
03949
03988
06353
00926
01574
00071
00266
03859
04095
00917
00323
09011
07515
02670
04685
00909
03251
04398
04886
08793
05334
00198
04286
06227
04582
09250
03588
00766
00691
04076
05851
05199
02974
02495
02542
04930
05636
07712
05285
09051
03509
07335
09028
05659
03648
06819
07382
00362
02861
06427
02179
02611
01358
06186
09027
09227
02315
01514
08430
08139
08576
07128
04193
05470
01629
02288
08303
06116
01259
03551
08594
01868
05174
07023
04732
04728
00171
08880
03039
04034
07703
05616
05564
09013
04985
06749
07028
04230
02861
04754
01961
09353
02590
01766
04816
07720
01664
02834
03750
02318
03983
01200
01132
07898
00719
05457
02248
04367
02873
05415
04049
07248
05790
06201
02199
03465
04011
05269
05612
09032
01817
05583
07203
04163
02296
06712
04340
08531
04056
06602
08809
02805
03780
04359
03208
00066
03571
05530
01628
05140
05148
08925
00234
05449
07357
00305
06006
08692
02952
08140
06368
02478
02587
00557
04431
02476
09299
00611
06159
09370
03892
06507
08474
06709
08646
08032
04025
07078
02047
04173
07892
04939
02466
08126
09254
06535
02346
04893
03198
00106
00429
03704
03299
07803
08599
02815
03880
01009
03137
00275
02192
03529
04334
01186
04686
03634
05882
05720
06659
08988
05487
01559
06196
01967
06254
05631
04008
07888
08278
09160
05595
05606
03708
06076
04354
02291
09056
08570
05580
03318
06079
02661
07440
04797
05442
00259
04721
07679
00659
01457
06299
08032
06647
02020
00896
08102
05188
01658
04972
07328
00368
00191
01497
06078
04051
07531
08904
08635
04995
04593
06557
00231
06130
02179
00901
03441
06590
08129
02983
07490
06444
07888
04916
06492
06650
08279
07300
08882
03640
01964
01374
06033
00570
07493
07708
05948
02509
05195
00345
03669
00675
00209
08440
01911
06941
00586
07322
01745
06196
08320
07076
00613
04491
03329
00018
08982
00445
01900
07132
07471
01559
03898
07500
05049
05761
06847
05816
01197
03174
03223
07234
02847
01109
00101
03881
04411
05636
08071
00700
00481
05880
02693
00875
04180
01684
03032
03186
01441
05555
08760
07763
04243
04043
07814
04231
08435
07920
06048
03000
00732
07130
00795
05054
05189
05197
07810
03724
05567
05147
09396
09390
01886
05288
00764
05530
01109
03121
01162
02880
00874
09161
06983
09223
07144
01482
03869
04037
02563
02228
02797
08978
02759
07558
08106
02538
02777
04998
09251
09293
05815
03750
00807
07645
05747
01110
06576
01795
09122
05791
03593
01279
06140
03403
00140
06418
01532
00471
04580
00265
05574
08073
07785
00369
08464
00444
06210
02321
07785
00093
08477
06160
01271
05818
05746
00972
04125
09094
07502
07628
01840
02123
03874
06403
01827
05276
05827
02073
07185
07174
04613
00920
08839
02771
06193
00424
05604
06994
06158
03543
05328
07998
05395
06217
00474
08625
04971
07967
03566
08869
09201
04495
04731
02800
09194
08160
00747
08849
01098
04913
07899
09211
03078
06117
09210
09197
01113
06108
08207
09387
09354
09241
05019
04605
07394
06899
01981
08769
01380
03723
05604
04607
09213
05185
04847
05946
06075
07571
01944
01166
02218
06212
07688
05346
03257
05828
00004
02132
06852
00729
02660
02099
07594
05522
04588
08789
01726
00324
08700
08941
09107
02499
04666
02536
03664
01751
01255
00013
03819
08832
09343
03326
08898
08791
03586
00464
07900
06370
05304
02219
08150
00316
06785
08614
04226
07903
03601
00290
04434
06870
04899
01673
06514
00180
03637
06859
00219
01299
07969
00389
08732
07690
03043
03302
08315
02494
05046
04559
02034
03803
06738
00327
04772
05799
01584
08504
04838
07659
06510
03994
08602
02095
09165
06161
02135
02345
00759
02221
02261
01754
02919
02334
05948
03421
07713
06322
02740
01972
09144
05957
00350
03049
05750
05332
04138
06599
05326
01390
02474
08498
07925
08407
00892
00369
04295
01138
05149
04518
08630
03866
06880
07784
05958
08205
00877
02758
02435
04509
00199
04367
07932
04941
01414
06162
07689
04613
08299
03959
04718
01674
03682
08641
09196
00325
06241
08009
03429
04822
06543
01632
04182
04701
00896
07784
02041
07924
06813
00880
09039
05620
02824
05610
00429
06707
00933
06418
09326
02799
05819
03373
08686
06466
04378
05132
02758
07938
03927
01531
03659
06891
04891
01026
08649
03819
00298
04328
04197
00041
05959
03647
01937
01443
04108
02208
05592
04355
01958
02452
01049
03494
09360
03380
07168
08217
06542
07749
05663
00592
01314
06035
08941
05812
06132
00009
04997
05047
02633
02235
05711
00415
03110
08096
03555
09053
02630
05335
09297
08770
02303
08364
05046
00237
03235
02743
06665
03243
01243
06602
02660
01731
00973
04997
03990
02277
02174
05696
09165
07318
03450
06540
08577
00026
03016
01942
03571
04271
00859
07153
01260
03202
02723
00191
01602
07665
02267
09044
09085
02324
05787
04575
01496
03241
02157
02445
07099
07898
04884
02220
01469
01524
05033
06753
08119
01879
02432
05022
05724
05925
05055
04843
02372
08257
02182
00024
06936
03542
00873
05813
03608
06233
02547
01847
01207
02171
02005
02071
06776
09319
06860
00567
00138
07333
03657
09284
04591
04736
02609
06859
01154
04170
02453
07818
07271
06458
05628
06396
07060
02239
05724
04079
01357
01676
07111
01486
08438
05328
04298
07126
04577
05817
04233
00480
00039
06444
03990
01842
05315
07267
00489
00962
05810
03627
00313
05880
04671
03129
07841
02478
05115
03097
01733
05455
08105
03339
04867
09289
03664
03082
08215
01448
02521
00490
06551
07240
02648
01550
05829
07495
02240
02803
05363
08101
05575
03644
05328
01746
05793
04402
00801
02442
07496
02824
05051
01023
00824
00785
05908
03115
01521
07334
04641
01015
