04171
02752
02676
09088
04176
05909
08202
04449
03345
02327
00315
04775
02429
04262
05829
05356
07948
01815
02486
04550
09025
06475
03969
05644
08790
06579
01356
08424
08201
08830
03141
03946
04625
08621
03185
07006
05332
07574
07025
03644
02121
02332
03986
08413
01780
06752
05271
04797
07764
03609
00413
05140
02013
05614
07995
01574
07338
04956
06668
01314
00715
02236
08186
01720
04798
05275
05528
08011
03333
08501
08452
01311
01292
07004
06951
05980
08606
05266
08322
03304
06715
08222
04488
02314
06056
00066
00058
08642
08459
02819
08771
00343
00665
07547
05768
04089
09045
09001
05211
07461
00223
07623
00325
01198
06615
03187
03917
05392
08365
05511
05578
07943
06751
00524
04120
03647
09246
01091
07787
08861
05285
00428
01317
01482
03110
05055
05053
02896
04011
07896
04575
05765
04798
02608
05513
01725
00102
00278
06721
04772
03742
08492
05041
06736
05348
07454
02476
00316
09379
00701
03904
06986
04933
00490
01680
08424
05784
03926
08524
08563
01347
05694
08479
00305
04926
03460
08437
06560
03612
06560
04599
05172
01574
04989
05589
01750
03708
05016
03766
05200
07330
07756
08783
06076
04334
07425
04150
01092
01434
07298
03673
04317
05098
01133
08600
06765
06635
07310
07932
03347
00733
04269
00522
03085
06135
05870
05624
06788
06814
01575
08875
02317
03001
04675
05011
05097
07772
08621
05763
05923
07007
02673
08240
00073
03483
08388
03782
03292
05136
05939
05930
08034
05614
08001
08063
08835
01798
07787
07056
07400
02467
06285
03247
00447
02531
04959
09008
02275
03364
01426
09157
05161
00133
04613
02542
05061
02042
01356
01668
05875
03355
02632
03027
08801
00626
04009
00978
00049
00271
08463
07928
08141
04641
06920
00101
07043
07211
09092
05338
04672
00505
05349
08870
09361
09134
04890
04989
01732
05300
05379
01135
01205
00918
06502
06675
01036
03325
08368
07638
02804
02469
05975
08708
05239
00620
00884
02786
02229
03127
04854
03901
05907
01960
01009
07402
00791
01903
06582
08571
06938
08836
03700
08723
02503
08175
01780
04302
00328
06604
08786
03208
02159
03422
02447
08841
03874
01183
00772
05481
02976
09297
02657
07966
05872
02068
09275
06926
08160
09013
02059
02515
02331
00855
01891
09059
07076
04544
02532
02705
02287
03426
03052
08572
08567
07413
07571
05945
06714
08350
09204
01999
01272
07102
04096
02607
08682
00298
03149
00262
01344
04866
00550
02561
05675
08791
08357
03668
02785
02134
07612
01879
06598
07420
04112
09237
05711
01093
05726
04546
07858
01566
08336
06344
07834
04090
02776
04606
03463
01244
00661
06742
04114
07507
08067
07761
07486
06843
04525
06058
05553
01189
05053
02564
03946
02149
01476
04648
03324
05388
08670
04286
07792
00778
03460
01808
05338
07729
08453
05974
08434
06601
01046
03257
07139
03411
09222
06704
05944
07245
08111
06152
06393
05873
05078
00732
04005
01330
01828
04033
01242
06732
03733
01571
06687
00774
02653
02474
00547
06303
06234
01635
04975
01826
02429
00380
08198
07480
03202
07696
03421
01929
03407
02659
03340
00654
07458
00883
05692
07238
05090
08443
04323
06530
06391
00501
03131
02359
07406
08874
04082
08080
05829
04273
05834
07454
03797
04267
04679
02125
01749
03287
04529
05619
02706
03175
04591
06288
02524
08493
04796
04861
08812
08347
02726
02915
07882
06278
04448
00528
09004
05430
03610
08992
03368
02797
07127
09326
03874
08545
02316
05590
01265
05744
02840
04560
02947
02119
03286
01723
00545
07567
00727
04644
08294
00652
01429
04513
08848
07971
01627
00254
02993
05656
07288
02075
07152
08617
08218
04368
00800
00835
02110
01494
00850
08615
00078
05076
03806
00928
06484
06522
06709
04227
06275
06566
00050
09131
00212
00825
08335
03577
02622
00492
00683
06413
08175
01628
02561
02443
04351
00023
01540
05436
05580
06082
02726
00448
00687
07026
04680
05149
08053
09267
09108
01087
04186
03415
08758
00932
08448
07710
06361
01602
09398
02367
01653
00000
06748
00233
07478
01446
05666
01984
02753
04010
01151
01055
07895
04095
03095
03038
06492
05107
03134
02144
00825
02342
01682
02612
05877
06643
07589
04366
04482
06948
00839
04378
02036
07414
04138
09036
07052
06070
01447
09238
07307
07294
08086
04567
01778
08377
00986
07181
06838
09134
04987
08239
04945
06044
02453
07665
08123
02091
06014
09388
08248
00962
00861
01377
03699
00931
03718
03842
07848
00735
07618
02910
00782
03431
01371
06887
04779
00528
03964
04866
02242
03506
04591
02026
01600
05549
00465
08312
00213
01489
02832
06363
06085
04833
08644
04273
07158
04218
06107
05831
05499
06133
07431
06611
03287
02991
03722
02043
01166
04954
08146
07393
08517
00938
04399
05526
08338
09094
07256
03680
03750
05168
00934
06945
08774
01659
00305
07101
01961
07720
08630
08928
07108
00853
04282
07841
01705
04179
04912
00823
05334
05418
08622
03423
05458
06851
05382
04287
02234
01601
03616
06594
05234
04365
06957
06552
08271
05373
08886
03025
05209
03561
05307
09239
04270
07858
05319
04549
05400
09102
02808
08847
04097
03996
06101
04543
05581
04496
07473
07393
07478
09220
01316
00676
05229
00396
04152
00070
08804
05068
08016
04106
07224
04240
05269
07705
06812
04439
09202
01234
03905
06997
01735
01823
01041
01748
07956
07710
02019
02287
06867
02504
07040
03370
08591
00793
01388
07969
00196
06405
00016
02987
08452
06596
00677
05218
05176
00409
05619
09178
08792
01829
00383
01412
07593
02050
05467
09319
03501
07535
03999
03697
02361
07456
07669
06343
01143
05526
06426
04799
00228
05858
07888
07022
02996
08145
03953
00771
01609
04469
06703
06135
05315
00945
08054
01127
02313
01710
00050
04703
07741
02254
07669
01773
01302
02916
04632
05463
03215
03710
07531
00858
06221
04193
01960
04073
05325
04712
00178
06782
02852
07608
03763
06376
07904
04922
06842
07817
03108
07126
00732
00042
02537
05976
01073
09005
07519
09282
06927
00927
00635
05734
08404
03032
05770
05158
05284
06216
02060
09098
07123
08176
03164
00773
07092
01994
08836
01029
08808
00230
00405
03621
05227
03075
05387
04176
01224
04054
03823
04276
00516
08025
05215
05569
03328
06547
05336
03341
04960
05968
00811
03805
05896
05925
02981
04602
04783
07490
06041
01173
01491
06356
09240
00784
08316
01878
07441
01219
07949
05555
04987
02912
01164
03443
08191
07444
03387
01264
03834
02850
05567
02531
05920
01725
00990
01528
01005
07649
04117
06691
00180
01207
08975
06117
08275
03363
03650
06815
00373
04012
06564
06369
03039
04280
08843
04536
08215
03657
09153
00842
05637
02216
08134
09127
00061
01932
03296
04262
08837
06231
06413
01729
05282
01446
00377
03446
00519
04563
08555
04114
07989
05760
08377
05108
00686
00521
08165
00972
07266
00991
08927
09278
03733
04909
03833
02455
06016
02433
06698
01810
00132
00744
01746
00792
05741
04686
01116
08442
05939
04938
06329
01508
04931
08786
08417
04255
07220
00271
04061
02627
08886
01007
08728
08248
08477
02251
08084
05247
04124
07037
06152
06170
03803
00272
02135
04068
05987
05276
02540
02518
06560
03476
07833
00863
00381
03206
09191
04920
07678
01022
07880
07929
06342
06935
03024
04483
03865
04184
05522
08235
00524
05062
04767
02176
01761
00187
08409
07345
04270
08651
07389
07350
04813
07631
06519
05553
02214
07369
03632
07384
02240
04626
07370
03859
04070
03707
00588
02348
03046
08510
07824
04584
00838
02704
04826
04544
04624
04029
02228
06772
01796
00648
04068
02245
08923
04990
08247
07781
08577
09350
00446
02326
01693
01655
05847
05843
05891
03782
01631
04351
03152
02618
01306
04272
06461
02925
02933
09063
05332
06690
01779
05687
07743
06214
06596
01256
02233
09157
06372
05607
09244
06673
04079
07036
00281
07161
01682
05967
00503
07660
06693
05871
01770
03192
08524
02289
04116
01036
08773
04833
04594
01470
00492
02672
04429
05721
05033
01403
09233
06047
07315
00147
03834
01415
07270
05422
06410
02244
08096
09218
07759
02441
08442
05889
03985
02300
00442
01294
01865
06262
03797
09042
06613
08732
04729
03898
02361
09230
05424
03753
00623
00770
03688
07350
06655
03892
06312
03858
08089
02899
07301
07856
07807
01171
04683
07353
02560
03514
04911
08715
07471
03137
07201
03917
03202
03946
06079
03865
05214
06473
01764
04655
06968
04808
02727
06842
01470
07098
08280
09138
04500
06940
01349
03469
03923
03531
07571
00306
06236
09118
06568
03036
08978
09257
08701
00295
03837
05106
00585
02130
03730
00268
03785
08929
09248
08238
05716
04397
04621
05264
03634
07666
01175
05609
07660
05430
08103
00079
00446
08929
07928
00596
06585
03365
09302
06369
00342
03827
01593
06362
03333
00567
01264
00261
02267
03810
05450
06656
07866
00514
02191
05847
06458
00640
00453
01191
03357
01621
08800
08554
00921
07858
08833
05239
04294
07083
08455
04973
06703
01190
01074
07508
02213
03390
09107
03800
03927
05751
02850
02130
08342
07285
06072
08629
08029
05142
00275
01282
03677
03000
07920
08617
09214
00312
09026
03813
02706
00280
03112
06554
00692
00940
01021
02949
01046
03882
09273
05688
00616
04923
04301
07968
08644
08978
01268
04373
06493
08768
06581
00254
02512
05170
00764
05631
03379
04248
07896
00680
02171
07770
03511
05787
08026
09089
09102
06913
04636
02551
09245
02409
05346
01844
06631
02062
07376
07574
02695
05236
00561
02036
01542
06615
06674
06599
09177
03880
02948
04525
08886
02614
08523
07260
08071
05004
09259
08184
06808
00532
04683
02137
00683
00240
05897
09324
07275
07392
08141
07907
06437
06253
06330
05132
07714
00945
00167
00251
00089
05897
02475
08893
09089
01657
08503
06658
07964
04906
00701
09141
05904
08498
07814
09052
07807
00640
04730
08759
05366
04410
00200
01095
00282
05165
07182
00500
01870
08496
05146
05810
08825
03750
05606
03041
08517
01238
02090
01376
08098
01560
00524
02038
02257
03119
06250
00668
07637
07869
07432
06098
07835
01535
09117
04261
06962
08575
04080
08561
03845
00576
01368
02873
04046
05161
00337
08336
08333
03697
00498
05803
00558
08723
01450
00277
00352
06038
06171
06334
09145
04484
01184
06833
06599
04477
07832
05473
07393
01303
00756
07823
02916
03916
04909
08810
06058
06881
04310
04444
02637
06214
03129
02373
05354
01382
00709
02983
09240
06133
03757
06589
04727
07065
06244
09288
00645
07022
02485
06695
07347
08906
07463
02026
08295
05338
03764
00523
01563
05631
01779
08754
01170
05153
08748
09060
00123
02462
03153
01015
08990
06054
02204
00221
08139
06366
00762
03818
09146
02392
05503
08867
06140
01651
08732
00229
05705
06636
01147
07919
07219
08817
02883
07398
05896
08806
04006
06451
07701
05470
03280
06218
07093
01647
06899
00250
08537
05362
07101
00852
04985
02765
07131
01466
02137
00567
05175
05221
07127
07048
06444
07714
02096
06002
09034
07747
01314
07192
00405
05726
09132
03850
00048
07132
01642
08626
06783
06320
04797
05894
01058
09369
03007
03490
04101
03310
08028
06825
08748
05437
07764
03872
07780
06617
03436
07551
07301
03278
09165
07125
07331
04641
06764
03927
03876
01584
06264
08372
03100
00019
05691
01976
07116
00190
04023
08187
08873
01021
06642
06422
07512
07299
06836
01161
00679
07822
03517
06443
07319
07402
07140
01631
01493
06920
04026
04696
02384
04355
08420
01281
03245
07392
04871
00115
02615
09311
07798
02892
08258
08418
02951
01776
01694
04793
03005
05831
08192
01375
06718
01747
08844
06316
00947
03716
07599
03712
05976
04313
05681
01265
03898
07429
03320
00737
04485
05004
02455
08024
06744
09217
00509
03625
04920
01934
05818
08739
00648
04102
05589
07254
05170
01666
07936
07872
05096
03254
01405
09052
05555
03239
07738
07645
08701
03772
01111
03564
07634
00606
05896
05692
09384
08814
01734
01558
04263
02081
03369
07798
07291
02170
04776
05689
05799
03644
07376
01209
00252
05882
06322
03279
03904
03126
09199
01468
06353
08562
00071
03412
07416
07118
03767
06448
04642
08542
05145
06870
02281
09023
07373
05206
08178
02495
07758
02507
08768
03798
05415
05765
03838
05780
08036
07271
04225
08545
02596
00066
00763
06939
01548
02029
02364
00799
05960
05719
05187
08111
08674
03235
03507
07828
07724
07662
03297
00072
04274
02801
03617
08851
02521
05589
00960
03096
05597
07079
08771
03372
02486
06466
07255
01722
07953
07092
07322
02997
05525
07590
00647
02731
02068
01235
05135
03307
01722
04884
02754
05571
04922
04077
07374
06560
02043
02392
06454
06842
06161
06172
09315
01779
05896
02105
04944
04421
07076
01691
04503
02237
03412
02897
08001
00368
06308
04737
01955
05888
05354
02417
08940
04314
02904
02732
01586
02368
05024
08000
07677
06766
03054
02600
04363
06691
05950
06555
02451
01966
09287
00048
07149
04002
01216
06435
01574
06808
03950
02169
02425
01072
09087
02020
00601
03571
03361
02819
06939
04471
03980
07434
04016
01784
02942
08705
01145
07784
02285
07099
01443
07635
00095
05325
02617
00937
04357
08833
06465
05168
01350
02391
01103
05422
06112
08239
00461
05824
08385
06253
05892
03810
04995
02401
05788
07004
01710
02393
09023
07540
03664
00254
05428
01270
05888
01168
08064
04477
03816
08159
08071
08444
00152
01919
05999
09390
03830
07327
07189
05478
09315
02350
04049
08156
07962
04314
07653
08869
06474
07166
08067
02934
04227
02640
02260
05268
09221
01708
07620
00114
04067
06408
01203
06312
02759
05686
06703
03925
08767
05135
01501
06226
04421
08034
09246
04650
01844
06617
03726
05513
05830
03067
03728
01591
05586
03452
07252
07689
00459
02766
02395
08341
05956
05025
04554
08816
02736
01846
07978
00526
05270
02956
02792
04302
07345
05581
08831
04167
08189
08889
09307
09202
08477
01229
01417
07565
07050
06879
04819
03473
01838
07352
08223
07322
03671
00150
03135
03104
04367
07101
06875
04166
07807
01394
05938
00662
01164
00732
07952
05879
09210
01463
07145
04005
04413
08030
01860
05596
05702
04428
06651
00160
01602
01191
03014
07779
00167
05098
05783
00868
04911
03230
03232
05568
08487
02476
01864
07928
00586
06537
06885
05367
04814
04103
00284
05406
05720
04060
05980
02327
06570
00744
02232
07146
02707
00256
07771
08198
01384
02874
06333
07304
03270
06509
06860
08201
08713
02199
06446
08079
03822
09330
08882
03163
03957
04220
08927
08194
03282
03905
08468
05258
08019
09223
07783
01130
09332
00174
04409
01807
07822
01114
03462
07647
05726
05646
02242
07220
06361
05615
02375
01887
04461
05322
04659
02733
05091
02339
09047
06027
09065
06475
05250
07073
03660
06437
00203
05094
01186
06125
09270
02585
05533
00549
02149
01327
09276
07830
03464
00837
09084
01399
04912
00163
06491
04885
01381
04323
01037
02488
03471
00389
00087
07349
06353
04673
02129
06293
00345
06825
01057
03601
02900
01320
01258
07216
04791
06690
08164
00759
02449
00641
03596
05964
08500
09313
00284
09103
03762
04961
01150
08510
06732
04878
03689
04379
06741
07998
07662
00612
01613
05878
05885
04831
02705
03953
06760
02895
07560
00085
00017
02847
01929
08075
07495
01250
07056
04307
09140
01005
08255
04186
06610
09090
06273
07921
03323
00202
05658
02171
01128
00637
01818
01418
03073
08545
01264
05255
09300
03757
00851
07332
02577
03025
00876
00880
04145
09004
07239
08550
03934
05817
04608
07690
00718
00791
01115
01674
01001
09004
02267
03052
08170
00901
08748
08770
09195
07461
08989
01230
08464
05727
02716
06203
01934
08449
05510
06747
03196
05559
07638
08015
08919
01065
06554
05726
00284
07387
05405
03052
08711
09311
02670
02382
06864
02992
06848
09272
04325
07213
05339
02651
01538
02001
00561
07422
02613
02899
08818
02832
07342
04727
08536
01144
08683
02520
07559
00785
03514
08568
08156
07053
04128
02813
00462
05188
05263
05922
01010
04513
04107
03367
08352
08217
05885
03046
00555
07433
07553
04820
06662
07028
09090
07103
06394
05694
03622
00458
04236
05687
06308
05266
00803
08087
03081
03172
03055
01714
07274
08934
07717
09369
06115
05190
01831
05445
08998
02451
02512
04600
05256
01670
02333
00594
07717
03084
00111
02796
04355
04363
05790
06341
02404
04902
02447
06575
07566
07519
09309
07773
07429
01321
04318
05204
05848
03279
06764
04090
05776
05083
02236
00655
05348
00647
06203
06559
06954
00946
01268
03944
07064
09240
06575
03815
07024
03384
06876
06745
02890
02475
01972
02480
03300
06638
01496
08189
06941
06428
01683
07197
05431
08892
02786
00241
07042
06394
08461
05662
05797
05236
02717
00405
04519
03427
03852
01135
08164
01908
02469
03585
03931
02618
09272
00896
04708
00666
06000
07682
03799
09275
03760
02529
04103
09128
00719
09004
03398
09147
03117
05779
01002
08079
01829
08967
01877
08754
02954
00387
09258
04677
07422
00211
00331
09066
07078
06856
06464
03217
07993
03669
01537
00302
07103
06714
07805
04819
07366
02714
05827
04198
05728
05291
02645
07134
08688
00793
06725
03319
06883
06903
02256
00992
02468
03379
01495
09221
08048
03957
00548
02654
09064
01628
07209
04019
08876
01853
05492
02898
07276
05457
02615
06887
05690
02169
01075
04375
07828
07777
03949
05000
01589
00182
07289
03920
07763
04021
01611
06217
06723
06938
02500
06798
03088
01441
05833
00485
02667
01861
09192
00273
07628
00139
05764
01699
05103
03626
07687
09284
02122
01953
08927
09385
09123
06372
07225
07755
04302
07229
06866
08825
00627
00355
07877
05637
04862
08386
00102
01673
05352
04630
08269
04836
04403
04925
00231
06796
06651
00313
02382
00393
08624
00094
01008
05436
01656
08630
08653
04122
07081
07590
01497
04521
03732
01165
05562
04486
08893
06081
08764
09073
00527
04693
00608
04142
00781
04227
06003
05720
08275
01842
04131
05651
07706
02124
03188
04926
06050
01215
06000
05844
01122
01142
00333
06966
01123
08595
01167
02198
07650
01939
08303
08690
03252
07934
07164
03516
04197
02977
07502
06210
03473
00866
07658
07702
03939
04775
06286
01268
08979
03452
03998
06315
07682
07327
05319
08682
03778
08913
02825
01073
04625
07308
02962
07081
05372
06156
03637
06105
03183
00115
04298
06542
09274
00300
06311
05814
07728
05651
01732
05841
00793
08552
04259
03500
00047
02158
02230
05403
04206
07804
00555
07210
03861
02296
05971
00913
04081
07811
01280
08250
01496
03045
04820
06000
08586
03741
01638
03830
08548
04580
01912
05928
00599
08999
02516
08058
02005
05136
02132
04028
00780
08736
04561
08918
07130
04027
07644
01798
05072
04279
07904
08787
05900
08770
00376
06997
05494
03904
07228
03227
06724
09134
08871
07264
07777
01974
02012
01674
06088
06527
09311
04569
07302
03568
06016
05177
00189
02200
05553
02436
01629
02389
05281
02031
03830
05128
07793
04247
09160
03953
03940
00144
00355
03733
02668
06650
07170
08504
01567
02864
04810
02552
04609
04238
05401
07976
06634
07334
03082
00837
07816
08111
01213
06713
08503
09003
08658
01065
07565
02732
01366
06829
04491
03106
04654
00868
00285
01979
08000
02282
04834
02744
04226
08031
07230
02111
05962
04108
08805
06722
00156
05493
03299
07676
03226
01157
05775
01763
06341
00675
03326
02303
02994
02832
04555
08181
08312
03409
05804
09352
00958
03751
05832
08277
01218
00624
08212
00025
09131
08297
09389
01249
03144
09147
02847
04381
06617
00000
05612
01947
00619
04200
06649
07644
02418
03620
09058
08124
00342
08670
09126
06395
08176
06587
05077
04771
03870
03942
05045
08870
09178
00611
06572
00062
08857
03340
05928
05680
03295
01243
03682
05470
02703
04157
03778
04879
01168
00879
03667
00461
00428
07024
03663
09250
05522
07795
08173
04768
02963
02071
00366
04340
07505
03764
01464
03054
02132
04029
07346
06392
05950
06668
01798
05768
09006
06142
05868
08460
02674
08533
07907
01809
02021
05084
05562
07880
05176
08658
02277
00126
07412
05326
05971
00654
02430
02323
06772
04509
05396
05720
08472
08793
03692
07935
08451
04615
05667
03935
02076
07080
06162
08073
08357
09327
00797
00996
00669
08921
06174
08117
06952
00041
03318
00390
00568
00824
01556
06897
05973
00254
08646
05338
07104
08551
02763
01095
08045
04773
03763
07492
03943
07597
05534
08855
05565
04169
05089
06333
07418
07698
08944
06207
06146
00927
01261
06300
07264
05286
01974
00596
08989
00622
00373
00687
03524
07503
04689
04760
07280
07422
00665
06897
05238
04585
00977
01644
05703
06147
00541
05651
00742
07477
07394
01068
05920
03010
07668
04941
05809
02541
03610
05024
04930
04488
07070
07747
05600
03963
07384
08319
05985
09080
00746
00890
07200
01815
02006
00531
05344
05571
00140
02065
05340
07784
00064
05417
06997
05799
06016
05587
05597
07151
08723
04224
09048
07786
08084
08321
01946
08737
00774
02903
01531
01677
06017
08354
04615
01539
02683
04696
05115
09323
05371
09221
09146
00061
07710
05689
04709
08769
04708
07123
00433
07306
01372
09264
08361
01293
07380
08447
01732
01060
06925
00876
02762
07449
04211
01095
07273
02609
01899
03152
07540
04480
05741
08218
00762
06450
09304
00945
01660
08573
05828
05345
07712
06273
03147
00492
09299
05192
08633
07672
02004
09280
06715
07155
03915
09226
01316
07107
08040
06062
08674
09375
08447
05213
07734
05227
02481
00498
08738
07140
01247
08798
02294
02945
05871
03688
07739
05609
02801
07613
05304
02751
09027
08593
02011
07247
02433
04018
06839
00788
01208
02484
05635
08463
07409
06223
02636
07534
07643
08090
04113
03375
08393
02874
09355
02679
05083
06083
01184
04515
02096
06433
06109
04690
00440
07243
03840
07093
07728
03837
00016
06060
00439
09025
05268
08247
01669
03874
05272
04189
08716
04564
09095
01236
04030
05515
06666
03214
07278
06126
03558
06429
05730
02527
06915
03771
01046
06643
08648
08456
06948
08489
02828
04312
02639
00616
01976
08416
06432
06849
06649
09309
06063
01454
03921
08442
05211
00453
03188
03612
00380
05326
03976
06291
05077
03413
00326
02727
08840
08955
05078
04020
03074
05143
04183
08716
04413
08677
02011
06200
03844
02857
03680
09339
08393
05754
03803
07810
00602
08942
08776
09340
06243
09341
07620
02922
06053
06548
02315
04546
02595
04289
03478
00894
01085
07302
01916
06404
09157
08564
06545
08562
00655
06566
05868
03441
06782
01222
03330
04779
08073
00695
00888
03817
01165
08753
04941
02613
02452
03571
01670
06512
04179
03064
04900
04666
00657
00624
08760
02372
07379
04090
03590
03451
04236
06723
02839
07012
06642
05789
05032
01070
04908
07247
07528
06096
03599
04885
08647
03096
05000
06612
02154
02997
04628
04884
08187
02058
00658
02202
08534
03008
00418
05545
07742
06126
08704
00477
05117
02280
06208
02675
04186
08241
01197
04824
05581
03966
08989
09397
06686
05120
03212
01764
03068
03421
01353
02041
03097
06396
08349
06760
03546
05276
00359
00071
05157
08816
02805
08263
09307
07928
07062
06309
06885
03431
08346
07431
01842
05749
03762
05477
00198
02113
04988
01902
06039
03028
03647
00908
07473
05380
02373
02725
07858
02331
03646
00775
08935
02020
04633
00047
08764
08674
01438
04229
01587
02941
00567
00080
00076
02378
01844
06146
06755
05709
04197
01207
05608
08718
08322
07119
01495
01693
04999
06150
03831
08555
07155
03133
07584
02542
06232
03886
02277
08009
00509
05385
07050
02814
03054
03342
01511
07345
01661
02174
01386
06266
02146
01523
02826
00502
03726
03664
03879
07747
00853
00342
01136
07694
01402
08917
01196
06203
07612
07555
02378
08984
05750
02228
07932
07903
06709
03966
00942
08998
02594
02295
09277
09124
06119
07141
03578
08314
05550
00274
03653
05091
08013
03395
03310
07098
06670
00723
04295
04607
06059
06024
06134
03293
05695
03210
05527
07035
05175
06731
00693
01860
07255
06592
00769
03566
06353
00394
01851
00628
04784
03057
01789
08816
08882
02678
05264
05193
06716
07651
00222
03612
01712
02946
04998
07154
05410
02703
00413
02958
09288
07842
08034
08929
08007
07989
01074
09140
03914
02150
02522
04921
07070
07969
09059
06527
07513
08982
08384
08656
02200
04426
08907
06824
04976
05781
08493
03708
03412
06631
03348
01685
00421
02207
07342
05320
04032
05090
06180
00099
07624
06500
05250
00949
07589
06919
05635
04595
06797
06277
09250
04787
07086
07355
07147
05143
06557
09300
01271
00303
05201
03102
06279
02283
05913
03286
04695
05524
03308
02547
02292
08774
06895
08145
04048
05293
04160
07629
08242
00800
03874
01400
00243
03054
09329
07410
00330
03315
05733
00476
05938
02831
02348
07553
06577
03148
05176
03506
02025
02267
07464
09021
02148
04818
07393
04401
07328
08963
08453
08809
01370
05787
03308
01242
05190
03429
07279
01323
03741
04411
01244
01960
04503
05920
06546
06571
06304
03221
02598
07080
03127
07991
05383
07298
06281
01057
04564
03911
00957
02412
07382
08806
05856
08559
09056
04792
08608
08660
08754
09058
09334
04696
02812
00309
04821
02430
01744
09256
07607
00202
03568
07067
05182
08461
07223
03640
06599
05842
05067
07016
01027
02179
01712
02808
04192
01801
07824
01782
07333
06438
08406
05195
01482
00768
06907
03583
02317
05589
01919
06196
05385
04798
01393
01136
02857
01121
01906
06858
08907
07351
04195
07264
06527
07430
07679
02523
08918
03276
08035
09344
03888
01473
05249
00851
03582
08015
05956
00882
00286
04689
06078
05027
02684
03365
03301
05899
03157
04719
06605
09132
05359
03620
00879
04466
04589
06272
09038
00155
05407
00412
04834
03617
08766
03695
02357
03053
00996
02368
05371
09081
04570
02437
04088
06169
09371
04451
03825
00359
04926
01219
01420
05003
01849
04701
07883
08875
01272
07108
07635
06220
07701
08806
08043
01021
02778
07222
02960
05205
08810
08423
03869
04993
03893
00991
00792
05395
06682
06213
06664
00001
03998
06489
05330
05449
07475
03047
09267
03471
03597
01256
04664
06211
07765
06909
00513
00314
01856
01792
07036
06551
06050
04017
03149
03413
01396
03161
04299
07412
05101
08991
06550
03805
02684
05189
06396
02116
04891
03598
00140
07201
05095
04918
00002
02323
08908
01150
08024
03930
04902
06378
00405
05183
04642
03729
02423
06618
06362
09305
02517
02087
08952
00116
06975
08175
00858
05714
09391
06398
02643
02613
00056
00262
07211
06515
08652
08664
04652
04372
05133
01906
07621
03208
07377
00105
03164
03771
07400
05284
03100
07833
00153
06946
02343
01752
07320
08202
02860
04054
08980
02685
02593
01224
03814
02834
02724
06451
07444
08862
03043
04171
06610
09173
03499
07222
05890
05122
08398
09052
03027
07902
06574
06798
03613
08793
00014
01112
06364
01866
06007
06939
00322
06268
03007
06691
06071
04168
06031
07162
02492
04937
07403
03888
06990
05600
01932
04528
05261
08052
06330
07152
01668
02173
00723
08204
06059
08062
00769
06967
03615
02445
05583
08623
01876
03992
06155
00755
02577
05461
06239
03212
00073
02909
06754
05350
08946
04143
04828
07490
06830
01605
08278
03601
03463
02901
06639
08951
02224
01046
03988
04585
04654
07997
07823
02644
02829
08291
01960
03452
08823
06396
00361
05125
07015
06895
08210
05122
03188
02941
04269
07944
06153
02000
00397
07973
06209
08705
04551
00443
06135
08910
02315
01899
07780
00150
09164
07519
08026
05659
06369
09097
07157
04827
08936
07545
05121
03586
06129
05415
02335
08447
03766
06909
06945
01217
05442
02640
04228
09246
07431
01939
01838
09265
04866
09160
03613
05438
02281
05220
02927
01986
05164
03294
08760
07748
09201
03748
02797
01537
03778
00441
08647
00721
07593
04799
01835
03068
04819
08381
08103
06952
04922
07509
03183
03035
06125
00245
03925
04111
03650
02479
08959
09118
04300
08479
04650
07731
08879
07993
08661
05123
00416
00125
00896
03926
03914
02320
02003
05046
06579
07712
04099
02371
01813
05932
05119
08648
08056
02093
08905
04909
07253
03740
02504
02402
02885
04370
02433
05965
08175
02246
02806
01793
04993
01518
08703
01779
04278
00622
08181
05521
00766
06558
00262
08930
06603
03163
07130
03052
03951
07140
03652
05374
05187
01463
07260
00802
03675
05792
02289
07614
00133
08357
04748
02776
08600
00329
01039
08412
06265
07091
02340
07403
08208
05466
01195
07697
05713
01735
01547
07403
00590
01055
06370
08740
00234
05100
04176
07283
03529
05343
06661
03274
00660
08276
05130
01012
06704
07233
02053
02988
05862
05084
06158
01967
02893
05985
08062
04926
08162
07021
04208
06098
08106
03290
08224
00435
07838
01214
08327
07775
08773
05554
05865
09172
02048
07589
00309
02930
01231
01363
07083
08264
02009
00613
06085
06009
02312
06606
00468
00930
01371
06479
08019
03364
03037
04447
05704
00424
05323
07067
01423
05588
08962
07598
04969
04968
09126
00525
02345
02909
04272
05738
02871
00123
01799
00866
09174
06725
06623
02917
04776
03068
01735
00538
02033
01692
00092
07036
01008
03383
08779
06053
07418
02740
01004
01006
00681
04820
07162
02160
05370
08889
00095
01050
03012
09203
08908
06639
05396
03696
06733
06203
00094
03230
05779
08282
03070
03888
04028
06357
05964
06876
06405
03202
00133
08485
04711
03462
01798
03562
07111
05706
03028
04018
01176
03352
05575
04882
06035
01936
08213
03308
04902
01379
04234
06085
00771
00283
05661
02756
05791
07829
01134
01418
04139
04020
00300
05762
06719
09219
04947
07335
07962
01039
07218
02084
07054
08759
06531
05068
00817
07697
09211
04599
07518
02010
08129
05573
09122
08001
05988
09306
04610
04184
04164
03150
03417
02672
03003
01240
07960
07993
03101
08558
03862
07267
07185
04604
01031
04843
00932
03662
06593
07741
06851
09052
09297
03163
00334
02497
08612
01207
04429
05095
04650
01467
04802
08724
02268
05378
03301
02337
08902
03266
07854
01100
01416
07881
01893
06516
07198
03337
04126
08940
01368
05322
01569
07839
00092
03146
02541
06150
03774
05491
08516
03240
06193
04897
09162
05415
07616
04454
08151
06531
05485
03180
01076
04917
00843
02207
09202
07866
07175
07245
07534
07378
06409
06466
05368
02420
02329
06540
06963
07336
00620
06583
02351
09256
06709
06326
05466
05708
06056
01336
02293
03848
07426
01891
00506
03860
00604
09183
08940
01177
05214
03841
02607
01259
03185
03474
01726
04407
06573
07148
01283
07410
04825
00769
06057
02083
02624
01471
00733
01822
09104
05228
03155
07230
04167
01602
05901
08510
06918
04023
02846
07453
08263
05811
03541
04500
01355
03047
00685
02772
04196
01999
02097
07033
07393
06355
03125
01325
05808
02552
05079
06402
07629
05534
07820
00256
08457
04661
07304
03295
03022
08745
08661
04202
03999
04543
05892
02672
06540
02059
06202
07752
07130
05672
04433
08976
08001
01594
09376
05882
02752
04364
01229
04428
03971
09337
08142
06274
06756
01401
08679
07163
07456
08042
08285
00196
03072
01368
01025
06740
06399
08899
08305
00190
07683
05571
02344
09308
07701
08451
03157
05503
04339
01695
03090
08480
05285
05883
01099
08633
09284
06673
03158
04101
09094
01150
06858
04792
09167
02786
06023
09092
08033
06019
04877
02290
05676
00517
07425
08817
03312
04920
08634
08158
00039
07637
06226
08497
04008
07574
02184
07679
04150
04778
00106
07617
08407
02393
04415
04809
02376
00994
08434
01188
09094
01615
04475
06808
03159
08945
01768
03875
03679
00854
03393
00949
05431
03331
09057
00124
02319
08575
04280
05674
00108
04311
02654
06293
04005
06463
00049
00130
00783
01171
01679
06303
01881
07618
07407
02884
02481
00164
04394
05333
05653
05384
01839
07999
03150
06909
05052
03156
00567
00667
06977
05341
02747
05980
08390
09371
05180
00516
03108
06977
02624
01978
03377
06298
06974
04562
00405
04530
02207
03625
04706
05908
06847
08596
00968
07360
09266
06925
09190
08174
05387
05060
07421
04204
07784
02390
05230
07807
08073
04268
03988
02273
02296
01938
01108
04752
00922
07922
00401
05415
02563
01860
06676
01507
05168
05197
01280
01308
09230
02842
04523
05670
03392
01671
01313
09211
03197
08416
00987
04407
07688
09258
04469
08103
05241
09247
03292
02710
08961
00957
07350
05534
00955
03258
00812
08727
04173
04702
02410
07552
04358
03525
08072
00223
05449
00912
05273
09078
01096
07534
09376
06876
05172
00692
01458
02853
09392
06166
00526
06928
02830
03201
00657
00635
01361
01687
07647
00116
04738
07957
00308
05286
01477
07172
04992
06062
05171
07650
08424
07738
03219
02333
00705
06053
01658
09116
07800
01113
02682
06938
07517
02769
08334
02688
03302
06394
03475
08877
07512
01590
08513
02260
07272
06212
09025
05051
07583
01079
00666
08491
07476
04497
00068
05745
04579
07612
01125
04640
04259
07934
03913
02888
04469
05926
06988
02287
05465
05671
00003
07826
04883
08112
07705
04001
05450
04733
07941
02188
02297
01621
02481
04590
07935
03209
02029
06005
08761
06990
08298
01194
04231
01311
08051
06547
03995
08163
05917
00610
00101
06182
01391
01650
07212
08342
02212
02734
05048
04293
05357
00910
00251
07245
08060
07494
02670
01389
04164
07365
04551
00599
02788
02871
06743
01339
01922
00615
03962
02811
02484
07245
08472
09100
07265
07296
00080
07294
01950
07560
08468
09320
03717
05210
04400
08699
03208
08537
01884
04913
06147
00069
01201
08338
05024
07619
02816
00195
03787
01537
08542
00115
07126
02652
03708
04611
02551
04640
00530
03194
00604
07563
03292
07562
02009
03566
08236
05259
05945
07073
06519
00649
05080
05154
00204
09060
01945
03410
05606
04044
03659
01780
02603
03343
09062
05971
02254
03825
02100
00999
01039
07071
06538
00379
04937
00808
06429
05606
05364
01840
08986
06556
08297
07169
08142
05408
08099
01737
01868
07544
08493
01107
03613
03109
00950
05698
07321
09326
00377
05457
06507
02200
00137
07144
06395
05452
04354
01908
02781
09285
06075
08134
04503
02724
05647
04302
08712
04586
08690
03420
02300
00313
08913
02426
07676
05831
06658
06225
05730
01920
08859
07583
04378
07823
04158
00922
04660
08994
04138
08204
00893
07951
04045
08803
04725
03142
09133
01059
05500
01204
03590
00954
06222
07024
02093
06527
04878
06727
04371
00904
09030
03919
02910
07823
06828
06537
08553
05129
03696
08040
06676
08659
04314
00361
07574
01489
04496
04470
00390
00060
02325
06451
03914
09142
07037
04691
07510
01917
03661
01095
02766
02354
08400
04189
07407
05486
07844
08218
01695
02416
02668
05476
03157
02245
01126
00910
02611
02460
07083
01296
00488
01973
06663
02586
04098
04253
07766
02989
04272
08568
08103
03814
01246
02636
02493
00224
02210
08190
08984
05541
09011
01868
07315
09224
01705
02574
08214
06746
00943
04057
04563
03384
06045
02058
08846
07581
05690
07083
05013
04209
03767
04093
04463
04565
03055
00434
07665
04970
02002
05605
07523
02630
05985
00297
08177
07642
08699
05635
01830
03378
07806
00412
04475
06065
00610
05175
04269
05977
07895
08116
06493
07956
00966
09270
02337
07667
00765
09151
04887
04296
06652
00166
08593
08025
05845
06650
08420
04548
04297
07286
01794
01217
04501
00289
00512
06649
07355
04696
08410
03169
02236
00283
00722
03275
03627
03697
07728
08817
01533
06512
07459
00350
03213
03301
05814
06891
08324
08492
09094
09371
09133
07701
01431
02180
05398
04795
00949
01490
03579
02578
00904
00706
08493
05829
08410
08272
01584
00785
03722
08517
04322
03321
05107
00976
01670
08398
02886
08520
05265
05491
06867
06691
07228
09163
06423
03406
08687
01095
05687
07746
08135
01592
08475
02623
00351
07405
01870
01568
02474
08602
05002
02082
02920
02365
03424
01706
07254
06766
03213
04738
07320
06066
01232
02632
02250
01956
03543
07844
09356
06521
02290
02523
03603
06622
06879
06980
00700
00296
07940
05103
04580
05848
03492
07469
05795
03353
04368
00016
07688
06247
06319
08904
06221
09198
07528
07550
00818
05980
00020
06153
07703
04412
07385
06842
00435
04304
04800
08958
05682
07562
05320
03513
07444
01071
05500
03897
03112
01608
00927
07662
01543
05479
06928
06475
02389
07403
08608
08681
01249
07135
00568
03073
04430
00517
00968
04004
02115
06986
07058
07025
05469
07902
04949
07753
04988
02475
04694
05035
08130
01632
06152
03567
03944
07937
07020
07265
00211
06964
06996
05644
06307
09050
09209
02961
07085
04823
02356
06659
00630
03049
08225
05079
08487
01609
04376
04365
00825
07921
07374
02629
03806
07907
01912
03561
08767
01489
03495
02406
09043
00782
00103
02421
04724
08919
05201
07692
08862
04640
07409
01396
01345
04783
07697
07126
07630
03679
07316
07023
02863
08916
06872
07102
08950
00765
06602
05542
07751
08691
02573
04404
07306
04332
00685
08319
05608
06380
05670
00326
08575
02961
07786
00530
07808
00562
08175
08602
06766
03060
07526
05421
00201
06080
05208
06728
04416
03907
06643
02211
05997
00331
04298
01786
02403
05035
07411
08709
00122
07116
06738
05796
05723
01089
03075
03043
03399
04349
02357
07750
09177
02211
05089
09105
03932
01929
07714
08199
04751
06985
09222
07477
01982
05813
08738
08969
01450
01791
03013
05732
05864
04923
06315
00714
08070
06642
06921
01746
04106
09036
06776
09294
08301
04000
00778
04233
06716
00771
04618
08607
08680
00931
05824
02774
01091
02190
09018
00927
07915
00564
04342
01497
08700
09190
02819
05426
01957
00945
02456
09179
06348
07315
01316
01159
02757
08073
08141
05279
03973
04258
05156
02269
04950
07740
08861
01611
01259
06001
02612
06592
01051
08205
04979
07678
07714
00151
09080
02963
02275
01289
07283
03641
03642
00294
03221
06940
03813
02232
00341
01328
03547
05579
04068
00821
06261
02225
04128
01928
04537
03594
08277
08623
03141
02951
01839
05872
06904
05228
00213
00334
04204
03008
04775
04001
03536
06922
08264
07562
07994
05257
06326
02360
00233
09328
07054
04233
02601
06357
07781
00281
09024
07445
00129
05144
06197
00373
05119
08403
07040
07991
08269
08193
02460
06559
03719
03200
07697
00177
02671
07700
00183
07306
00285
02811
06189
07383
08094
00936
03423
07029
06577
06641
07261
04390
02117
08975
04344
02005
01102
00867
06871
03198
00470
05583
03552
07205
05312
07368
07643
05017
06375
08990
06008
00701
02333
06389
05385
02003
08073
08027
07017
04909
01024
01574
01644
01873
06787
09145
06488
01352
07209
00499
04953
05972
09211
05077
02147
07324
05429
00590
04128
05925
07493
08093
04377
08742
03444
03009
02009
03736
04993
02816
02798
06160
04709
09115
01320
03027
07913
08146
02212
00757
04243
01321
08066
07581
03696
06254
05241
00721
01675
09094
04365
00633
03787
08836
04847
03611
09211
08597
07819
05250
03019
01283
00959
00363
04396
07947
02407
01815
00233
08853
01477
08830
02841
04152
01053
06886
07840
06927
05999
03879
04757
07628
06446
03986
02775
00991
01189
07750
01400
00140
01913
07918
08476
02878
01050
00746
01930
02067
00579
02153
05025
04062
00753
02880
00414
03563
06704
03961
08873
07251
04248
04411
02600
04364
01014
08826
08899
01955
05191
02283
03887
09217
05776
08279
02710
04304
07186
08713
03611
03800
06249
04589
06851
05330
02763
02374
01455
04448
06405
07956
03982
04638
02776
01849
01231
08338
04179
05935
03053
09124
02050
07903
02867
03489
09004
07448
00278
01354
08763
08587
06098
03204
05909
08023
08749
07484
00711
01701
08111
03313
05632
00474
05715
06541
09251
08268
00751
00713
06559
00875
05919
06917
04113
05566
05633
08041
09369
05175
00537
02666
07818
08852
06812
05276
08586
05579
03881
08024
06057
07537
00995
06307
03319
00079
07292
07908
04542
06225
02684
07999
04471
00252
00455
03946
05344
03996
00148
07355
03539
09263
06897
06764
06377
03562
00316
02644
08909
02166
03725
08051
03382
06597
03063
01426
07012
03231
02957
08741
09052
03164
04449
07814
02502
05885
08351
00343
03652
06828
02297
05980
08677
03516
03004
06370
05615
02935
02415
02760
05010
06242
07243
03209
07273
08871
08310
01370
02348
01358
01482
00694
02657
04392
05274
00124
06514
01771
06837
00817
08535
03899
06683
04640
08108
00747
00468
03707
00301
06823
08872
01596
09381
04069
07577
01764
03198
06792
03405
08271
03627
06641
05535
05915
04562
05722
00837
01123
02253
05824
04500
09228
01047
06853
07447
04115
04204
06838
04319
06512
02257
04728
06828
02652
07738
06522
07810
01074
03698
02111
08431
03893
02301
03530
03680
02614
00106
06934
04923
03584
06924
05969
08807
08595
02416
02277
04944
06880
01520
07291
03471
06855
07278
00524
06366
05411
08268
08229
02945
03799
02320
00270
02160
05456
05502
02303
03905
07902
08693
07303
05034
00855
08475
04795
07292
04010
05340
07848
00131
06629
05694
04213
03402
07612
07352
05735
08763
06087
05648
08730
05812
08766
08708
09217
01253
04107
02753
06875
00222
05836
03711
07050
06910
02764
03750
04953
03446
08342
01801
03825
03012
06717
08056
02200
04747
03530
05723
05479
01535
01050
06098
06254
04790
02627
03451
00446
00826
02476
02315
00514
08995
06838
07277
03003
04738
01699
06888
05695
07809
03954
09034
00797
02197
07475
03667
06600
06909
03317
07548
08038
00677
08986
04342
08123
06499
04331
06175
06983
04290
03205
08544
01256
07853
02536
08090
06229
09339
08760
00470
07777
01240
08842
07915
09368
02181
04333
07218
07121
09174
09066
05606
04528
03689
04697
05560
08279
03663
00801
01502
03408
02378
07612
01259
07978
04158
04501
00682
04597
02492
00663
02484
03371
08825
02555
03321
00054
02918
01797
04459
07992
08409
08500
04654
07835
02408
02556
02459
08021
05701
03986
05300
08103
06125
06819
03314
07914
06531
09377
08042
07135
07466
04803
04734
03690
04495
03528
05151
01266
07917
01112
00528
08832
08249
00903
07126
00025
01766
02999
07420
06617
01827
05297
00483
06510
03592
02959
06879
03686
03728
05257
03244
03974
02016
01074
05303
08049
01270
07350
03161
03865
04445
00562
01526
00444
04932
09280
03780
05358
09398
07958
03767
06255
03380
02594
03041
00097
01494
00620
03519
02729
08658
03488
01534
08559
09027
01046
02780
06531
03386
09032
06676
06086
05946
08655
04033
00282
03405
05139
00203
05511
03444
02061
07368
00836
04908
02730
03785
00142
06620
07950
08941
01463
04067
07186
04876
01214
04854
09245
09337
08910
04647
06586
02443
06038
06961
06907
01317
07901
07336
07506
08592
01944
02798
01840
02650
03410
05007
04708
08232
07815
00910
02041
07895
09140
08160
07468
05760
05190
08990
05201
02194
09269
02281
05833
06034
00685
06222
01850
01389
01018
00657
07683
00198
07837
08925
09266
08210
05423
05737
04261
03105
02144
08327
04401
08367
06812
05894
06954
07864
07676
03119
03391
00771
08301
00156
05369
01581
02094
02548
06696
05350
01491
09156
03106
06465
08569
09112
07169
04220
02798
04390
02416
05384
08278
06819
08586
01954
07884
07991
09086
05096
05027
00076
09003
08167
08904
07092
02028
06009
00559
08704
03321
04692
04454
02741
06202
00165
02169
05568
00192
08692
07011
01218
01097
07705
06709
08199
01871
02116
05639
09345
00559
07050
01864
07321
04585
05203
08236
02301
08144
05553
08953
09173
07000
03763
08781
08208
04631
07071
00048
08748
06850
07286
01274
02482
06613
04016
07865
03055
02782
01217
03088
02686
06166
04988
01183
08715
00581
06867
02731
07115
05161
06913
04899
02840
00275
00678
05854
00097
02886
06346
02020
08845
04740
04917
03903
03464
01375
00546
08013
04566
01225
04988
07069
08340
06777
01409
07948
02894
07843
03731
05627
02787
05330
08621
08271
06780
06020
03011
08900
03876
06338
05754
01294
08258
04979
02678
09390
02121
03068
05450
02774
07568
02518
07330
08585
02197
08363
06741
05578
02405
01582
08879
01791
02039
08271
00370
02865
01670
06024
02388
03491
05877
02512
02803
04797
08605
03449
05989
06172
05529
08127
03093
01391
00667
04967
09295
01457
05815
08993
07701
05534
08741
08596
08138
02867
05436
04173
08651
03495
08650
07491
05886
02816
08616
04467
07442
05291
04378
04883
05062
00484
01628
08228
04902
07830
01352
09361
03391
03727
03213
08910
00876
03995
02241
07327
02993
03276
02134
00239
00477
01867
02795
07554
02244
01405
05201
08199
03194
04349
04750
02845
01964
05722
05615
05496
03009
03309
03853
01440
02534
00217
07858
09359
04878
08422
04182
02565
04944
01676
06778
00242
01002
06073
04365
05743
07356
03832
00084
07329
06303
00430
02852
05955
01277
01898
08116
02358
02754
02280
04102
07088
06119
01777
06572
08639
09087
06523
06087
06512
06531
07425
03674
05713
05720
08615
07341
07326
00328
02076
00942
04796
04166
07179
05777
07864
00811
05496
03984
02275
08189
03692
02086
02669
00879
07357
05470
08458
04364
03958
07681
08101
02629
01766
06891
06232
03618
02639
08247
01013
02549
05845
00961
07572
01170
01056
08833
01866
00714
00056
00360
03914
04135
00325
04514
06059
06618
00456
02115
04685
02176
01234
02303
05728
05603
04607
05402
08332
05605
04669
07758
02719
07439
02767
01954
01406
02511
01441
02783
02300
03240
04679
08598
03448
06787
01038
08757
00589
09084
00399
01025
05587
04775
06100
06774
08286
04113
01568
06953
05568
05299
04495
06446
07440
03913
01806
07005
05798
05233
06481
08336
08121
04303
08760
01031
06807
04046
06085
04764
00481
03520
06996
01915
05345
04142
05535
03873
05152
07955
01381
04126
06472
00346
05679
03116
01003
06657
02871
08335
03999
02445
08909
01471
01686
00693
07727
08640
05350
04962
07019
00211
00081
08347
05069
07461
09138
06032
00512
00109
00093
05141
01707
01515
02529
04318
02417
06756
05558
05185
01964
05210
04141
07590
08600
08160
01352
08795
08872
03347
01366
03677
04799
02397
02011
08169
03820
06555
02498
02089
04035
00461
05176
05010
08956
01558
01359
04977
07347
06617
08411
09358
08275
05387
05660
09369
05599
04184
06465
02440
01079
04686
03437
00434
02259
05046
06601
06086
04007
07561
01118
01909
09091
02806
03669
01839
04814
07233
01997
08961
03078
07024
07599
03819
00055
03415
05818
08152
02038
04283
04646
04183
03552
03180
02615
03566
04236
08659
06184
05550
07073
00531
06641
04233
07917
08820
06631
05680
00932
04498
00071
01865
05233
04724
00638
06462
02484
06192
07584
00241
04928
07300
01915
00099
04384
09056
06479
05564
04221
06559
03044
07988
00222
05413
07600
07216
05941
09170
05572
04241
08226
06307
05233
03470
06310
05986
07476
03937
02998
03300
08476
06479
09186
01136
01164
07561
00817
00672
07953
08672
01355
01280
03553
07381
03867
08867
03494
09190
06334
04668
02750
08045
03780
06674
02280
02594
00570
02501
01781
04273
08762
06597
07945
02854
00792
02971
06229
03901
03873
08806
07634
01870
06706
09119
05019
08397
05586
04729
02711
04720
03685
04927
09314
01649
00814
06394
02016
01315
08057
02866
08709
07570
01682
00425
03972
08259
08269
07287
07545
00019
04347
04384
08477
04571
00789
07226
06182
06632
04393
02179
03240
05065
06750
03823
08501
08625
07357
08422
00740
06901
02174
09108
05320
09200
03476
01427
02712
05681
03958
04947
04414
09046
03819
05057
07135
03698
07617
05493
02166
04097
07306
00917
07517
00757
06348
04911
07041
07345
00628
04220
08144
08154
03318
01328
06274
04542
07539
07886
06801
03364
05615
03593
03343
03371
02461
01725
06722
06551
03290
09395
05367
01038
08747
07171
08376
09344
06508
02100
05779
07997
00822
01047
00345
04488
08188
02666
04678
04673
08963
03432
00204
01385
04179
07453
04855
00790
00030
06703
01933
00350
07379
01033
04260
07625
03191
06633
07535
05631
04650
03625
08743
08136
04025
01019
04834
02890
03774
07701
05362
02693
03832
08443
02284
00763
09343
05588
09019
07883
02264
06429
03914
01188
01281
01866
00651
09287
09059
03675
09070
00133
05209
05779
05072
06535
04657
05067
07847
05037
03869
02189
06832
06942
03206
06085
04014
00982
08639
08026
00040
05165
01729
04178
07005
05084
00480
01643
04318
01667
09169
00982
05536
00494
01566
07653
08204
05614
04752
05117
00765
04939
04504
02599
05750
05375
06770
06145
07789
06342
03510
06890
08040
01770
01196
07210
00282
08507
07427
02047
05922
01915
00791
05572
03281
00063
06997
08876
09222
03153
07771
05060
04831
02186
01105
09063
03950
00262
08574
02299
07854
03528
05905
00320
04088
00300
05285
00529
04878
06875
05071
04027
01307
05113
03751
08482
00046
06474
03497
06403
03049
04003
02455
01748
02194
01878
08029
02432
01989
05453
07624
02526
01883
02799
05019
08793
05156
09200
06040
03315
03637
04986
00664
01618
04605
08970
08943
07348
08402
00645
08863
07327
00115
03426
04799
05329
07817
02633
02727
07902
03959
03464
05163
03848
01403
07759
00250
03369
09352
02217
06458
03068
04305
04275
02921
06585
06588
08417
04338
09295
05353
00428
06850
01531
06310
08080
06623
04015
07824
08681
02268
06950
01248
03381
08163
06972
06880
06788
07048
02651
07416
08373
01957
05448
01713
08651
05895
09395
01380
04820
08340
02205
08696
04921
06600
07444
04471
07089
05419
02578
03404
05929
03056
01116
02884
05382
00964
08966
04814
01955
09073
02116
04231
06878
06455
00107
07678
01660
01806
02645
04953
06181
02514
05124
04802
00346
01131
07262
02050
08499
04983
08030
08497
04541
03151
01371
04471
06481
06787
00530
07673
00439
00874
02455
00371
00241
09323
06905
06966
00236
02193
02043
04199
08257
03246
09086
08668
05227
03743
02268
05107
04712
04936
02143
04249
01250
07236
02424
01420
02984
04594
05484
03950
00797
00703
06249
07494
03298
06757
05342
04813
00215
04573
01672
06225
06340
02518
00512
08625
02430
05505
09202
00950
06542
00912
00545
01090
07243
06891
04806
01753
07575
02095
05192
07000
03175
06892
01533
08878
08668
02777
00774
03245
02327
07765
03624
08829
00778
05429
00447
00678
07273
03997
02949
01447
09207
01165
05800
03240
03828
02202
01954
05704
07868
07877
03314
08964
03363
04388
01512
07909
05925
08291
06621
04789
03346
05967
07824
01493
04966
04919
03861
02646
07575
04719
01569
04418
08607
04762
01673
01278
04242
04635
01311
06919
06513
03096
05302
00909
00708
00596
01005
06808
02415
04287
08383
08006
02579
02149
01236
05407
06045
07856
05184
04781
01036
08938
05937
05619
02516
07203
01174
01040
03343
05594
01490
03768
08291
08092
02048
08104
04311
05223
01657
04300
05623
03738
05737
04518
07903
03419
01047
02325
08987
03356
03915
02448
07965
01475
08138
02397
08552
06844
01444
09051
06865
05805
00239
06128
01870
03198
01700
08336
03335
00226
08207
09035
03288
07935
04341
05921
08784
09334
01630
05388
08868
00127
06361
02874
05013
01733
06471
07590
03816
06177
08463
07498
01732
00502
02033
07571
00878
00192
02582
03825
08040
01873
03884
00202
08928
02386
01128
08666
01564
01434
04356
07776
00212
03294
01496
03456
02784
02333
05292
01440
03040
06127
08948
04514
04786
07122
03508
07125
05590
03944
08099
02560
08398
01248
07372
05676
07897
06943
07798
08109
06031
06435
01870
04085
00726
05452
09059
02605
03634
01015
04743
04273
08180
06888
05429
00406
01697
04548
01677
01490
03307
05929
09333
07864
04110
09026
00674
00583
05312
08442
07500
06919
05867
07028
00039
00735
04815
04093
01813
02773
09344
00167
08545
08307
05063
02250
05167
01674
00724
01281
07040
05270
00073
02071
09169
03598
09066
06892
09178
06390
08217
02831
02220
03171
06030
02002
05836
02346
00771
06205
04596
01093
06197
07912
02433
02955
04790
07048
00943
02339
08296
04405
02208
08421
00980
06686
00131
09029
01121
00473
00793
01692
00704
06235
02299
05149
04595
05216
06576
08697
06702
09272
07683
01536
04509
02926
07968
01405
01517
06798
06791
02508
08256
04891
01497
05962
08984
01786
02080
01633
01276
03222
07907
01903
03680
00585
06470
00602
05654
05899
00152
06458
04835
06122
05590
08723
05597
08111
00381
05925
08232
02833
04453
03194
05528
09064
02384
07547
03256
06079
03874
04495
02361
07407
04907
04737
09286
07989
07007
06813
09268
01687
04471
09095
03463
07672
06097
02681
08504
03037
09090
04263
01803
02987
04379
03983
06044
03871
08801
08098
00921
02738
06854
05394
00067
03207
06918
00280
01566
03131
02604
08187
01648
04455
01874
06958
02302
04236
06047
03230
05394
06013
03147
08166
04489
02106
08055
01946
07441
01774
00871
02965
09151
08878
04385
09327
07358
04867
09159
03214
08836
06695
05183
03527
07246
04025
04685
08641
01356
07788
08678
08023
06159
04322
00189
07448
01815
03704
02099
04397
02361
05927
01935
05174
01494
05415
02453
06849
09159
08255
06523
00376
07307
01917
07190
02053
02579
05766
05523
01461
05589
02507
04969
05767
02620
01113
03620
06520
06305
05539
08229
05764
07899
09126
00300
03122
04657
08169
08896
01796
07704
00870
03709
02322
02449
00282
02900
00946
09114
03389
05648
02534
04548
09301
04780
09147
06652
01030
00075
05817
08475
04782
05415
07875
03312
08872
07491
00605
06622
03704
04988
02757
05424
00013
09290
01280
02416
02576
00012
07234
05719
06360
03265
00297
06950
00615
08851
03126
05211
00836
01782
05401
01704
05166
08551
07344
07614
06225
00567
07827
03407
07152
04183
06727
08784
01720
07037
08350
05061
00189
07996
06359
05950
02971
03922
02679
03215
05547
00098
04660
06478
08888
05666
04802
03949
05669
04192
02284
03064
01517
04157
05168
08632
04502
04035
06599
07270
07826
07003
09239
05859
05188
05023
00544
03044
08532
04166
05999
08875
03823
05765
00874
05648
02190
06067
00281
02934
03328
05885
06949
06786
08703
01984
02360
03871
03789
04870
02984
02669
04616
00055
01321
03832
04873
06144
05510
01580
03805
00729
07668
00157
08462
05313
04611
03101
02401
08124
01490
02047
09004
02572
06598
00449
06276
03477
01190
02190
00560
03482
02950
02945
02406
05678
05839
00862
03800
03229
07423
03274
01683
00489
01986
03819
05852
06840
01748
00905
04830
02138
09089
01404
02748
08232
01668
02559
08607
00632
06152
04346
08461
08189
05902
03374
07447
02139
02564
08410
05862
07281
01998
05386
00889
03447
08068
04631
05429
00415
08768
07913
00929
02568
08338
00520
08284
01853
00898
01579
00726
04972
04417
02367
04768
05754
06180
00353
06624
08395
05589
01551
05669
02408
00688
06689
02580
00937
08624
00933
03157
06810
09268
01176
00277
01011
04561
08600
04152
03494
04932
07342
04746
06645
09124
04633
08451
08812
02746
02333
03917
09370
06775
05579
02523
02637
08776
06322
07976
03707
00888
05083
00504
02677
00258
00962
04607
03294
03065
01232
08756
03073
08359
08014
05842
08112
08022
08844
02355
03137
00150
03271
03857
04555
00036
08192
07171
06622
09291
06313
05976
05664
08161
03963
06235
00284
00857
08092
01723
06926
00664
01860
05973
06441
00694
04534
01392
04953
05692
04739
01877
08636
05564
00665
04113
08426
06713
04251
00097
02006
09148
04699
05321
04565
02887
03107
00841
06908
01570
03976
05460
00294
01209
04191
07062
06634
05070
08602
02281
08027
05504
09307
04676
06489
06551
04993
01545
08876
01818
02760
04553
09361
07903
06747
04231
03750
05391
03357
01629
05111
00924
06020
05959
03331
01231
05407
01746
09368
05818
04214
06760
01066
07679
04040
05044
02035
05675
01338
03956
09061
02987
07539
05895
08195
05113
01333
00693
06630
01763
01309
05173
02290
05376
00476
07687
07264
03031
02038
07999
05255
08903
09375
02338
06100
04621
04181
06681
04232
05565
03529
02815
07320
03912
01839
07216
02032
08253
05173
02816
04377
00951
06433
08397
08714
02172
07466
00258
04442
01550
09297
03880
05667
04543
07360
02139
02458
08397
01360
07055
05827
05888
06361
04854
00218
00780
02722
00511
05916
02904
07552
06699
05652
00641
06083
02631
08017
07603
08564
06449
07348
08302
04795
02794
07664
04001
05214
05207
02690
04661
07043
01259
05736
06720
03270
06764
03430
01909
02678
08808
06075
00981
02169
07612
00842
03156
02672
07104
03845
08642
06534
00195
01787
00276
02082
06439
06522
07894
04899
02041
09328
05192
03299
05591
08299
05026
08708
00110
02681
08861
05999
06230
00665
03552
00868
05276
08232
03884
00804
02949
04152
06580
02418
04490
02059
04932
02496
07645
04733
05581
04469
00613
06823
03505
03780
08249
01688
03498
00608
07367
05518
02778
09259
04168
02130
09142
02886
08082
07002
00380
04659
09361
04848
08150
01862
00579
06599
07906
01178
02030
01197
02815
06351
00401
06292
02030
06889
08292
04443
03322
04653
04212
03874
07878
09124
05975
08987
01954
00554
09384
09235
03802
02480
06848
05095
04243
00213
05594
04716
03929
01851
08056
01191
02986
03150
04551
07123
03321
06888
08308
02200
09097
03031
04073
03080
01982
01287
00544
01126
00953
01036
03547
06608
06360
03736
03094
03619
02263
09011
08466
05989
03199
05057
06262
02165
05161
05413
00012
08638
04080
08155
00213
02763
03904
01506
08522
08669
02102
05584
06440
01976
07014
07496
07319
03364
08651
07663
06671
07406
03439
06469
03920
06822
02359
09054
00372
03540
03169
04272
05139
04428
07997
07287
09291
07960
03021
02819
04842
06717
02555
04275
09322
06917
04965
04147
09287
03283
05759
07289
04656
06510
02350
01318
08759
03500
04932
06191
09063
06768
05853
00571
08241
02887
04485
06087
06883
01588
09019
04733
00926
04227
00790
01660
08162
03074
01267
02056
03088
07059
00456
01186
01243
05958
05472
05066
07500
02691
06372
02024
04425
08438
02178
03963
06378
05659
08660
07761
03047
07753
05823
09204
03265
02763
05742
05110
04964
05761
04923
06771
06237
08373
04738
03565
01118
04961
04994
00461
09147
09222
03105
02165
01656
00160
02547
07459
00897
08861
05302
05935
03981
02292
01812
03909
04752
01170
04358
02486
02628
05887
08722
01529
05203
04503
00833
07991
04532
06181
02136
09116
00751
04194
07696
04225
04191
01387
01348
04399
06339
03697
01751
08246
03368
02345
06655
02355
02927
03988
04866
08616
05006
00025
00379
09325
06014
08157
00593
00332
04217
08277
07757
01042
05933
03762
06157
00593
01706
07764
03562
01747
07820
03290
01754
06898
03324
04644
03755
08210
05801
06452
00413
02471
01263
00913
08395
04587
06066
09179
00846
03744
02729
09037
06261
01243
03729
02107
04828
09001
06525
07253
05616
07932
01943
05180
04797
05334
07374
01778
07292
05655
00260
08350
02325
02641
08826
07972
00820
01607
03594
01219
01603
03230
05712
06232
09124
03372
07191
08833
01753
02269
08076
09019
01779
04181
06817
01588
06155
06791
07024
06501
08047
07156
06393
08359
03812
04152
02282
00887
09029
05870
03547
06204
01150
04491
01891
07444
01343
06384
00026
03791
05664
03409
04283
02515
00054
05490
07269
05118
03415
04850
08928
06378
09071
00711
00415
06827
03688
08201
00373
08068
06959
03427
08400
08536
03553
00547
08405
00476
04098
02475
00430
00097
06981
03096
05335
00623
09285
01688
01233
00493
08766
06025
00384
07174
07937
03116
04208
02797
08211
01727
08439
06977
08257
08746
01694
01971
00769
07994
02442
00828
08320
06849
01761
05308
01460
05583
04339
06365
09389
01890
03775
03446
09277
08968
07934
02675
05320
04909
04248
02234
00082
02840
08450
04328
03484
02496
09369
08818
09347
08748
08782
04968
01101
07815
08765
02291
07352
00162
02203
07256
03305
08340
06507
04820
03566
01485
06941
07359
03945
07128
06213
06725
00441
09086
01899
05703
04038
02535
01132
07753
09273
06812
07837
04612
05150
03888
07735
06179
07975
09245
01475
00987
00718
00106
01010
04172
05270
01970
07258
04940
08878
02696
00121
01235
04692
05390
06271
04097
00874
01469
07412
03627
08048
07727
06251
05844
02214
08904
05162
05736
05627
07203
06479
06340
00967
06641
01880
01961
04129
06332
09143
00120
02142
08129
09344
09007
02399
03220
02577
02769
03805
00486
01605
01068
02076
06209
07092
01948
02081
07036
06747
08325
02529
08681
06171
02478
02408
05268
00369
07864
03235
08895
09170
01117
04410
05712
07512
09094
06037
05068
00173
04533
01330
03076
02946
06593
00232
01014
03213
09088
08844
03519
07582
09183
04149
00148
08004
07092
05462
05967
02464
09284
05647
09270
00405
00393
