07310
05066
07617
01222
07267
06632
08038
02797
06804
06234
01916
02739
00652
06378
08853
03039
08190
02707
04266
03808
05387
08540
08860
08613
03735
04319
05871
03781
05977
02391
02051
07926
07109
00351
06512
06499
08712
03768
06765
07343
00351
03691
09389
02246
08973
04780
05855
06043
02119
01319
09217
09204
01037
04228
05504
06666
04551
04662
08839
00292
02417
05826
03009
02699
08349
06971
04356
09351
00380
05250
00181
03529
09016
05914
08313
00898
01273
03458
07879
09224
03674
06011
03072
01873
00847
02753
03104
07568
01414
08519
04900
05925
02191
05451
00183
08241
01776
08680
05667
02439
06354
03010
03593
04893
05402
09061
03973
06322
02996
00670
01161
02186
00419
05499
07539
05100
01166
09150
03766
03980
02151
02420
08666
05765
01541
03580
08393
06542
06244
08324
04608
04685
08998
03157
05085
05762
04424
04422
04035
04346
03323
03366
03448
00356
02662
06827
09191
06095
04013
08407
01294
04570
05232
05778
00190
08342
01498
05291
08082
03822
07587
06432
03663
07775
06109
03894
07679
00746
02040
03970
06113
04846
03162
03197
04720
01154
02070
03502
01062
08312
06704
08553
09006
01101
01955
07037
08539
08093
00431
02908
06440
03020
09314
00979
06748
02335
02594
03929
04161
08225
05724
03253
04826
00490
06492
08808
03239
03873
01057
00553
01686
06633
08772
05783
09200
03714
08733
02257
08069
00807
08378
04169
07908
08357
06405
05976
05579
08627
08897
02395
07240
04036
06753
03146
06666
07129
02293
08313
03943
05900
08154
00200
07754
06952
05676
06677
04264
01988
01274
06801
04768
05974
02647
03416
01157
08300
03296
06626
00777
08781
06047
02199
04791
08855
07779
09311
01317
03113
05378
06174
08780
03504
06260
04775
00558
00720
02565
05016
02051
03136
05166
00259
05920
01352
05152
06996
07445
02758
03583
05774
01320
05963
09159
04673
01379
03477
04822
03150
03823
07325
08246
02627
04700
08633
09085
06169
04830
07044
04746
00778
08885
00801
07909
08625
09033
07495
05436
02154
03768
04782
03774
03008
03950
07560
04246
07869
00240
08802
09190
09244
08965
05249
00101
04186
07761
00794
08607
03539
02351
01210
04583
06985
08882
07908
02115
02095
03616
05409
02652
05124
04836
07401
05545
02012
04566
08735
09391
03264
03665
08619
09375
06116
01577
04362
03044
05593
00367
08216
06839
01569
01355
05885
08617
05184
04549
04996
07668
02355
02544
08744
08798
08464
01019
04058
07276
05365
08372
05702
04191
02020
01315
04068
01077
05924
04033
02202
00718
01683
03716
00742
01193
09255
06104
08456
04707
06620
05419
03038
02204
00647
04428
03282
02854
05298
05385
05814
09050
02744
01861
04776
01433
08984
02378
00792
02595
03390
04280
05822
07480
02116
08050
07152
07609
01593
08361
05065
02642
08400
08943
00190
04790
05105
04594
03362
01383
02436
04172
07393
00833
00681
04707
05433
06769
07213
01545
05788
00567
06311
05858
04946
03893
02193
04213
01116
09091
00090
06738
03043
05833
00552
03015
05343
05344
03403
02638
06547
02317
07020
09222
07750
06747
02156
01196
08957
00716
02585
00309
04403
06699
02251
04795
08442
05169
01021
02539
04915
02299
04527
02775
02866
00076
08616
00420
04437
08036
02633
03338
02875
05773
04781
00571
00361
04557
07804
05202
01087
07189
07167
03106
02290
08861
04054
00448
09274
00297
08548
03774
04916
01645
05940
08620
07066
05680
08989
00461
00685
01824
08345
08187
03853
05946
05827
01952
01983
06475
07775
09067
07261
06232
01739
04587
00044
03823
06563
05883
07727
05777
05483
09170
05704
02052
07221
08966
07047
02224
00394
01300
04667
08294
05597
00734
04989
00424
00203
07233
08708
00729
00919
02514
00794
04122
04682
03781
05062
01846
01287
04178
07819
05163
03517
00485
05558
09270
05709
04743
00756
04041
07259
06886
06162
05275
00706
00494
07958
03604
02520
07682
09075
01275
02809
06379
03570
04063
02383
08700
01067
05622
02238
09264
04123
04149
05006
04312
04896
05685
03130
04893
05919
00070
02613
07798
06830
06395
03316
03383
09326
04609
08654
03374
05400
04341
04280
06259
04361
04266
08494
08219
01176
05771
04300
00921
08036
07443
09306
06426
07362
01814
02502
06107
01187
06372
06603
04809
03213
07930
05895
01941
05336
00156
05522
03770
02985
06579
08442
00932
09355
02311
07403
07999
08416
06633
04596
05137
08048
07320
05238
05237
09185
01278
05805
05029
04068
09390
04569
04547
09024
03788
03742
08556
00856
03336
06182
08074
01567
00209
09273
02068
08676
01906
02931
09156
06136
01204
05212
06652
05932
03344
09277
00326
02712
01695
04125
04615
01358
05360
00387
03296
05541
06029
00270
04865
07802
07898
06641
02281
04416
03394
08338
09062
03344
03912
03065
00293
01228
08248
09214
06871
07549
00056
02987
08441
09044
03534
05216
04342
03734
06815
06990
00907
01656
06280
07403
08558
07362
04325
08108
09140
04680
08244
03577
03958
06235
02517
05377
01655
08279
03976
01711
05669
00389
06019
06748
07913
03321
06271
06804
09340
06494
08590
04781
00096
08044
05739
05337
08361
06244
01629
05893
09222
02202
00713
08417
07928
08337
09244
04440
02726
04693
00506
05810
07049
06802
00294
08693
02939
06210
03102
02011
02975
04771
01169
06428
02613
02238
01648
02891
05869
04684
01439
06150
06837
08611
05895
00328
00320
00854
08737
04065
00557
05339
02152
08309
08313
07470
03667
07705
01834
09363
01711
02969
01394
02241
07045
01983
07980
07962
00189
08151
03510
04366
07606
04686
09010
04919
08272
05376
03595
02495
03600
06832
05601
06373
08536
05210
06424
08447
07265
00124
02355
07457
06453
07852
02969
04604
06901
02339
00858
08786
05788
02943
08800
03766
00943
07126
00524
02944
08089
03326
06059
02070
07742
06369
09093
06630
00068
03862
07371
05496
04306
00275
07690
08416
08942
08990
09168
04496
07582
02683
01738
08829
09322
07136
07199
00848
03588
05428
08541
02853
01294
05197
08998
00280
00391
08745
08974
05491
03273
06461
07796
05316
00298
08129
07555
08755
01484
02428
06116
00706
05603
02796
05609
08933
08459
04845
08344
00376
07860
09051
08314
04760
07099
02723
08351
07841
07214
04107
02400
05183
07571
00138
03465
00945
03037
05754
05329
02367
08789
06930
02679
09036
03273
05568
06651
07694
04195
02420
01726
06810
08025
08839
05374
08845
03068
09098
06786
09374
08439
05035
09271
04679
03390
05226
04845
06786
09376
07051
07545
04175
05419
03252
01047
08435
06563
06349
05579
06005
02014
04735
05012
00483
03855
00861
06942
08561
06861
04191
08467
09265
02063
00974
01374
02854
07022
00114
03179
05858
04359
08566
05302
01080
03059
07821
05030
08548
04501
08190
04910
00910
04608
06571
06448
01613
02562
05072
01086
07872
07961
07502
01575
05695
07537
02999
01938
03785
06871
02171
01225
02535
02516
01857
05389
09021
07481
09138
00066
06889
04156
03616
05208
07964
02109
06844
01965
05733
07415
04548
08738
08893
01814
01003
01008
02853
00089
05810
08950
02643
01916
03724
05483
05148
07998
03160
07938
07579
07537
07631
06935
08759
03571
07061
04372
08715
09136
04213
02256
02127
05418
06101
06821
07516
03934
06569
04108
02885
08836
00851
05431
01249
05819
02184
06283
03573
00342
04533
01688
06605
02127
08336
07671
00755
09287
00867
08703
00744
08111
06612
00667
03072
04502
08848
08371
05291
07095
06861
08846
03269
03381
03407
01881
09262
08422
06282
03975
01637
05538
03294
05972
07584
08759
03769
03207
02135
06035
08750
08940
04455
06324
02883
03452
07762
03055
03376
03226
07731
09267
07499
04186
04399
05185
03585
08167
02583
08371
09231
05769
04618
07942
07030
01458
08064
00037
01333
06252
00097
07691
06480
05217
00939
07533
05207
03646
09139
07817
00601
00908
04722
01151
07807
07332
02193
08291
08765
07103
02888
05412
05603
04031
07447
08453
06858
03686
01928
05381
08825
02201
02571
08828
02687
02952
02441
01700
03419
02396
07381
08881
08232
02174
04076
06807
07380
04808
03525
02624
00535
03962
07076
07414
02657
00428
03808
00827
02140
07243
08300
05178
07609
03482
00595
02153
06614
07445
01852
05222
07773
03269
02109
02131
08720
07419
09116
05919
07432
07619
09025
05867
05108
00423
05759
02573
02943
04876
04201
09180
02634
08077
04113
02322
03801
03379
07636
03167
06202
00885
05737
02143
07951
00810
09376
08458
04269
01424
03567
04771
06461
05415
03800
08552
03703
05016
04350
02733
00823
02396
02446
09245
05968
03066
01323
05623
06364
03808
06881
08641
03933
00580
06003
06011
06766
04680
07824
07210
05323
00873
07024
08799
06752
06546
02869
00396
01125
07426
05949
07186
04854
07558
00443
09394
08944
01916
01197
05366
05727
08589
00472
09315
08893
00566
06903
05070
07710
03252
07323
04664
00831
07369
00628
08359
01436
01415
09390
03162
01248
06280
08983
08704
08967
03856
07284
02582
00616
05319
03827
00131
09302
08607
06364
04290
09102
06590
05120
01036
08634
02656
03196
00679
03124
01213
04023
05462
03799
03930
07174
07318
05206
05823
06536
06939
08304
05044
09269
00109
03835
08737
00187
02922
03469
05592
03520
06801
00242
06513
06851
02976
01792
08986
07534
08531
00518
07121
03716
08338
08539
02504
07000
06469
03834
00963
07542
07655
06275
05768
01162
07140
08253
07740
05646
02495
03880
08998
01050
02869
07287
06346
04156
01512
02018
04309
02567
05025
03794
06520
05207
07805
08573
03579
06634
08491
03361
02287
07154
09383
06197
08767
00968
00262
09347
08580
00842
07854
09066
05012
05453
01513
09360
06751
03670
06559
06293
08445
06633
07836
04290
07535
02101
02181
08448
06049
03023
04122
05006
08176
08339
00897
01266
01198
00993
07967
01472
08223
04107
00947
02016
05030
07733
05745
00786
00921
00365
06024
06213
00671
06746
02433
08229
05330
06617
03532
04802
03756
01659
00080
03381
06338
00890
06183
05966
05247
01474
07708
01528
07799
04244
05770
08206
04153
02510
01538
07879
05791
04598
08672
01997
04669
08333
07915
00300
01564
03272
08327
04461
06706
01314
05265
04602
00856
02678
04958
06940
09312
08687
08864
02568
00568
04466
04231
04664
06519
09339
04207
00741
08003
01589
02435
03146
06821
07286
05511
06181
06602
06846
03082
01118
00718
05744
04000
07482
04687
05352
05690
00473
08315
06037
02720
01579
02023
00728
00517
04009
04918
05906
08829
05872
08322
06829
07222
01288
01282
06281
01167
07970
09119
08886
05241
00873
07172
06873
00209
09256
08843
08191
05631
03081
09190
04718
09175
01925
04280
04283
06282
00999
05001
08998
08615
02594
07407
03954
07395
07163
06648
04297
00554
06698
01377
01909
00128
05202
07609
02272
01625
03736
05055
00653
04073
02888
06108
09351
02154
03290
01959
03671
03056
07156
08348
00411
03530
07009
01063
04210
08559
09367
00323
06572
01457
09054
02842
03790
00699
00620
03263
07747
09131
09038
06680
06014
06940
01737
08905
06109
05340
02735
06327
04631
02724
05669
03003
06605
00057
05088
01918
09246
07717
07775
02607
07749
07499
05292
06270
05558
04294
07781
01364
01958
05756
07495
05241
04487
00004
00842
04122
02450
06777
00911
00013
03951
03130
03557
05714
09064
03960
00171
02024
05413
07035
03576
08792
04864
00089
00199
03986
00760
08676
02695
05907
02787
06271
04782
04312
09339
02613
08149
08441
01540
07342
06094
03325
01348
06678
05250
02277
08872
01908
08183
07280
09024
05628
00470
02891
05761
08049
01995
01738
00137
01419
01934
07640
07663
09008
07199
00719
02559
09123
02542
02924
09253
03166
08064
08010
01218
02156
05014
06993
02234
09216
00119
04986
06022
00787
07653
04155
06364
05478
07909
02922
04988
00101
05056
07191
00966
03244
08799
05954
03575
06017
08043
03206
01995
05645
00698
08865
08172
03584
03518
03033
04520
03520
05239
01612
00616
06910
07649
07227
04877
03573
04752
02861
08022
06456
02639
08740
07884
07862
08321
07118
08526
04900
04463
02235
00696
07552
00783
02965
09014
07822
00141
01920
01311
01377
01732
04696
02573
08655
06629
05306
07072
04865
05848
06640
05402
07678
07320
06484
06269
01675
07777
08631
08017
05817
05605
04727
01546
01171
07323
03075
07869
08274
07345
07300
07795
03814
07752
09171
06319
07228
04190
05969
04777
00543
00706
01734
01893
03556
06687
06761
02781
04006
02099
05009
06339
06930
08554
08214
07395
07192
01315
03311
04429
04159
06868
07497
06336
05036
03257
04160
02010
03887
04800
06213
01388
02146
05232
02124
09082
00062
01752
00553
00737
06579
02476
08959
02480
08972
02281
07940
02785
04094
00882
08733
06089
06731
07083
00745
01339
05574
02923
02996
04555
08245
07175
04867
00037
05150
03608
03174
03462
08136
08103
00303
00643
02023
02607
06862
08134
02755
08288
00174
06951
00550
06020
03896
03150
02312
04794
07721
05926
06281
04568
05219
07757
08098
07806
03549
07833
01368
07894
00200
02541
02502
00023
05559
07528
04678
06848
00305
08006
06027
07929
01111
06720
01006
06494
08028
02671
06283
01437
00046
02630
04480
06358
03344
05709
09218
05578
07881
08258
03939
09292
04477
01306
06052
08045
08637
08837
08218
02420
06637
08031
02688
07929
03435
00850
05377
02002
03831
03377
03729
01895
07515
03024
06951
01296
03464
05103
05945
02879
06906
08333
08340
05656
05314
07921
02197
01277
03158
05188
02993
07261
06862
02714
04942
06556
02582
03592
02092
00902
01723
02623
04188
06277
06740
04334
03579
03363
04407
04606
02258
02761
08484
00750
09086
07997
02010
05575
02135
08442
02796
02306
04911
01194
02736
02654
08872
03302
02156
00581
05130
01390
06381
01958
00265
05859
00885
03045
00935
05554
04488
00686
04003
06492
07507
01914
07245
00576
02754
04160
00156
04218
05365
01484
01895
08388
02622
05029
03940
05978
02841
07247
05304
02132
03632
02105
07100
04085
06226
05666
07128
03481
00528
04069
06334
00043
09156
07243
06702
04267
05590
04807
08890
00575
04708
04396
07501
04673
04213
08211
07965
00150
08530
05265
05425
01334
06225
01581
00193
01383
03064
03407
02065
06596
00235
01468
05969
04483
03097
08406
01228
00188
05473
01753
06891
06358
04325
01552
04582
04812
04368
05813
06774
03796
04937
03767
06169
03231
08300
00782
02179
03892
07585
07762
02054
02640
07836
09129
04758
01360
03736
07592
07852
07959
02200
04353
03548
07082
03612
02610
07581
00529
06500
05582
02332
06360
09084
06797
04525
06372
09060
02375
04232
04265
02859
03453
08028
01175
02208
06984
00467
04982
08380
00171
05289
05422
06223
00139
05545
04865
04165
05160
02726
07884
03037
04363
09099
00824
05518
07623
00945
06439
00622
01332
08891
04250
00857
08822
04070
05832
04946
03356
03722
09224
07017
01405
00519
00255
09345
03365
03206
07269
08429
01932
02030
07354
06790
08528
05256
02414
01547
07601
06927
00342
09014
05434
04735
05235
05567
00400
01441
07620
08656
08490
04568
08107
04475
05080
08683
03325
05347
00800
01007
09339
01486
08324
05456
02662
08332
02680
00213
07192
05672
07783
01693
06917
06279
00021
08377
08695
07633
03606
01304
01641
01363
07485
04401
06451
07519
08890
00856
07901
03689
02507
02848
04791
04294
01795
04449
02124
07043
04647
06095
04679
02823
05597
03015
07726
03655
00296
07342
06619
01140
03390
01343
00810
07058
06898
07585
09372
03239
05909
01755
00601
00750
02472
02069
01397
08728
05844
02068
04337
04159
00874
04449
06250
08246
00943
00464
00087
02551
07991
06040
03388
08762
06547
04539
08531
02255
05085
05323
05538
04641
08647
03775
03647
05591
05011
03249
07984
07448
08133
07078
02664
03691
08917
04929
07428
04240
00033
04428
01139
07629
08583
08844
01251
01825
05368
03279
07193
00231
02288
04957
04000
03600
07098
01152
05563
04912
00249
08866
00861
08299
08057
05218
08293
07907
04971
02450
07440
00257
03199
04543
08238
03365
05612
02638
01007
01820
07227
07128
03750
04638
00954
07946
00131
03632
06836
08515
04559
00868
02605
01738
06072
03203
04620
01860
03133
05317
08777
04087
07619
07493
00525
07439
04397
02107
03161
03706
03402
03919
03551
07185
04681
07439
05429
04861
03855
03141
00176
08340
06641
01384
01444
03063
09069
00014
02785
03785
06418
00675
07642
06030
07681
06840
01664
02013
04643
04730
07787
08492
00969
01030
08168
02902
00803
05023
02957
02740
07064
05507
06153
07069
05932
09048
09362
04963
03376
06102
06446
02428
01466
03793
08035
08169
03085
05574
06066
04247
02532
07335
04053
09159
06368
07517
07986
08132
09178
03377
05503
09145
08289
08319
00477
02484
02716
05823
01762
07507
08348
07497
08318
05370
04337
07869
09071
06269
00221
00980
09008
05024
01829
04678
06380
03809
00995
03721
08272
08902
06785
02018
04311
03201
02008
07292
07823
02869
00270
09258
01536
02691
06294
08666
05197
05102
03649
02273
07035
00903
01035
05189
01678
08029
01985
08010
04475
03404
03094
06700
02640
02897
00620
03654
01808
03192
03647
08677
07763
00995
00197
01165
07569
06951
08490
04797
03495
05436
05392
03745
06178
08265
01132
08588
05449
06185
04132
00504
02055
02406
00196
01020
03245
00528
05159
06960
02783
09010
00483
08216
04645
06090
04293
07571
05297
06939
02492
05327
05888
06745
03457
04210
07585
09128
04316
04695
05067
00952
02290
01764
03476
08017
06106
01260
06235
02024
02623
07902
09311
04035
02431
04024
02352
05639
02083
02785
08411
07475
04503
03258
07044
01840
04953
04400
05460
06040
03598
07458
00633
01199
08384
06193
05620
02867
02620
08272
01366
02588
00679
06393
03156
03815
08185
03082
07058
05109
06378
02546
03092
04451
05192
06740
01415
03133
02331
05135
07798
03540
07999
01175
02744
08066
06753
06148
08542
00934
08077
08204
04218
01776
08292
04784
01620
01162
09339
08688
02262
06448
02062
08348
04551
08334
08411
09320
07901
07989
00075
03026
00971
07666
03036
00011
07026
04635
03697
06784
08196
09391
02915
05125
04875
05417
07896
01813
02960
01615
06618
04736
08224
03533
01587
03057
08993
08210
08756
09162
02034
03148
06077
08030
01744
04405
00318
05275
04237
01977
02156
07851
07714
05738
01992
05165
01110
01474
04841
07733
06415
02324
06546
07156
07532
07168
05902
07941
00805
09113
07239
02254
00530
01805
01229
05127
08953
03760
03652
03738
02987
01493
08375
06518
02733
02667
05009
03314
08325
09159
00242
00579
01346
08324
01550
01210
08710
05187
01249
00709
06248
09224
00647
04168
01321
08108
00264
04792
01121
02009
00512
08156
01610
07461
04053
00864
03377
05557
01770
00823
09109
01805
08544
02180
06688
05994
07323
05565
00266
03477
06979
02245
06117
00140
07873
04997
04652
07198
08497
08254
05692
04522
07344
01509
01532
08596
06418
02235
07601
06806
07078
01424
02890
01559
08822
04532
06603
03723
07270
06169
06788
02767
06997
01201
00841
06039
09169
04663
00381
00286
01269
02388
04183
08960
02454
02073
00743
01335
04611
07916
02938
04385
03514
00097
02312
06810
08416
09262
01559
06587
02352
07515
06352
02023
03077
09004
04464
01966
03075
06860
00145
06808
08159
07648
06166
00207
03974
02405
02174
00481
06219
00334
05343
03585
04410
08654
01548
02473
07066
03887
08809
03446
05168
06877
07307
08448
08886
05907
09028
04429
07226
03935
02236
03177
01627
07979
02276
07467
01718
05779
06068
05823
00478
04463
00349
05396
04762
00284
00696
03161
09185
03939
06788
00393
04848
00669
07919
06671
01956
06905
06700
03512
04883
00428
07307
06060
04373
07836
04886
02296
00856
04633
05119
04260
08929
06456
07527
00756
01662
03246
04409
02221
07008
07117
03165
05173
02966
02262
00065
00815
03452
08155
08874
06330
05682
07615
00496
05590
00905
01661
01503
04154
00881
05098
07834
08604
07342
00648
06906
07846
08601
06231
06908
07305
08915
03914
05312
03177
05364
02964
00925
00845
08577
04189
06794
00169
01675
05613
02720
06426
02244
01915
08452
03733
06149
04546
03232
03044
04339
06217
04281
06814
08377
06229
03723
07938
00102
05270
00480
06128
01318
06371
04448
03844
00999
02106
03897
07480
02282
03976
08144
00132
03793
08705
00824
03021
01512
03541
00311
05519
08932
07024
05945
08320
04408
02404
04275
02339
05286
04036
07137
02238
02242
01975
06212
08064
04986
01095
06851
06914
01666
07958
02498
08953
02813
00572
06440
08173
00565
05184
08154
05130
04819
00512
05069
01184
04474
04774
03089
03249
06270
03689
02121
09342
07882
05501
01030
05862
09039
04240
08547
04909
01648
05522
06764
03820
03738
06736
08455
02483
00298
01861
05285
04984
07798
08982
01530
04042
08869
03816
07775
05327
00506
07441
00793
07478
08227
00895
01443
07113
05865
06201
05670
08147
05784
02872
03368
06098
05614
06777
00970
01001
02849
03506
04892
02445
03824
03678
01755
01610
08451
03007
06179
03785
00511
06047
06375
02640
02081
06131
01893
03454
00604
06069
00423
07649
04326
05292
02156
04406
01212
00490
02541
03412
06718
08546
00387
00766
07790
03547
06157
03755
04313
04494
04263
02332
04608
06720
02911
04833
07560
01236
02545
01744
09301
04136
08635
08171
00046
01570
05386
00389
01833
05144
04419
08153
03647
01921
00870
00758
08458
04970
09148
03619
02283
03600
06377
03795
08713
04335
06332
02269
03052
02830
03548
02035
07967
07544
06165
01821
06603
09287
08640
07810
04776
00062
03720
04338
06382
06987
08153
03226
03162
02239
08971
08108
01053
06620
05964
09323
02526
05898
05547
00936
05456
07077
07576
07380
07854
04255
07106
07859
05466
01021
08512
00385
02541
07697
00665
04996
04168
00788
06880
01053
07154
06845
05134
03436
06506
01499
06683
08735
08588
06235
07015
03918
04833
07158
08875
01303
04510
04385
00261
02601
03079
03546
05400
04159
00964
05797
06690
04675
05985
09312
04647
05675
05068
04585
04050
01965
03680
04074
08588
04683
01198
02974
01229
05651
06523
03643
09375
03430
08796
05828
01835
05611
01189
07313
00243
06551
05026
03797
07230
02443
02789
08572
03370
06809
06358
01575
06771
04620
05353
08838
00866
03196
04160
07680
03089
07315
08089
02506
00226
06119
01435
06138
00103
01884
05058
06750
05157
06053
02586
00062
06682
09095
07424
08419
03925
02091
07059
03506
08148
04253
00049
08601
08136
05933
09239
03877
04566
01770
08073
07174
05927
02534
02767
03375
09182
07490
07192
08582
04457
03550
04752
06596
06945
08101
06421
07521
05764
06755
07847
09295
00322
07508
03942
04657
05748
03675
07174
08993
05160
03467
03677
04867
03089
07838
02309
00105
02628
04439
04604
07723
02485
09334
06224
05962
09207
08975
08273
06586
06099
05743
00335
07666
06896
01357
07586
02625
00745
09121
09073
08671
03468
01372
06506
03381
00166
06539
05335
05746
09100
04113
02138
07547
08524
06647
08919
01125
03210
04859
02448
02794
03926
05075
03686
03494
05427
02324
07299
02229
03387
07931
05660
09228
04421
02247
02987
01856
04169
06426
02788
05630
06690
08578
00493
03360
02370
01768
00416
06433
02659
00755
09373
07629
09121
09138
09176
03520
07622
01093
04954
02106
07973
07766
05396
05795
05976
00850
04150
02593
00029
08574
07765
02467
05227
08751
01491
07968
05731
00122
01192
04281
04401
04661
09070
00064
03409
00032
08098
00188
01478
06995
07614
08402
06829
00526
08164
00985
04225
07247
07989
01098
09312
08747
04552
00666
04731
02652
06750
05598
08642
04291
09129
00434
04278
02003
03389
09294
00864
07914
03023
08389
01838
08972
02434
03155
07406
03325
00968
05042
08907
08835
00973
05033
00837
08406
07120
01858
05205
09005
09307
05454
00109
03846
07993
09248
00942
03018
04367
07875
02283
06155
08875
06336
02099
06386
09353
07704
06420
04201
04749
07634
03291
03242
01450
03185
02176
07818
05393
05629
05381
03038
02485
00477
06911
03120
05707
02518
02030
09246
08072
03427
03695
00223
06874
06145
05672
05603
08208
02484
06779
05566
01061
02220
00660
04208
00048
09198
01157
06028
07695
06552
08089
01923
03722
03493
04388
04820
02244
07185
06345
08715
03467
01714
00526
00531
05665
06995
07202
08001
01379
07662
03231
01055
09382
05436
08714
04873
02954
00076
09032
05623
03519
03087
07242
07760
02788
00732
04128
04519
09086
09149
03100
00973
08733
07348
01669
02146
02595
06699
04933
08929
01077
02943
06908
09096
08964
05712
07587
05289
02925
03496
04220
00056
05500
07125
04838
05056
04064
07245
06303
07932
03591
04797
00347
01983
02282
04094
05961
08273
08148
08644
03644
06431
03380
09380
06494
01342
00769
09154
01752
02379
09141
03084
07447
09330
04386
01439
07281
06505
06506
04628
03494
05887
06907
06294
01449
03671
03894
07858
08036
08091
01944
03011
07923
02111
01522
03242
01529
02228
01315
04807
04176
09277
03646
07414
04212
01025
05966
07600
07462
00101
00173
02885
07815
06469
01180
08187
07778
03647
09053
07358
09028
01581
06004
08236
03255
01229
03380
07236
03754
08662
05782
07698
06996
05009
05707
02761
08519
00690
03219
04590
06474
07609
01103
07284
07335
04905
07248
00170
08875
06565
08282
00165
08707
03690
00155
04219
00820
06077
01078
00509
02363
02425
06836
05888
05043
09173
09330
06529
07860
01824
05445
07162
02273
02874
07130
09174
08842
05592
05042
08100
07088
06011
05506
03779
03399
06990
02169
00979
04525
07442
05539
03931
05529
04401
00387
06861
01991
00283
01413
04442
00632
08831
01009
07987
04677
05666
04211
07421
06004
07989
07831
08552
04692
05190
08145
03428
07979
08278
07235
06849
00719
09242
05433
08450
03872
00280
03478
00532
07444
08184
03001
05593
04445
08412
02505
05019
06317
06038
08101
00631
07969
02477
01193
08256
04620
01882
04083
06493
09122
03061
04124
03264
06093
00808
03890
01708
04692
08284
04321
02338
03831
09320
05465
04416
07616
08123
03315
01087
08107
02770
04526
02871
02078
08714
07166
02113
06227
01180
08732
04312
04330
04104
05672
08237
08491
02231
00026
04870
03058
01161
04033
04683
03939
03175
07515
08021
00917
06127
03499
07794
09395
05746
09304
07481
08645
00619
08762
09214
05269
04190
08863
03019
03366
03090
03268
03140
06727
04860
02847
00437
04852
01154
04945
05034
01245
01625
01001
08043
04080
02204
05547
07409
00818
02953
04272
05345
05667
07049
00583
07837
04968
06180
08633
00497
07033
00591
05810
08465
02450
06867
00028
07156
01583
02195
04413
06572
09273
07098
05512
01805
02685
03926
04281
06424
02524
07645
08066
03748
03605
08546
01147
01631
04686
07828
07222
00270
06377
02780
08400
04095
03683
06553
01044
07399
03800
02481
05825
01021
01538
08654
01332
06154
03145
03466
06432
02171
08820
07073
00681
09124
07957
09098
07657
03587
05883
05417
06682
09118
04609
02524
07682
00842
08132
04976
00796
08338
00353
04343
02082
06808
05181
01720
07008
07787
05862
04828
07701
07621
02030
02392
04915
00319
05609
02996
02125
01251
08300
09046
01832
08110
03061
07932
02850
06712
08497
05533
03351
00297
04936
01626
06083
07098
03933
04662
00962
03485
04097
05662
05218
07826
00480
03791
00026
00088
00587
02316
01060
04564
00252
02873
05869
07792
07113
05527
01358
08931
02087
03595
09291
02585
03015
08413
07153
08487
03030
06826
07180
01821
00511
00167
01653
01136
03731
01235
03971
07331
07793
00303
00593
00897
02208
02372
02085
01818
06008
06185
07993
00184
00185
06800
00586
08572
01628
04636
04494
04394
04789
06746
01115
08606
03554
09008
03226
00929
02909
00014
00474
01444
08109
08672
01168
01423
05899
06637
04428
06335
01528
03687
09256
04346
00236
00007
01417
01744
03193
06956
00752
03400
00550
06120
05578
06388
08984
06063
00643
00858
08866
03501
08754
02047
08669
04907
03334
07522
02922
02982
01534
03779
02756
05484
06909
08390
02708
07851
02172
00984
08812
07912
02906
05845
06028
07281
08663
08931
07539
03568
09070
07438
03749
02236
03600
00681
04203
04837
07430
08222
02657
08052
07310
04066
04368
08645
06014
03160
08892
05218
01343
03056
06343
07109
06649
00660
03668
07257
01284
06343
07088
05414
02054
06802
03491
08111
07905
02668
08701
02561
00892
06582
05323
08083
07825
07432
05288
01693
03311
00475
06984
08758
04606
05900
07232
09246
05071
04466
02921
07468
02734
00772
09172
06741
01240
08202
04271
05250
08022
04462
03054
06532
06996
05806
03780
04895
04203
06042
02392
03800
00922
08924
04437
02572
00332
05929
02994
08959
00778
04202
09136
02366
07313
02231
06442
01313
09142
00121
01838
09033
07214
01594
06193
00313
05667
03212
04442
06220
08224
08978
09212
05139
08941
01815
04343
05049
05550
04153
05760
06701
05390
08969
00541
06403
06321
01723
06021
07208
05998
00796
02100
08575
03019
08916
05140
01781
05828
03290
02870
04597
07835
03750
08192
02377
03419
00399
04713
08607
04880
02578
04128
07067
01901
01971
03907
01254
03577
08579
08427
03995
00836
07583
04388
04274
03427
08048
06930
01147
03115
05172
07838
07440
07570
02401
05897
06855
05520
03217
01160
08099
05773
05311
07421
01630
09061
06244
04070
05509
05654
05733
04614
09296
00578
01989
00978
07684
08256
07299
01494
01783
06140
05512
01270
02944
06311
04407
01825
00256
06713
04801
00783
08729
06675
07868
02507
02305
00161
03951
08747
00418
07924
03581
08364
03314
06998
01203
06147
06011
01134
08167
02638
01774
05660
03960
07401
07656
07327
05900
06069
04889
07113
00354
02323
06148
08572
03349
00174
07184
07301
08209
07285
05171
04391
02381
01568
02606
00715
04341
07018
04017
00227
05906
03861
09251
01286
01832
08868
02429
01645
04773
05425
07212
08988
08953
01495
08906
01157
08222
02313
04752
00510
06133
06761
05010
08922
02354
05638
04063
05549
01238
01956
06707
05609
03959
02415
03963
08022
05662
00210
02996
08463
07396
04721
08376
07863
08202
06160
00510
07033
03404
08914
06853
05983
07416
00291
07788
06267
08057
01625
02249
00065
00451
07749
02621
05397
01018
03328
03249
04329
05132
02712
06775
08871
03487
00770
06166
03901
07320
09265
00923
08606
01561
07764
03809
06292
01262
03750
05870
07324
00213
06951
05337
04610
01959
06688
06667
08979
08007
02700
00409
01010
00150
07105
04147
04026
05633
01046
02181
07674
03488
09223
08311
00422
04267
07395
05842
01762
02123
07519
01346
08753
03618
01307
01051
03860
06736
01834
07497
06935
00083
07367
08408
05093
02770
08746
03060
01947
05606
00906
08958
02018
04173
05717
04436
02830
04669
02771
06172
03748
03330
01209
07229
05480
00300
08025
01913
00148
07008
02774
04227
08276
05856
02885
04169
04566
04322
07575
03014
02200
02450
06211
07135
05570
03557
03736
06079
03690
06107
04840
00394
08198
00728
05593
05338
00387
07303
00533
00153
06157
03987
06089
08460
01160
00036
03738
05945
01722
09114
07691
07365
07099
07649
02795
02067
01141
07746
01292
02652
08366
00505
02830
07320
04516
02152
05098
02367
02720
09127
02123
03055
01491
06294
08782
04738
09037
00698
02114
04275
01092
01247
02802
06556
05353
03768
07808
08455
08415
07440
01412
05168
06765
04204
07385
06699
02307
09015
00304
01607
01657
03897
08735
07310
00562
06093
00833
06064
01263
00462
02801
09291
07248
02973
08753
07929
04246
03978
00020
04910
07508
03284
08964
02277
06700
06566
07861
07710
03318
05289
08473
04981
02650
04832
01189
06602
05255
02188
02872
01129
04836
04868
05259
05942
08611
06344
06724
07111
05126
05442
03773
01309
07529
08010
02465
04503
08599
00333
00383
00173
04561
01121
02255
07551
05697
07336
04209
08104
03108
07014
08445
09234
08926
03232
08300
05151
03432
04195
08246
05521
01308
05310
04893
02495
00849
06126
03519
04948
03898
09348
01361
00541
01888
02932
08742
09023
01656
03101
08831
05859
00680
01088
08796
00312
03354
02919
06656
04291
02171
05611
03155
08204
03885
01809
08098
05208
06440
06411
06369
09383
08784
04527
03608
04906
03656
04438
05699
08339
04508
01787
00755
04360
07956
02269
07058
05173
08868
04347
08548
01845
00744
00788
07808
07261
06029
08880
01102
04629
00067
05174
04403
08267
01247
03594
02976
06982
07924
07770
08401
05397
02617
03646
01337
04266
02478
01778
06970
00078
08432
09146
02498
03697
03292
00017
04025
01758
01112
02725
04279
03193
03237
06786
00579
00966
08809
03585
05189
01063
05793
01117
03165
00082
00723
00131
08405
03253
02241
07451
05457
02615
00993
07103
07735
03836
05738
04879
01457
06924
01690
01814
03184
00360
05362
09092
09322
04522
09003
08841
08740
01801
00097
04739
04322
01862
02493
02252
07043
05542
05505
00532
09019
07020
03725
01766
00248
07793
06174
03801
05125
06963
02470
00381
08804
08959
00431
07104
06366
08485
07120
07317
02143
05855
03922
07703
03277
05733
05852
01319
04687
01840
08899
03136
01259
01496
06398
08195
00839
04373
08813
08268
01832
08343
01009
05576
05041
00906
00638
08817
00515
00961
05118
07320
01451
02469
06327
02806
02482
06259
07420
03279
08022
08648
05226
06748
04605
04257
08121
03835
01457
07171
00434
07708
03759
02323
03207
06522
05570
04668
01981
02589
04733
00555
07943
03520
05373
03864
09141
05748
07540
04083
00929
00480
05170
02993
03850
04059
08566
08250
06209
01720
03555
06319
02249
01021
07069
08229
04900
00024
03659
04865
00400
09077
01926
03167
00112
05448
00047
02819
08270
09260
07696
07899
02407
07639
00416
05951
04655
03114
00898
08334
05980
03896
07055
08822
07590
07546
06087
00296
04571
08484
02951
06229
00697
04976
05845
04617
08317
07893
09135
05547
02976
05627
01801
07333
03073
07950
01717
06343
01230
00365
04236
02946
06516
03110
00843
02876
00302
01519
06873
00543
00417
05211
02180
01029
06998
00072
05012
03005
07721
05201
05559
00475
08815
04917
09235
03199
07012
09019
07555
02260
02962
01831
07696
08515
05070
01822
04289
02523
01316
05250
01438
06615
02018
07786
04445
04565
07586
05826
04991
06735
04393
02050
01309
01175
00645
00085
09148
02011
07564
01600
00239
00611
03367
02709
02300
08011
09069
04292
00471
01393
02212
03309
07162
08157
08706
08436
04046
01920
00434
03665
05731
07154
02242
00715
03251
04332
06496
02776
05645
08254
02173
00427
01126
07719
07682
06147
03753
01215
00279
02140
08239
07234
04451
02829
07018
00707
08509
01853
09107
03602
03712
07698
04787
01788
05302
07503
02791
03517
07467
06266
03652
04077
04426
04111
05042
04068
06686
00468
00462
03091
00102
03363
04487
01113
00379
02165
08177
09038
05230
04313
08512
00968
01986
07697
05324
08095
02209
05149
00059
05359
05219
05806
02277
05146
05593
07105
09201
05711
04287
08805
00084
02659
09087
05995
08641
08370
06730
09378
01428
06434
01450
01964
03977
08301
02340
03745
04602
02409
07113
04654
01189
08661
01651
08481
02244
05114
04188
07547
02693
08027
03489
05930
03394
01795
09294
02618
01091
03450
03436
08504
01839
01387
00725
05043
08450
01925
05096
00255
03288
08516
07568
02807
05408
08611
04487
05534
01027
02889
07055
07091
07836
00781
04625
05854
04914
07198
04095
07459
05664
03972
06779
07522
04669
04189
04451
07417
08535
04197
06060
08655
04195
07557
08083
04245
04887
08654
08779
04835
00913
00146
01728
07075
05288
05848
00714
08374
05456
05538
06429
05898
06035
07620
00405
07741
03731
06860
07519
07809
00540
08376
05059
05548
07318
06968
04022
08330
03760
01049
04315
06545
04752
06667
02089
02649
03879
08320
02280
08622
02153
01346
06269
01307
01210
06399
08701
00549
04092
08059
02399
07193
08205
02739
00153
07523
06669
08009
00044
08084
05174
06673
08020
05695
04236
04223
08919
00512
06356
07498
03824
08633
08720
06457
01627
04699
06120
05793
01200
07317
03693
08912
03557
01380
07606
00873
04195
05608
03822
07604
04979
05286
04221
09233
04633
04895
04482
07249
04998
02972
01538
00001
07020
05252
00034
07604
05555
08908
05585
06884
00113
00170
03689
01309
01893
05255
02940
01798
02804
01470
08122
08133
05429
05068
08521
06269
04095
01454
05134
00903
04946
05762
03943
03674
08739
03211
07067
08432
04817
06236
00361
01639
00548
02328
04221
00504
04637
05724
01225
03023
04856
00698
09128
08352
07527
01235
05061
09362
07208
02295
09059
04563
04807
02980
04718
06496
01534
07297
03854
04735
04136
05526
06547
02443
02149
02586
01852
06203
03639
07072
06290
03504
08476
07640
02433
04088
03772
08477
05591
01324
01802
02728
07973
05610
01272
04192
04899
07648
02011
02099
07871
04318
00565
00990
06765
00214
06569
02837
03387
08419
03225
06392
03387
03139
08179
08275
01020
05379
07554
00256
02738
05149
08633
05850
08273
08568
05114
00640
03761
07885
03165
08733
02931
00017
08580
03984
00514
08804
00267
05821
07653
03668
06709
03655
02977
03862
01905
00040
00491
01475
07715
07982
03754
04267
04167
09028
01915
08849
05489
02090
04622
05859
05024
05338
05790
03852
03608
09337
06982
04727
02183
08677
06415
05706
02855
07201
01086
00613
08466
06930
01130
00301
06852
02525
09155
08930
00874
05552
01126
00017
01360
00306
08509
04047
06656
01831
06635
00179
00423
08795
04949
06845
04345
03210
03468
04497
03861
03706
02519
03715
09003
02166
01046
08670
03497
01209
07545
04853
07141
03803
02119
07228
09245
04082
05338
08932
06994
00655
05823
04001
00211
07364
06491
08258
04406
05576
06081
01101
05321
00839
09001
08036
05007
05280
08994
00056
02558
05276
00152
05360
05988
00160
06201
01254
04866
04351
01569
03198
00729
01744
00157
08692
07177
01695
04268
03905
03097
08762
08490
02482
07128
04122
05294
04093
02178
07668
06275
08384
00814
06267
08772
06864
01876
04724
08881
03306
02540
00294
08910
04106
05041
03988
04658
07702
02317
09048
06076
00838
06726
07597
01850
04203
02206
03441
01508
08849
08840
02869
01221
06002
05030
06499
04985
07960
03992
02667
05090
05790
06567
04130
03701
03556
08487
00703
06217
01973
07811
07195
01672
04286
03994
02269
09021
05494
00263
01975
06645
06396
04654
01896
08451
06490
02890
06198
05956
02700
06796
03704
00465
00397
01310
06950
01642
07166
03222
08062
00671
06131
04046
04668
07458
02901
09288
06037
07560
07837
02190
05704
02191
06691
06199
00600
05169
09204
08726
06818
06903
06529
07693
00144
07793
02338
00823
08296
01409
02046
00826
07277
00719
04397
07419
03152
02415
00637
00060
05794
05711
04437
01688
03984
05348
02018
06567
06147
00229
00595
01773
01626
08639
05963
05445
02511
04807
06074
05556
06772
02118
07992
04224
01136
04846
05464
04662
07225
01723
07932
08034
03839
03389
00675
01265
03331
01178
02764
07003
05658
09392
05213
01589
08387
06944
00764
02946
09192
00270
09161
03034
00292
03157
05551
07914
07450
09071
00542
04379
06493
06722
03846
04527
07465
03231
04561
01133
01133
05204
06453
06470
02228
08552
02044
08472
03575
02270
03570
05848
02304
05227
08411
02852
01485
00378
07135
04270
08200
05151
09380
09085
08279
04537
06757
04718
07364
02456
02796
02016
05243
07285
06665
02564
04107
02697
08382
07459
04371
06134
07057
08817
04603
01818
01124
07880
09076
05473
03389
06920
06397
07170
01709
00593
00747
04978
08736
06387
01276
03629
02432
05157
04504
03787
00549
07898
03988
05206
04725
06521
00148
04786
00268
05859
04636
05254
02416
01448
00604
07135
04924
02242
07694
09323
02487
01803
05333
03306
06304
05675
03028
03017
02881
02401
08536
07761
06877
06522
09146
02660
04510
03984
01925
08071
07279
02698
07600
04595
03427
07849
03793
01254
09281
00482
03095
00294
01045
09231
04810
02966
07683
08032
05105
00137
09226
01752
00175
04354
04739
01490
00450
01246
04085
01154
05978
08562
01463
00720
04651
04262
03633
05807
04007
04867
00671
05355
02291
02824
04362
00801
01012
02704
07117
07297
04558
06232
06833
03118
09209
01860
01774
01310
01384
08249
08494
06756
05255
08685
05103
06147
07160
05323
01230
08109
05090
07538
00362
07146
01375
03421
07052
02836
08497
02390
06297
03735
04000
03995
05921
08390
09130
05970
00111
04896
08312
03641
07669
02442
01616
00774
08212
01822
08364
00629
06261
02473
00351
02776
09063
04809
05535
02408
00237
01893
03156
03018
07451
01688
06243
01149
07765
04405
04415
01176
00828
07518
06669
03584
08486
01895
04658
04559
07577
07493
05379
09232
06100
02165
03392
01135
07521
04567
08143
04334
06267
03144
04625
04329
08600
03759
00066
03179
06019
03615
00434
00738
05625
03163
00867
02853
04613
05681
04767
06230
08082
01389
04544
07490
04781
07150
08571
02084
08925
08293
02346
07194
00776
06977
01532
06696
06003
05472
04971
09297
07333
02632
04097
01076
08856
02396
07928
01578
03830
00610
06821
01253
01652
04336
09184
01700
02325
08047
03507
00276
04894
03168
02020
06073
07553
05123
01601
06042
01992
04815
02975
07114
01112
06956
08911
00154
04456
04459
08422
06523
01396
02967
04407
07994
02466
04773
07207
09125
07096
01726
02468
05833
05696
02101
02835
02710
08986
02300
02549
03114
02340
08353
01853
02026
08648
00630
08024
02816
04290
02278
07186
04357
05389
00211
02537
01455
07297
04333
09208
00110
08090
04997
01818
05513
07760
06775
08145
04718
07759
04654
01626
08542
06859
05689
02135
07918
01825
06387
05449
04370
03324
07753
04343
02980
03723
01412
03583
05354
02716
01550
06176
08582
07783
03137
07234
04358
01977
06571
01434
05740
02956
06886
02302
09056
06047
06515
05234
07242
00247
05655
02756
04692
06650
00118
00218
04499
06307
04740
07318
04134
04039
00523
05434
00270
07795
08630
01318
07550
01480
08547
05820
07301
00932
06255
09156
08134
03750
09340
01217
07233
07910
06382
01151
01258
03783
07403
06847
02478
05041
05824
08560
00014
03575
00800
08204
00341
05362
07271
03860
05940
02912
05869
09393
00044
04109
05863
02256
05107
03684
00703
07097
05423
05170
01891
09285
04440
09191
04579
06705
01619
04122
07764
01139
07360
00359
02834
00743
05349
02920
07850
02327
04715
04310
02277
09045
08678
00146
06288
03830
08803
04316
07344
02246
06361
06318
00531
00865
08354
02159
03714
05173
08059
03504
06667
06050
04543
01100
00827
07706
04874
09016
02345
00451
04177
04620
04805
00374
06887
03310
06231
07507
01345
00258
07836
04643
09067
00504
06186
09394
02308
07402
04853
07055
06124
07279
01083
06889
00583
04713
04242
06383
03009
02120
02185
06748
05520
05505
06755
02606
08066
08198
08704
03961
08931
06915
08357
04365
05808
04114
05388
01417
03602
03716
00647
06810
02442
05157
05614
07380
05635
08963
01512
07707
05766
06346
03142
00590
02902
03710
03098
04625
05619
03439
06414
02806
04924
07506
04530
06272
08693
05442
05941
07971
08729
04330
01732
03275
09040
09341
03833
02823
05281
04588
09291
07545
06732
00556
03123
04662
00046
01777
03246
07461
04479
08259
01366
00485
00168
05876
04452
05351
03445
06370
05800
01301
03523
01279
07201
06077
02571
08579
07168
01191
06036
06443
01998
01351
06055
07456
07757
05190
03732
08174
04956
07812
01690
08775
05941
04242
03683
04892
07032
00887
05053
08847
05210
08889
03373
07896
04289
04638
07079
04666
03334
07894
00064
06313
03237
06206
07268
03923
07024
08156
04691
06008
01583
08810
04103
01743
08492
03025
00913
07174
05995
02436
09185
07813
07783
03045
03123
00168
04408
07280
04782
01648
05704
08842
05689
05860
08236
00869
05943
07433
07768
03787
08513
06779
02979
07348
07754
00399
02282
02935
03654
04463
07864
00105
07875
06184
05467
00740
06786
04356
05922
02111
00895
01591
08266
04982
02587
07232
07392
08022
05939
03654
07233
00551
02377
07588
00101
04062
08848
08587
04834
03422
02910
00322
09364
01163
06458
09236
05178
07090
01796
08743
06780
08424
07020
05100
07816
05926
05362
08592
08892
05566
04789
06366
05502
09397
06183
05646
00800
06612
01405
02150
03055
05940
07405
07724
01874
02285
02040
01373
04935
08148
06431
06277
00073
04007
03881
06251
01438
04902
01994
02040
01037
01208
08960
08972
04820
00951
01967
05206
02216
00825
07444
05390
07094
04372
07719
03624
06142
05437
07473
02727
01799
00156
02613
05563
07981
06488
07883
02128
05823
00603
01791
01429
08101
00065
08857
05294
07927
07403
08005
05662
09369
00202
07162
04901
03827
01730
02704
08818
08172
00805
02490
04277
06174
00928
03787
04684
04644
03534
05342
00215
00984
07007
06901
01730
09090
03501
08467
08567
08315
03835
00253
01805
07544
05954
08938
03873
07145
04274
09068
03735
04713
08489
07815
05501
08816
08507
08182
01468
00547
02918
07061
03252
01493
03488
05976
00859
03215
08271
00987
08802
04948
05085
05995
05125
07927
07127
06969
07300
08805
07512
00711
07570
00351
04718
03451
01841
01888
02713
07577
02360
07789
03667
06572
02491
01218
09313
08557
04165
06601
04812
02524
06773
06613
08996
06299
01610
01189
00154
03747
07587
06812
04553
04109
08944
04845
07464
01578
03407
07979
01950
04127
03756
06390
02019
03464
03208
01339
05110
00494
04268
06787
06784
01755
07442
01123
02972
05641
05584
00355
04938
06370
01250
04520
03991
01251
09004
00636
03019
08802
03953
06581
07454
03134
03362
08147
02591
00997
04286
03107
08539
06360
04538
00001
08919
08011
05422
07002
00106
02049
08748
08143
01313
06325
03254
04965
09176
08099
05010
09186
06306
04292
02180
01274
04414
03320
02824
07791
01782
08726
05235
00895
09076
07775
05782
07567
00644
06137
00501
03134
05856
08399
05322
07324
08540
01174
07848
02969
08367
08074
01303
01394
07762
06974
06556
07749
03216
07307
02306
03966
04578
06584
08089
06931
04502
01744
02169
02202
00187
02913
06555
03482
06516
02896
06852
08750
08382
07513
06199
01126
02400
00764
01566
09088
09022
07524
03277
00972
04826
09186
00099
03117
04192
07966
00893
04554
08156
02941
05249
05341
08962
05230
04108
01979
08817
06582
07713
02970
01805
07403
03478
07745
01751
06982
04852
06552
02043
03849
04043
02809
05143
05504
04599
09270
02907
03109
06908
04250
07033
00763
04545
01284
07051
05236
00684
05621
01819
03614
04914
06635
03722
03216
04465
00446
07673
08626
05380
04127
02397
00890
02858
08209
08771
03299
07739
09351
03536
07904
06272
01821
06667
00647
07806
02643
03794
02240
00175
03316
08006
05292
02317
05173
00100
06643
04123
07200
06760
03086
03426
08136
01016
00635
06925
07599
05890
04070
03346
06292
07027
06980
08214
02888
02541
08211
08443
01623
04988
00166
01832
05500
01406
02709
07254
03084
06117
00624
00114
07677
00490
01380
03939
09248
02671
05526
04986
08313
02784
00173
05025
02495
03591
06116
08330
06855
04588
07357
02133
06803
08805
00737
01813
05528
08456
03323
03287
08101
08730
01204
07744
08887
03010
01913
07907
06361
07887
07730
02419
00009
01714
03556
00275
04974
05298
00941
04016
03765
08162
04527
08095
05643
03393
04310
01184
09085
05510
06123
04351
01699
08694
02883
03323
06475
05132
09298
04284
08713
06387
06225
03190
06012
08995
00238
07316
06748
01341
07963
06843
02864
02517
07311
08397
03556
04203
05968
05263
00951
09182
00882
03167
00274
07742
00056
07053
06365
00116
06553
04892
08636
04544
06327
05589
00694
07326
06617
06249
00678
06823
04769
02825
04562
02095
08231
04276
07033
06328
06379
05788
03410
04139
01602
00589
00663
09014
07968
02619
06104
02246
07228
00311
01764
01994
08977
00541
02874
04937
07944
04549
00294
08754
01115
04301
01824
02062
05813
02631
08606
06836
03477
05788
05753
00217
02953
02133
05317
05745
06814
08929
04009
01567
01278
08496
04495
05004
08363
00898
04318
05408
06423
04421
08002
02818
07494
03858
06125
02973
01027
00555
08255
03554
00719
05731
05369
06092
02985
02569
06560
02012
04591
06883
01708
01049
00130
01291
05408
00019
01544
08640
07300
08917
08810
00620
03574
08069
02526
08189
06295
01177
02135
08011
04553
08599
04904
03021
04990
08240
00200
06272
05108
05683
05438
01109
02389
07114
06462
08725
07475
05451
05732
04131
05713
07085
02109
02335
09324
03173
00734
08827
05360
02036
04444
00459
04599
00070
04098
04822
05972
07674
07144
03515
06470
04817
00656
06418
03592
09045
09101
00089
05845
02944
04116
04415
00041
04413
01516
00256
05922
00398
04058
07366
00357
09212
01621
05240
03693
00365
03673
08834
01519
04885
04655
07984
03465
09131
06001
00032
04504
05758
04434
08603
00009
00997
08924
04176
03335
08328
02324
02638
03291
05838
00783
08059
03010
06955
02416
07389
05816
04622
02114
01292
08362
06573
01591
05523
01961
05213
01275
06929
05515
02201
07419
04664
06883
03046
06959
01786
04256
00442
06823
08282
00427
06639
08001
06206
01763
03743
00976
01367
02371
02549
07264
08666
05066
02350
01046
04903
01099
08898
07917
04003
08043
01067
07923
04884
08087
08865
08154
08664
08000
08695
04458
04058
05631
06565
06515
05819
07323
07947
00505
05969
02746
02607
01072
08846
00499
00612
01207
06488
01361
05487
05361
02512
08700
01734
05166
04914
01538
02264
02504
01584
02659
09163
04281
02962
00442
09006
04562
02814
02887
05691
02886
03448
00441
03528
04142
04014
00673
02971
06557
05507
06346
07992
09027
07566
03132
00032
08367
02238
01679
03071
03974
03180
00717
00058
04608
08805
06632
01772
01761
02298
06755
05780
09005
04830
02021
06260
07861
02748
08999
04152
05862
06075
08127
01616
01064
03215
07557
06916
04980
01188
03027
03156
08967
00401
02761
01001
04436
07479
06118
06507
02109
05285
00419
02672
09337
03674
05609
00982
04729
07229
06083
06109
03589
05172
00030
03052
06660
06936
09076
04918
07464
04745
02864
00425
03488
01027
08596
03923
07991
03365
09319
07904
03081
08626
05962
05389
06790
08333
05073
07843
07999
03686
06247
09008
07574
01131
03482
04183
09138
01149
05661
01930
07815
07825
01692
03082
05460
03326
03074
05828
04102
07578
04639
00959
06042
06252
01877
00045
02760
04165
04514
00374
07427
07897
05568
09308
08685
02563
05575
05839
08087
00850
05396
03493
01237
07158
09178
00940
06480
01062
07663
05120
04965
07170
05498
02172
03908
01568
02632
05374
03283
02038
02718
09188
04440
03683
04353
01085
02005
08617
06321
07254
00654
07218
01244
01713
03310
08983
02415
04203
03983
03215
04943
02515
05153
09050
01181
05690
04554
05563
08071
00435
07667
07835
07188
02881
03363
08895
02048
00047
00020
06400
07101
09240
03155
01731
01570
06500
04702
03813
06373
07811
00254
01237
01285
04265
05988
01126
09131
01294
01456
06863
07198
05145
02996
04896
05973
00576
02495
03659
06751
00623
07541
07605
08622
00802
06396
04168
03410
04929
05121
02294
03322
02383
02425
01916
05566
01087
07164
01000
00576
00372
05739
01105
02656
08010
08986
06490
02327
03638
02473
03554
09371
03671
02612
01187
01648
08528
00426
08108
01552
08316
00179
07182
03186
06796
06291
03199
02310
07623
00211
04703
01192
04751
03687
02109
04995
07476
01009
04740
07628
05407
03012
00087
04023
03397
02965
06686
05768
06766
07292
04629
02952
01977
00032
05831
04767
00854
01064
06500
08456
02199
02127
00268
03192
03004
07759
03463
00160
03873
04061
00130
01515
04206
09141
02544
02873
04532
08460
08539
04857
00159
07828
03397
01757
04244
08725
01296
07871
07976
00117
00621
00074
01378
03498
05845
00411
05214
03943
06514
00046
07087
02995
02449
00685
04737
05871
05591
05971
07440
07061
05685
01887
04352
03686
08297
07132
07762
01388
09130
00421
08751
01198
03720
01790
02716
08826
07813
01269
04570
08444
01060
03216
08121
04213
02477
09168
07833
01047
04154
00386
01477
07660
08897
06207
01188
00471
01461
07385
05053
06114
00419
05198
01750
00374
03975
00313
03633
01209
08025
07219
02868
08090
05112
08409
06732
07168
02928
00455
05341
03392
06491
00074
06975
01621
06898
00059
07816
06650
03349
02480
02059
05547
05839
02068
09155
04682
04615
06231
02422
01517
08660
00480
08696
06180
00497
02206
06858
06264
09137
00046
06239
00183
01007
08207
07179
08501
03084
05881
05200
08372
08709
08628
07039
07804
00417
05661
09079
03821
07076
04091
05213
02633
08987
01808
02313
00663
06637
06115
02784
05282
09289
05218
02763
04008
05402
04876
02860
02558
00876
01917
07592
07521
02945
00347
01261
06343
00909
01125
04393
05212
02690
09267
05004
08728
03713
04344
08028
02630
03614
06788
06227
00984
00614
00158
07671
00574
02608
08799
05493
03005
04629
05089
01955
05404
02477
08695
06793
07841
07383
06198
01259
03330
09341
07593
06526
08304
06074
03402
08316
00902
05113
03452
08214
04015
03051
00902
02613
06637
06069
01626
04540
07446
03347
01979
05190
08649
08133
06580
07232
06095
04269
07422
01970
03004
09353
03402
03911
00676
08323
05748
02574
07746
04954
08848
02301
04676
01493
04206
08553
04674
03548
01673
03061
03309
03659
00734
00028
06181
08908
00464
01988
04443
05296
00424
07473
01757
02505
07873
06739
06664
05695
09394
00934
04367
02653
00932
00804
02577
02751
04963
09289
00289
06443
05082
01522
02215
04777
09039
01562
00500
03304
07701
02011
00954
01790
07280
04381
00202
07963
02572
08551
09383
07531
02550
05199
03520
03910
07148
01639
05948
07334
09264
05263
01757
00316
08519
05696
06974
02096
04169
04052
00641
08659
04145
02016
01041
04818
03771
08210
00822
04802
02421
04885
08087
07330
02342
06694
07786
01081
03044
07331
06535
01269
01138
05087
05611
08733
08685
04300
06351
04300
03808
07469
07536
02786
01102
06951
03842
08345
08028
05820
07070
07841
04905
04467
03715
06904
05373
06543
05624
05850
08575
04706
00288
06024
08795
06358
04542
02376
01512
06713
09287
00473
07896
04562
00263
01250
08168
02412
03427
01318
07559
02230
02598
06413
03396
05996
05783
06114
08328
02646
05015
02948
06546
03874
09081
03116
05105
09320
03418
04458
00340
07803
06232
06516
00885
01119
02039
06181
06901
05203
02966
07589
05705
06525
01641
06802
09369
06828
01935
07955
08729
06198
09275
06293
07841
07398
05152
07844
01111
02633
00757
07712
07716
08934
07552
03561
04092
01327
01759
02248
03399
00305
06129
07859
02757
04756
06411
07317
08758
08679
00191
05280
07430
03355
06151
02927
04592
06874
08991
08533
02906
00788
04216
07428
04102
08254
03993
01547
01136
08463
05016
01615
02771
05664
06543
04788
03439
09256
05369
08480
01461
02713
04051
02812
01339
06739
00207
05568
01122
04634
06956
00106
03108
05022
05586
04275
07820
04991
06513
06950
05190
05115
05329
02845
01069
07814
06979
05194
09019
05773
07815
05608
06875
09199
02751
09107
01714
03936
06665
03962
06204
00947
01522
06295
07435
09227
09053
09217
00587
01230
03130
05159
04816
03062
06900
00408
08009
04902
00619
07643
01398
07966
09312
09392
08363
00939
01207
03050
00529
07534
00958
06050
01978
04271
00700
01289
02555
08918
00165
03305
08206
08973
04074
08409
03012
01637
02421
00515
06458
09044
08162
06619
01931
00544
02368
05086
05891
07155
06887
01893
04571
01475
02388
07284
01424
09084
03928
01147
07638
02700
04071
06873
06490
08154
08316
06032
00638
01052
09073
00209
02541
01116
05035
00477
01174
07199
00261
02741
03021
08962
06155
07542
04780
02905
05727
07108
07762
06157
04137
00546
08050
06864
05350
04556
07332
00032
07499
03641
04496
07662
02011
06960
08398
00987
06708
05445
00963
05222
01568
05640
04398
05900
03696
01427
03929
06380
03130
05638
06003
00294
06707
05233
05970
03119
04127
05165
00270
03283
00901
07727
08472
01128
00056
06130
05729
00547
00528
00488
09263
07098
02240
06741
02170
08877
00512
00568
00157
06650
08770
06006
05224
01371
07057
01525
06586
02389
06686
00034
07948
00120
07893
01767
02745
01022
05300
01052
01793
07146
09075
09137
09101
08503
02014
05558
03381
06298
05200
00136
04332
02140
07538
04016
01333
02208
03921
02248
08175
03678
04934
01413
01428
00265
04766
02772
03527
03403
07346
05803
00180
01859
04401
00069
04081
04920
08409
07208
01594
05861
03060
08391
03867
01833
09191
07983
00886
07914
04494
04745
01588
08029
06851
03651
04120
02460
07638
04803
03119
00796
08598
05105
08988
04266
01462
04207
02672
00762
01570
07048
02566
05300
07768
09386
07573
03435
05476
06465
08718
00019
01076
03297
01365
06183
06034
06768
07437
03660
02904
04534
05140
01661
01381
02899
08494
02315
08406
09075
07765
06865
01704
04464
05373
08978
02337
07036
04662
00391
07470
09272
00283
07809
09287
01438
02799
06887
08407
08200
06975
02517
08408
04572
05530
08097
09211
08229
05301
01987
05653
02270
08988
01824
01541
08917
05491
02091
07345
05897
03178
02833
05624
00602
04767
01855
08075
03020
07077
04058
03533
03759
01490
01267
05786
00918
06222
00373
06307
01354
00799
00052
06503
02875
07561
01620
00453
05435
02403
09011
02006
05686
00446
00940
02911
00761
04398
05721
00452
02014
08835
04076
06857
06513
08329
03042
01913
07811
03243
01885
05802
02488
02998
06940
04176
00815
07913
01833
03117
09109
03931
06294
01842
02878
00637
00469
08279
08378
08046
04427
01006
07480
07077
07760
02294
04258
00841
07126
00275
04340
01525
04900
01419
01522
03359
00022
02204
04741
08599
07274
03584
08889
04597
00537
02962
02158
09283
01151
08059
08785
02441
02746
04069
04215
00056
00659
00681
01173
07134
01708
03539
01895
03000
03327
05187
06675
07078
07030
05311
00145
05375
03692
01531
08626
04286
07430
08891
07209
02460
00264
03375
09386
08005
06600
02685
02214
06735
05313
01789
04040
02892
09367
05613
01295
00313
00673
06245
00209
07950
02736
01253
03176
04118
08170
05986
07171
00009
09275
01943
03700
02229
04402
00520
04561
00604
03435
05890
08057
07094
04510
04111
08254
02214
00747
03437
07233
03650
03975
02990
07550
06621
08208
00578
01517
06007
06810
07720
00530
01236
00547
06564
01850
02473
01089
07714
06298
04394
01862
06609
08085
08521
07437
04634
01778
00058
05180
01471
04176
05106
08965
06065
07007
07789
02187
04762
08629
03702
05949
07674
06049
05713
05954
07100
06999
05821
06002
00200
01609
07957
07013
07692
04166
08349
07234
03747
02137
02434
02142
04968
02409
02746
01015
03499
08832
08763
02475
04065
02299
06183
00018
06251
02981
07109
01765
02253
02760
00603
08801
05207
02729
03367
02204
01328
08070
04989
06707
00597
06335
02427
05301
02042
01751
01424
02112
05127
05821
07322
00270
00052
00395
02135
06387
01183
02378
05108
03126
05890
00416
04185
08338
09202
09200
09045
05695
04305
02236
03790
05810
00909
00192
07976
01454
05370
08902
04743
02013
06058
04770
01608
07639
08541
02594
00137
00341
01524
08588
03753
06731
01358
01868
01402
00584
04278
03576
08523
05379
08580
08385
00650
06867
06319
05776
09295
02955
08628
00667
07603
04441
08336
03059
04743
06082
01017
06259
05113
01651
02059
09223
03314
05254
00359
07951
06451
08471
04694
00022
05949
03410
02603
05843
02319
05868
06766
08971
09274
07082
06236
08209
07425
03537
05892
03452
08380
05275
05069
08427
08076
05331
04811
08951
04233
04325
07848
08173
07054
01405
01039
05943
02334
04106
05171
05389
01288
03311
03694
04237
06606
09054
03262
08941
04476
04977
07290
07729
02011
03111
09395
04917
02229
08270
05525
01656
08963
09011
08973
03211
02273
02044
01924
00037
08299
02198
06553
01932
00666
04816
04676
08002
07263
01763
06103
03634
06440
03932
01815
00605
07464
07776
05832
00534
02968
09371
02736
04542
08827
01148
09225
05388
06728
04345
04362
01997
03224
02850
03303
02699
04655
07117
09172
05606
02912
01430
05609
04100
02145
02200
00951
03518
01574
00804
04001
05848
08497
01012
08950
01940
07511
05637
05378
02901
02885
02527
00316
05475
03129
07867
07770
01655
02614
02008
05385
00764
07039
09065
08401
04584
02580
03718
08301
04286
01226
01582
05976
04722
00333
07142
00947
09072
07345
06112
03451
09321
03054
00963
00431
09338
07554
01347
07071
07203
00560
06501
03648
09130
02742
00154
05372
03793
03604
07765
04606
08218
07224
00850
02875
05157
06623
04732
00380
02404
07454
01411
02992
03716
08542
06825
04758
02768
03806
05152
05656
04179
05914
08218
04092
