04824
03538
02044
06077
05518
07664
03767
01338
03542
02553
00170
03780
08699
05123
09300
06203
02670
04394
06282
01286
04790
06838
04422
02049
09443
03943
06230
06422
02852
01722
07222
00276
04497
03026
00701
00411
09537
07002
06180
09199
06996
09205
00805
01791
07557
02804
08031
08145
07476
00528
05991
01218
08022
04917
02718
05605
04867
04747
01054
04817
01192
08348
01032
08859
01213
01062
07092
09533
01847
01839
03457
04057
09695
06739
02324
01751
07948
01571
04578
01143
09007
01440
08589
05722
00640
05654
05388
05016
09446
08067
09329
08918
09443
07988
00168
02863
09449
05871
05174
04825
00129
00380
03649
05194
09271
06582
03058
09022
03376
09137
02657
06030
03288
04483
00768
00524
01367
02632
01907
02118
03471
05287
01820
00669
08545
00594
08623
05652
08461
00125
04731
09205
01919
09544
09288
08732
08830
03608
05396
05418
08705
09640
03264
06473
06031
05561
07144
00711
08685
02027
00091
03356
08970
06519
07562
04531
00334
04931
01632
07881
09579
04068
05471
05440
02222
00920
05750
07931
09031
06307
09194
05038
05803
01460
04212
00706
06887
09274
00221
07551
05365
08468
05813
02218
06688
02239
01534
00054
00054
04394
03340
06875
02426
04800
00530
04102
07208
09567
06304
07536
04764
06764
08008
03898
04514
04884
06800
02630
01629
09178
08050
05797
06795
06498
03640
06020
09489
01014
01267
03544
01117
04780
08490
07509
06700
00357
03587
08300
00347
07765
04149
06643
01649
01335
01390
05378
06510
02392
00201
06808
01712
00552
00240
08279
05951
05242
05328
00641
05376
09126
08022
00988
05547
03824
03242
08157
02241
08247
04823
07424
05505
06043
01837
03428
04823
07380
01599
01527
01687
08517
00849
03057
09237
07898
03999
07139
02901
07530
04161
00982
07142
02197
08791
08702
02088
01550
02672
01153
01526
05129
00910
08644
01615
01564
09124
00714
01002
01363
03364
04971
05185
09606
05518
00849
02279
02679
06931
04663
03393
06025
07492
03162
09154
02345
03933
03350
04184
07119
05041
02957
04319
04257
02364
01707
01546
02484
01155
02378
05973
08852
02369
05644
02796
00803
02635
01787
00723
03286
01272
06389
06251
01445
06819
07579
02901
00540
07065
04240
05227
04346
09299
09594
07459
07153
07564
00937
06469
04424
02849
07999
09660
04023
02650
08509
02953
04837
02689
06464
04720
03165
01769
04568
06431
03162
04081
06418
09615
03871
01364
08837
00137
06188
05625
08940
07374
05755
07819
03086
00279
02164
08190
03515
06644
02436
01599
05154
08746
04352
08535
06244
08487
00314
01303
09252
01101
04072
06519
03234
02234
08878
02644
05539
08939
00664
05272
03647
07954
02993
01785
05550
01870
09082
08891
03151
01225
07298
07839
07635
05988
09302
02217
05559
07643
01770
02962
02494
01681
06356
00167
08617
08037
07302
09013
00044
04339
07718
00770
04282
04312
03648
04054
07714
02252
04456
04751
03954
08050
04151
09555
05188
01291
09466
05527
07140
07529
02049
02798
02248
06887
03414
07660
01328
02326
08424
08153
03867
08798
09415
04882
02042
03614
03616
08137
09272
06739
02326
03126
01270
07240
07553
05439
03242
05048
01845
03194
05771
07609
07707
01186
04116
02412
09468
06966
07786
03485
00739
03726
06700
01192
02714
02452
04162
05628
08921
04412
09142
04662
02311
07829
00260
09530
05529
02250
05992
07525
08617
03821
07066
09470
03544
00427
05629
03094
08473
02350
04109
08871
05194
07605
02119
09126
06404
06232
01051
04801
05291
08065
08475
01460
01835
08150
03659
01553
03868
01934
01733
06563
01833
07420
06259
05448
01112
06385
02803
06626
03714
00879
03110
02744
05045
02078
04881
09542
08924
02323
00637
04462
02758
05557
07779
07411
09311
01283
06540
01136
03736
07713
08807
00583
01018
01423
05598
01844
01083
03428
09074
08500
04181
06645
00064
00983
06739
00428
00632
02066
03534
01520
04804
02743
01701
08083
01038
06606
06846
03220
06795
08900
06090
07472
08545
01499
03163
05547
08580
00770
03636
09064
07070
02201
02986
02016
03201
02924
03914
01197
06854
00560
09007
07452
03875
00974
02246
08041
02088
03489
09617
09635
03195
05212
05006
00031
05436
03253
06073
07391
02981
04945
01905
01008
04236
05727
07667
08041
07030
00048
00652
03955
03498
03417
03711
08485
03079
01914
04943
09505
00094
09548
09455
02806
05310
06397
08452
00001
04038
05823
03795
08979
03501
05710
03388
06713
07074
08055
04339
08355
08358
04947
03795
05415
07176
06242
06228
02825
04343
03281
06290
08916
08071
06046
03456
02916
03189
02699
08535
09236
09657
01947
09425
02836
08195
01092
05975
07775
08058
02702
04103
05926
05874
05860
00817
04665
03404
02293
05360
02768
03892
08283
04301
07110
06226
09221
04453
01794
00635
03997
07645
00470
05887
01883
08628
03373
08708
03551
09688
09394
08203
03310
03937
01503
08170
08116
04387
03620
01070
01412
06911
07464
05966
04301
04085
03874
00989
06760
03945
01182
04362
02839
09597
02732
02498
07297
07131
07834
04164
07309
05680
08773
07697
02789
07185
04657
02033
05006
06189
05609
09619
01142
04216
01423
05784
05111
06966
08990
00844
00615
06769
07154
05606
03206
07806
01057
07149
09599
03107
06719
07438
07415
00951
02473
03724
08229
01849
08572
03544
07115
04551
06580
05877
08654
00799
00392
04795
03068
08008
05396
04373
05178
05952
06198
06229
08610
04445
06499
01489
08547
06343
02013
01407
08808
04781
04586
05508
01272
06928
05832
06075
04322
06629
06433
09218
07766
06565
02711
06163
08120
03599
05149
07297
04345
06019
04792
01693
00918
07223
04492
06636
02284
01031
09583
05918
02394
01762
09436
02870
02056
04079
04162
03985
01772
08062
03276
05377
00041
03333
09393
04388
00648
04863
00601
01021
07500
04584
07974
09174
07854
02814
06893
03008
06669
07088
08593
04221
03537
02922
06495
00501
02363
05260
01697
02447
00809
01500
05860
01226
01962
03551
00093
02369
03472
03560
07719
06980
08132
01726
05779
03418
07947
02347
05642
06151
02740
01029
00540
02714
03914
03924
03854
05105
04283
05695
06821
00153
04727
09149
00491
00661
06275
02048
02395
05146
01731
09142
05928
00986
03215
01882
05375
02475
08881
00154
07495
07251
04640
09091
07543
07101
07756
00018
06246
03898
06958
06183
06539
00838
06353
03235
05955
01483
07387
01560
01883
08745
03906
05956
08240
06579
08342
07346
04471
06861
00799
05871
04627
05631
09109
03649
08254
05099
09252
00522
05507
01376
01863
08068
02697
01559
04317
03736
05976
06522
03862
03714
08242
07084
08928
01656
05915
05291
04297
01694
05226
01318
01526
03394
08203
06167
03374
01632
09593
01344
07798
01142
02561
04107
08625
05755
02562
02028
07623
01298
00716
08560
02259
09130
06775
06287
01902
06748
09149
06886
08696
08213
02428
04612
00025
03210
08783
05220
07209
09546
03085
06488
07073
07536
08839
03020
02994
08139
02875
08804
01664
06995
02413
03704
05820
07560
02571
01432
07875
04465
08197
05041
04068
03123
08306
00887
00829
02857
08079
07448
01381
03678
08521
06058
04117
06369
06807
08469
02381
03276
05874
06884
09220
00984
04580
03142
04496
08169
01176
03377
00288
01163
01428
09587
03935
03385
08247
01192
04209
05818
00838
02677
01486
05857
08685
08959
04271
07038
09559
08424
02814
06927
04854
01799
08802
07361
06553
01570
00271
03597
08856
01530
01308
08838
01362
07532
07014
01542
02323
09171
00018
06748
01569
07925
02016
04273
03746
00078
00883
00457
09684
07900
09453
05835
06871
02587
03591
09054
03836
06729
09245
05854
06842
03204
05172
07934
03531
07084
07945
02070
08766
00536
06564
09284
07156
04830
02443
00270
07150
04876
02224
00175
05853
07673
05165
08821
03653
08034
02026
02514
05352
01677
08486
05659
00147
06311
07407
00707
00579
03363
02837
01114
08377
08478
04162
04991
06907
03651
01167
09455
05972
01157
01203
00563
04680
02155
08132
05528
08097
09452
04159
05603
07438
06980
03202
01649
06105
04039
04486
04785
03145
06421
08008
07602
01567
01038
00376
09475
06094
05909
09412
03204
09569
09444
00667
01135
01379
09679
01553
09069
00822
08354
07640
00276
04442
01917
06341
00250
04950
01763
01733
09240
05122
01279
08888
00620
09576
03452
02875
00149
09624
03066
03886
03010
09019
05958
06737
01642
05523
02303
06716
03731
08916
00228
08458
01788
02620
03156
04007
05246
02122
09664
03283
01491
02898
00035
02299
06423
05300
02755
04983
06213
07563
08368
01553
09172
05460
07087
01424
07671
08095
01889
00993
05034
02924
09426
01304
09649
03388
08265
01444
09019
09291
09446
04488
01336
05528
02063
08331
08876
01064
00368
04299
03931
01620
08949
03993
07306
01599
04262
05493
03788
07873
04572
03132
09339
06193
05443
06996
08801
00865
01628
03745
05204
01975
06032
08413
02201
01250
04234
02310
06053
01971
02782
09451
03578
09562
00251
05007
09677
05197
01137
06799
05735
02375
09416
09289
02117
05011
00280
00582
08405
06328
01098
00820
05582
06017
04867
07898
08124
08050
03956
05826
07613
08853
03734
05536
09584
01308
08625
00385
09445
04152
03345
06027
03214
01286
06085
03244
04517
09035
01332
07503
06025
00301
03445
08662
07263
05462
01774
06598
04459
03609
01801
05369
08889
07735
02128
01470
09384
00469
08684
05320
04000
09167
07741
09392
02415
00578
00107
01657
04638
09483
05048
00822
04297
05316
04167
03651
02907
01288
01883
06890
04915
04627
00162
08053
02136
07596
08852
00448
05533
08942
00870
06708
03657
08510
04355
08755
01819
06887
08135
04721
01460
08753
00648
05976
03449
02900
07275
03044
02013
04697
08419
02465
07108
06119
06681
02549
08451
03860
00769
08355
09285
01247
04468
07818
00777
00074
09523
04404
07606
01268
04144
05138
03976
03405
01688
06589
03613
01631
02741
07443
06021
00197
09549
07636
03742
06719
00100
03416
05221
01180
06492
06022
06946
03804
01951
06556
08970
04062
00507
01030
09484
01059
07009
07257
07173
06225
02331
08008
04333
08887
09585
06061
04171
06194
08791
08566
01237
02585
06258
01952
01658
00742
03548
09214
04733
02104
06998
07903
01951
00374
09313
06281
07777
00322
05196
08178
07931
04215
03486
00853
02869
08192
01908
09491
01425
07746
02390
04228
00889
03958
07839
05608
00795
08724
03586
03238
02442
05256
03017
04856
01345
07630
05505
05726
02224
01293
04069
07117
02307
08682
07632
02741
00044
01920
04672
01707
08292
01044
05449
08733
07505
05437
02427
07848
08043
03454
00694
02787
05517
04380
07280
09065
02735
07995
00285
09609
09403
09122
02798
00035
07845
05031
05266
03260
06836
05245
05831
02370
06474
09632
01729
09534
07035
08652
07463
07775
03171
08406
00427
03860
06034
07536
06855
00844
07966
01368
08099
08745
04352
01851
03356
07034
03264
06953
01804
01337
07411
09137
07156
00485
00562
01555
02354
00806
04678
01893
05293
02887
01510
00426
05714
00774
01433
02788
05919
08387
04985
04950
01263
02859
09169
04037
03416
00319
08928
05796
08317
09244
08914
05162
04591
06130
04805
08460
07484
04394
08681
06357
05191
07659
02296
00729
01979
07136
00270
05555
06302
09384
02844
01111
00174
05330
06860
01084
00657
00723
04497
05564
04162
02199
04386
05836
00592
08467
02778
08519
00594
01038
02853
07584
06664
09051
07470
00464
00030
05459
00408
02410
03718
09045
07136
05889
00032
01370
01518
01844
02307
08832
09352
06129
04423
03363
00433
04581
02911
05254
01205
06141
00921
03065
09610
07813
07316
06695
05855
01173
03158
01607
00141
01801
01278
09052
00788
03647
06649
07437
02052
02080
03422
02508
08605
06768
02895
09067
01356
09463
01037
04601
05575
06133
01716
05675
05941
01046
02523
06807
05180
04274
04179
03363
03091
08376
00538
08735
08853
01086
05120
04524
06084
01122
04014
05685
07619
03168
03059
02196
09543
06203
09268
01227
05216
02283
05468
05977
01692
08245
04445
07671
02300
06791
01115
08131
06252
01422
02082
08392
00534
06896
08482
05670
06359
04104
08507
01765
09050
02170
05451
08213
04289
02721
04686
05795
01730
01375
03781
01503
08908
07423
04355
00267
07095
06894
04656
04629
01850
03732
04327
04090
01287
07255
08835
09645
04421
06263
05194
00402
02015
09300
03458
07856
06088
01649
05446
05427
04207
02774
08310
06012
08608
04707
07963
05103
00682
08577
00242
02478
09554
07158
03439
02080
02085
06651
00694
09293
09293
02914
03025
03218
09577
05572
04713
04961
04883
02018
01968
02510
07015
09555
02424
05348
09078
03531
03091
00683
08089
08343
01519
02068
01592
06696
01848
04640
08259
08918
03164
06999
02045
08638
04442
01324
01548
08310
01432
07897
02893
03921
09680
05367
07433
01686
03415
08185
05893
01621
02258
01967
06950
05596
03437
01363
03688
01182
04277
03241
09018
04138
05596
00086
06936
09040
09656
01107
05317
06132
06426
08963
05468
08710
05051
08004
07817
04119
09226
01236
01116
09642
01456
05276
08223
07321
03452
05062
00986
02295
08134
00055
00537
06306
06499
06319
00405
03178
04843
05533
08903
01240
01856
02216
02994
08601
02575
07060
04564
08935
03346
06496
03133
05802
03497
08804
03960
07329
09022
01522
07498
01772
00199
06393
02809
07622
08901
05022
08114
03160
01172
09461
07711
01529
04746
03144
08188
08673
04058
03955
08829
08577
02655
01542
01586
08461
07338
04340
08204
08300
02620
06682
05200
08993
05844
02877
05240
09435
03558
08190
09445
06064
06017
00278
07132
06827
09011
03286
04899
08528
08027
00281
09417
01465
06940
06533
05072
08402
01833
01276
05695
02211
02985
04635
01391
09274
06830
00694
07549
06008
06913
09699
08071
09664
02976
05542
01355
07051
03528
00438
00785
08580
00066
05538
02983
07832
03014
00002
01572
04242
05016
01124
05318
05845
05627
07568
03557
06770
04743
07684
09449
05497
04767
03734
03740
02441
03752
08184
02430
02284
03161
07117
04455
01874
06523
00614
05875
08137
08869
00052
04252
06125
09506
00441
06560
02974
00191
02002
07732
04247
01517
01107
06398
01807
08915
08707
05968
04503
07953
01192
08044
03734
00609
07879
05589
02177
03035
08665
07818
03572
07552
02149
04501
09347
01247
05045
07961
07558
02865
02776
04594
07311
00783
03103
03328
04997
00726
05825
00695
07126
03719
02342
04674
04246
04949
00283
04322
00691
02176
05987
04879
06273
03200
06657
01927
09351
04019
07990
09414
01942
01380
04307
06829
07554
03905
01824
02738
05115
06440
08625
00217
09121
01082
04701
07739
07267
06177
08002
04192
04946
08224
08836
02755
02233
05589
05797
05597
09275
01330
02090
08618
00605
09497
05979
03042
01158
06803
06950
06268
04281
01224
05758
06006
07449
01382
01643
07156
07289
00564
09451
03226
06319
00358
00888
08777
06227
01690
09256
08141
01609
02429
09242
03642
04403
07547
07867
09245
07073
09558
01949
05491
04816
05079
02405
00473
06390
00712
05179
08743
02216
09271
02799
06815
05170
00262
03659
00717
08623
00600
04003
08686
03854
09610
04615
03245
06672
02164
08183
02918
06885
00944
04861
06878
04847
05553
07377
07472
06840
01851
03653
04947
06353
05809
02677
05101
07910
05860
05041
06548
01914
00162
09006
07363
01685
09379
07011
09024
00389
08294
06612
08321
01276
02307
01910
06541
06866
02482
08907
07786
05762
06547
02001
09089
02206
00367
09018
08990
04749
01024
02974
03185
00643
04974
03380
00802
06236
07811
03968
02726
03557
09417
08718
08766
00466
07466
01913
09497
09181
09509
04122
04846
08086
06588
01367
03412
03482
04533
07813
00915
09253
03447
06826
01865
01390
05529
05702
06085
05321
02470
03572
08219
00317
01710
02628
06901
05805
03953
02960
01294
09041
03678
08803
07509
08030
00498
08252
01085
05166
06731
09327
00460
08747
02887
02597
01003
05347
06162
09271
03585
01625
08229
08965
09244
05663
04137
06615
06381
02279
06036
08780
08126
02869
01243
00537
05911
05499
09653
05006
06499
01472
05248
00535
05297
06922
02894
07744
06047
04867
02495
02603
07186
08196
01534
05106
01312
09681
03750
04890
07032
01681
01579
06501
03916
05282
05218
03189
03444
04196
01050
03546
06734
06623
06049
06138
06250
04440
06583
02525
08002
05445
08965
04296
09416
05445
05883
00782
02204
03366
08528
08630
02232
05503
01231
00572
06109
03794
00927
00639
07508
07951
01547
02192
06175
01235
07705
04972
09579
05787
00466
02713
05007
05217
00299
03979
08711
03554
02606
05935
02631
01639
03755
07138
05326
06861
00798
06787
04211
06671
03060
08662
05263
05870
08826
03752
04361
08941
08665
08656
03424
02280
06515
03641
05879
02764
00711
08859
07919
06233
03581
07964
00929
07630
04941
04143
07747
09130
09098
05475
02677
05768
00675
00646
07449
02910
00058
03338
03385
04176
07453
04046
00645
09127
04879
01595
06213
07705
09446
02777
08952
00351
06783
09453
01855
00021
07792
03100
06273
00199
08370
05453
09696
06010
03540
00500
04770
04363
09539
06383
06394
06488
07100
01667
09033
03624
07596
03604
06594
02652
04859
05056
03242
08595
01900
04733
01760
00044
00473
00658
05973
08112
03474
06363
08423
06715
08393
05480
01398
06308
02042
07981
00380
00825
06700
06795
08706
02770
06856
04629
01420
08173
07932
08242
04900
06319
07533
04926
07717
06333
02255
08672
06275
07553
06875
02594
00851
02358
06380
01829
06968
04647
06533
01141
05064
08136
02998
09221
04958
03866
06998
02936
02734
06649
05114
06559
05324
00365
04524
03783
02925
04914
04715
08079
07978
02130
09571
03255
05011
01772
00969
01768
00274
01042
04246
08448
08433
01996
05625
08830
08130
05680
07362
03583
04909
05347
01080
08048
07356
01178
06307
08148
09432
09358
07225
08270
06640
06018
08128
09036
03267
01490
01734
09668
00834
01586
09191
01644
07180
09165
03527
04245
09371
08996
07444
02524
06971
04319
02591
08708
00297
03638
08549
04705
07915
07938
04136
00822
08192
03518
05984
08359
09472
02093
05956
05062
08057
03322
07154
02427
08800
06396
03220
01131
08879
03325
06232
00853
06840
05850
01015
05296
07364
04732
06638
05578
00029
04316
00305
03843
06349
05838
07501
04115
08313
01968
02674
04873
00407
04516
00478
07143
02141
04388
02094
04887
08359
08009
04451
08736
07915
02454
04916
03112
04147
00858
00446
00451
03479
02110
09352
00692
08785
05618
03742
00863
01903
05640
05930
04070
00716
00854
01852
03437
06664
05597
01199
00030
04211
09586
08739
07047
03408
07729
03409
04887
03935
02554
00325
08256
06652
00852
01344
08749
06962
07337
04676
09689
09377
04968
05709
05908
03596
04101
05214
07414
06736
08875
01580
09671
08962
09185
08346
04097
09240
03015
06110
03069
09516
08821
01652
08853
02120
04368
00082
06995
00570
03964
07485
05731
02375
09200
03043
05604
02631
03349
07177
07149
07310
08879
03232
06531
01006
00445
06143
02857
05486
08394
06077
06871
01206
04054
03249
04674
08160
01768
03706
03986
05063
08143
04191
01695
03694
03264
00947
01509
02549
04345
04922
03005
04381
05452
04428
07509
00870
05720
07918
06385
00103
08072
05768
01593
08000
03139
02138
04399
06827
00935
04439
01497
02570
01170
01056
03540
08657
08596
05822
06940
05702
05591
05176
04764
05709
08426
05595
04278
09189
02732
03275
02924
01850
04621
00267
01558
01552
07294
07598
05312
01318
04234
09518
06101
05247
07649
02258
07770
01113
06253
01487
01540
06165
04009
08355
05912
07695
01954
08399
09534
00077
09086
07623
03430
06219
09071
07368
08151
03884
00324
03085
09573
00232
05679
09275
09473
03794
07743
02140
01840
03605
00042
02231
06826
06648
01420
08323
00755
05059
03846
05138
01984
03824
01626
06524
01871
08239
00164
04465
09095
06958
08229
00547
04886
08610
04700
04605
06286
06431
02913
02502
01648
01662
01456
06706
01674
08105
06304
07409
05192
06471
05553
06684
03176
07667
03991
09012
02830
08881
01147
09318
01179
00548
03921
05089
03668
03422
04488
04233
02823
05073
09139
07433
04817
07662
08473
01108
03379
05986
05320
06295
01343
06041
07140
02539
00027
09271
07730
02594
06801
08917
08684
04261
00538
02108
03995
08001
05217
07655
02376
08923
07573
01574
07685
02447
04355
08524
02499
00928
04173
08977
06445
01415
06759
06009
07925
02089
01133
07890
04055
03006
03283
04116
02460
03600
09133
00292
00260
00733
06042
07226
02955
08174
07359
08364
08298
06858
02190
03165
01278
06839
05413
02315
06583
01827
07986
06290
00291
06066
08625
07293
04354
06308
01116
06706
00242
05883
01123
03281
04424
09468
00439
05953
03821
02667
03698
03761
03996
03768
02214
05284
05116
02388
01651
04716
08802
08989
05139
09024
05158
06171
04171
04211
05799
01441
07772
04145
00290
03984
02533
04655
07731
03846
05309
02248
02118
06202
06889
08467
06589
07959
03227
04622
08143
01628
03510
05208
00922
05660
02950
07428
07162
00896
03128
07302
04557
09299
09671
03664
03488
06789
06495
02970
02664
04763
00198
00374
05399
08726
06273
08743
02250
07510
01137
05433
06998
08567
07227
09099
09586
05349
08075
06457
00052
05253
04512
04133
03898
03136
03621
06344
07549
06202
03144
01625
07549
05540
01524
06827
05083
06160
00386
05290
01406
09698
02684
00148
00825
07800
04937
09124
05100
07414
01966
03859
01619
07505
05882
04588
09104
08735
02774
03595
00748
08768
04812
08102
07716
05515
09349
04368
09194
08115
02631
08406
05435
00077
07048
02136
06805
00197
01753
02997
03978
02381
06659
00447
06191
01273
05863
03846
06935
01852
05110
09241
00797
06791
08680
05732
00458
06382
06835
02992
02784
01197
04040
03000
06891
00009
05441
04616
04917
02487
01170
04033
08676
07064
01322
05021
08197
02813
01102
04325
03689
05479
08225
09216
02729
05675
09056
05678
06322
05839
08808
05192
05138
00763
07254
05371
04207
01160
05487
07713
01057
08501
08909
03771
00832
06981
08023
01927
01420
03980
06428
05691
09000
00532
02807
03795
07475
03679
00131
08718
07670
07024
05862
06115
02275
02020
05297
00621
09162
04284
01170
00765
09686
09357
01197
00741
07068
04247
09506
08960
03440
01539
01544
04045
05166
00803
08529
06231
05367
02684
03801
00670
04884
03269
00887
01145
04708
01462
04416
04801
05458
02852
03131
02431
01570
00535
06543
07741
08137
00563
07735
06717
08542
02917
08919
05083
09000
06645
08453
08470
00905
04358
05827
04427
01141
04492
05817
07667
01171
06246
05308
06395
08705
08896
01588
01081
01272
02629
05174
01744
04707
04847
07558
06808
05900
02235
08321
02461
00893
07813
02812
02216
00182
09508
06949
09137
09129
05310
07922
08912
07214
02679
01876
07978
07028
03661
03850
06007
07461
02361
02091
09458
00842
07004
01471
04436
08376
02625
05185
08943
03280
00843
03966
09100
09197
02859
01094
03189
09591
01236
09500
03808
03320
01879
08868
04111
05027
06761
04449
00869
09298
07532
03790
04891
08329
05439
04954
05186
04306
01714
02235
00361
03044
07087
09120
07778
01938
00486
03235
02044
08796
06089
04774
04772
02134
08339
03590
08319
03310
06794
08518
03432
08668
08641
06958
02703
01041
02643
07531
09237
02680
00116
05944
00955
07182
08281
04112
07219
02166
05078
00447
06577
01901
00452
06247
04424
08458
04882
08351
08544
07676
09135
07839
09420
02651
07881
08499
06246
00062
02148
02875
01250
00032
09304
08680
07165
09622
06929
05739
06570
09527
07067
00471
02807
07431
08092
00541
05979
01030
07306
02942
01443
01675
07296
09494
07747
07433
04603
01042
07836
08628
04594
09640
01788
07069
03589
03750
01062
06619
08756
06478
06811
07668
02837
08010
09186
00561
06410
00211
04481
06858
04784
06284
03004
05065
04849
08773
00811
04308
04821
08527
04076
07991
05161
03207
06715
04792
04697
02642
05936
00243
09037
04291
08559
06798
09027
09289
00389
04150
02375
02433
03886
04648
07487
05572
00907
09650
00354
03693
08832
06631
03361
03149
08456
04202
00466
08237
01072
03676
06993
02397
00009
07764
00592
07260
03473
07899
03393
09151
05402
06789
01336
02927
05035
02922
02572
07384
02204
01668
08640
04223
08133
08790
02975
05961
09150
02614
06519
07700
01238
04533
08784
02379
07466
00939
01817
04319
05482
00714
00765
00761
03859
05651
07443
02101
06208
05411
08347
04828
01395
08985
06265
02913
00922
05046
00293
04794
04292
04847
05314
01753
04106
02943
01307
04795
01055
03803
06156
05878
03173
08847
01909
02711
03146
06952
01678
04366
00428
06940
01883
07821
03079
06574
02603
09445
03476
06130
00317
00881
09600
08481
05302
06593
05263
04654
01734
03846
05265
05902
02685
09151
07631
09566
03766
07404
08825
08311
01276
04492
00863
02043
06881
00383
01234
03939
08573
00018
03514
08022
00343
00841
07679
00763
05267
01374
09561
06955
08924
05823
00102
09446
08029
04276
00094
04816
08043
00716
05741
00817
08161
04630
00905
07262
02609
05685
05286
04404
03599
03071
01529
08930
03740
05435
04181
05486
06137
00734
05921
05229
05794
05499
00214
01220
09670
06676
00925
04460
08413
08036
04462
00171
00630
04812
07608
02393
07958
05051
06657
05372
01349
08686
01256
06899
01828
03826
00422
07478
08973
01639
06955
02361
02124
04461
02515
06008
06582
01514
02829
06811
06448
07900
07872
02495
01577
02778
01393
08938
09217
02214
02445
00437
06975
01369
07795
08116
01803
00191
03022
04623
03321
08639
08213
07093
02397
03194
05036
03346
00068
06868
07293
08435
07471
03251
00419
01549
00496
00889
00170
06683
02166
06182
06139
08221
05258
00178
02031
04205
02712
06369
05605
06045
05135
01340
01241
02271
01162
05378
09393
05341
02380
00501
06734
08678
06331
09466
01714
08859
01809
09447
03142
07511
05284
00942
02959
01556
00613
02364
08704
07423
06480
06737
01710
07803
09398
08092
01327
04199
04939
03019
09125
08794
08470
03492
07154
06583
05476
04056
01827
05271
06522
06017
09294
04203
04280
01251
02141
06952
07164
09363
08220
03116
06082
01634
07271
05274
05234
08734
06846
07819
07935
09388
05610
04945
04935
05499
06856
05471
07437
03945
05537
00818
05102
06903
00929
00173
00290
02144
00889
03503
08563
04162
02265
01463
07476
05557
05654
04386
08559
06265
01738
02321
03363
05523
04034
07706
03513
08065
00773
02160
02743
01615
07431
04036
03898
01509
05751
04731
01689
05482
04523
00522
03674
05199
03967
07113
05407
08154
01865
05527
03957
00671
00164
05768
01579
09556
07198
04369
07026
08490
02308
07765
05322
02287
02902
07120
00720
00787
05029
06444
03178
07468
07443
02537
08417
08897
00153
07300
05254
09604
09658
00525
08189
04911
04971
01388
03002
02708
08130
02417
08269
04770
04778
00759
04437
06012
07563
05328
04958
03546
03062
02565
04829
01763
06352
01696
09620
08736
06307
07171
00683
00719
06830
01147
09325
07032
08971
04106
05665
06543
08331
07847
01538
05105
06926
03439
04213
00892
04584
09590
01022
09592
02231
09157
05465
06306
02124
07579
03724
07092
03073
05982
01879
09005
03854
05666
09395
06792
02513
02221
04396
08496
09619
05831
07713
06091
07784
06598
06198
04023
06510
08019
05474
02458
06787
03104
03687
08086
06745
09337
08816
07881
03613
08249
03413
04079
02436
05994
02150
01634
03164
09285
03934
07620
08970
00933
06547
00711
05465
08532
02563
01718
02953
00151
06061
06785
03347
07150
08787
03386
02701
06935
08284
03919
06392
04189
06566
06807
04693
00782
08434
00602
03097
00179
01064
08190
03814
08576
06058
02867
07336
05079
01589
00796
04009
00145
09299
00159
03114
00768
07568
04499
00566
07705
03580
07822
05748
01297
01342
04753
02136
08352
02691
04440
00023
07826
02649
02246
09386
03253
02288
08571
04682
00237
05584
05046
07062
07302
05529
02449
05196
05729
07035
09336
06977
00166
03136
04538
08816
00006
08097
02164
08815
07982
09606
01332
09195
03870
03634
06070
05686
05504
06332
01501
04654
07897
07499
02512
07587
05031
00489
08596
06122
01393
04511
04110
07422
00512
00105
06915
02237
07518
06446
03661
02481
00673
00693
04486
08940
00135
00319
09263
03213
04721
04422
05798
07956
08831
00775
07917
04466
00861
01229
00598
00291
08240
00013
02645
04885
00049
07833
07689
09290
00279
07845
07647
05613
06673
04362
01250
07578
04538
06896
06876
06612
02620
00782
07318
08909
06172
02716
01481
02090
08895
05148
09257
02711
06931
06545
07520
02194
06006
07214
07980
04340
02200
07696
07807
02057
05281
05556
02272
00558
08298
03172
02346
07852
01808
01972
08797
06552
08958
03773
01101
07626
04115
09350
06775
05747
07505
09515
08496
06585
09155
09299
05592
03065
06766
02221
04952
09023
00906
04575
09300
06283
06091
09064
04876
07299
05102
03796
09067
05790
08780
03447
02469
05679
06007
08895
01098
04079
09071
03618
03008
08365
06643
02652
01622
00952
03920
09029
04335
05405
04221
03851
09314
01213
06757
06843
00860
08706
08438
04407
09500
05010
03471
07025
00836
07650
00833
05659
00556
06041
07467
07943
01556
05084
02739
01733
02428
07371
00826
05023
03912
03161
09599
04513
09510
05445
08401
04391
01234
03309
07104
04480
00113
01548
01617
01572
00339
05405
06805
09334
07575
00020
02711
07229
05369
03016
02696
00714
06299
00358
03228
03128
01685
09300
07951
07875
04208
08067
06734
07641
01447
08656
04639
03819
06512
03029
01045
02048
00209
06133
07645
04405
04270
08753
03950
01317
04539
08551
09107
04392
06155
02845
08139
03048
06945
02242
03564
00843
02012
02898
02724
00812
05694
09251
02716
04432
06586
07400
07599
07501
08642
05770
01891
03691
07848
00382
07713
02095
02097
08535
07507
07217
06065
00041
02386
06478
03326
08287
06865
06380
01703
08858
05336
05254
08416
02370
09200
04223
03740
08246
05287
06674
02512
04160
08536
04484
07319
09639
07282
06075
09416
09069
09410
04815
09167
04794
06773
06575
04364
04947
02751
03434
01871
08663
05121
09640
04477
05836
00676
05560
08020
08890
06802
04276
02032
02126
04108
02800
01690
05854
01227
04988
02239
08281
05722
02745
09062
04178
00628
07611
07840
07793
04746
02453
06493
06654
03047
06581
09640
00239
05355
05408
05007
02281
00435
03550
08513
09234
09447
09167
03537
09250
01384
06942
00647
05575
04749
04087
06291
03647
01276
04001
06402
06811
03909
09125
08637
06895
05642
09222
01734
01245
06555
07442
04622
08165
03247
05621
00133
01767
09616
06777
01156
04480
07651
09595
05544
08875
09007
08510
03044
04769
05772
08942
04977
02183
00985
02726
04372
03056
00367
06127
04670
04292
05365
08622
05255
08797
06092
01997
02280
08444
00889
03639
05074
02894
08106
01965
09281
02685
02946
01132
08107
01631
08668
04245
05222
03415
00551
02505
07448
01088
07889
08671
04576
08258
01561
07100
08076
00774
07448
09077
09627
05394
07312
00584
07221
00972
07364
00425
08306
01445
00372
06559
06438
09153
07513
07036
05160
08893
01100
04489
06238
00000
08516
00503
08118
08536
04979
04632
08743
01675
08291
04635
08621
03522
05117
09311
00536
03412
05254
08554
02648
02911
02562
06605
08831
00104
06758
08517
09196
03746
07931
05662
07451
06090
00513
03443
07953
08294
00731
07686
07606
00161
04583
01352
01755
09142
06198
07614
09535
09661
08254
07929
05178
09374
01208
06608
01548
03363
03591
02424
02873
03471
09619
09152
06585
01390
02415
07299
00496
06240
09532
06895
06359
05086
03558
08771
05501
01139
08029
06724
00238
08172
02890
09246
05393
09052
05206
00359
08359
02267
04516
05838
01372
01374
05743
01683
01834
05047
05502
01886
09100
05822
08763
04349
03788
07677
04615
02950
00226
07061
08903
07342
02177
00075
00042
08904
02449
00079
08823
00839
07291
05823
07678
00243
00036
05776
05340
06447
01324
02933
02850
02952
01764
02224
06840
08246
00608
08451
07254
04398
06386
04328
03416
09586
09528
02122
07592
00116
07597
01852
00517
00618
01171
06660
03012
04635
08986
09477
09326
04781
05929
09629
01508
06355
01145
03070
00290
05529
01446
02471
00436
05946
02131
08976
02520
09278
05079
03376
07374
03930
00126
07440
01074
00653
04313
01276
09262
02273
05921
05644
06984
06972
03500
05094
00035
00149
01150
06248
03971
09230
03288
08638
00316
03707
00794
07617
08619
04157
00010
04653
01431
02169
02067
05453
06606
04309
07104
08894
07909
05294
03406
01299
04928
02867
00756
06956
08663
03230
07933
06257
02137
09449
04341
01715
09266
04077
04093
07738
02936
05851
01213
03294
05028
05394
07484
04452
01615
08629
03520
09047
00612
04009
03948
06725
00924
07304
01295
03900
05701
02176
01922
06179
00461
08731
01961
04138
05814
00611
03972
00417
06920
05508
00237
03134
07439
03377
04651
02633
08163
07417
01728
02585
08179
04920
03604
06297
00545
08603
08307
00753
04476
03204
08106
07092
05363
03746
01927
02316
01369
03254
03702
05808
00071
03376
04244
09257
01722
09205
03485
02067
06612
09669
01262
02408
04234
01912
00426
02909
00674
04126
04466
00980
06080
05633
09085
08909
03418
05468
05153
05252
06926
09634
01008
02581
03620
06283
04519
07852
06180
00787
05849
01236
06268
03837
06945
01459
08326
08372
09393
08875
00305
09402
03723
07092
00565
07685
00654
01618
00644
01132
06390
01374
07734
04774
06581
00290
08365
00470
07682
08446
02202
01243
02440
05583
03755
02774
02929
06262
03814
03074
07181
03740
00832
07512
02674
06337
03976
02969
05925
02851
04303
09002
02690
02727
03767
06355
03946
06024
08852
05480
07690
00108
00243
07548
01797
02775
03375
04759
01638
01154
08070
02947
09516
06056
07132
03299
05134
08572
02848
04797
06915
02432
05096
01842
06109
07415
03203
07105
04210
02079
01342
09644
05013
09493
02779
03755
04406
03214
02758
04163
04968
00678
00447
08874
07863
00175
03901
04283
03185
00213
01169
03616
00884
08877
00814
09213
05391
05425
07341
04779
00106
02203
01491
04084
02832
02994
04218
00931
02459
02554
06901
06796
00299
02302
03851
09188
02508
04841
04563
02288
01678
04054
04535
04655
07759
02874
01627
08929
01720
08129
02838
05578
04610
09580
07682
06944
04480
02617
06125
00666
01029
07536
06844
06933
05859
05307
00805
03629
03611
07770
03653
05258
03749
00841
02011
07102
05073
06931
03745
01216
00560
06687
03588
07801
04341
01662
04780
03138
03427
09113
07335
05337
06031
03228
04182
06535
04104
01760
07638
07393
06411
00010
03068
03854
04214
08442
00956
00760
04761
04451
02293
07193
03223
05868
03569
08090
00783
09425
07957
02363
00386
06244
02256
08211
05810
08806
04117
08440
02698
02642
07092
03879
04265
05608
03228
05042
06057
02076
06502
07054
07680
01508
01639
08832
09465
06820
01321
07303
07677
02984
00125
02936
03902
04482
02560
00546
06162
02314
02591
03898
02909
03716
02197
07496
09460
03494
07313
04988
05354
02499
06166
08835
08149
08512
00914
02085
04298
04466
01990
01480
07539
08065
04520
00160
09553
03523
04344
00571
00778
09616
08573
05839
08953
05951
02940
02099
01925
08915
07223
07611
08341
06536
01271
00196
04905
00981
03528
03124
01110
06290
08238
00246
04040
03614
01093
08523
02101
05216
03243
07638
05478
07368
06115
06017
01658
03490
06786
03705
08575
01162
05897
05711
08514
06670
07301
00093
07767
03897
06359
07369
08190
01712
04232
09597
04396
02420
03270
06209
02845
03513
04166
02822
05872
08286
00700
03747
03521
08069
03833
03374
00635
03768
01312
00656
04925
05594
02769
01026
05436
03857
06508
08329
03076
07185
09345
03333
03228
06636
05037
01414
06068
00268
04619
05324
01789
03121
07946
05069
06544
06721
01052
05913
02417
00617
07484
02090
07666
07951
09317
05058
00143
08729
02590
04807
06213
08845
07871
09557
08292
04040
04322
05467
08552
02583
00460
03951
03951
00207
08263
00404
07004
03753
04527
01123
03856
06473
02864
00250
00489
03797
00075
05222
05377
05585
00647
05835
04617
00931
03432
05390
03003
01521
03407
00374
02527
07838
08552
03900
04526
04490
04888
08326
08401
04441
03987
05648
06260
07708
09526
06246
07015
09449
01959
00597
09574
07949
01677
00685
07205
02603
07596
06939
07758
06831
06094
03917
07391
09068
00632
02931
04045
04896
00668
07301
00052
04102
05863
01159
01782
04410
01440
03520
01542
03046
08119
07868
01177
07777
08653
00337
05095
04978
08977
04341
08200
01630
00304
06955
07307
01625
01526
05239
00573
07227
08373
07264
08643
02936
06559
06513
07225
09343
06911
08003
00423
08673
00285
04371
08166
05776
07403
04579
09244
05831
07829
06056
08794
03789
04049
03764
03223
05642
06744
08062
04185
04924
03045
03979
01903
01037
06492
07438
07643
04731
08431
01947
09662
04073
00456
02769
07546
03344
00587
08224
07937
02346
02651
08424
03139
04586
08233
07748
06986
02478
06866
05925
06594
09559
01641
08586
05569
06244
01192
06625
00821
03986
09511
06213
01116
07318
07449
07448
03205
02367
06512
00207
04196
05576
09323
02040
03636
03556
06103
02388
08910
08558
06550
07063
03887
04988
05817
06477
05859
04038
06725
01179
05893
07227
00477
08095
01007
07749
09371
06157
05406
04151
06267
08932
03435
01280
06382
02985
04053
02298
04257
04958
01242
06913
07442
03478
01569
02615
09280
01065
09627
08193
02023
06108
02751
06140
08467
09531
02676
06689
01214
02471
06018
06506
01192
08567
00200
08155
02707
02526
01441
06074
00653
01476
08722
05139
01201
03599
08056
00263
08611
02408
01895
09460
01884
08411
01778
02259
05638
06496
02012
05247
02074
07184
06684
08369
02507
06088
04405
08080
02254
03764
06584
07614
01735
01521
00426
00837
05328
05645
02715
09194
04935
09528
06113
04328
07450
03421
07535
00865
06998
01461
07777
03594
06347
06492
06505
02884
01939
02863
09080
06076
03252
01315
05131
00719
09157
09545
02066
02342
03709
05149
00338
04107
06465
00332
07511
01392
04572
06349
04113
03442
07038
08509
07781
01014
00530
04893
01288
09055
06442
08941
06039
02373
02436
00730
02333
05169
04861
02252
00982
03499
04970
02019
00934
00157
02512
08340
04391
04313
00023
05773
09693
02250
05763
06765
05662
00304
05162
07329
03750
03918
07978
00424
07072
00438
04650
04894
00367
01780
00828
00302
06958
02079
09431
05546
04907
07681
06899
05896
01428
00190
08601
08722
07270
04509
01557
00310
09614
00667
05832
03001
07366
09033
01239
00046
09597
09217
03850
03279
04281
00360
05062
07695
00806
03935
02030
03399
07964
07880
08829
08052
09321
00848
05664
05075
02785
00495
02956
06381
05735
00776
04398
05468
04809
07652
03687
05102
01453
00522
05053
01261
03858
05517
00499
03440
02546
01601
03253
00974
09693
06040
04799
09449
09088
01569
05132
08034
07273
05212
02096
07108
09423
08430
00650
01931
03070
01343
00657
09504
00688
02253
06690
03795
03511
07371
02466
05896
04734
06536
08271
07274
00552
06758
00685
08010
09364
06980
07231
06784
00919
01956
01328
06753
05020
04125
09472
02790
07146
00749
05304
05756
00641
07063
00621
06165
06095
06565
00393
04475
03394
07949
00897
07092
02634
00762
09522
01950
00453
07362
07691
06253
08023
05362
04753
00731
00380
01762
00038
01028
07537
01256
02873
06667
04326
06535
00454
02477
06603
00173
01982
07313
04018
04030
09029
03224
06725
04996
05228
01835
02014
04001
02767
08772
05776
04356
04071
04226
07838
08280
02438
05350
00965
00782
07875
01095
04202
09574
08646
07677
02514
05765
06898
05466
02330
08911
04037
02945
09037
04368
00053
03005
06869
03085
06571
06546
00210
00664
03710
08779
01705
06724
06351
00615
03921
09592
08168
06370
02749
02007
02836
00973
08841
08875
04688
01987
07999
05271
08476
00164
08257
01737
03622
02150
05501
04945
08628
07202
09686
08704
07305
03600
05879
03781
02569
08537
06951
07178
05130
01723
01075
08743
05816
07587
00587
02953
05030
05374
05607
07194
02483
02720
00754
01889
01574
06603
02382
09065
02577
00957
07964
08770
08526
01839
06003
08916
01525
05830
03248
06260
09290
03654
01791
07897
01451
07485
02829
03792
07482
00609
01263
06593
06813
01031
04636
03523
06571
04989
08888
04098
08122
07419
05023
00639
04687
09359
07261
07504
05842
02770
09079
09550
04008
06155
07103
07617
09216
01855
00214
00596
05529
00311
03228
00763
02058
00631
05013
06050
01507
02375
06043
00135
05060
03859
06647
03995
05660
08148
08561
04581
09024
07658
00088
08952
02348
03367
06578
03980
09227
00322
05059
06337
01898
08172
00876
01176
07054
09652
07668
00495
07459
05145
03495
03968
03458
08803
02465
05362
05431
01234
08518
06340
05740
06834
00436
07514
03461
01248
08632
01341
01324
03590
01139
01427
05131
01724
05080
08281
03166
04843
00327
00411
05707
05711
05584
01694
05220
00504
01521
02548
07143
02405
02214
07576
04953
05202
01175
08808
03361
00468
09329
05597
03868
02535
00171
08994
09642
05867
00273
00526
09357
08996
06186
01936
05163
08761
00578
01980
06098
04985
00618
00108
03039
01413
00696
01593
03559
03409
02364
01885
00906
08382
06169
08111
06826
05064
04363
03998
06812
00766
03185
07733
09599
08547
04950
02627
04622
02388
09609
03267
07433
07956
02121
07268
05304
07839
05028
00576
04910
07732
03396
08739
02572
01554
03525
03343
00374
05694
07942
03098
08669
03955
08062
01464
01320
02631
04959
03092
06013
09550
04873
04822
07548
02666
01381
05611
03989
05798
00514
01485
08191
05715
06490
09640
01093
03372
06159
08790
03697
08125
04348
01932
02377
04256
05558
04879
08073
00937
08048
07271
07824
08117
01338
05742
02875
06510
02947
06528
07536
01505
07630
05086
02585
01669
07199
02754
00727
06132
05024
02203
00530
05396
01358
07782
06543
04588
09699
01481
08245
06236
06525
09391
01027
03656
02204
01250
09478
05973
01862
01489
04547
00459
01820
07021
06656
00475
03894
03067
00247
02426
09360
00831
02281
07880
08236
06962
05316
07131
08483
09054
06461
09078
04143
01562
03381
03791
00175
02502
05062
09355
09259
03356
02995
06329
02512
00630
03896
04036
07204
07476
09613
07127
01875
08769
01734
04268
08845
01726
03052
05205
09204
02255
06807
07900
00638
04895
07640
03050
02548
01971
07130
08447
01022
06390
08784
06380
03194
04180
03658
01945
01181
07813
07553
05022
01649
04169
03258
02090
03142
08407
01383
02223
02248
00415
03301
03161
02857
04865
00470
05057
04133
06296
08915
04014
05798
08199
06086
05777
05403
03507
09249
03902
05932
06234
05250
00283
08099
08608
01128
06403
06802
06737
05689
00484
07969
05279
06034
01347
05917
04634
02628
09329
06619
02425
06823
09416
05495
03407
07652
07646
07577
08300
00845
09438
02761
02267
09566
06450
00275
06825
00092
06218
03498
07532
09577
00883
00646
00490
05663
01427
06129
07792
07173
04996
05167
09347
00760
00340
01654
07582
04088
00017
00181
06986
09199
09051
02793
02248
02471
06335
04766
05549
03451
01937
07917
04964
04880
04158
06703
07952
05270
05404
08522
04636
06207
02868
09167
06186
07737
00471
02927
00492
04440
06853
03639
07442
09534
02178
09148
01712
09482
02458
04237
02167
05872
01709
05108
07745
05238
02344
09527
06110
09325
00959
07931
00378
07464
06516
09524
06032
01783
05269
01261
03749
00964
06922
08427
04127
01294
02610
08793
05061
06486
03140
09622
00668
09331
01901
03826
09210
05955
04093
09144
06635
01764
03776
06077
06138
06225
01004
07923
03572
02941
07401
08860
05344
05810
01472
03242
07105
09595
09013
08612
01349
00925
01476
04011
01439
04340
09562
06932
04645
02054
03670
06833
00144
06617
04683
02211
08512
04634
04801
02314
07627
00751
08400
08841
07579
03468
06016
03618
08489
07410
09448
07390
01938
06325
03778
02326
07312
09232
01784
07193
00520
05344
03829
06858
04064
04562
01063
04866
01492
01194
06769
05923
06371
02237
03906
08704
05960
08135
00788
03080
03010
08414
02726
02311
02574
00431
06286
00153
02800
08754
02079
04914
01781
01337
02428
05231
06039
07018
01628
06846
06034
08947
07738
06328
04516
02323
07522
08776
06769
08367
06426
02989
06789
04263
05272
06382
09278
09486
09052
00858
02610
05054
05710
02451
07870
03473
02538
07208
02378
04274
06820
02642
09698
03703
04030
07195
09324
06990
03001
05594
07932
04372
01289
03067
04797
02042
03690
05968
06766
09268
03956
00407
02882
02889
05210
08926
08128
06456
03079
08553
08340
01984
02661
00138
00635
04443
00587
01674
05198
01477
05510
00773
08218
02441
05373
05972
07734
07026
04695
07492
08130
05307
08319
08430
05553
02461
00670
06954
08571
09089
03279
07477
08918
06686
05252
08135
03787
04226
09364
02595
02527
09381
01455
04722
01083
05648
05870
05806
02021
06027
06192
00315
02446
07444
09259
01777
08194
06032
08035
01341
02431
02829
01866
04266
08203
09164
03612
08461
03188
03518
06182
01733
05929
05629
02542
06416
05239
05663
06649
03619
04057
02105
06217
02968
01742
01883
09262
01619
02302
00466
01725
00704
06344
04624
01685
02476
03715
09312
06846
01551
04879
04613
06727
06563
08896
04409
03615
07192
08090
03830
07956
08789
05635
03953
02869
07460
04646
03152
07071
08655
05608
09153
07239
06038
02794
00490
01934
03649
01139
08444
09686
04277
05972
04352
06580
01563
07414
00977
04959
01201
01516
08779
00773
04014
06162
07798
01069
03050
00545
08510
00246
02403
07137
08015
05214
00115
08349
07754
00351
08774
08330
00419
09339
06140
00839
01619
04834
07704
04430
08225
01730
06316
04236
05084
07139
09361
00719
09636
08357
04795
06181
06402
00003
00334
01244
09172
07450
07204
09353
05350
06947
00963
05053
00062
07970
07048
01476
05717
07484
05685
00301
01462
08112
07413
09032
06471
02550
08385
09644
09336
00660
01199
03728
05680
09515
00667
08133
02858
03886
06817
09173
00228
08842
01496
07759
00559
09578
09572
09611
01964
09014
00700
02557
02563
01396
01195
09674
03109
08506
00476
05112
03697
07095
09445
07648
03140
05440
00548
02925
01059
02655
07673
06939
00644
00968
01017
08561
05004
01217
05493
01692
03530
08712
04616
08058
05085
06191
03194
08972
04453
03095
00633
00812
01111
03702
01885
01999
02206
08372
05220
09039
02766
09629
02849
05693
06556
02150
00322
02138
05020
02317
00250
07251
02304
07770
05769
08987
00594
04144
03683
06284
01378
06914
03795
08235
09018
04460
00252
05226
03561
04550
00055
01187
05975
00155
09484
04428
09066
07066
08416
07754
03156
00726
03212
03556
08573
05557
06211
00356
07624
01900
00886
04303
04459
03830
02012
04074
07403
03282
06842
00225
06834
09506
05417
03078
00159
01022
06483
07892
02472
05082
05305
00094
04983
05986
04130
01934
06555
05752
07766
04858
03327
09279
01206
04378
06097
04094
04327
07403
06301
05936
05794
02248
00389
01732
09022
07668
00957
08762
07866
07981
06632
09317
04994
02049
03221
03547
09173
02106
07796
02274
07990
09356
02601
05625
02975
04919
09072
09572
02140
05645
07232
05409
05025
07583
08098
07997
03106
05452
02609
02650
06955
07491
06882
05139
04300
08707
06598
07481
08833
01113
06837
09341
08303
06026
05644
07785
02198
01923
00271
05543
08427
00657
05956
05834
07290
06378
03284
00463
02569
08630
00411
04227
07053
02514
07756
02680
07945
05413
00591
01841
02816
04753
06942
04060
00353
05909
07611
00807
01215
03589
07680
05956
00411
03854
05854
05362
03797
02969
03156
04956
01731
08062
04644
04525
04450
08490
06812
04236
03514
05194
07859
00555
01429
09543
09527
01104
05924
07740
00878
06477
04429
03719
04889
06909
03330
02057
07969
02371
02356
03999
08438
04219
05176
04973
02939
08307
02302
02863
05327
00684
01020
00499
06202
08915
05058
02715
01871
08875
00668
09040
07058
08105
02741
04768
03627
09100
08471
01721
08437
03970
00468
02422
00610
05116
02392
08455
02068
02922
03354
03876
01829
02399
01001
00903
02468
00120
01523
00633
06823
03947
03913
04800
05926
07352
04538
04215
03510
08659
06426
03142
02975
08682
08480
05572
08096
03639
03559
00351
02012
02773
03142
04535
06310
00268
07843
08395
06022
02299
04269
06309
05983
09442
03775
03865
04026
03237
08817
00846
04357
03252
05303
05197
00694
08869
06689
08055
04387
08452
01029
00445
08702
05486
00181
05846
06909
00009
06532
08806
08127
08527
07528
05335
00535
06094
04382
03162
00835
05553
05481
01843
03778
05386
06358
08601
00346
02916
02294
07405
01844
03635
01654
03993
05554
09450
07951
08043
07051
07249
06630
05576
08984
07653
06263
07663
06351
04798
06698
06135
04727
09268
00535
00004
04927
01137
03387
08962
03072
07766
06729
04011
00071
04229
02911
08544
05716
07080
07542
06676
08592
08337
00532
09522
02179
02393
05503
09456
06310
04878
05408
02917
00153
09141
03775
01559
01781
00798
00979
09697
01142
08769
04842
01125
08404
05717
03662
02346
05553
01958
09435
08130
01408
02135
02529
01091
07442
00787
00043
06624
09569
03263
00866
03751
00854
05081
07128
08605
04331
01319
08004
04042
03858
07530
04834
02719
01202
06263
02036
09074
06552
02325
03592
05377
08267
09441
00203
01900
09068
00090
07572
07297
07252
03823
02549
00521
01891
01804
01778
07510
03791
03806
07323
07323
04528
02564
07608
02381
02882
00487
08562
08124
07017
09361
05085
05489
06172
02121
00217
04280
04738
04819
09409
07416
09210
03916
02958
05468
04145
08285
05338
09574
00987
09426
03520
00779
00758
03261
08393
04318
09400
07841
05002
06949
04633
08329
04833
07046
06452
08393
02606
02351
05914
03613
06127
07282
06977
03077
09599
09604
08756
08877
01076
05205
00648
06339
02239
07743
03038
08350
04425
01788
02600
01385
04477
01876
08907
05593
01681
09252
01619
01372
00904
02042
03782
00281
06645
02205
00955
00542
00893
02135
08370
04060
03571
04610
07438
04889
07429
08973
02867
00874
09667
02494
04086
01800
09432
04321
01751
04483
05529
03286
05665
05803
03258
08456
07702
09495
02868
09614
03601
07815
09333
04020
02013
06697
02163
04947
08576
06908
03180
02633
06778
01414
07716
05599
04021
00009
03613
00765
00425
03737
02163
09582
00577
01000
01768
07722
08436
00614
05191
04281
05327
08688
05053
02136
04816
07689
01729
01294
06064
01293
04589
02333
05970
01382
00963
03073
05110
09479
08766
09143
00070
09184
01682
01631
07316
03153
02265
03139
06166
02736
07295
02534
03024
02189
00443
08181
07659
09640
05909
05577
04444
02334
03321
07836
08615
05001
02480
02486
02945
05337
03305
02400
05013
04615
04624
06352
03534
08516
00387
06359
09179
03982
02755
02204
01034
06571
01049
05243
01499
00193
07790
09070
04209
05033
06754
04339
01945
01808
07117
07543
06526
05420
02060
01539
07566
02495
07733
01102
03907
00863
07721
01379
04864
02951
02060
06253
02943
00725
01649
00988
09175
07601
01273
05890
06350
07749
06121
02984
00944
03203
08771
05828
08069
01321
03177
02849
05173
01500
00498
03401
00131
01533
00331
05194
03563
01841
03818
01071
03636
05775
03213
08635
00827
06716
05073
03386
01209
04850
05887
05815
04185
05654
01421
06765
03981
04192
04910
04133
06419
01898
03259
07098
02757
06546
04657
02973
04290
00428
08388
00988
04512
07725
01955
05833
01091
06157
04595
08152
09212
09196
02810
06786
07815
06956
01088
03366
01355
07134
07261
08043
06839
00824
03631
09087
06706
00602
01035
07695
04849
05438
05754
07374
06965
04123
05102
08880
08784
08545
02126
01545
02452
08412
06856
00024
07531
02161
02439
01019
07707
02230
03320
00244
06630
04026
00434
05329
03010
02994
07261
01416
01714
02601
01305
01615
01221
06905
06457
04556
03589
02519
03675
02681
06825
04656
01436
03402
04367
00243
05443
04976
02364
03388
00086
06211
04618
03918
08693
07575
06049
09325
03711
05537
01987
04909
08725
05285
07157
01096
06150
09575
02570
01776
04837
07123
03538
04366
06937
09210
03013
08780
09011
03740
06856
00968
03750
09056
07625
03194
06572
02887
06102
03314
00353
04241
03127
00820
05785
04129
03797
01319
02456
07724
09040
04028
02549
05305
01485
05469
07913
09632
06185
01232
09381
03641
09549
01758
06670
06112
03794
07354
01822
02408
07887
04727
06088
00809
06735
00640
08582
03907
07112
01449
00654
02304
09305
00199
00687
08546
09200
08301
02322
02971
00853
02901
01689
02397
08044
04607
02821
08675
00462
00056
04608
09641
04086
03083
06790
00832
03353
05509
01951
02427
02248
02660
06234
07065
00168
07672
05990
08009
02460
07838
06254
07447
00703
00401
05052
07394
04113
01925
02983
08499
08540
08946
05365
04276
03195
06391
00864
08662
02963
07941
02565
08073
05291
07688
02807
03703
04150
03092
00378
08532
06789
06368
05452
00773
00894
07332
03518
03294
03879
04130
02772
09022
00248
03000
05206
02003
00120
04113
04698
08964
00916
01622
01495
02340
05330
09431
03617
07921
00377
05314
06404
05065
04890
03632
04599
00508
07787
06479
01726
03182
09328
02025
02119
06524
02846
03224
02190
07655
03671
08303
04412
02242
07037
09192
01286
05126
01793
05254
09492
08291
08084
06839
08180
06837
00384
08676
03345
02296
05576
08126
02896
00526
03426
04490
09294
04972
06626
03504
07522
07481
04230
04431
01667
06070
04333
08048
00413
00589
04835
01102
01608
09154
05583
05579
06165
00260
05391
05246
00257
01330
06923
07525
02581
04018
06122
05061
06476
09262
08257
00704
07913
07363
04118
06267
05761
09418
04508
00238
09517
03295
09449
06402
02357
04517
06398
07338
00515
09330
07247
00993
01119
09438
05579
02223
04337
09466
05591
08302
07869
09471
08723
09534
01836
01518
07562
04918
00803
05850
08502
00414
00785
06898
06979
00662
06775
09420
05766
06415
04832
05551
02624
00453
03419
04714
02013
07489
06547
02174
01771
08986
05009
06866
05630
01052
05230
04610
06085
02520
05318
03085
01116
08807
04234
01343
07861
01442
09230
06160
07354
08043
00089
07815
06893
04294
03281
07416
08632
02903
02744
01778
01444
05204
08476
07644
02852
02478
06296
05290
06922
06718
07348
05391
02621
07666
08448
04519
00903
00558
08018
04860
02483
09545
01756
00114
02223
01525
03173
01096
05792
02496
05467
04361
07251
03088
00738
06704
01592
03613
09362
05132
05138
01122
02331
05969
08957
06727
02382
06572
03960
05530
01759
02097
01091
00710
06301
01075
09638
02856
00019
06505
05429
01101
00857
03237
01608
04369
03503
08994
08786
07729
05215
06807
07805
00742
04757
07126
01856
00281
05300
01771
07189
09407
05721
01502
03584
03706
04327
06272
07346
00405
01891
01391
05352
04149
06309
06596
04718
07542
05112
01427
01071
02254
09167
03578
07719
02549
02892
00651
09211
03677
08195
04144
08990
01820
00468
03540
05021
07404
01147
04124
08591
02183
00541
02763
07820
09337
06496
07727
01399
02204
05027
09586
08893
02139
04239
00179
00755
02911
09490
05723
01273
04634
00987
01294
05947
01529
00008
09410
01607
03985
09553
08130
05172
04570
07425
08632
08329
05137
06665
07063
02785
02224
09557
08008
04235
02025
02519
02656
07742
09108
09665
04306
07183
08229
03043
03215
04988
03450
05709
05768
05609
00121
07355
02315
08422
01406
06119
09095
07939
00717
09585
00378
02713
07427
09502
09012
02878
04976
03238
02102
01580
04532
07971
03257
05239
08338
09396
04062
05700
06667
04060
03671
05023
01119
02928
00019
06273
04168
02511
04335
07451
03512
08879
05885
06266
03444
02162
03810
00040
06567
08233
06897
03777
01751
09518
09443
03755
08117
01069
07882
02276
06724
04099
07242
05381
01968
06014
06182
09377
07554
03657
07256
04428
04919
08820
00572
02774
07791
06918
07807
05444
07047
00075
05449
00876
08514
02649
02888
08182
00577
06254
07404
00244
01650
02943
05521
08548
06968
06949
02456
00397
08850
03893
01299
03762
08065
02980
03431
01939
04072
00992
00863
08754
04707
04117
02682
05719
02072
03671
08525
02905
05307
01205
04785
02384
02983
07141
07217
08351
04522
02138
07169
04674
08922
03071
09631
09094
08723
07770
00033
05350
04543
02713
08584
03710
08296
08430
03180
03272
05281
04886
04310
07514
01922
01659
07407
02303
04949
05407
05506
05318
06079
05297
03565
05860
05536
02304
05716
04483
03437
03122
00408
07507
00156
05114
01004
00821
07982
03887
00827
00552
00937
01465
04878
01583
08887
09503
00335
06714
09055
06246
07078
03985
05319
06009
03040
09455
09068
04674
08971
06849
08991
02417
09403
08529
09216
00749
08587
04350
00289
01107
01755
05726
05440
07636
00337
04760
06698
06399
01145
04577
03597
09495
02884
06669
00841
07830
02514
08199
09140
02510
04340
07756
04964
01099
07489
06590
00574
04324
03880
05666
04572
07183
07231
08496
00762
05570
05291
07255
07730
04411
02185
03076
09608
05224
08925
00805
08946
06577
02438
07435
03093
08424
01050
02145
04048
08631
09584
06560
09217
04205
03739
08783
02183
09666
07865
07352
02436
03217
01133
05862
04068
00696
04915
05318
05382
01647
02199
02897
09278
04846
01706
07292
07084
03069
05809
05351
02765
01162
06282
09660
04815
08745
01209
02427
01032
00505
06943
04479
02024
03492
03451
08704
07036
07929
05039
08293
03457
03426
05586
05494
07308
02924
02120
04090
08080
07499
03917
06390
08197
06695
02512
08346
03744
05981
04165
04382
00857
07264
08534
09381
02300
05463
06544
03886
09321
04967
06352
02043
03591
05403
09676
02763
06417
04592
01393
02897
00005
03708
04208
01367
07217
02955
09074
06809
01970
04548
02559
08394
02415
01314
01735
06282
01243
02250
01964
02946
08429
07874
00896
08501
07662
05920
09276
03156
02385
05793
00241
02736
08651
08214
03931
06461
01380
01441
02924
07918
00090
01565
01684
05945
02085
09255
09268
02669
02161
01865
07371
00342
04441
08793
07569
03843
04321
03875
00363
07513
07767
03360
08352
07828
00258
09339
05204
03616
04359
06914
04598
07666
07033
07154
00195
08862
06472
09492
05486
00867
09491
00804
05162
05162
06728
05440
04637
02732
08456
01798
01839
04003
01036
03416
03014
01133
02610
05813
01194
02236
04806
06553
04092
03906
08498
09505
09593
07133
07844
04861
05421
07436
06731
03199
03297
05024
07868
06436
02162
06669
05760
09471
05392
09321
01955
06518
05607
00831
07636
05426
08034
01910
00396
09167
04530
09369
02661
06288
07465
07739
04796
07809
03836
02456
04791
04366
02011
08030
02709
02453
07037
07546
06407
09585
03180
00647
04470
00877
00167
04098
01795
02772
04407
01945
00546
03487
06123
09129
07742
05058
00088
04811
07025
06352
07733
04190
07786
03105
03184
07859
00529
09554
08970
04027
00607
01556
08306
02486
04134
07978
07338
07985
06902
08877
08677
02453
05880
05314
07033
03176
03609
09163
00037
04933
02559
06816
06151
06335
02691
06848
05785
09444
04070
08508
00029
07828
02583
09311
01779
08653
07886
02421
09427
02973
07539
03664
00977
03119
04241
04995
02070
02492
03687
07586
01920
08354
02209
03034
05621
00299
08085
03471
07113
03651
09492
06734
03502
04620
00943
02328
03545
02244
08992
08961
08880
09342
03978
01716
06750
00622
01638
03755
01544
09361
09158
05893
06998
07832
02520
05537
07437
00054
03157
06147
03688
01914
03596
03981
05049
08944
07183
03762
02752
03455
01913
07822
03159
07968
04749
06627
09097
08310
08958
06614
05257
04857
01012
08723
00642
04821
02000
01702
01437
01336
03768
08602
03771
07576
08462
06276
06978
01328
02171
00573
08851
00687
03088
02321
04454
06422
01805
02976
05117
00167
03475
01343
02482
09142
07732
01368
01325
08369
05692
01132
00539
03560
05207
04369
09129
01906
09558
09564
04212
03380
07924
02613
00082
09091
04267
00186
01023
04662
07531
05666
09379
04426
08427
09119
06611
02813
02594
05760
03598
06094
07377
06160
05129
07479
08600
05016
03255
01351
08863
02516
07729
08579
01104
07814
09614
01407
08731
05208
03443
00314
06466
05283
07405
04426
06430
08029
05860
09002
07246
00387
00357
07762
04723
04221
04336
04413
03281
04692
05200
07875
00910
04985
05843
08355
02909
06400
02366
05692
07827
00839
09226
08659
08958
00550
04362
07223
05230
07841
03613
06769
03548
00625
01283
06612
05005
00453
08032
08474
03701
02499
04389
03382
00107
02122
04660
04494
04194
03731
00058
05488
07393
06209
01244
09696
05311
01171
08892
04801
00656
00848
03918
07201
03845
02998
06387
06829
02988
02316
01901
05358
00909
02858
06977
00825
09101
05328
05074
01088
01679
07791
04071
08838
02274
01199
03569
03667
09569
03318
00919
02165
07855
09638
03858
08655
07096
05794
02265
01087
01760
08895
07602
04272
04155
02578
07152
07487
03497
08847
02682
04787
09085
01044
00332
07675
01365
00275
02328
01414
01852
04047
03391
02046
04597
05798
08659
04115
07388
06769
08514
07780
08948
05217
04581
09653
08040
01169
04027
00320
05054
00774
09600
02653
00206
03682
06442
06477
04623
06993
03523
02934
06257
07114
02185
08641
09467
09589
05832
08029
01471
00255
05866
08524
06717
08491
00285
02257
06473
06281
01021
08752
07638
00349
00892
03944
03468
00305
06196
02087
06696
03448
04357
03231
02627
06927
03568
06064
03589
06882
06668
07221
04701
01152
00512
00321
06415
05529
00181
09475
02009
00304
02986
05220
08454
05437
03846
08398
09421
09085
03947
09501
00995
07305
02585
07700
02990
09178
06449
04337
04678
04402
04736
03066
05216
07532
05060
04249
00697
00286
05271
02005
08324
04912
05523
02723
09093
01222
08378
03535
04511
06606
05790
06515
07821
06616
00221
05626
04554
03083
08703
07071
09223
06968
04961
09417
02837
01771
05643
03219
06136
04979
00561
01321
09266
05879
09192
02814
06097
01951
08659
01629
00789
01000
04857
06446
03982
00371
05803
02353
07775
02642
03943
02703
05499
05665
00101
09230
01073
09286
08632
00516
04579
06811
02084
05104
03523
01719
01351
05107
01783
01936
06839
01570
07595
03448
03357
01213
00621
02853
09684
09569
00229
03299
03332
02231
09267
03765
04877
05981
00415
04367
03015
04170
08631
06302
03060
03182
04576
09599
02975
08820
01354
04863
09592
07871
04354
08284
03157
05988
07031
02396
04436
07614
02317
01142
00618
09337
00239
01835
01285
02093
05539
06203
08193
09251
07780
08610
09626
06070
02735
