04910
04940
06449
04505
01677
06595
05516
07257
01526
00560
06228
03658
04889
07109
01265
07858
08746
04483
06702
04980
05593
03642
05315
03966
04316
07852
05359
07534
08956
03136
00099
03701
05577
00883
01085
05732
08731
02377
02928
00851
05654
05520
08764
04497
07848
08917
00368
00213
07923
01552
01337
07666
08386
04091
00996
03802
04409
04672
07816
00554
03357
02256
05641
03506
06093
07855
00299
02968
05628
05245
03556
01954
08524
02704
05083
01905
02073
02717
05075
04670
06767
01045
08382
04284
06136
05100
01168
01533
05830
04629
03393
02465
05497
05832
00798
04265
00110
06166
05742
02585
06421
00740
08876
07483
08749
03906
07413
01169
08142
04640
03807
05442
02162
01558
00627
03558
06977
06289
03849
07661
08567
02958
02943
06105
09172
06431
08198
07564
00225
05994
08026
00123
08090
02353
04203
02898
06828
07788
04236
07506
06620
08018
07992
04069
05201
06759
04316
01314
07855
07791
01444
03612
00833
06561
07254
05269
06690
01591
02133
05727
00264
03633
05763
02067
06926
05689
05015
05547
05997
07217
02503
02889
08614
01752
08721
00539
03374
02060
01612
06534
01206
07930
04806
08159
09030
06593
03417
01081
01942
05988
07871
06616
00265
07005
01854
06308
03638
01631
08739
05593
06884
05269
02983
03995
03921
08422
07632
01143
05343
03913
08743
07141
05820
00565
06209
06106
06732
08129
00780
08649
02965
03739
07848
03209
00583
07892
03535
02114
06998
02040
07154
03345
00805
07915
06258
05436
02865
05087
02248
08159
00487
04594
08129
07460
07907
06421
06138
01040
02006
08375
02164
07402
06915
08783
04643
05880
03494
03785
07625
05346
06561
02359
05930
08247
02405
01513
04091
02414
00009
06504
00476
06165
08986
05052
04880
07125
08239
04589
07829
05991
04328
07302
01716
03039
00083
07253
07622
05719
01546
07775
07936
09015
06620
02289
07309
02511
01094
08178
05639
06103
08174
03428
02050
06286
02716
07641
04949
05662
06310
02178
00309
05953
00358
00210
05360
08845
05066
07137
04371
00554
01783
06556
00825
01685
07083
07338
02896
07693
05790
01370
00089
08074
00132
03464
05372
01773
07890
02430
03062
09170
05258
06167
08368
00531
03428
00687
06461
06071
01227
07974
00512
03799
04130
06723
01207
07088
02545
08917
08968
05188
05488
06805
08550
02171
01230
02775
07664
05368
07406
07887
03158
05766
02319
08817
03001
05825
01495
04944
03262
06432
03963
08776
05935
00272
08941
00808
06974
00413
08131
08934
06151
06457
01456
00886
06257
03151
02369
02182
05408
00033
06550
05185
05098
00829
05034
07827
05091
08558
06721
08235
02888
07919
08526
01308
05221
06026
05070
08670
08963
05167
07316
04531
00690
08512
00338
00707
02174
04409
08001
02616
05249
07485
00845
00950
07989
06027
04127
01218
05284
09039
03672
03651
03646
05925
01431
09078
05462
00761
01752
06347
08730
04810
08538
05149
08796
05101
04490
08015
04034
07325
05681
08162
08839
05695
08551
05315
02379
07380
04418
07297
04270
05912
08655
00412
03508
06392
04524
02537
08854
03537
02495
04322
08277
01906
06631
00554
02907
07747
02989
00510
01056
00607
04534
04711
03142
04269
07032
05869
02465
01245
07270
09141
04774
02845
01322
08634
08719
07723
00590
08442
07497
05173
00647
00311
00890
05404
07839
00942
06034
01175
01198
00404
03949
01588
02435
08108
04529
02777
03156
03318
08219
08553
07248
04930
06065
08002
00941
05073
02467
06850
05780
05132
08370
02154
05221
06158
03773
06539
01127
00396
05349
09005
02976
07557
07308
04015
07454
05893
03390
08584
07568
07043
04571
03068
07204
08682
00689
04458
00269
06773
03186
08386
04704
01060
02247
01364
05131
03195
04785
08244
03043
04025
00135
04329
05881
04422
05089
01668
02201
08293
04320
06702
06238
05353
02632
06890
01109
05908
06011
01658
02620
03914
08082
00222
02711
08389
08459
04231
02207
03522
06186
08553
01639
04008
09005
05407
00924
06281
07073
05800
05944
07472
07834
03327
06948
08202
05059
05480
07592
08098
03010
05894
05728
08981
02423
00362
03532
01652
02481
02246
02260
09191
08045
00720
00758
00462
05340
00338
08718
03827
00959
03358
02288
08763
07826
05502
01493
03500
00850
06537
08848
01481
06876
02434
08028
04424
02964
08299
04612
05220
02175
00855
02574
09166
02429
06236
08453
05982
02694
03367
06817
01240
07456
05242
01413
00714
01962
00080
04069
03026
08552
07442
02162
03036
07276
03090
07268
05400
04829
01732
04355
03978
01751
07004
04353
01739
03471
06818
02887
06285
02784
05346
06811
06012
06935
05568
05467
03824
02391
03385
01641
06143
06682
09093
05762
01103
07365
01273
00332
02601
06487
07177
01484
05417
08734
04522
01938
07010
08374
05364
05473
01983
05182
02343
01711
02163
08504
05541
08245
07426
07613
05693
02163
00425
00827
06136
03268
08248
00621
07468
08761
00048
06325
08062
04756
03990
03960
09012
05395
01591
01782
08025
04727
06919
04180
01209
09137
06962
00632
07276
02040
05827
08817
00608
02425
00914
02592
08462
00587
06344
01654
04031
03037
04543
03724
02024
04223
06917
05817
07664
02154
07263
06948
02370
07469
02121
06038
08333
02741
01419
05674
04873
00055
07896
01812
07957
04317
07952
05980
04796
01756
06741
07830
03333
06478
04683
08527
04377
03376
07465
08565
03680
07674
05644
00003
05444
05142
04426
09080
05015
06783
05411
03939
03601
01127
05732
06621
05073
03429
07846
02387
08228
06010
04355
01775
06836
04638
02728
04802
03848
07068
05030
01504
02537
02919
07747
02791
05476
01367
03710
08381
08011
07059
02719
04230
02023
00108
07212
01903
07208
01428
05000
02554
07820
05818
00053
07718
00606
06723
01723
05018
05430
07159
02785
01470
02447
06405
03816
00293
06981
05283
07304
06811
00061
08614
08977
07320
02239
04170
06259
00510
06126
06206
04889
06836
04648
08640
00096
05967
00216
00305
03686
05802
02441
02532
06590
02290
02741
06696
07856
00273
05868
04111
04012
01701
04992
08506
05919
03931
08173
07300
04830
07149
02630
00616
08383
04262
01626
01487
01992
07406
03750
00346
03599
06055
03108
02184
06000
07746
00241
03588
02557
07806
03532
08943
02255
00478
00537
07925
03403
07718
04262
05487
04432
03954
06421
08116
02589
08019
04184
01580
06688
07495
07451
02451
03656
06947
01467
02951
08460
00352
06821
04238
07300
06528
03657
03334
09173
03979
03788
04538
02507
07818
04205
08142
00862
04191
03583
06632
08119
06047
00597
00843
04236
09070
05725
06097
09127
01605
01875
06292
05381
07058
02262
01673
04762
05388
06999
04745
01057
00320
04029
07501
03601
06621
02310
05702
00716
02586
08504
05287
08737
03263
04630
02735
07153
02918
07310
06951
04718
08431
09183
05508
03103
01594
00759
02745
08993
05893
07738
08348
01592
03794
01168
03859
02819
08771
00357
08779
08525
02981
07332
04117
04783
08982
07197
03597
08290
08741
07747
07721
00803
01333
08595
04986
00400
05405
01262
03378
08799
02271
05751
02674
00013
02339
05832
01086
00131
00559
04735
07936
02613
00309
03798
02518
03717
03081
00320
02713
07300
08237
04831
08539
00744
02411
01011
07708
00761
01375
05469
04056
06262
04575
02513
01888
00933
00567
00362
00132
02055
02661
01319
04554
02889
06062
03043
02318
03607
07499
07555
04135
03867
08436
07160
05889
00499
04967
08868
07643
07569
03876
04953
04735
04492
08152
03261
03946
01091
08628
02282
08264
08370
07386
06818
01293
00589
06708
05807
03922
05273
05184
06920
00442
06042
00892
01152
08191
03351
02986
03673
06862
01802
01488
07094
02876
06467
05711
00286
04675
00316
02029
06011
07838
01415
01889
01650
07981
00068
07867
00350
05028
02719
04925
05797
01750
05670
03882
06124
05658
06727
01898
04262
01975
00088
07863
00503
08482
03329
05943
03496
06352
08803
06630
03987
02602
03452
08447
00413
05389
04098
00982
04179
02554
08141
00086
03325
00657
05394
05922
03792
05300
07113
04506
03184
01995
07824
01164
08082
00356
00440
03204
03151
05637
04557
09106
02660
03552
06548
01127
04198
06449
02845
06091
00916
02439
05015
05869
00613
00829
03090
08968
01360
06339
01216
08287
07674
03374
06309
08133
01433
02280
07470
01787
09175
06565
03470
08487
01731
04068
08578
07293
03170
00511
07222
00749
01491
01775
08897
00936
06815
02894
02780
04752
01311
06138
08656
05468
01224
08611
07580
04228
04113
06690
00918
05119
08773
00741
03785
06055
03348
04683
02060
06454
04452
01273
07668
06607
07972
03926
00319
02747
00561
08761
01825
06046
00162
01277
08893
01173
00094
00799
06969
02831
04782
00340
02531
00933
04044
07353
06866
02071
02938
01096
02981
05525
06896
05363
08632
06486
07229
03009
00950
04217
03886
04594
06648
07318
06029
06209
02586
05503
09057
06021
04607
09016
01491
01363
05115
08032
00497
00404
05598
07419
07051
07631
01585
08894
01626
01107
01113
03655
03968
02610
02984
04342
08747
01981
01794
06555
04068
07640
02637
03917
02692
06746
03714
05524
06821
06356
08769
04421
06950
00859
00129
00168
08649
02612
06644
05222
00231
05819
07944
02356
01603
08079
06714
00087
02171
01629
08502
02483
02954
01368
01209
01508
08315
02482
03767
06168
05608
08730
00729
00615
00993
01586
04318
00751
08601
03995
07474
07473
06249
01887
04764
04242
02520
05803
07073
04095
06626
01527
01334
00704
00852
07876
07394
02535
05354
05009
08962
07174
04816
03513
04630
08186
03285
01548
01257
06775
02110
07192
02303
06769
02615
07716
09159
07141
02499
08842
00095
03554
02900
02479
04598
06936
04822
01824
06444
01947
02454
02794
02710
08467
05905
01189
01486
03795
04055
02526
08312
08387
06030
07152
00831
05517
05410
06766
01981
02257
00794
07680
06185
08501
08694
07896
02091
01565
07764
06480
04299
09154
05090
00017
03864
05698
06190
00386
01172
00373
02650
05003
01260
06263
01227
03013
01142
06918
03072
01009
04691
07082
03567
07297
00724
06507
04955
06775
02440
02036
01650
05368
02099
06451
01555
07628
01643
07001
05501
02981
04028
06820
07970
01817
03627
06934
04090
00941
08488
02210
04484
02464
04764
02243
06983
06626
00722
07273
08407
00671
05890
00833
00995
00924
07816
00335
06299
00781
00676
03339
06271
04880
03034
00357
06467
04346
00025
01398
08015
04523
04713
00517
06498
01024
05789
05730
07958
05846
08761
05298
02590
03414
00061
04232
07661
00305
00478
08269
06256
08889
01654
03339
07243
00697
06930
08507
08130
03314
02842
00585
04605
04131
08365
04497
01743
01653
00010
04585
03760
00672
01179
06107
01365
00765
03100
08093
04753
07706
03082
08750
08806
03955
02598
07535
03540
01363
03176
01483
08114
09062
00784
01877
00698
00778
03112
03517
07837
02786
02086
05582
08824
08374
00270
07351
02271
06171
01091
05028
08502
04954
02222
04120
01135
04320
08871
05609
01709
06690
08752
01960
02183
01642
02610
00636
06872
08818
05806
02570
08563
01068
03126
07763
02723
01259
02980
04170
02497
03314
03176
02208
06239
00839
06975
06926
05793
07252
04078
01310
00139
00858
02638
03223
07621
03106
06530
09027
00428
03185
01924
03870
01730
06214
01837
06637
04037
08644
07347
07129
05117
07687
08860
01943
00847
03061
04241
02725
03663
01442
07054
08595
06578
04511
01798
01003
03377
06913
03044
03998
04089
05754
00684
07501
01264
04870
06623
04609
05986
05907
00061
02855
02969
01245
01509
01307
06507
01686
03592
03296
06765
03583
06476
08394
08550
00870
02941
05528
00270
00684
01229
09169
08341
07408
02619
03562
07520
00701
01762
00817
09118
01198
03256
06313
02216
02762
05751
08034
08839
09023
03689
06436
03008
08927
00428
02600
01306
04209
02133
07123
07824
06214
05648
06864
09026
07098
06198
01001
07126
08482
04263
04834
03548
00904
00871
00578
08895
05807
07637
04350
05463
02629
04230
04372
03515
06005
05585
01857
02979
07350
01827
06063
05324
09188
02530
08687
00229
09145
05023
03183
00471
08551
01093
05447
03969
01716
05790
00838
04944
01907
02660
02388
04718
04715
06052
06196
01666
02326
01551
00169
02677
00872
04667
05185
00981
03610
00263
00993
06786
08754
07403
01279
06325
06673
04669
01814
06145
00248
00320
08858
05569
04648
08967
02792
04849
08565
07336
05225
06649
08966
06667
08371
08212
02635
04689
06092
00047
05771
05554
00412
01757
00954
00495
06077
06006
07027
05094
02642
08336
00856
05283
05905
06598
05523
03539
08878
04948
08759
08068
05590
06341
02152
04921
04565
00100
02164
03354
00388
05374
03148
05415
03442
03241
04547
00749
01726
08910
06082
03394
02447
00209
04214
03578
05952
02257
05575
07563
02618
00571
03461
00174
04528
02985
08097
02620
01569
00168
02805
07528
04126
05511
02881
06908
04777
02203
01603
06363
08213
00207
01266
04645
04432
05769
04088
06697
06842
05848
06377
06980
00816
00202
04308
08936
08474
05801
05141
03529
04525
00437
05892
04592
04157
02413
04734
01154
02483
01031
06093
07963
03095
02111
05863
03860
03754
08940
07568
03636
08755
00798
01965
00402
08244
01748
02918
02200
06104
07354
03879
07571
04427
03327
04884
01511
01190
01588
07526
01023
01269
04417
06277
08739
02487
02962
08852
07522
02754
07550
05348
04255
06880
08296
04950
03976
01690
06574
07697
06800
07311
07135
06508
07375
07760
04474
06808
06255
09036
00849
02413
04327
07603
07612
01936
00821
06762
04554
08334
05956
07466
04387
06007
05261
05700
01720
02489
04618
06661
03228
07160
06694
00754
03468
08647
00112
07105
05321
04278
03806
01795
00439
05881
01837
03265
03118
06096
01319
07266
04189
08296
05662
05111
09086
07853
00756
01252
08292
02090
03981
07595
04146
01055
08092
04022
08773
06686
02955
04992
05121
02866
06262
07792
04746
07228
04070
00259
01433
06107
01419
04486
04990
03207
06243
02701
08900
03755
01623
05891
01072
01356
05797
04670
04803
02762
02616
03982
04303
02851
02739
01346
02278
00302
07565
01430
02670
08474
06693
03053
04593
07556
01175
07383
06625
08751
00823
02336
08457
00083
06234
07189
02030
03284
04453
00339
06756
05326
03741
08142
02285
04106
06701
07819
01772
07632
07333
06986
05224
03865
06831
09139
04220
00735
07102
07388
09179
02259
04783
03316
02385
03467
02146
01935
03860
03206
05201
00703
06953
07021
07614
04139
00291
05368
03100
06846
03543
03786
06676
05311
07051
02827
06168
07993
05164
06208
08339
05446
07871
01608
06319
01133
03983
04821
00193
08548
02581
08197
07087
04756
00406
08509
00033
00600
06214
07553
06693
07921
02410
07426
04044
07402
05963
07188
02579
02594
06311
08619
06060
04987
01393
04530
08474
04078
00520
00263
01804
04585
04358
00678
07520
05527
04335
00913
06457
00778
08169
00297
05211
07575
06538
08139
07027
06045
03309
01754
04580
02068
09007
05940
03356
02750
04038
06980
08901
05405
03408
08052
00743
01873
01369
03405
00922
06683
03207
07501
08858
04852
01600
01187
07523
03075
03499
00713
04892
04047
08404
07823
07488
06785
01976
00128
08295
08212
00336
00275
07939
06476
04107
02353
08822
07905
01412
04141
01041
05494
06003
09173
05560
08618
08559
06644
06529
05579
08817
06321
00891
00049
05396
03335
08298
06062
01000
06226
01201
05680
08437
07987
01673
03425
03229
03632
06109
01051
04730
07755
03064
07947
03943
06813
05590
04033
00747
03055
06936
01265
08624
04357
00787
06505
04033
05448
02392
09183
07377
05694
05389
06103
07865
01191
07050
03118
05097
00583
01185
01142
01984
08971
02004
01022
03175
07994
07594
04988
04183
00745
02540
00970
01947
07275
04698
01851
06080
04292
03835
05896
01512
07368
04705
04284
04398
02852
05547
04200
01460
07320
08404
05411
08953
07248
04361
04370
03462
03342
08999
07264
04263
04854
04514
06778
02295
08342
00691
07754
09172
07711
07433
08733
05761
07428
07088
05699
09082
01486
06687
07123
08914
07305
08907
05161
02777
00015
01561
07261
03018
06975
08945
08800
01568
04522
00014
04101
00088
07994
02706
05930
02881
04078
01510
02978
04784
03046
03902
06897
06368
02968
07035
02195
07687
01661
06395
03289
09076
04300
01547
05825
02357
05360
04668
08433
04805
05960
03587
07791
02273
03547
01979
04352
03467
07701
01493
04491
02840
01251
00447
04025
04485
08727
07283
01596
07271
06440
05526
02137
01103
06042
05761
09155
05451
05941
02540
07717
07194
02276
05062
04940
08152
05117
01297
02431
03031
08440
07931
00860
06735
01165
01175
02656
08828
00319
07930
04338
07957
00847
00257
00156
00445
03454
07951
05671
01970
08706
07125
08371
06643
03556
06810
03632
03439
03204
04554
07675
05064
00634
07915
08360
00215
04522
08394
08489
06937
08499
05364
08936
07350
03412
00193
03175
03490
03627
01066
07489
08252
05628
02283
08124
08117
07434
05668
01310
03755
01461
02121
01993
06995
09024
05882
03509
01668
07037
04524
01736
02800
02968
06758
02068
01806
02925
01224
04413
00290
01078
03462
01893
09071
07205
03538
00615
09139
03115
01079
08108
06096
00195
01490
05789
04730
01245
00363
02549
00380
07610
00546
08706
04581
07569
07172
02889
08209
02653
04636
07475
05362
01539
00422
02167
08333
06915
03007
05493
01793
04602
07624
03196
04705
05761
08521
07337
07347
03463
01027
04302
06961
06806
04846
03946
08189
03108
09009
01002
08322
02584
04351
07644
05157
06790
06510
08491
06922
05033
03524
02156
08067
06972
06442
02084
02723
04566
00466
05396
04385
00911
02117
04386
04168
05539
08053
05013
00699
08370
00721
02332
04230
06706
07991
00716
01984
06690
04403
02085
06220
03739
08486
05343
06174
02741
08482
07654
05115
08019
03041
01919
08473
03212
01174
07062
05189
03495
02875
07782
06084
03970
05001
04980
04305
03391
05959
01128
07653
05388
08761
01608
07829
05613
00153
04275
06533
08744
06899
03079
05194
08621
07083
02288
02062
06560
08457
05998
08892
02421
05732
02273
03594
06790
08093
02356
08151
08547
08322
08563
06810
05447
03155
01082
06714
05555
07457
03435
01116
05450
04018
01243
08887
02009
03442
08683
00964
07008
08403
01486
02032
01520
02533
02251
00099
04403
04128
07841
01595
08595
07902
01473
03458
04792
02966
05149
05647
00754
09155
03916
06472
03887
04467
03030
00805
02457
08875
03026
07663
07615
02536
00458
03447
02399
07888
02215
07667
08285
03383
06767
07891
02226
08189
06167
01154
01315
07557
07303
00136
05773
07713
05641
08492
02858
00857
06668
02791
08963
07770
08699
03299
05586
06907
00246
02547
04851
08394
07114
02012
08007
04613
03986
07217
03892
08501
00857
08700
05308
04037
06970
02136
02423
07936
05350
01324
02672
00024
05457
01474
02826
04003
07706
08437
02589
08432
07381
02633
02545
05480
01607
02788
06181
07407
02045
00650
02157
08745
04890
04614
01862
07497
02155
07108
03590
06501
06728
05373
08645
07653
06777
03513
08706
02507
00546
06776
08004
04236
00845
04828
05102
01724
02963
04686
01629
02024
08054
03873
02801
07437
04974
03188
07638
03926
08782
01104
04910
05506
06178
02929
07532
02788
07352
07890
03647
03044
06375
06721
04698
02707
03952
09042
04076
06908
05328
06991
06833
02533
00928
03068
04180
04213
07641
05720
01039
04911
02103
08192
08609
06381
07897
02270
04842
00312
06481
01727
03254
08211
08606
02691
05188
04328
02452
04509
04177
01258
01397
08873
03638
06905
03742
08173
06667
02292
07760
06104
01174
07513
01914
06536
03812
08936
08352
04264
08259
05542
05626
02886
05497
06845
07962
05682
04677
08624
06347
04498
08832
04651
06307
02866
04335
04153
06534
00649
02984
07168
05479
09127
00575
01528
01562
03483
06844
02153
02891
04193
00842
04081
04629
04312
03774
05492
01792
06162
06082
05870
08922
01204
06269
06804
02081
07213
03281
05417
00906
04500
01697
07948
02369
05674
01485
02767
07389
05662
02796
00194
00271
08207
00516
03934
01767
08668
03544
01453
02227
01687
03375
04582
06373
08313
07261
05448
06384
00191
07552
01244
08079
07041
03993
01852
04210
06643
03365
02434
01798
00565
06504
07001
02863
02965
06421
09184
00100
03685
08267
08877
01960
03638
01823
03550
05712
03635
07746
02170
00390
06667
05840
08934
07609
00902
01140
05572
02511
01176
03675
02710
06312
07012
05140
03184
02272
07272
00528
03676
02208
04262
05963
05990
08961
03730
00295
01815
06735
05415
01874
05040
00614
08037
04228
06316
03324
03637
07111
03912
03675
01197
07106
05695
00904
01598
05092
02781
00501
04554
04362
00517
06559
08164
08797
01358
02005
07440
00011
04200
02822
04889
05216
05580
00293
03937
06912
06578
06300
00851
02404
09100
08058
03092
05055
02800
05675
00248
05676
01011
02098
03329
04806
01632
04421
01763
01603
02551
08757
02563
01710
02403
00089
08973
03808
07284
06246
01028
04858
00347
02861
08676
04577
06388
02369
03587
00342
01549
01187
04838
06497
09045
06428
04865
04873
04736
08966
08966
02851
08887
00055
01391
07909
01068
00635
01574
03190
08827
04222
03073
07636
04524
04291
07051
08961
07364
00659
03389
00922
08075
06165
00764
02613
04889
08966
05116
06711
07370
01654
07907
04912
06065
09199
05400
07332
02280
04930
00841
00454
07477
03824
01228
01650
00504
05937
07021
02600
00000
02453
00631
01936
05694
00549
02798
04622
02610
06005
07240
01220
07681
02808
01996
04942
07944
08944
06434
06686
03994
02144
01514
01876
01957
03184
03673
08458
04259
00893
01774
02282
06877
03674
06387
02860
04105
06695
08431
00543
00884
01356
05544
05763
05690
02242
05206
07537
02306
07598
05682
00648
03831
03483
05725
05349
04129
04371
05261
06318
08659
00377
04450
06427
07085
00806
08983
03793
06865
00959
03252
01564
02642
00095
03089
08073
07545
03942
05668
02141
06114
05726
01003
02598
03395
01557
08758
01260
01308
06556
04459
07826
06185
03435
05245
09119
02645
00606
01382
07540
01913
00896
08065
08698
01042
01811
03221
00969
05153
09082
00684
04231
01691
07603
01250
08571
08289
02851
00440
05069
04282
01567
08343
06700
04428
01717
04834
03307
03017
03398
04613
06745
08694
07168
04954
05595
01767
03499
02954
03112
09014
02688
06768
08562
07971
08673
05193
01852
02773
07593
04760
08380
07919
05217
06758
01582
08926
01724
07638
00930
04430
04864
08327
00995
07051
00210
05362
03573
04165
00252
07987
06218
06221
01517
05141
02769
01309
03917
06982
01644
05876
00347
03354
02253
09087
00726
05163
04396
02211
05252
04861
02135
08934
06978
06096
04903
03805
05241
05535
00683
07024
02297
08565
08259
00970
02357
05711
05610
00541
09018
07212
00513
02978
06829
05122
02276
03134
01969
00298
03628
08560
01377
07659
08560
06934
01424
01332
05848
08704
02154
01635
05616
00316
06791
08323
08678
08624
01980
02210
03232
07991
06237
03744
04525
03602
08003
02675
02422
08512
07926
02840
07104
08520
01159
03652
09089
06611
00669
02216
07980
05063
07898
05443
02795
01693
03896
03985
04296
06452
02822
08561
02552
06351
06777
03893
00996
07737
08513
07090
08005
05097
07097
05367
09148
02768
08570
04107
00156
06239
01309
00975
04661
07078
02811
05266
04429
05351
06227
02147
01964
08969
00806
04801
07300
08921
03235
01855
01803
02618
05578
00515
09127
06845
01919
01533
06677
05580
03262
08549
08950
05920
03477
00333
04903
00178
05282
08054
06187
01534
04665
00638
04775
02036
07858
01030
08730
02616
02062
00898
00886
00586
01828
03418
05295
05568
00812
01534
01247
03631
00838
03270
00676
04456
04776
00918
02439
01886
03299
02081
01770
02118
06497
05397
00365
08728
03853
07636
08604
04530
00526
05315
00617
06988
02961
06203
02193
02118
01699
08028
03902
01277
02872
04353
00313
05084
05066
04815
06409
06191
07970
06296
07741
08035
00844
07724
04321
03514
00602
05519
05712
07979
00184
05365
00071
03733
00087
08297
06146
09107
05992
08477
07253
05595
02742
09084
08473
06353
00432
00651
08305
06169
01986
04222
04279
00714
01280
04072
06984
08733
05183
03306
08105
07333
07887
05580
04453
04632
08776
06121
01636
00539
05967
06516
06361
04653
02390
01993
03880
06058
06398
09119
08498
05055
08809
00537
07822
00877
08256
04731
00454
06006
06254
00074
06683
08549
06087
03340
00630
02122
08281
08687
08861
00611
01037
02390
01822
04358
08010
01837
08778
02026
08887
08829
07873
06086
07050
03995
00678
03697
01921
03515
00990
01881
05212
00291
06315
05583
03781
08778
01071
03855
06078
09103
02240
05741
06134
04149
02839
06619
07815
00892
08004
07207
00415
05403
06337
03729
00664
04233
00945
00954
00246
06972
05669
04616
02973
08328
04107
08935
01229
00297
01188
07450
04283
06780
08912
06014
07901
07879
07369
05999
01873
01305
05512
08899
02186
08492
06199
03429
01705
04967
08596
03821
07828
04944
06335
03802
02421
05343
08849
07953
08962
06717
00089
07423
08132
02235
03796
09194
06710
05407
01575
04566
09020
08954
02252
07156
08317
01093
08551
08901
08271
04281
02356
07020
00366
03165
01743
04561
04856
03178
00112
07409
03496
08395
02881
00467
03229
08752
08013
01510
01814
07042
04502
02198
06716
01793
06547
09021
01260
07032
07493
06134
05887
01538
07652
06780
07208
04358
06026
00193
02922
05326
02124
01116
06867
08006
04833
06217
01673
04831
01504
07220
07584
03075
09034
03824
03445
08051
06369
07762
08169
09004
05748
00699
04157
04552
02520
07874
02535
07408
00932
00655
01839
07327
00313
07796
03240
08562
08540
03575
00046
07196
04242
01226
06184
01894
02519
03387
03514
06579
04682
02134
05963
07026
07224
00313
04061
00221
04516
00720
07038
01038
08976
00719
02346
09168
00539
01278
07403
04691
08295
04142
02526
06458
06389
06682
02435
01727
05632
04377
02881
08151
08722
06415
03603
03087
08823
02995
01779
04021
02284
02892
01202
02372
02147
05220
08673
01015
04279
01182
05887
03246
07926
09092
08111
07758
05951
07609
00452
04371
03625
06638
05244
07089
04542
01760
04103
03336
06771
00798
00035
09030
02949
06744
08534
02534
02945
01155
00246
01942
06895
06153
01016
04470
02412
08189
06979
07340
07475
06284
06384
06837
07928
04655
03057
01270
03841
06349
02795
09136
00177
07533
03409
01170
02289
02682
07086
06553
01789
03087
02495
04322
05433
01825
02890
01263
01390
01484
01151
07992
01157
01493
00170
08633
04207
02303
01090
05018
05423
07338
03313
08524
03652
04149
08080
07934
01350
06004
03439
08687
03612
09069
03038
08334
00792
04076
00490
04190
03488
06726
06231
03013
02026
04922
00295
05380
00691
07283
02740
02816
06332
04571
03744
02991
00241
04314
06102
05790
01495
01740
00156
05151
03250
07728
05016
08128
06784
05628
08268
05526
02885
02894
04767
07465
08084
05998
07274
01336
02711
03967
08795
03822
02460
03428
05145
04108
01340
00063
07173
06230
05672
01748
05322
08042
06898
00349
08145
00890
06789
03479
01107
06779
00658
01193
06539
05238
04345
04964
07079
03276
05952
00886
05291
01638
06243
07785
05682
03578
07160
06296
05411
04713
09037
06082
09148
04534
00305
03943
02781
01841
07260
02031
02579
05217
09051
03210
04335
07345
02924
02370
06739
03169
08706
05964
00632
06829
08613
04830
06223
01370
04330
08266
00098
08621
02491
06761
04694
04742
08562
05699
02112
04329
03127
06298
03409
06285
00339
07158
03743
00141
00545
00331
02785
09117
02752
06215
03302
04022
07463
06759
03715
06050
03750
01353
05719
04340
06116
05276
06221
08494
07355
00868
02382
01974
00908
05466
04384
07186
00351
02016
04878
07728
04844
03714
08229
01938
09135
06008
09081
08887
00796
09160
03058
04933
03471
09000
02614
04146
02638
05297
08420
01378
03149
02143
01818
01451
00494
06725
04084
06676
01203
08045
06994
04060
05217
03789
00228
06119
04771
07125
02917
04482
05848
08309
06769
01384
08202
06908
01187
01197
04476
00699
05504
01447
02895
03671
01082
02365
03617
05966
06898
02856
09026
04929
00253
04102
05300
00303
06577
08141
08095
01378
02429
07260
01887
00802
00531
05581
05963
05176
01522
05703
04914
07262
06372
00944
06707
06849
03472
03776
04537
08280
07661
02049
01665
05311
06741
03442
07626
00572
07953
04298
01592
08242
06599
02777
06101
00308
03548
05098
04325
01153
06359
07941
00180
00333
00164
00946
05918
03249
05858
09160
02730
01241
00330
00243
01716
05979
05260
06195
06742
05543
07367
04577
00418
03434
04021
08557
04094
01101
00177
00130
01661
07898
01366
08251
01830
06094
08965
02464
06611
07306
07298
08280
02009
03540
02572
08210
06830
04138
02039
05071
06860
07638
04088
03382
08112
00397
07980
09163
00527
00978
07461
00138
05815
06376
08882
03181
07149
08820
06842
02669
03320
00000
05109
06774
05288
06076
03655
00691
06980
04224
03626
04968
06960
03948
00519
00830
07079
03872
07776
02984
05131
08535
06797
08261
07894
03038
04017
07599
08347
07683
08520
05280
03310
07273
08160
03012
04989
06487
03104
06713
06506
07008
08921
00450
05894
01565
06328
07564
02683
07222
09093
04808
02438
09089
01052
06759
04271
04433
08693
02068
08278
04015
04594
07210
07276
05382
05013
08934
05883
00520
04779
05160
05251
03902
05064
05491
07074
04429
05360
03620
05903
00308
06527
06671
07508
04002
06919
07716
06757
07236
06260
02737
04305
04780
07901
06097
05524
02333
04505
00546
01318
01523
01450
01700
01172
07504
06315
04494
01369
08992
04626
01194
03496
03966
08354
09104
02921
07871
07905
06385
02750
00268
08160
00042
05040
01262
03340
07480
07915
01122
00607
04378
06210
07260
05092
08738
00529
04071
05574
05798
07741
06506
04291
06259
00186
02919
01410
04737
05593
01549
04878
05713
08491
08749
05102
02306
08071
05289
02931
06852
02756
01368
02237
06180
03188
02327
00298
08533
02765
00409
01948
05088
04628
00831
09190
00498
05640
01507
01267
03908
07833
04878
07139
04168
04947
02410
05890
03039
08523
03441
07287
00679
04180
05796
04038
03522
06158
03640
03298
06306
06701
08586
01619
07456
05281
07763
02671
00171
04439
05447
00264
05934
04715
05784
03155
07818
05304
08167
07216
02451
06654
03098
02459
01927
06335
08185
02925
08968
08646
00243
08079
08347
09028
09197
05245
02409
02024
04234
00947
02755
03371
05559
07079
04434
06885
06893
07650
02428
07583
05097
05900
01171
02326
05208
06659
08919
06872
08316
07848
01468
05583
08860
00054
06070
04471
03415
07967
00033
02702
04985
01157
03021
05735
02918
01762
05206
03850
03043
05237
06721
04028
06356
02746
05603
01126
03248
02660
02092
02436
02608
00345
09024
07773
03335
01546
08406
01178
00540
04350
03402
06677
05842
00282
04333
00144
02136
00719
07516
07518
03500
07984
03182
04402
01675
00350
02054
03154
02612
06145
01529
05735
08778
00901
08617
06468
05816
00816
05760
03153
09038
06380
03641
02707
06442
02725
05671
09017
03810
02384
07145
07861
04718
08277
00693
00214
04787
05467
07377
01758
00089
04767
03154
05444
05998
07825
03403
00009
05827
06155
01495
02463
08628
02798
03233
02250
00757
08458
04448
00951
00648
02762
02929
05860
04524
05082
08556
07243
01183
05687
03865
00942
07619
02593
08299
06176
05279
07615
08842
02382
01324
06911
06783
03673
07392
05080
08488
05936
03096
07774
04683
02030
01613
07057
08823
07853
06457
07827
04342
02214
04547
02116
05071
08423
05575
04652
02569
07071
01057
00996
08569
07193
03143
02353
04284
03314
06806
08862
02544
05000
01829
07588
04172
00834
05798
02009
08817
09062
02075
00003
05544
01707
04325
00007
01690
02140
00199
03635
03902
00724
04041
00340
06621
04652
00040
08100
01490
01583
02843
06467
04638
02103
00369
03377
04632
01254
00566
08374
04689
03234
04053
04526
04084
04653
01062
02373
01084
08848
07144
01978
02561
03524
01722
00179
08394
01229
00020
04093
05654
04628
07875
07661
04966
03967
02705
06840
05362
02943
08130
05068
07548
09061
08618
03081
01345
05649
08989
00368
08459
00089
04127
08966
05075
01379
03898
04868
01748
05312
05901
04831
05115
03396
07457
00319
01243
03622
06663
00014
00702
05296
00781
01598
07605
06547
02224
05255
06784
02683
04620
03469
07049
01898
07086
00858
03962
08404
05402
03309
04063
03047
06520
07998
06934
07940
08233
03372
02867
07742
01928
01558
02800
08926
05516
03058
05618
06321
06234
02221
06246
08783
06487
04976
08426
03496
07099
05739
01657
01244
08752
07200
04030
00935
06330
01423
05610
05576
06849
06970
02976
08845
06809
00084
01277
05117
07923
02555
04629
03009
07740
07054
07544
02880
00163
02748
08116
01909
03656
05436
04964
08607
04544
04083
08694
08389
07477
01397
01403
04596
07722
03659
05127
02902
05132
05117
04648
06273
03988
05916
02723
07609
07914
00494
02233
06690
06099
04231
03369
04935
01147
05665
05904
04544
07229
06968
03627
08916
08142
03845
04157
08539
07514
00036
08988
06685
02663
06884
00245
01197
01798
01818
00032
00716
07016
06850
04670
01323
08204
00948
02014
06929
00502
07759
04320
03732
02188
02068
08369
03352
06378
06610
07205
07873
02885
09017
00114
00935
03292
04461
01352
09061
06331
02233
00047
05294
03706
00493
03050
01245
00594
08838
02247
04486
06287
00489
07544
08991
02912
01388
06027
05381
02731
07280
01189
04220
00030
00430
02910
01126
08081
01229
01926
04719
05607
06622
05542
05459
05860
08148
09088
03069
02984
07427
04968
04141
00568
06596
01180
03620
03262
07282
05871
04943
05879
06020
06467
06446
07434
00327
07940
04000
06105
03031
05586
06637
01839
08379
02551
07871
00026
00762
06279
00158
01842
07517
05332
03975
05367
02211
04065
00872
00073
03291
04255
01034
04304
08721
04467
04107
06540
06408
03896
05560
07335
06256
05697
08580
04167
01124
06647
02951
06448
00036
02240
07557
04101
04778
01873
03129
05695
06378
08122
03982
02374
01963
02447
09099
05068
09132
03944
08041
05593
09125
01806
06946
06673
03275
00421
06231
08706
03855
04489
08189
00730
07124
04289
07574
08213
09148
05729
09080
05923
08382
05355
06188
02728
01061
04021
04805
07277
01864
01526
03578
06533
09153
05001
07730
03418
00733
00196
02139
02085
08591
07411
04119
03404
00049
06317
06100
03717
04888
00088
00918
08185
06546
03897
02963
04116
08927
04131
03019
07417
06649
04017
07250
05779
05826
04383
00028
04597
00457
02497
06116
07491
05368
01527
02120
09002
05884
06329
04132
00266
01106
08892
00345
06212
09115
00215
01530
03950
06604
02015
07059
08451
03732
03933
06807
06311
08746
08482
02740
03432
07875
03777
06005
01553
02541
01146
00356
00232
07451
02231
05178
00647
03262
02847
01668
01944
03612
01497
02499
08985
01727
02410
07057
07294
08989
03855
02683
04230
01967
01830
07103
04342
01344
00375
08755
03778
03588
06976
09183
09050
06338
01597
00553
00769
07472
00471
01563
09192
01497
05907
03427
05193
00782
01227
07031
07280
01238
06954
00930
08435
01987
00817
03376
08115
00083
01175
02114
07195
06351
02909
00238
05236
08676
00478
03190
00539
03115
03014
08691
04762
07479
02778
08350
04211
07467
06277
09082
04460
03013
07843
08898
08755
01419
08213
07883
08851
07728
07413
02069
02031
08995
04340
02803
02923
07893
04575
07412
06618
09157
08240
05870
00881
08921
01457
06199
07483
08827
04059
08351
04358
04782
08540
03725
03226
03979
00327
05588
06266
03036
02198
01729
06195
03317
05354
00052
03825
06074
06979
02681
02097
04624
07323
06722
03185
01092
07740
05730
00516
02146
05586
05289
01649
01620
03419
05575
08443
00343
03531
01391
03884
08603
06668
01274
08218
01431
04723
00164
04523
08902
04062
04055
05973
06482
02889
02498
07214
02875
08384
07989
03762
01652
08622
09052
04483
06347
08915
03301
01979
08979
07717
01936
07933
04800
06622
02963
01369
07246
02195
07735
06046
08541
04276
02370
07081
07037
08159
06801
04268
05411
02831
00978
05946
08645
07474
02540
02543
02808
05769
00283
08477
08883
02968
07900
01217
02351
02685
05665
00547
06653
04205
03537
02204
03716
01178
05199
03266
08070
00657
00486
04415
08655
07007
00238
01264
03225
04180
03181
04857
03166
07584
08909
02742
00907
02073
05397
02668
00348
06591
02487
01901
00746
06583
06534
00330
02735
00339
02050
00452
01506
04674
03282
00715
06307
08116
07004
07271
00644
05334
02099
06229
05585
04652
08366
08425
06990
05996
02961
07698
07948
05063
06779
07563
00520
07571
02507
03613
05088
07987
09119
06402
05011
02008
02570
08292
02676
02368
03537
01076
05913
00669
08227
00023
09142
08209
04195
08251
06818
03685
00739
06743
00003
01097
06383
06512
03483
07046
02963
01191
06222
04143
00233
00752
01422
05749
00931
06574
01301
07577
06529
00890
05438
00413
07600
04083
05217
03012
02191
06335
03545
01848
06511
07167
04980
03994
03959
03408
04566
04707
06673
06398
01306
02073
03429
06387
00918
01646
07375
02381
02906
04307
01279
00238
01141
07609
05454
01245
00548
07832
05800
04490
05592
07512
01546
03630
08467
05709
03176
07760
08591
02400
06987
05300
02986
00247
00134
05327
05313
06519
00164
01638
00680
02832
00064
08691
03028
06967
04401
00425
01797
07473
07055
01039
06212
08746
08790
06696
00660
01238
05190
06196
02968
07119
01716
06095
03857
01421
08386
06167
08082
08899
00613
00267
07810
05750
07944
04990
02797
01561
02253
01067
09160
02371
07579
06851
02927
08578
06425
02289
01293
07017
04165
08431
08518
08053
04513
03010
00484
02349
09194
07023
08621
04120
07623
00817
05469
08456
00331
06355
07413
04628
07478
05815
02832
07843
04270
07785
08830
05156
04405
08686
03535
07179
08984
03990
00237
02342
03156
01296
05654
04637
08453
08829
07045
02376
02652
05692
08348
03178
00412
04181
06160
02651
08657
02977
01681
02036
01773
06262
08005
05923
02704
07121
02000
06047
02884
00572
01457
02037
06339
06943
04284
06336
00933
01938
07759
09144
06121
05873
06676
05905
03055
01272
01394
01092
08816
04381
04832
04570
06331
04254
02440
00981
03389
08767
01619
03497
00844
07014
07414
02775
08048
00914
04217
04555
01679
07301
02320
00715
06851
06114
04104
04384
02778
02001
08655
02113
08313
05776
07024
02682
01662
01780
09162
06012
08561
08733
08957
03422
03893
00903
07360
06001
08321
05660
08849
06417
05846
02999
04570
02599
00621
00100
05676
08539
04159
06228
07259
00551
04559
04652
04470
00567
01175
04972
05553
02492
03982
01581
01121
03536
02675
01396
07139
06644
08825
06579
01065
04710
01279
03743
00210
08670
05147
03292
00005
06054
02850
02468
04490
06378
07974
06726
04629
04805
08157
07531
03424
03915
06698
07220
01235
02853
06730
05376
06851
04263
01661
07066
04148
03998
02782
06078
07260
06149
04241
01100
04886
01510
04697
06293
03808
01357
09139
03299
07153
08856
02546
05461
05162
00107
05559
00663
05672
08897
01725
04960
04867
02237
04559
07125
05095
08141
00343
05323
06988
03184
00611
07001
07172
07614
05781
08476
08528
06246
03640
04949
05583
01429
05483
02349
07556
05746
00043
07304
01155
07383
05217
05559
07609
05321
00580
06888
00117
08536
01725
05448
06630
04146
05798
03384
02882
00706
08557
01741
07648
03591
01499
02289
03250
02767
00651
01608
05571
00834
00905
07581
02505
06490
04361
04442
05015
08544
04977
01366
07026
01442
07092
08217
07342
08896
06524
01067
05172
09079
05139
05659
00562
00709
03534
02236
00975
03962
08231
06729
02473
02511
00005
04184
07165
02593
00890
03229
06514
02534
08489
03077
00835
05248
06434
05731
08983
06543
01659
05416
07839
01216
00428
08155
08459
05635
07991
08024
06137
04043
00211
06004
00587
09183
07700
06559
00468
04349
07896
05202
06351
04030
00560
07400
03515
08117
01017
02425
04183
04544
06390
08338
04934
02129
01612
04320
01263
00583
06569
08778
06372
03573
07138
01279
06813
09076
02952
01909
08977
08676
01686
07264
02704
03661
03242
05459
03727
05077
04605
00721
00032
07098
05697
05548
08174
06798
03526
01263
04914
08627
06185
00151
04405
02780
09001
07291
08323
04579
09175
09085
05128
00457
05241
07577
01370
00488
07723
04922
01074
04324
01348
04892
06920
00800
01344
07596
05386
01180
04015
03019
01176
03212
05833
07809
05807
02660
08348
03519
02321
00592
04980
07341
07150
02368
00437
05826
07585
02625
07624
00545
03208
00086
03488
07312
03537
08869
06920
02085
06718
04078
04235
00937
00757
00710
01679
00718
01783
07650
09166
00061
08923
07407
00419
05655
03462
06238
05390
07006
07400
05948
05235
07836
00262
06704
07125
00545
02032
06238
06347
05866
03039
04984
07613
04316
04237
03428
09149
00001
03584
01961
02420
05353
06804
00579
02872
02369
01716
03942
08487
06129
02069
07951
02882
05775
08448
04853
06473
01442
03577
05647
06399
08241
02432
05583
01258
07449
06260
02652
02393
01037
01311
04509
00338
08440
03378
01841
03719
04766
05229
01356
06564
04064
03915
01244
04344
03455
06472
08394
03150
02392
00128
05851
08711
03197
06950
08678
02453
05796
06349
04432
05926
06776
06935
03795
04219
01533
03879
08781
08244
06642
04437
05221
04715
05535
06621
06424
05289
04398
06308
00321
00376
01142
01321
07608
03127
05585
02596
02417
05731
05792
01870
06725
06504
04645
02844
05214
07124
03261
07081
00811
07588
08673
06142
06787
08126
08961
02305
00999
07498
09041
00552
04784
06861
09088
00440
05448
05923
02435
07134
00308
08760
04737
03977
05519
01748
09143
00642
01042
04145
06812
01114
06286
01882
00190
00446
03244
01121
00603
06057
08060
07901
04076
03127
00139
01263
01068
09025
07936
01471
01878
06857
07924
03208
08748
02196
08753
06204
08740
08751
06387
00757
09069
00575
00476
00666
07471
01017
01732
04778
09152
02218
04925
08455
03219
01669
02052
00530
03756
01703
05331
07840
03486
03096
04852
03094
06453
06401
03136
04246
06831
08596
04870
06149
05188
07644
05639
02456
01911
07138
05005
08379
07765
01817
07420
03789
07163
09175
02625
04300
08468
07472
04103
06856
03071
05392
04280
08343
03359
00629
06560
08068
07228
03639
00814
04197
06470
04821
01844
04296
03514
01053
00269
08760
03310
08008
07982
04338
05750
05504
08453
00910
05417
00334
04782
04493
02477
02180
04021
02078
08686
03924
00597
05612
06238
05419
01279
00488
05271
05934
06838
08078
00300
07583
00295
08790
05645
05996
05815
07482
08025
01220
03780
08847
08430
07495
01453
07490
02844
07081
00190
07392
00855
04642
08003
08594
08331
01685
04189
06915
07962
01227
08131
06639
05329
06283
00704
04137
07609
00345
00794
00105
05817
01736
07923
06241
04504
08173
01464
05707
05824
06466
06007
03377
04334
04611
04301
07608
06598
05000
02061
07817
06516
07039
01293
00461
04957
06294
00907
02773
04852
04738
03340
05220
05736
00863
03045
06201
08890
00549
03763
07468
00765
00243
05700
03540
03398
01610
07432
08483
05203
04377
08978
04975
01912
03792
06457
05070
09156
03363
08428
00957
07522
08493
05538
05789
00172
04862
08446
00091
02761
03251
08225
02826
07879
08785
02250
06894
07012
01869
07720
05480
00710
04555
04465
07817
05003
03665
06571
06229
00554
06310
01159
05830
06040
02637
07517
08362
06231
02168
00563
06554
01049
03707
02007
05383
01650
07791
01020
00563
07851
04719
02305
07209
00867
05426
05548
00027
05152
01909
03878
01574
01443
06788
07248
00612
05738
07701
06340
01838
03599
08370
08326
03931
03325
08353
02921
02713
04370
02065
06926
01127
07152
03859
02903
02364
02270
01427
03481
02312
00844
05617
08288
05958
00212
01648
01036
07866
01723
04363
00841
01772
06774
03375
05277
01009
07498
06649
06091
08403
08459
05084
01460
05277
05270
05999
03325
06228
08763
00129
02299
02421
02594
04282
01755
07719
05407
00079
01278
00877
04671
03793
02482
01835
02386
06515
00892
06289
02755
01398
06960
05545
07474
01859
07635
05097
07394
01701
01880
05526
07934
08880
08583
05173
02551
08146
07644
08271
08041
08500
03675
05088
05596
04492
05249
07516
01237
08755
06469
08815
01468
04334
09134
06047
06377
04555
03486
04337
01672
05386
06924
04164
06747
05557
03920
00733
01695
06206
02311
03872
02598
01011
00294
05401
06515
02288
01322
08804
00965
01826
01582
02223
06842
03043
03943
00137
02181
06103
02553
02631
06907
03714
00301
01619
08118
06164
05642
07361
02012
09154
01519
01296
03290
07313
02323
02985
00234
00641
01795
08296
07445
08709
00874
07412
01585
04027
06880
00796
03578
01004
03817
05359
06447
03217
04782
06104
04372
06143
08745
01845
01541
07762
02025
02498
00202
03426
04086
06759
00117
07075
00238
07915
07352
04111
04782
01683
08612
08584
01676
08475
02541
03293
00705
04095
04809
05499
03204
05478
03639
02637
08129
03004
02876
00769
05993
01035
05176
06424
09011
05813
03847
06986
03696
05537
08676
06884
07101
06639
04680
05887
04865
05097
07984
06638
03013
08889
07293
03556
02931
06001
06708
00847
04791
04043
07397
02613
06771
00509
00009
02537
04351
02024
03909
06842
04813
01214
01820
04281
01083
06461
04752
03829
06641
06348
09113
08500
02042
03121
04766
00944
05183
09181
04191
05611
06719
07765
07062
03089
08219
08894
08690
01449
02845
01795
01443
03623
05481
05350
02532
07601
06364
04049
08033
05164
05393
05239
04714
04482
06802
01645
00256
07778
04300
00798
00701
00821
08283
06383
02912
02280
06180
05920
07861
05515
03970
01548
01171
02436
04695
04237
07007
01585
02884
00782
03551
08024
05541
02815
00968
04029
02083
03423
06872
04384
01341
06825
05856
06047
04417
03997
00265
03663
01011
01737
01560
01491
09040
00484
03004
02951
01453
00680
02467
04300
07736
07497
05500
03967
02384
01238
04104
04616
03937
05675
06298
03868
08791
03552
05373
04384
06356
04562
06293
04667
01100
00492
02781
08918
01117
00402
05264
04370
02077
03241
02019
03158
07547
05430
02191
03812
01832
04962
00428
01159
06926
04518
02889
02044
08158
06121
09065
02217
08120
04483
00999
09022
07699
05437
06090
00071
06828
08136
02883
02619
04075
01862
03235
06884
07906
06985
05386
02395
00319
08134
08090
06943
03696
07364
07002
05378
01910
01735
00646
03728
02130
03396
08836
00557
01195
06305
02241
04906
07922
06187
02682
06852
05325
03426
06567
08377
02256
07061
02017
08375
05850
07237
06741
01075
02954
08745
06800
08659
06146
07326
02970
08633
05892
08664
00719
07388
05690
00250
04280
06948
05842
01294
06009
02322
04901
00529
08931
06154
03097
05358
08793
01262
08460
02005
02400
01608
05169
08920
06512
02051
08951
01538
05767
02775
07316
05829
05373
02959
00322
04270
01042
01096
02144
03142
01763
01817
03673
05192
04427
04042
06849
08746
09062
02770
00075
01594
07489
07489
03031
00902
01709
09094
00633
04232
05395
06734
07638
06812
08033
08666
08392
02944
07106
07979
05632
08199
00844
06333
06986
07497
08723
08013
08860
08395
08475
02264
05689
03446
06362
04738
04034
04007
06380
05648
00668
03490
01264
06882
08077
00932
02032
01984
02351
04292
01182
07744
02119
01940
05209
05826
07935
03242
07775
04552
08207
01381
00973
07445
05515
01743
03649
01136
04678
04382
07040
06853
00132
04262
04324
01688
04605
05023
05821
04039
05309
07102
03657
05516
01576
07682
02126
02875
09051
05597
05523
05230
02765
05918
05855
03387
00533
02839
02569
03038
01765
04752
07470
02904
07028
06839
00049
00788
00506
06241
03805
04018
02628
08690
06566
03026
06903
06917
02974
07038
03681
04008
03411
07956
06667
08936
08469
08447
08762
09172
05718
08225
05541
01248
02202
03903
03361
04985
02221
03801
01480
09119
08548
06580
06537
05220
00939
08982
01928
02464
06046
01118
02502
02847
05283
06029
02507
08503
02549
07173
07536
00169
03211
06060
05081
07555
06327
07436
06351
01696
01339
03803
02652
03677
02037
08114
03968
01897
00011
05357
07440
03336
04353
08174
03806
05732
03064
07118
02019
06993
04304
03472
03897
02474
01694
02419
05702
08637
06105
08021
05842
07344
08814
03599
06617
03023
00820
06481
06876
01988
06698
09002
03794
05217
04764
03683
05180
01340
04500
03513
07191
05831
00077
03030
01258
02028
02978
05611
03182
07778
04405
04908
08349
05390
04684
03160
05796
03400
08614
01507
04978
07753
07964
07490
01395
04302
01858
04210
06998
01068
09100
07829
01257
06672
06237
06042
05462
08145
07787
09000
01159
07413
03167
08246
04230
05740
06520
06106
08767
05629
04527
06829
03814
03164
03733
04152
05813
00836
06616
00765
00062
02550
01028
04883
01999
06510
07447
03263
01171
06383
05005
02764
03381
05467
00074
07272
07039
02992
00070
03594
02528
04674
06034
08515
09196
06225
00793
07200
04478
05591
03473
06777
03225
07536
07297
05049
02700
01398
03420
01883
04451
03528
04428
07469
05626
03287
00842
08740
03997
04381
05754
04060
03018
07546
08355
02857
00312
06876
08651
07519
04401
06730
05250
07658
07675
06157
08565
07403
05508
05004
04691
06352
04139
00674
04492
00479
03500
08974
02213
01054
03747
03943
06423
04818
08514
04682
01864
02627
06077
03026
04129
06872
05715
06050
03854
02372
05175
06353
01781
00860
04364
00451
07294
07219
00303
06640
06785
07957
04878
03812
01004
07820
03495
08451
02243
07810
02459
05206
02178
05860
02049
09029
00815
02511
05814
05619
05914
03051
01570
07553
02438
07664
01383
06176
03777
07720
02579
03655
07791
01139
08484
04508
04437
03937
04155
04099
01681
04016
07145
07265
08279
01250
07110
05115
08983
01305
02000
06096
00522
04978
02128
09055
01722
08460
00409
00999
06657
04883
03514
09049
01866
01230
05523
03563
05860
06097
05540
00076
09109
00303
08288
05120
07931
08415
04144
05671
02606
03210
00869
05198
06913
00239
06469
08209
04567
03747
07207
01259
06530
07928
02073
00956
06198
05257
08878
00917
03532
01503
08086
04931
06675
03251
05765
05222
05617
06801
02325
06893
08856
04277
02023
01136
05763
07412
07461
06154
07151
05098
07283
08081
04535
06187
02612
05666
01255
01880
04633
05262
07890
03281
05524
04971
01391
04865
01211
07624
05470
02218
07431
05730
05257
02846
02268
04156
00165
08183
00163
05854
08520
06356
01811
03004
03796
01920
07103
04705
01905
01680
08505
07033
04394
06937
05459
08008
04125
00892
09014
01370
01126
05087
03740
01416
03733
02666
02967
03299
07467
06970
01445
01793
05476
08261
04811
06017
01470
00603
02942
03100
02233
08165
09040
03082
04806
05692
08615
03838
06913
05257
07914
02560
00091
07077
08293
02661
06240
04220
07005
08172
02248
00898
06829
04215
04905
06050
03933
08084
06809
03743
09188
06872
05025
02009
01076
03015
04781
05567
02260
08466
08496
05883
00828
05661
03588
04478
07945
04475
08975
03752
08000
09129
04257
02932
04479
03573
07674
04910
06783
07865
04168
01106
05958
01575
02302
01058
03881
05650
04305
09044
02590
01670
00444
06134
06543
07126
02499
02831
01371
03248
03076
03571
01718
07007
00377
05442
05009
03821
04506
08861
02660
00275
00976
08822
00840
00206
01220
07252
03489
09071
02598
01776
07128
03056
04474
07647
00743
05870
07852
06843
08366
08279
08932
07904
06099
02290
08277
04897
07573
02629
01135
04900
07345
02342
02708
09137
05597
00162
08968
00930
04322
07028
04097
08279
07464
05891
05166
06425
01753
06202
02452
08712
02615
05333
03284
00260
03065
02821
08712
06276
05648
01920
08636
05399
06617
07512
01257
05893
02379
07062
04092
03104
00463
06435
02166
03468
04784
06851
05292
06889
08936
03854
08591
08521
00730
06620
08262
05506
03566
05933
05319
08769
08934
06338
00676
03897
06208
04379
09122
02871
08740
00222
01397
09059
08045
04880
06952
01877
02948
00532
08825
05217
08152
01277
00816
01697
01626
03842
00879
08862
03045
05037
00773
06283
07947
03551
05757
08334
08090
07924
00340
06011
05869
02254
05496
07070
01071
05457
04971
00213
00154
04218
08983
07016
01245
07293
00891
04470
02653
08121
03316
05933
05730
01978
04231
07750
01986
00619
08714
03114
01195
00950
00930
06501
05850
05802
05223
04742
02377
08888
07588
06063
07556
00634
08123
04608
00140
09087
04726
03194
03733
01735
04103
01330
07962
07048
06128
01141
03633
01195
08111
02482
04776
05446
08737
07865
06302
04407
00952
05886
01935
09001
03623
03529
01623
09190
07578
07517
07384
07626
06338
08259
07031
08079
00238
04082
00592
07962
00165
03709
04634
05410
07952
05914
06596
06456
07589
08026
05471
01815
02125
02042
06902
04794
07095
06245
02935
04116
07046
04516
06373
08720
03813
08003
02599
00757
02875
01264
09016
05093
07418
05875
09073
02371
01713
04277
06004
07583
01089
04798
05103
07856
08732
07007
01344
06316
04569
00552
05128
00375
02932
01464
05848
00485
06547
05855
02248
01086
02420
07937
01335
01933
03714
01657
07356
01252
02022
05111
04539
05440
00697
04520
02995
07765
08215
01056
01380
07734
04656
00695
08141
08291
04969
02413
02068
01535
04047
05195
00783
03020
04315
00344
03487
01942
01329
08964
06237
06953
06995
08260
08637
07151
05378
03451
01854
06794
06852
05506
09075
04410
05985
05860
06092
02844
07815
08808
07741
08544
06206
07579
07744
03701
08326
05721
02215
04131
08524
08328
08089
00836
01308
04050
00302
08127
09136
04589
01126
08835
08886
05992
08275
07261
08383
01108
00855
04614
06516
04204
07047
04893
08787
02195
03871
04876
05816
08473
06960
07992
01191
07001
01780
00298
03541
09138
02674
09158
06822
00064
05917
03109
05024
01878
04679
06643
06463
04843
02083
05270
07938
08862
05015
03865
04035
01270
07056
05797
06276
05787
01584
01259
03125
02635
04450
01312
01058
07034
07374
05925
08184
07369
01416
05250
02728
05121
02899
04607
05524
08764
01475
01279
07799
01185
00032
06041
08498
02778
03606
02868
02336
03891
07769
01294
04074
01682
04966
03545
08503
05341
04693
08178
07147
03484
02427
06512
04881
06828
08124
06678
05667
09117
07085
04389
03430
00569
08918
01697
02963
01122
06150
06797
01743
03142
03154
06181
06060
08481
03350
06713
07128
07184
05148
06689
02691
08109
06169
00434
06399
03676
07012
05115
01520
06513
02915
02220
03938
07899
03438
07924
00474
08385
08196
01636
04853
02344
04172
03654
08668
09198
02548
00004
01497
07510
01701
09158
08163
08352
04296
03244
04405
05748
01121
01539
03662
03019
08778
05560
04545
02506
08059
00135
05100
03964
05140
01166
01061
02811
05805
02931
03025
05179
07925
05534
04270
08835
08182
00052
07568
07881
01402
00002
05913
00216
03799
01394
07985
07905
08069
08653
07734
05419
04209
00845
04284
05944
05178
07086
08981
07814
00744
08688
03436
03438
06700
01979
02860
05884
01571
05408
08973
00332
02932
02824
01822
05917
02137
00060
05934
06341
08074
05168
06404
06337
04980
02188
01647
01927
03753
02648
00056
05850
07969
00323
06948
02601
07343
05936
05109
06820
05342
06254
09023
07308
02410
03043
00648
08919
04491
03172
08793
00844
03275
05411
03857
01185
04937
07654
08521
09102
06534
06528
00642
07469
00637
03822
05690
05057
01680
05856
00414
07008
03869
07985
02649
04767
09167
02389
07355
08312
03777
08495
06197
03050
03837
03036
01232
06286
02451
03775
05293
07953
07509
06202
03463
04018
08511
08933
00741
03210
02404
01007
00651
06995
02083
04046
00096
01783
08504
02980
08747
03510
03263
03920
02630
02019
04820
04430
07909
01292
04262
03324
02768
08628
03450
03018
01867
04574
08059
02190
02663
07368
08286
02625
03249
02994
05700
08873
02136
05993
07097
07715
03452
04437
07098
02796
01234
04651
07940
08061
02676
02960
03862
03009
01445
07179
03720
00709
07938
01972
01285
03803
05956
00495
02212
02874
08178
04896
04501
08213
02708
06378
03670
03334
00098
08328
05189
04631
05258
07414
07920
07533
01121
04525
01832
03026
02321
01321
07844
03613
02240
07353
03538
07568
00401
02419
03544
07198
02164
00897
02473
02567
00744
08316
01091
07377
03953
02707
03909
07317
03636
04632
07997
06963
07216
02103
02639
03474
00903
02724
00098
08872
07913
00864
00501
05730
07761
06023
09071
08594
04441
06890
07508
05586
02617
01940
00963
08761
07773
09035
00156
02425
06932
00900
06255
02833
05940
02867
06464
03222
02187
04190
01046
05049
04865
06077
08146
02613
01017
04961
05437
00168
06918
02270
01067
06796
01179
07398
07051
01104
08698
07043
03744
04087
07069
08144
00666
01885
04451
04852
00877
06978
02163
08701
06372
06516
07612
00261
04094
01101
08317
06244
01910
05254
08480
00257
00400
06838
02657
01174
05743
08380
07676
06255
08596
08245
00852
06254
08465
07194
05920
03295
02428
03465
04929
06179
01519
02270
07854
01067
03724
02205
03712
01811
01165
06239
07306
03848
04073
08631
07215
07112
08051
05904
05623
08788
00109
03413
02125
00484
00538
06908
05248
06647
08112
04512
01673
08373
05372
06153
07100
00772
01776
00410
03047
07779
05063
07127
05783
02567
00410
08689
00106
04559
01755
08448
03008
05510
08782
08491
08106
03908
06071
08055
08517
01777
07198
07530
00384
08072
04495
08571
06952
07539
03182
03016
08997
04041
01160
04018
07277
08288
06437
00025
03142
02001
00170
03952
04585
00231
01819
07725
04578
08739
00925
05647
07892
05728
02889
03468
05257
04702
02172
03254
01511
02381
00475
07210
06110
04839
04180
00741
05838
02282
02448
01106
02502
00160
02773
00404
04487
03325
01576
03453
01335
00277
02287
05273
01153
05688
06549
03114
08793
06651
00582
03312
01501
05636
01914
07381
05688
08658
01807
08818
07536
01622
09166
04850
06719
01458
06448
02833
06238
05196
01114
08736
00301
05246
05523
00632
07216
07662
08710
00039
03444
06261
02498
05244
07023
00207
02911
02412
06868
07198
07212
01519
03718
08762
06580
07946
00644
08425
02975
08825
03795
01655
02756
07145
00153
01266
00219
08767
01701
08437
09184
02569
04237
03423
08021
09135
00655
09055
01007
08580
06313
05423
02496
08175
00995
00170
05365
03409
04490
07818
00005
04162
02184
03682
00634
07581
03455
01669
08220
02868
08629
06866
08520
04097
00664
01069
01056
01003
07218
04362
06061
02113
02680
00280
08655
08678
02701
05192
00197
00281
00468
06057
09095
03647
01666
08802
07184
07776
07602
00203
06410
01931
07218
05800
03362
01862
08586
00306
06618
04742
08605
07748
04029
02855
02920
07759
01565
01768
03239
03979
07048
02359
02871
01402
05625
00052
06374
09082
07259
02149
08726
04072
01992
03254
01057
02667
04592
01770
07111
05492
06101
05922
08530
06240
06707
01513
00282
05111
03917
05578
00341
08868
08258
08302
00886
02001
06079
03478
01606
05967
05614
00017
04528
07167
07500
08970
02790
06720
00440
07282
02626
08517
07430
03205
02567
07074
08276
01195
08565
03747
07268
06174
06811
05849
08408
01635
00886
00786
04636
02551
03176
03108
01549
03639
02436
01429
03624
05020
07158
01882
03021
03553
01664
00971
06241
04898
06878
00239
02243
00771
06171
06425
08134
