00437
08641
01485
06021
03658
04695
06242
07337
03134
01906
03920
06024
05852
03228
05865
07449
06150
00526
00305
02419
00805
00211
02729
04724
03555
03070
03015
08543
05126
07784
00916
02223
05404
05449
03625
06128
06990
01912
03519
05357
03530
01958
03106
06019
03953
03828
09385
05573
04681
04396
05396
00225
03064
08357
08506
07535
06974
06681
05287
04882
01277
06065
03950
03551
02656
02120
02873
07098
06573
09332
03170
05057
04744
00193
02420
04672
05182
06383
08347
00906
06067
00812
08893
03793
07864
08133
09243
05789
02132
05693
03312
03344
07326
02512
00197
02531
07140
02089
08671
04681
04924
07688
05238
01673
02484
04367
08922
08057
05407
08219
01284
05477
03407
01208
07006
02623
03362
06662
05712
01057
01099
03063
07080
04766
04821
05834
03925
07566
05678
03442
02312
01320
08206
02895
05888
01098
00850
00214
07017
06452
02433
06116
03472
03754
05667
06142
00373
02448
06417
01028
06692
09080
08981
07059
00202
00542
04719
07506
08914
00573
05168
00957
07601
02131
05783
01949
02428
02303
03158
04984
00163
08187
03392
03284
01946
09036
03985
04831
01860
07294
04370
02779
00565
07149
00671
00405
04906
00086
03183
09324
05359
00012
07928
08038
08853
07014
01348
08422
08381
06093
03156
05034
06182
02572
01287
01897
01159
08512
06822
04690
05401
09367
04784
04071
02276
08245
05733
08977
03861
07281
01673
06013
07384
08214
03344
07971
04616
01173
08256
07983
03856
04344
03207
03744
00629
08473
09170
07990
04498
05833
05670
05754
05967
02341
08823
03309
03288
06067
01547
03650
01061
07178
07418
07039
03363
03967
09325
03006
05014
07572
07480
01251
00041
07723
01917
04838
04516
00608
03173
00832
08033
03932
06598
06242
03731
06374
04100
03840
07219
08756
03773
07389
07640
00055
00278
07984
04658
06932
04651
01036
04331
07127
07335
02838
00715
02074
02536
00567
08911
07235
03197
08202
06925
08332
07048
08743
00679
05332
09322
00845
09041
02659
04743
08894
07401
02138
07231
08444
00666
06425
07870
02201
02908
01754
07817
07485
03835
04506
04789
08561
01923
08072
02374
06744
03997
07838
07520
02949
08009
08077
03134
01110
07936
03181
05309
07896
01572
06809
06619
03573
04486
07889
01706
02857
08635
04769
05955
04906
08573
05039
07864
08990
01762
02682
04163
07326
04579
07349
04036
00375
05155
05915
09083
04873
03362
05189
02378
00905
02333
02111
05342
07945
00531
00816
07906
05912
07742
00584
02984
09204
06492
04740
02541
09034
00298
09325
06800
05824
05260
00238
09295
00243
01779
00924
05165
08394
00707
02848
09148
08955
03304
03312
02675
07187
00421
00572
06460
08849
02312
09211
00037
05380
00877
00646
05440
09275
08294
09364
04594
02219
02412
07293
00972
07339
05068
09074
08297
02979
04977
00257
00533
02243
05425
00991
04846
05912
02423
03406
05931
06377
06765
04974
04589
08320
07444
07552
02629
04987
01274
04165
01228
06850
06974
06149
07153
03276
01962
08131
08131
04610
01358
07381
07995
00437
03285
00986
07612
09147
02318
08732
00586
03324
03777
04902
04796
07923
03644
02287
08480
03312
04674
07931
02530
05402
05431
01810
02200
07793
07178
02962
00813
04810
09110
01552
03136
02460
09183
08988
07360
06984
04558
07090
08486
05237
06129
01245
00663
01249
07930
02070
01789
07915
07634
00562
02697
08941
03386
05313
07175
08856
07166
03059
08981
04159
06102
08397
06145
02998
08763
03817
01303
08963
01858
03956
04156
03650
06223
03384
05170
05286
02138
03450
01448
07843
00711
08814
03844
03537
05252
06510
06872
07099
01972
06281
06119
09014
08514
00232
02026
01485
03669
06213
04508
07617
02087
01916
00086
07133
04481
03635
03871
02647
06527
02358
08836
03555
03635
07619
07928
08770
08665
00356
02176
03807
08358
02106
01854
04714
03070
04663
00967
03358
00209
08596
05803
07581
00425
02177
03097
03291
05426
06371
05052
07063
01622
01767
00342
08950
05156
03357
04392
08082
02420
00671
04667
05344
01962
06545
06638
01583
04413
01763
05324
04852
06411
07458
06785
01275
07075
04317
00545
03216
06438
04882
00669
09307
02922
08752
00979
07129
04797
01944
08136
00183
07803
06293
04453
05282
06643
02626
00996
09058
06508
01666
08621
03301
00536
09059
00841
04431
01450
06364
07098
07943
05777
03437
01333
05989
04433
07006
06829
04800
05226
08472
01965
08028
04199
02159
01314
06360
07310
02185
05859
07158
00711
07480
05030
05419
02658
06155
04328
08382
03809
06091
03328
09229
00304
02913
00888
06467
02613
07717
06001
09006
07039
04521
02483
04341
09087
01291
04246
02951
03757
00386
00423
06815
02737
02704
04954
01723
05839
02550
01169
05491
08718
01477
02742
05862
04757
05704
06771
05000
03090
05735
08459
04609
04585
05847
04804
04735
03557
07293
02388
07715
07430
09129
00245
04145
09199
02583
00799
06561
01642
08896
07696
02650
08899
02263
05594
02254
05478
02552
05929
00033
06005
07467
08591
06555
00714
08566
00502
01021
00278
06056
05002
07344
04027
04058
07161
01561
01780
01568
02351
02368
03951
02645
01626
08416
02428
06965
03391
04913
06990
06163
06607
05321
08498
07147
04337
01465
09280
01274
01141
03651
09285
01337
05362
07210
00498
06393
03429
02849
04789
02592
01480
05262
04123
00249
03370
04312
08014
07706
07072
02802
02480
05991
02856
00420
03949
09396
00197
05287
05254
04127
04836
06662
04743
05476
02018
02348
08534
03162
02272
04472
07390
02066
03012
02293
08352
01336
07725
09222
07893
04547
03226
00375
06195
05798
05048
02798
04545
02449
03503
04760
02448
02833
07831
06952
09168
04755
03116
07539
04692
08225
03915
06679
07763
07403
03264
03394
07524
05711
05310
00710
06357
04059
00450
06290
06504
06006
01372
04788
00307
07470
09394
02338
05482
00853
00595
07511
08059
03933
08533
02035
01254
03874
04140
02516
00359
09335
00368
00976
08401
00224
03177
03701
03961
03094
07426
07863
07268
09210
01375
03960
01054
02201
02220
08887
04536
05253
00459
02063
07661
04372
08777
01471
00649
06033
07838
01082
02311
00977
07040
05477
01445
03104
03571
02166
03230
03122
01647
07356
05460
03717
01093
02209
07255
06427
01111
06179
09191
01926
05948
03738
09338
02660
08692
01789
04890
04994
06110
01621
08958
04877
03436
02315
01875
05027
03407
07165
09135
07680
06381
05923
08467
04429
06387
01032
02378
08090
00248
02060
09034
06604
00265
08854
08093
02146
03746
04479
03708
02697
05839
06234
04113
00768
07320
07031
06736
09142
06698
05439
07426
07767
01696
01265
00741
03181
00093
07491
08939
04210
04660
05429
02020
05052
08070
01959
07891
00490
04959
06698
03739
03035
06294
00604
02844
05054
07511
07453
02510
06115
01759
02446
05136
06736
02883
07458
00094
06920
02694
02661
08077
03503
00597
08377
06003
02296
01264
07639
07472
00215
01511
02546
03379
01266
05510
05911
01811
03538
02031
01969
04971
05959
08906
03969
06528
03794
07788
06850
00754
08508
02754
08106
07892
04427
02648
07589
02514
07574
05706
09364
07327
06285
06157
04466
02504
08307
07347
07047
03153
05400
04994
00958
00785
02127
02832
05265
07884
01630
09278
02556
08821
03852
04029
04807
05118
08053
07225
01261
01502
00392
06048
07009
02757
05185
04159
08872
03255
09011
03538
08881
02794
01309
05054
01665
00454
06357
04509
02468
00865
04067
08220
07381
08268
04252
06532
04895
06125
04063
06740
07628
08977
08835
02895
04930
01302
03007
09319
05726
08082
07140
05694
05960
07588
04037
06069
06470
04477
00679
06059
08101
00690
02995
00819
04705
06505
01544
08667
05654
02494
02589
08516
07655
03281
09188
06787
04836
05845
01258
02451
07553
07719
02731
00268
01168
00825
07651
06492
00625
01970
06695
07368
01480
00100
08506
01984
00340
01098
02044
01789
03472
01556
07772
01127
07691
03400
04062
07055
03474
04439
04623
07437
04564
05153
00893
00471
01334
03998
03764
07335
07309
06322
07371
01672
05441
06619
04133
04309
05074
04026
05500
08070
04466
05996
06655
04559
00833
00084
07588
00847
02696
08111
00145
09370
02261
01324
02740
01883
06069
05078
05315
08138
05184
08207
05366
08694
01197
01698
06032
07263
00422
08645
05844
01882
08847
03034
01603
02474
09064
06992
00708
05279
05074
01395
05501
09142
00734
06284
06686
00637
02225
02526
07501
02177
08540
00495
04707
09302
04367
02647
08070
04218
00157
02976
06184
04262
00219
04457
06012
04146
02531
02377
00320
02516
05845
06173
03414
06317
00508
03822
00797
09288
07982
09138
08741
01168
01693
01893
02920
08877
02300
03795
04947
07122
05619
06605
04020
06318
06515
06598
01229
03621
00709
05241
06606
00258
00212
08961
07745
00835
08091
06204
07007
07097
09289
06317
02496
04419
02057
06445
04384
04022
06246
08301
05084
01747
08196
05130
09036
01525
07201
06197
06027
07573
04867
06502
02985
02460
08067
01508
04033
01876
02943
01628
08414
02867
01653
03084
02065
06877
07010
01931
05406
04862
01747
09343
03701
05913
04355
06569
05668
02871
09348
07513
02737
00735
03497
04354
08948
09038
04023
09314
01307
06484
08019
03937
06608
07427
04526
09051
00245
04812
07334
01003
03280
02175
01718
07845
01137
05783
09238
07008
06256
00833
08701
02335
07571
01119
02554
02403
05789
02365
06322
07191
06491
04150
08932
06519
08864
09084
00833
09197
01856
02106
06639
04121
08681
01808
02788
01149
04989
04539
07599
03474
01508
01806
03610
01067
05183
01905
03716
03556
05303
05172
02051
07526
04852
06880
08318
07738
00681
00866
02704
03015
02133
01573
06929
01138
08925
04379
01231
02697
04572
07127
08323
05220
03156
08514
02182
08976
03782
04273
02401
06105
08582
04655
03019
07388
04266
02492
04949
01766
08465
00873
04298
00277
05896
05599
05450
09225
01511
08020
08230
03797
07155
00697
08765
08568
07084
05674
09373
03771
01967
05914
06942
03151
00022
06211
03072
05396
02994
03567
08084
06104
09291
01535
08776
01858
07022
06389
06948
02946
09013
04095
08706
07431
01125
07283
02835
00652
08977
07081
01811
08736
05939
00930
04390
08048
04299
03587
02093
03067
09120
03118
04769
05426
07163
07117
08176
07563
02043
02051
06412
08841
07666
03057
06376
06417
03159
08154
01159
05346
07845
02268
09109
01890
05905
07851
02263
09146
04537
03468
01590
01189
07343
06419
04326
09394
07716
06793
08773
09003
02114
03885
09238
03874
08794
06750
08269
07967
03444
04602
03958
07480
02245
05614
02702
06454
07899
02899
08667
08551
06435
06825
01647
03366
00595
00059
00487
06379
06940
06150
03147
04440
08487
04399
05822
05913
01897
08776
08316
04423
05449
02431
03443
00625
00502
06636
00083
06111
01629
07924
02623
06237
03727
09390
08877
09089
02906
07690
02930
08457
02614
00225
03798
06467
01720
00501
07423
00635
04715
02078
06026
09170
03634
02901
06548
00049
06426
00497
04758
00299
02340
06779
04175
02375
07960
03608
03563
07330
00933
00004
05241
04008
00966
00621
06947
00827
07182
04691
04359
05882
04300
02417
03138
02759
06417
09080
06475
07765
06894
01761
07309
01451
05739
05829
06527
05306
03915
00851
08590
06663
03859
03068
01890
04333
07984
02543
06197
03746
01896
08492
07016
05012
01632
01127
08304
03344
06493
01732
06461
06247
07367
08841
04203
09046
07335
08628
00178
01800
00762
08113
00864
01706
02789
00128
03991
04306
06544
00874
04936
00709
03135
04046
09198
08756
04323
03924
08744
01474
06936
08564
00830
06725
01175
08548
07333
04910
00172
07045
03301
06087
08394
03888
04087
03840
07978
07459
02500
03101
03258
01426
04081
08064
02938
08371
04487
05550
03881
01266
04039
07057
01774
06374
04362
00506
03948
01254
07798
08568
00517
04172
08484
00329
06095
08588
05894
03204
08387
00552
04727
04529
03130
01676
08283
06654
07354
09152
03341
07143
00103
02096
01391
02624
06389
00004
08468
02938
01392
01284
02858
04136
03126
01388
06339
07980
00541
03528
04770
00003
02887
08852
08866
05002
00284
02659
08162
06084
00238
08338
07149
06969
01767
04615
00119
04420
03622
07331
02873
01769
01425
07018
04189
07489
03421
02099
01821
07227
04840
05440
06966
05161
07903
00060
00034
07188
03796
08475
02555
08061
09024
08811
09395
07898
02942
03397
08232
04336
03239
09224
00445
05715
02410
00554
01548
03160
02667
05068
00120
07802
08540
07201
00038
06881
06466
04290
05163
05020
07150
08345
02752
02478
04260
08096
01451
01948
05504
04838
01928
09130
08836
08893
01900
00645
05446
03299
07706
08888
08774
00202
09094
08702
01886
03246
04558
07888
07842
00067
03161
00116
06094
01065
07279
08611
04071
07797
05488
03333
01681
07629
07274
08627
00880
00039
04690
06185
02603
08414
01931
01646
07474
04618
01884
02569
07552
01332
06835
00834
05459
08755
03983
08826
03688
03621
03836
05768
01820
04406
02432
03664
00526
02590
06962
02474
03984
04962
04266
02813
03012
05193
05635
02734
05922
05081
05437
05425
04759
03214
04192
08202
08506
00574
05450
05537
05281
02708
07113
06488
04712
02030
02117
04786
07297
05605
09148
02401
04535
06562
06289
05220
02812
00888
07279
06691
00155
06985
08887
01921
03472
00088
04633
01909
00475
02408
00206
03789
07323
02047
07084
05215
02887
04883
01844
03581
04816
00336
03261
05005
06210
06242
04155
07306
06937
07213
07290
05770
08992
03015
06100
08333
03181
02071
00354
04095
02337
00004
00959
03962
04099
07116
08416
04403
05204
04416
06432
03047
06493
08712
08200
08137
06468
07120
07356
03755
06214
02766
07384
04047
01990
06383
04585
02937
06172
00590
05224
05491
03512
02760
06281
00132
05701
05031
01450
06190
04380
07872
02935
07434
02429
05875
03146
08811
06602
00935
03527
03827
02415
01111
03206
02822
02529
08101
06018
02321
08223
08601
06742
04902
08014
04687
07847
01831
03542
09066
04357
05637
07202
02585
06931
04916
01029
08748
00973
08260
03527
00394
03425
05039
06496
00779
05967
03858
04459
03197
00122
06226
05731
02085
06952
00612
07532
07780
00822
01032
06264
04812
02013
00643
09002
09365
07545
06088
07247
06984
03815
09067
08480
03703
05830
01018
01108
04487
09399
09143
02451
04691
02623
09222
07789
07454
05571
00432
01616
08516
03122
03786
03465
07950
08558
04349
06153
03769
05596
08306
00289
07714
07228
02706
04817
07952
01594
09079
06297
03717
07722
06147
01659
05922
07043
03123
05063
08391
04442
08199
04622
09148
06303
08697
01203
08310
08548
07279
05323
05801
09162
04639
09341
05662
02518
06238
05845
01698
04449
07492
08354
02036
07069
01416
05815
03552
09243
08628
04399
04108
01889
05069
01857
01062
01808
02585
08699
03312
03924
00188
05419
05609
05573
04857
03977
01729
01307
08722
09120
08009
07014
05261
01723
06733
02859
07579
02764
00543
00594
03701
09208
09233
08860
00117
01870
04823
07395
06382
05110
03423
06049
03521
03566
01221
01338
07262
04328
05159
05526
09195
08135
04441
04382
03940
04112
00982
04744
06919
07974
00589
04086
00634
01389
03356
03608
02828
01008
05003
09114
02044
03310
03671
07472
06026
01287
05945
04333
07777
04317
05546
08123
05405
00654
01246
09381
00726
03301
08131
03665
02025
05064
08644
08225
09296
01788
04014
02160
08949
09276
01990
02977
07808
00905
08548
06515
00762
03771
03185
01930
08022
00726
06385
08223
02803
07904
03836
09319
01880
07150
06263
04809
06093
02782
03425
04168
07601
07224
03141
04744
07277
03366
04908
05830
03293
01186
04635
00120
07542
08334
05272
04276
07689
07726
01389
02197
08466
05354
05095
07263
06117
00319
02094
07724
03606
07798
04512
06855
01539
02628
03788
00677
09208
08392
01192
03347
05239
07060
01520
01099
02690
09123
01492
00984
05758
07584
00212
01561
01702
06951
03410
02051
04985
00973
08316
03510
04289
05033
00901
08561
06209
03126
08120
07178
01322
08449
07600
05958
07530
06301
06214
02302
03289
03854
09191
08418
09177
08578
09089
06623
08354
08907
09275
06973
07320
05858
01215
04908
03922
01469
06724
08852
07511
06841
08940
09139
06942
08555
04550
08864
01474
06104
06497
08775
05568
04420
00791
07910
06815
02399
00577
07172
02075
04172
04012
07657
06166
04419
02752
05185
00364
00678
02721
01714
07401
04705
06076
05268
06753
07738
00512
01304
02051
08752
07886
09025
00499
08248
06790
08064
07275
08363
03063
06787
04901
02267
07451
06309
01191
08060
06973
06161
08620
06903
08776
01032
08299
03466
01997
01042
06918
02459
00128
04177
01265
01067
04328
08312
07693
07240
08465
03027
07600
02890
06736
02889
05859
01519
03938
08355
01168
03329
03817
05520
04549
07093
01388
04905
05866
08264
00050
04632
08898
01810
01275
01222
04737
00044
08491
05417
01267
03773
05420
08532
06581
04120
02159
04848
01610
08817
04358
01457
06284
05535
05905
08083
07013
01740
03491
00595
06672
00070
05776
01738
05713
07258
00869
07940
02726
03375
07060
04367
08297
01925
03963
06519
06947
08777
04504
02798
00478
03768
01123
08057
08582
00968
06288
07157
02918
07022
01079
00704
06099
04514
03786
00341
07607
08528
05298
09071
00556
04879
08183
02206
05242
04612
04954
00088
04167
07825
02912
04990
09122
03094
04125
05807
04332
09289
00610
07723
00156
05114
07886
08117
08318
01735
09020
06675
00159
08215
03750
05834
06167
00098
00630
08971
04619
07029
07621
05914
07238
03628
08986
05229
04835
04767
02224
06137
00218
03103
05356
00895
06436
02426
05938
04598
06965
03289
03931
07619
00814
02923
05781
02355
04619
07043
05791
02889
03831
03597
04591
08202
03426
00894
07723
03021
06493
05128
01120
01833
02114
06380
06834
08887
01650
06674
01136
06855
00788
01716
03227
00526
07719
05074
05323
08988
06885
06734
04702
01708
04804
01279
02758
03252
05449
01875
09182
02876
04571
04165
08529
06972
05482
06758
08502
03294
00298
01839
01036
09163
07584
00949
05006
03818
07559
00357
01820
05242
02815
08015
01694
01840
08571
03304
07837
05564
06606
03551
03735
00054
07474
09265
04958
01174
06404
07007
00103
08969
02439
05637
02178
05607
08563
06054
02051
04041
06154
08451
00307
04881
08127
08778
04579
09330
04331
01331
08631
04702
02301
00678
00403
08973
06077
08792
01645
00587
04382
00429
00358
02123
05358
04295
02342
07783
09315
07612
00091
03594
05931
02813
04894
03132
00192
04659
04810
08796
05894
01749
06377
04749
02979
09156
00181
02879
07122
06503
02920
01102
04219
04034
04289
01128
06690
06977
03548
00655
06427
05667
00412
04454
02271
05266
02407
08889
05854
09230
00270
06549
03041
01729
05048
06734
01322
00117
04994
04135
04083
07666
02557
05660
02335
07396
01347
04732
01785
07320
06959
00490
01471
06079
00657
07299
05138
02052
07995
04402
08357
08183
04748
00662
06136
03308
02486
00269
05392
03589
07493
09218
03596
06404
05134
01273
08846
03125
03169
03988
08516
04320
03357
02342
09147
03484
01927
08068
03919
01903
08967
07164
00329
09146
05575
04141
00598
08177
02800
06382
01719
00681
04330
01506
08842
05233
06184
02945
00885
04323
04582
08723
06778
06676
09161
04157
05027
01311
05881
03941
08451
04768
00605
07242
00095
02795
01267
07197
06327
01893
04138
07364
02677
02067
03574
07181
05297
04407
05615
00312
00646
08625
07199
08797
03781
05241
06310
02284
05028
03962
07588
03667
02762
09138
06434
02906
06098
02407
01773
07050
06633
02716
00608
07588
00429
06032
09060
05527
06845
02575
06503
08313
03047
07442
00567
00798
04634
04122
01753
03310
00560
00202
00611
06697
07095
03418
00170
07990
05437
07536
00960
07801
05270
03793
09117
09322
01476
02493
03929
08434
05897
07400
01772
07753
04731
04172
03370
09355
00292
04988
08446
05689
01573
00092
08114
00899
00151
01612
04016
06011
03510
02355
05033
05973
03883
01528
08319
00282
02412
05828
07384
04860
04282
08403
06538
00436
03742
08578
07181
04007
08648
03490
00602
08703
05430
08794
03542
01989
06006
07115
05874
03725
03000
04212
06131
01386
04155
06718
01977
05904
06611
08746
03862
04784
01787
02879
04284
01190
07228
04616
07995
06486
02786
09265
06647
02229
03055
03041
01066
01708
04111
02027
07283
07127
09232
06992
03138
05388
06707
09343
06374
02951
03667
02556
02965
03378
02425
05590
08864
08506
08666
05161
05657
06669
05854
02172
01050
05607
03093
04486
06267
00139
01903
00066
03294
05191
00240
01753
06203
00824
06967
06830
09211
07428
02386
05820
04588
08223
04944
01476
03872
05389
01778
09339
05786
06103
04551
08864
03086
02488
06658
02339
07268
05927
03402
00505
05049
01919
01622
07724
08905
05513
04515
02952
08445
01595
08411
09024
00580
00026
02123
08254
02210
01403
02258
00217
07930
01592
05393
03473
08177
03894
01716
07750
01273
08514
07675
07550
00926
05460
01365
08622
08329
07907
07578
01856
05886
05480
03354
08322
00596
08895
08103
07959
02496
04280
04389
09015
04478
03500
00378
08186
02822
09067
08013
05145
05839
03346
03479
05309
03042
00201
01336
08905
06542
07867
03536
00250
00723
04687
04068
00232
08269
00771
07608
06508
08591
00632
02335
06017
08897
02584
08940
02359
01248
08116
00859
03682
01465
03994
06378
05985
08481
00876
03902
08443
01972
04812
07571
04532
09104
00467
05571
02140
05989
00001
00146
04377
07411
00574
05700
02891
05776
07783
08907
01245
03573
03044
06977
00100
03356
08887
01471
07823
05520
00687
03128
06542
08048
00890
01437
07536
06617
02977
09165
00732
07847
04885
06456
07265
07096
02959
00088
05089
08142
07773
05189
06304
02943
08665
08364
05690
01451
08611
07483
03570
00737
03055
04443
06240
05333
00129
07466
07210
08242
08549
06645
02579
01728
01795
02342
08176
05738
04791
00512
05775
02199
06911
03964
01107
05227
04957
07894
03474
00746
01932
03569
02095
06056
03784
08068
02563
08280
00590
08912
02103
09079
01994
08206
08068
02683
02688
07330
03515
03485
08986
02798
01785
01168
04664
06308
04754
05974
03661
04509
01119
08518
02630
03863
08130
01747
07093
07597
04293
08612
04516
00009
04466
03395
08726
02615
09085
08741
04879
02126
01934
01389
03403
07224
09155
01909
00828
01323
08330
03754
00053
00835
02844
00778
04835
01382
09197
02637
02620
06476
05312
08341
09335
00225
04728
03380
08675
07593
01273
03345
04700
00911
04364
02350
06311
01801
01177
07544
01775
08499
05791
02196
00208
03382
06911
06907
08209
06717
05735
07433
02191
07196
07794
01864
00148
06334
06084
08292
00894
09377
01716
01691
02899
04008
07754
08667
00131
01989
05143
02623
08238
04720
02572
07584
04076
06345
03475
08892
00467
06750
01394
05869
03867
00513
07126
02976
05374
05882
08851
04953
08835
01212
06681
03840
09345
02910
09115
05642
05664
04424
00098
02070
08020
08728
04686
03457
02347
01904
08356
05065
01573
03470
03978
04907
04748
03272
04831
06530
07385
04369
07393
04373
09101
04541
08894
08915
06233
03469
03004
00469
00365
04183
00332
08424
05965
02749
04800
01485
04802
04408
06606
05143
01556
02416
00324
04553
02949
02243
09363
06017
03649
09281
08113
05645
02178
01143
07838
08992
08495
07440
05904
02257
00460
03332
00650
01841
01525
06555
07031
03071
06573
06579
04436
09089
01483
02330
02108
08089
00203
08944
08269
02874
01955
07875
08663
03765
09380
07769
02997
02116
03616
07156
03204
03906
04091
09181
07408
07798
04049
08632
07686
09034
09255
08767
07460
04420
01710
04133
09197
07368
03026
05098
06401
04768
02450
00878
03720
07241
02231
03020
03751
08163
07447
06636
06995
02788
09347
05941
03091
02690
03924
02301
02570
09044
02637
07734
01137
08307
05938
04856
06332
04818
06854
08477
05011
05527
08906
03332
00584
03133
00177
00173
05480
05471
03328
09294
04586
00131
04979
06192
00093
02361
08035
00953
03887
08111
04955
07814
07471
05923
08530
08349
06196
07067
09235
04405
01494
06772
06855
00706
02874
05685
04645
02057
00876
06287
07071
07308
04541
01139
03438
05138
00307
06184
01264
06894
08504
00280
03685
02610
00626
03742
07970
03753
07977
01175
08524
02678
05904
04458
01902
00548
04979
00348
00118
00066
04247
04356
02169
09362
07599
05288
08991
02975
09066
02331
09233
02409
09057
02539
06223
06583
03798
01787
09302
01575
03001
08634
03654
08292
02692
06117
01746
01109
03886
04424
04545
01286
07629
06084
01793
09294
08860
06294
01587
02964
08068
03980
02017
02206
08239
03829
00964
06967
01439
08371
06171
08852
04069
05279
06461
00892
06926
08650
02447
00266
02504
08404
00362
02992
02610
00571
03715
07537
02801
09312
07790
05843
01935
08473
09149
04256
04157
06367
05793
01568
07290
03141
05492
05524
01972
08612
07405
08233
02474
02236
03682
05542
06988
05515
04956
03516
03906
01267
03004
05370
09010
02556
04044
00362
08837
02302
07512
00884
07081
07064
05202
08244
07377
07266
00773
07538
02775
03291
02674
00367
02860
04032
07614
01903
05695
08802
06381
03599
04513
00395
00359
02875
06290
06900
05368
06548
03700
00702
06758
08837
01804
06371
00947
00937
03569
06320
00218
02787
04685
01482
07703
03474
07600
02433
03191
04782
05188
01645
08479
02139
05524
04372
01960
05697
06253
03102
01751
06189
03342
01021
00475
05312
00556
09260
09344
04458
07974
06226
06232
08155
04544
03275
02305
03926
06258
01284
02146
05090
07984
00553
07743
00094
03429
01492
05555
02744
02720
03948
06597
02866
00329
03248
01612
07913
01637
04574
05652
00731
07220
04933
09354
08797
05804
04611
02532
01159
02007
05604
01513
07701
02639
01856
03240
06562
04161
03743
06725
07003
05351
03339
06982
01285
00016
04610
00980
04164
02818
04839
01492
09169
05968
03844
03293
06846
03422
08678
07748
00714
04953
06149
08154
06172
00580
07439
04072
05341
06556
03432
05825
07479
08701
05183
04413
08412
00302
07688
02439
00652
01648
00465
00116
01406
07060
04452
03843
04386
04137
02960
05420
05681
05085
02244
02873
03946
08475
00633
00201
06194
03371
04891
02547
06935
07447
02132
06008
01361
04889
02597
01569
05182
04658
06978
05832
08760
01893
06664
05450
01852
03738
01669
04737
06330
00727
02356
02992
06628
08601
04580
04408
08446
00792
01469
09280
06288
07792
00430
02305
01690
06972
06933
08927
08645
03533
01188
00707
02138
05184
07916
02413
07513
02925
06361
04135
06880
09363
01042
01701
08246
05202
03867
06721
03899
00248
04905
03475
08790
08237
02393
07157
08690
06906
04589
08532
09270
01676
05180
02482
05240
05271
03765
02529
07117
03533
01448
06450
07815
00766
05617
08387
01548
03185
06177
04327
03271
09256
01195
00608
06389
00833
08872
01263
00333
05817
06984
02900
02421
06132
01702
01481
00406
08327
07134
08624
02163
01183
08893
07190
01723
07602
02061
07919
05665
04666
04820
07696
06804
00122
01480
01955
03536
02097
06625
03117
00024
02900
08811
08892
06589
00672
01262
02356
02632
07285
00956
07433
02160
03214
00350
04518
07449
09092
05963
05332
08225
03650
03310
08694
02296
03380
02691
06561
04372
06513
08687
00953
08093
05591
02001
08967
03579
07117
02536
02374
02579
03171
03466
00413
00440
03158
01685
06663
04972
07049
04766
02294
01178
00165
04349
09054
06342
07392
06305
06925
06404
02251
06741
06608
07362
01470
07550
06409
07275
02190
09336
05989
06905
02743
06132
07745
03462
06412
07488
08997
05567
06099
04323
03041
06262
05422
06739
05796
06218
03916
02109
04171
02277
01414
05840
01334
06538
09293
04623
05686
03281
05600
07369
03003
00104
05939
02007
06298
08831
07156
03825
05676
02536
04263
04813
07345
03906
03386
07053
01003
03673
02850
04572
03040
08659
09140
05284
03519
03385
05088
09111
00955
01312
04391
03529
04109
03195
05629
06838
03995
07455
01817
05029
00759
02634
01658
02088
03827
05137
04476
02591
03624
00381
07696
07688
09166
08537
06561
04990
07958
02923
00291
03619
02035
04316
05198
03418
02886
01878
04232
08982
06665
00897
05360
09128
01387
05482
01894
01161
06482
00112
03857
02981
07263
01644
02841
00224
03435
04092
01010
01120
06000
01252
05954
00854
05482
07819
01409
02802
06860
09149
03887
01250
04591
08490
04612
01006
06540
06130
01121
06507
06027
01731
01836
00435
09284
03241
09312
07869
08259
01312
05003
04455
04017
07217
07529
09340
01989
05167
07469
04643
06025
07916
04784
08966
08593
06645
04986
00771
03302
01543
05285
09147
01376
00717
02442
06188
05443
06607
07003
02758
04832
02928
05455
06526
05373
03316
00428
06906
06367
06956
00758
04674
07682
08136
01798
06919
09059
03504
04374
00731
00205
01902
07768
00076
08991
00667
05094
03638
00847
02733
06061
09092
05832
07617
06571
08843
02407
07291
07959
04027
04876
02632
05351
09203
08739
03892
09236
01256
06057
01996
04035
07194
03884
03858
08069
06603
01028
00769
07477
08476
01486
06388
07913
06437
06823
04903
04490
04921
05508
03937
03454
04436
06520
06637
07013
06082
03368
02356
05944
03030
05504
07000
09029
05723
01864
01175
08519
04170
06849
08522
02187
05169
00994
06113
06093
08716
07359
08885
05585
02707
07464
05330
00237
05152
05040
06391
07315
06443
07228
01980
01365
07348
07995
01142
08313
02556
09245
09361
08948
09064
09212
07923
03843
08778
01175
06033
00500
01166
05950
00320
04251
01423
07599
02618
07968
08188
06591
05148
04134
02674
07460
03824
05455
04710
02223
05051
06746
06447
07575
02732
04815
08998
07024
00288
04177
00828
00027
05439
02178
06462
07167
01060
00453
07183
02141
02190
02068
01050
03649
08846
01689
08171
03980
05820
06074
08497
03774
00570
01917
03905
02881
05789
01419
03970
05521
07652
08018
08169
08008
08302
02459
04441
04222
04124
02210
05792
04565
08664
02307
01425
07954
01697
01289
00033
08640
00364
07953
02768
07734
03753
00262
04167
06377
07599
09102
01008
07716
00700
05970
06830
05907
01044
01635
05298
09224
05397
08687
05271
06724
01478
07434
00274
04695
08842
08785
03370
07307
04597
05554
07080
00427
07465
08272
06715
04329
00005
01331
05235
06636
00891
03684
05775
05472
01045
03141
01829
05712
08579
06887
05742
02510
05475
08477
01900
05155
08557
03934
08168
00402
05514
04664
07284
00727
07297
00632
00018
06510
02541
03038
04727
08397
03935
08916
05400
05779
04395
01471
09351
01378
08417
06031
03066
04343
00795
04121
02768
02731
02158
08995
00256
08642
07463
06303
07705
00504
07803
00545
00432
09291
08722
00379
05329
07244
04330
05944
03413
08799
00964
00252
02315
02602
03812
08050
07183
09395
00826
05800
08612
04249
09336
00717
06647
08908
01584
09347
08665
03857
07508
07000
02873
01790
00433
01150
06076
04716
01056
00097
02937
04081
03786
02040
07838
07325
06640
04757
07992
04493
02692
01552
01987
00187
01096
06840
08959
00175
03001
04800
01315
00334
05063
08312
04432
08857
00852
06730
01420
08985
05974
08165
01274
02765
08667
04904
06747
00902
04320
08348
04555
05362
05158
02651
02210
08828
08490
00591
05117
00693
08599
08730
04960
08068
04785
02869
06491
03097
06329
02621
01550
04263
08384
06112
01290
00359
08922
08998
05982
05825
07065
04714
01771
01334
00179
04758
02844
05889
05937
09046
05853
02140
04428
07758
01327
06854
08966
08941
03101
08954
00114
03114
05238
05387
00522
06765
05079
05363
06811
03343
02652
05579
08983
07035
01827
02948
08710
00222
00422
03749
07482
06186
08211
00390
06038
02358
07393
02376
02913
06946
03121
04519
01197
08869
08655
08416
02783
00825
03187
05588
00338
00191
00920
09031
05877
07196
06233
02138
03957
00029
01363
01244
07112
09271
08867
01583
07216
03071
05948
04679
04255
00784
00348
05549
06749
00507
00885
08754
03844
01928
04803
08583
08916
03738
08119
02937
06248
05929
07575
01130
04291
06953
03431
03970
04312
03696
04992
08069
06582
08509
04859
01357
05932
04980
08563
02920
04982
01006
02052
00813
01836
09141
09188
02560
09060
05340
02308
08989
05203
02221
01946
06905
03861
04309
09039
07540
02742
07442
08344
00506
06788
06892
00843
01369
05004
05985
04680
01124
04749
05387
06977
05062
02380
01068
07048
03115
00197
08218
04475
06280
06827
01157
00958
03803
01101
08708
07582
08709
00398
08928
09293
03931
06286
00417
02471
07756
01026
04740
01944
05813
05308
08542
06080
07384
08768
00074
01796
02795
07101
05750
01345
06453
04884
05324
02519
08843
08009
07972
04529
02153
05619
04575
03373
00724
01305
07758
03532
04131
02074
02904
05991
06694
07609
01675
02131
03775
01564
00522
01379
07390
02199
00733
04705
03672
08298
06999
09345
06159
05308
07280
07386
07404
01937
07666
03074
09169
01015
04808
07837
00995
02162
06834
07417
09197
06551
04774
04073
08248
05499
07489
02475
03942
00192
08715
01696
09190
05024
05857
06696
00809
01721
09091
00880
03267
01822
08125
04865
03629
04086
08388
08278
01344
02756
03894
06938
06012
02282
01891
04523
03518
07074
02539
02799
05623
05602
00037
00801
01761
04867
01551
05040
02390
05902
02947
08997
03801
08908
08142
01294
05141
07225
07404
07932
07316
03404
00295
07109
01303
06238
00023
01303
04157
08524
06211
02346
01063
01498
02261
02505
07376
01422
05164
08237
06505
07999
08947
05245
01218
02184
08239
02421
01469
07884
07181
08706
00245
08943
02394
04328
07572
02487
01124
04256
08417
08838
04989
00194
03224
01381
01457
02603
04724
07462
08341
03546
04392
00902
07303
05388
02883
04509
01572
07194
06161
00676
00332
08797
06670
01233
04938
02182
04861
03538
07623
08131
02687
06268
07079
05673
00672
01238
02723
06387
06987
08303
02245
06933
06453
03561
07315
00135
02631
08928
07170
06385
05541
00507
09299
04824
04331
04502
06691
05818
01471
06657
04117
02803
01802
01265
03690
07973
07705
00737
05801
02573
03064
03517
04625
03168
07741
03378
02882
00610
01482
08581
01564
07238
09388
03247
04552
03239
07665
05633
07563
08321
07478
03626
08552
03669
06494
07618
05276
08936
00831
03218
09253
00607
04959
04227
06716
02672
08164
03399
04394
06768
07384
09359
03559
06221
00099
08882
05637
09359
03819
04519
01691
00064
07750
05624
07206
02684
06560
07827
08937
00311
02936
07334
05613
07762
04828
06629
02771
02338
09021
02091
03222
03997
00894
01483
08319
07329
08694
03762
06992
05259
05589
01884
07297
07665
05962
06463
08897
06053
06387
07711
07532
02590
09318
05223
06243
06116
01260
05481
04298
03472
05582
09146
02978
06934
08735
02565
08791
05008
03561
08762
00868
09160
06915
03691
03993
00705
01384
08419
02943
01282
04275
08203
00594
01297
05710
07651
01693
06416
04234
01681
00284
02959
01377
00529
08362
01686
06655
01121
09059
03220
08983
06295
03148
02617
02794
01769
07967
08716
05490
01529
01498
02634
03052
04603
06806
07916
05156
05980
00590
07139
05915
04434
04390
02115
09139
06506
03962
03825
02147
05954
01224
03034
02701
01795
00902
05002
03461
07010
05093
04134
04181
00907
07192
06670
08651
04594
01261
03362
01484
07648
08385
06360
07609
03663
08915
03200
02615
08723
01622
08604
04934
07460
01618
08702
07727
07155
00253
00888
05232
08353
02906
04003
03396
04975
08747
02828
08155
04709
04219
03809
04689
01827
02796
04340
05914
02341
01895
08721
03819
01886
02779
01682
04444
08813
08588
02717
03081
08916
08604
01422
08120
02219
07432
00006
08861
05056
09193
09176
04824
05496
00643
03548
08960
02943
04530
08026
07289
08528
07207
00604
01241
06177
02091
05368
01281
05734
01283
07449
02871
04225
07137
08361
01111
03907
06771
09357
04626
03234
04108
04533
04391
02110
03913
04894
07301
08345
08071
03790
06859
05475
08519
03995
04430
02407
02331
07233
04866
01774
07186
04574
07260
02294
03231
08692
05452
02422
02672
04442
03776
03633
02322
00191
00323
00532
06930
03548
07812
00798
03854
04317
06187
04787
01938
01628
04270
05437
04767
08841
06658
03119
08214
05274
03477
02375
00034
01907
07416
00664
03667
05755
04146
09201
01686
07995
04360
03022
01513
04595
09216
07049
06541
01354
07893
04052
01061
01833
03357
04621
04155
07285
05541
08558
00162
02520
02406
04640
01710
05827
05025
01117
06375
01754
01766
01319
06836
07020
04034
03151
00747
02429
04639
08869
01119
02017
00173
08729
08627
04112
05046
01949
08979
01009
07399
08327
00763
00548
03019
03766
01166
08863
02938
07424
00272
04276
08814
08365
04567
09054
03742
07620
03060
04871
03779
02560
02184
05127
08727
02295
02697
02339
06798
06383
05540
00423
03725
02405
05436
06657
05687
09236
00712
05844
01159
01734
00051
00573
07103
06713
04109
02550
03807
02993
01207
01477
08601
06534
03532
06520
08600
08162
08667
05439
06985
06913
06904
03661
03514
08901
04914
04589
07448
05245
01215
00221
00012
02122
00116
04905
00077
04214
06129
03847
00049
08833
06585
09275
02596
07809
04471
06759
00396
05389
02843
00552
06595
03598
00996
06927
03843
08891
03744
02346
01896
05415
04463
05239
05574
08433
04814
06300
09268
06328
04543
02238
07088
01705
02893
08837
06826
08599
02109
08616
04877
02437
04800
02898
04455
03562
07853
04288
03186
05834
04379
02445
04355
06069
03292
02085
05984
07111
07862
08074
03751
08843
07843
04510
04721
01452
01336
03846
01885
08586
01210
06407
04601
07349
03356
08248
03403
03466
05061
00052
06605
03791
08191
01434
02367
07268
02570
04763
06903
02231
08295
01119
02627
00476
09089
07252
04999
02680
02477
01956
07898
04304
03322
06593
04763
00075
08971
05504
08361
08440
09370
08296
07191
04389
02015
00117
07327
01638
03181
06286
03461
06022
02206
01895
04812
03533
05909
06515
00206
07287
00017
04049
08885
03764
04073
02634
03943
00225
03282
00997
07630
08162
02638
05823
02021
02370
08623
07738
00494
09193
07929
06137
03104
02864
09182
01957
06574
05228
00579
07223
02195
02853
02879
07187
08097
05218
08483
05413
04506
02619
06789
04786
06381
05899
04095
01126
05922
00343
00988
00469
03313
08175
07635
01368
03259
08953
07804
02815
00892
02036
03791
05749
02041
03799
08436
01052
04540
07686
00116
03150
00302
07126
07231
03917
09196
07447
02983
05879
00242
05619
08858
06602
01747
08182
01765
08752
04315
05940
08563
03135
09092
07833
08421
01576
09372
05369
01371
02849
05312
05557
05273
07617
01282
03174
08188
04496
04837
08466
05884
04137
07137
08640
04524
08261
02722
04193
03836
01276
01731
04405
07176
02730
01440
08631
01369
02077
05833
07503
00433
05678
01778
08306
06476
07363
06735
01559
08746
04120
05293
06824
01968
02654
08756
00819
05670
06953
06480
08900
03860
04545
03591
00786
07230
01997
01565
04899
03407
04798
04346
00140
05193
07320
04254
04400
05578
07240
08587
01444
08234
01705
01312
01653
07153
07610
08454
06295
07846
02396
02610
01260
07273
02514
00235
05909
08970
04370
06246
07127
04955
02890
01429
04653
07888
09360
01775
05797
00567
05211
07729
09234
00050
08504
00865
04334
08778
09337
04995
00402
02413
07936
00972
04235
07288
04740
00612
02514
00008
08734
00065
06185
06889
00595
06638
09301
02698
00661
06298
03844
00120
02496
00565
00892
06598
05742
01982
04558
05910
00952
03775
06677
00442
01482
06050
02423
03235
07562
02589
03727
09387
05773
08736
06500
00165
00989
04735
02777
05778
02874
01107
03026
05503
01892
06123
01256
03801
01346
06793
04721
04971
07531
05007
06751
07718
03599
08551
06059
03695
02392
01322
05446
02167
00946
05192
02860
05300
01036
07830
05637
00284
07443
06214
00497
04313
03898
00080
06359
00688
08975
05015
06643
02540
02220
06910
08146
05240
02145
02744
01907
06601
00603
07711
06203
06561
01059
02461
00317
06416
01525
04238
04244
06773
04467
08079
02430
08371
01102
09047
03280
06254
01193
05755
07464
04189
08746
04200
04515
00737
02941
08425
06747
01723
01654
01049
02108
06389
02931
04330
06371
05910
05988
00068
06411
08217
07592
01497
00590
05551
02933
06301
02189
03752
02763
03227
05412
05049
03958
08018
01157
02688
07215
08574
00167
03107
08774
07307
06147
04182
07781
04565
08250
04171
03548
07963
03910
00395
04308
06321
00620
03923
00658
03764
07267
09194
02171
01545
08564
03190
06318
09327
04053
04135
06635
06515
03524
01163
07142
05465
04980
05512
07231
08064
03175
09129
00585
03399
01425
09240
02932
00555
07812
07009
08610
03906
06477
01783
00515
09210
07618
01783
07990
02963
07919
05010
05772
04483
00604
05473
05210
03728
00852
05233
01659
03360
04781
05253
07911
08564
03271
04059
04997
01379
02682
05479
01408
06427
07960
08723
09089
00282
04852
04192
03440
08802
05318
07134
06896
04267
05605
04495
03679
07291
04967
01306
05086
05664
00488
04876
08427
01646
06260
08816
00721
00180
03339
05647
01001
00953
03576
03947
04119
06860
02509
05645
07483
03177
03519
02071
05002
05599
08802
09339
09272
07886
05257
02082
00564
03110
04724
03024
04561
06210
03982
01997
07741
07236
03249
06999
07664
08346
02224
01570
02146
04022
06553
00522
00152
02171
08974
00000
08221
07819
08559
03431
02298
03125
01165
03146
04970
04028
03477
03119
08588
05979
02727
06267
05213
02901
06346
07585
04009
06897
07510
08662
02926
04474
07517
07779
05925
08844
01670
00085
06566
04250
00808
04913
01976
07133
02496
05769
07282
01183
03175
04179
03368
06006
08483
05473
01741
01884
01040
01547
05857
05034
03739
00104
02751
02749
01011
04692
08990
00001
03204
05755
00898
05977
01681
02372
08742
03625
07710
04920
02504
03339
08743
02962
05082
06597
07920
04889
04864
07980
05665
09088
03155
02138
01358
07254
05753
06914
00921
02081
03998
02485
06556
04174
06139
04004
01703
08339
02825
06509
07722
00550
00866
04868
05552
05286
03525
00286
02744
02943
06532
08763
05145
09395
06235
05292
02217
09060
01543
00991
05834
00118
04609
02220
05553
01633
06958
06207
00133
04716
07796
04710
04681
08925
01523
07573
02149
03005
02797
07189
05495
03264
06771
03555
01266
05058
04350
03164
08696
08957
02495
01070
01474
08343
05484
08114
05488
08697
00495
04414
09398
00666
03132
08543
07886
01617
00230
06683
03756
04410
03063
06628
04115
02383
07955
07169
00041
05472
01344
06367
03777
07086
01748
06148
03045
00376
09362
04428
05717
09033
02562
07340
03936
04457
00572
04620
06158
05287
04625
08650
04113
07120
05894
07337
07854
01257
00262
06689
08587
02353
05563
06879
00654
08346
05297
06205
01975
06894
07127
08253
03299
01125
08827
01582
03743
02085
01120
07265
08597
07123
04374
00286
02558
04933
02183
04519
02348
08274
01874
05206
08515
04777
07949
08778
05979
00046
06579
01693
00252
00691
06232
05129
04399
07627
01781
04840
04437
04817
07405
05843
04711
04352
05339
06106
03008
03628
08405
04650
00939
08749
02793
00949
03500
09244
08826
01868
01286
05061
08791
01639
02129
04612
07744
07212
02613
09013
05550
03630
08335
03339
06318
07453
03015
03162
00946
08051
02172
05401
08181
01335
04469
06614
02360
01323
02332
03357
05349
06151
05873
02332
08255
03352
02169
00965
01948
00803
08840
00103
05809
07531
06578
01358
03120
05347
07122
09222
02072
03166
06197
07295
07305
00097
01150
08754
01075
00537
01615
00818
03818
00985
04944
07470
08800
07820
08151
06259
08175
05881
05909
00230
09257
01685
07009
04422
03590
06258
01283
03384
07353
08252
03319
04716
04160
02484
05827
04725
01046
03846
00703
04806
02510
06453
05065
05800
03830
04343
05065
00608
04342
01163
06784
00557
07411
08246
05784
01991
02005
07284
07311
06419
02193
03948
08046
02291
08251
08157
09312
02386
01100
09180
04610
08861
06700
06320
07830
07909
09349
07588
07387
07346
06868
07235
02676
09265
03140
01627
00371
05365
00400
02816
07450
05596
09396
04368
07230
00008
02337
04023
09297
05486
08779
00081
02274
04107
07561
08764
08139
07850
03241
09089
05663
04819
08885
02903
06486
05685
04566
00319
02214
09172
08891
06343
03031
00094
07550
06558
04732
07111
07467
04382
00409
05444
07782
03791
08469
05172
08616
07847
06293
05379
09037
02712
08498
02152
03494
06938
07697
01238
03766
03104
06653
07568
03227
07167
07635
05694
04898
01784
04426
08108
05871
07958
06637
07017
06952
03131
05406
07253
08957
04341
00440
02147
04559
04814
04753
02454
04018
06337
08162
05424
05144
07160
04469
02085
07611
03435
08906
02919
08238
07170
06742
00107
08256
08228
05488
02360
08263
03640
05985
06584
04213
04560
01104
08750
05529
01182
04167
06175
08525
07343
09229
08974
03288
08348
00649
00000
02695
08135
07016
08150
05620
04882
00403
02888
06003
05699
05032
04886
05437
04715
06202
04778
01139
00150
06336
02569
02265
07646
08528
06929
01020
09320
06166
07557
09361
09336
02117
00451
07452
03719
02520
01982
06634
07794
09197
00231
07019
07687
07166
02854
04975
00137
00726
07799
02964
07714
05381
08800
06001
09328
02792
05902
01907
01208
02016
06184
01529
09215
01213
09363
05013
06320
07214
00964
03170
05663
08536
05060
03949
06884
05473
04173
04225
02963
04112
01691
07891
08017
06010
05502
05374
05777
04915
08868
04260
04852
07664
01123
05299
03254
07229
08196
08687
01109
05312
01483
04745
08437
00224
07699
00132
01535
08003
05511
08583
00320
02659
05938
05412
00965
02093
03880
04805
05581
03574
00758
07518
00375
03785
07171
07578
05633
02177
06970
04037
03298
04776
09024
08283
02160
00338
03696
04372
07699
05225
06542
03453
00171
05229
04537
01148
04876
00608
00721
01232
08551
08243
03479
05986
00685
06384
04420
06372
04828
07878
07338
06156
03580
06202
06519
05316
09131
02816
02655
00002
06508
05334
07201
02255
03871
07041
05594
00967
03002
01047
01526
07444
06412
05288
07437
06222
00914
02289
00545
04699
07315
05294
02926
05831
05502
01564
04635
00456
06083
00384
08197
01057
06639
01423
02594
07913
01697
07724
08450
08047
02857
01703
03146
02069
08193
01640
07163
02661
03395
05424
03871
06268
04985
04399
07571
00418
08044
02368
08000
00555
07836
07773
03908
09158
03711
00728
00597
06143
06485
03568
02110
01922
06359
07628
04010
08006
01127
08191
02581
01844
03315
05736
05585
06947
07724
00668
02982
06002
04931
06218
08107
03913
03466
07459
04889
06140
03544
05925
08456
08644
07310
03762
04400
08412
09303
03361
07561
00773
05965
00729
09238
02822
07270
01766
00652
06108
05198
04617
06681
09362
05485
02872
06560
00061
03841
05927
04776
08335
00814
02785
08812
06574
03242
09143
07958
07784
00613
03212
01924
06725
08630
06978
06436
04608
03777
05645
06188
03907
08715
00611
07346
06239
04816
04436
08602
06053
05180
00291
07622
06668
00694
06033
02647
03727
07563
03914
05218
02362
02622
04398
02942
07817
03941
04055
02762
01685
02455
04962
04587
00100
06929
00724
06659
05532
00312
09378
08246
00523
02080
03629
07293
03246
08507
04264
09085
01500
00470
01599
06442
06959
08181
04918
06500
05974
01439
03003
08108
04025
03156
07105
08608
02635
05282
00362
06514
02421
08359
01688
04655
03845
05057
08183
04731
04610
07113
01811
07617
08306
03103
05602
06752
03642
04198
05654
04898
01753
01120
05650
04574
01385
02812
05837
01909
01323
02683
05087
04833
04311
04715
07863
08305
03333
08515
00631
09178
00283
06853
02774
05256
03979
08337
09096
07650
08255
04342
07515
03075
04908
00971
01360
01988
03465
02388
09051
02230
00362
07672
07817
08046
01389
03807
00382
01594
08712
01977
00968
05967
08029
04586
07396
03677
01092
06321
01227
06338
03595
01504
03824
04427
07868
05374
08737
03354
04619
02943
02727
06464
07210
08325
06955
04715
03772
01392
09391
04307
08354
02584
03055
06175
06517
06572
00362
02117
02785
01123
06009
03534
03601
00952
06482
03583
06693
03395
04537
01732
09317
06161
09308
01031
07873
01597
00122
01678
04463
08680
02463
07123
04879
05221
06870
08036
05526
07447
06228
02051
00421
00603
06004
02929
01862
04194
06621
01275
00307
04351
05972
07638
05987
00775
08015
06158
02401
01854
04136
03002
01786
03933
08354
05140
03107
08697
04251
05388
07925
05768
00133
05668
02118
06117
09210
09190
03669
01547
03196
02546
04658
08877
08127
07228
05039
04812
02292
01826
04783
02682
07274
09026
04498
04867
02387
00090
06994
09323
07728
05298
00285
00170
03490
06043
02735
00892
07846
04323
00395
03446
07572
05424
02046
01491
01173
04650
07416
06852
02158
01094
07911
06853
05325
01796
04658
02124
08575
00114
07664
00365
04187
06297
01714
03297
07215
02741
06291
04037
04677
02803
05867
01831
00025
05491
01450
01323
00890
07332
01991
06427
01010
01662
03037
09109
01548
08115
04487
03022
06001
02183
05408
09060
05735
09183
01937
09074
08167
05222
02000
03308
00937
02081
05721
03514
02558
02132
06044
08250
06978
01438
05842
08006
00284
02968
00301
04444
06763
05243
02044
06052
04478
00294
06056
04020
03840
02175
06878
02264
05199
06881
04872
06013
03648
03611
05890
05308
05280
05113
09174
01692
04945
01860
02701
06360
05655
00085
07459
05623
05166
00968
00621
06099
03346
08867
04306
07777
03491
03412
04443
09191
08907
07194
05232
01700
05540
00540
03929
05608
09091
05230
09190
06292
03763
03883
00147
00717
00944
06500
02571
08242
08089
00565
00119
02181
06961
08513
06307
05671
01650
03972
08934
08251
05486
06429
06740
08211
04976
00331
04738
05386
01678
02518
04400
07517
06165
03792
01905
07035
03462
00384
06513
01041
04848
09381
04960
04958
07660
06424
06689
01955
02850
03171
05609
08349
03825
06977
05578
08488
00427
03514
03223
01914
07950
08883
02994
01266
07167
04513
00409
05483
03962
07456
03600
03673
03076
04524
07095
07134
07281
04851
05196
06945
00010
05565
05316
07443
05542
07857
00466
08080
05113
03965
08546
02159
00498
07153
03135
00894
04341
04409
09048
01469
06610
01485
07338
01940
04533
03367
02439
02748
01700
02801
02900
05039
04591
05104
00400
07478
00489
01161
00504
03629
00374
02342
06135
07716
06189
04652
08307
05981
06652
01484
06491
08980
00162
07797
05140
02592
06495
02403
05683
00821
01488
09190
00724
05212
00039
05233
08777
09240
05752
02908
02935
08309
08942
00089
02562
01254
08259
01056
06121
08403
03326
06623
08356
05462
01711
00810
04986
04096
06830
07171
03679
06077
06698
05414
07818
05177
00733
00299
04036
07157
07508
01200
00636
08426
00245
04810
07304
00609
08713
00009
04287
03460
01873
09206
03161
04485
03364
04665
06311
03689
05030
08627
07863
02287
00573
05300
02808
06603
05709
04034
07740
06514
04051
07224
01803
00394
09303
04110
01188
07720
00930
06571
01407
05837
01239
03683
07813
06173
03958
08758
01673
07533
04771
08672
05112
00113
06862
01166
02299
01439
02603
04419
04158
04867
01081
06231
03848
01240
06776
03489
08707
03256
04259
01545
05181
00680
06038
06509
01493
01923
05193
07693
07810
03626
05369
07253
00301
05452
08952
03903
09167
08688
09003
06106
05964
01836
06049
00147
07695
07416
03012
07934
04327
07564
04920
08009
00559
00163
03648
06101
02924
01307
09344
03330
06431
07970
09205
08142
06586
08727
07344
01946
06191
06425
01937
01761
04956
03120
00696
04934
04155
05102
03431
03161
00158
02530
01996
01757
01744
01921
01651
07713
07910
08729
08919
07441
00604
05411
01993
06232
00147
07932
00169
00300
00297
05512
07185
00239
01753
09108
01130
06389
05993
06759
03261
05719
00171
07788
06740
08634
03723
03222
09337
00324
07679
06216
01731
00277
07924
02016
01066
03366
01253
02871
04832
02282
00007
00425
06351
04069
07864
04355
03241
07796
05749
05965
05563
02691
06466
01118
07107
02677
06181
06654
06640
03995
00236
02661
01808
09196
06276
03533
04980
05229
01483
03902
01552
08270
04085
01950
04903
01609
03611
09146
05124
01159
00339
04830
08907
01081
09256
00525
07805
02144
07089
06806
02498
06689
06640
08955
07169
00585
04369
03143
04699
03664
06730
01771
03774
08077
03633
02261
04181
04334
05312
06293
04925
00954
06998
01861
05050
01182
04584
04253
06232
07864
01741
08352
05445
07467
09207
07807
03115
06255
05028
07616
02260
09068
07740
02403
08982
05227
08198
03728
02310
07537
01643
06360
01648
09249
04076
00366
04484
04885
01270
02850
09069
02825
01891
09090
08428
05084
08365
08573
00545
01235
03172
06758
03441
01948
05463
06049
05539
06652
03279
06029
07980
00533
08654
00958
01882
04136
00271
08269
04822
00019
04231
06895
08618
07063
07160
04295
04834
00568
00287
00697
05712
07770
07203
05772
08735
00820
04966
07818
04369
01196
07265
03343
00148
09175
04991
04500
08847
09251
04883
03663
08826
05075
06286
05097
05291
07405
04336
04387
00885
03212
07592
00886
02307
04830
00871
00910
05379
01809
01110
06761
03317
05790
03824
04034
02394
00554
02945
07397
00858
02037
09350
02502
02934
08113
05631
00635
00844
04417
03999
07906
06256
04219
09060
04400
06663
04684
01002
02928
01247
03630
01810
02420
08907
03688
09039
06778
05299
06186
07969
04422
00551
01460
01850
01256
06292
02978
03598
06538
06359
03894
03472
03841
02271
03986
01512
08741
03007
05816
02264
05182
05705
03104
00630
08397
02470
01261
06427
03532
04625
00308
06730
07427
02388
02714
00532
05648
01409
00609
08600
01002
02635
00607
01321
09042
09382
04284
08375
03135
01120
01709
05439
03212
04851
05426
06230
05712
04027
07808
09369
04282
01929
06979
05712
07807
08106
04716
03576
02442
02730
02171
07280
06582
05418
07250
06260
05467
08409
08221
03541
00619
07750
00337
06305
07111
01347
04968
08990
06723
01437
01190
00354
05650
04280
08836
00463
05639
01167
00607
08770
02882
08890
01851
08114
04844
06920
00889
03613
04895
07387
03906
05902
08396
07628
07799
03387
02658
08283
08359
03347
06312
08256
00108
00869
03967
00376
03946
00891
05751
00943
08989
00822
02116
07372
08558
08435
06973
05922
09305
04002
06826
02746
07246
04575
01367
01998
03186
00017
02921
06057
08826
00488
01475
02914
08260
09365
07461
02511
01881
02113
08018
08893
08107
07039
09133
05454
08327
04773
04104
06076
02502
00037
05904
09065
08894
00011
06568
01489
03232
03703
05056
07367
07862
00474
02257
05524
08755
05677
00064
06919
03270
04236
01053
04686
02933
03586
08728
01210
00202
06190
02759
08801
08700
06644
04173
08612
08525
01430
04386
00153
08131
01016
03867
06803
05126
07220
02174
04397
05101
08106
02221
08502
07989
07505
01012
03965
01838
07267
05672
00294
08356
00138
03734
00293
00191
00664
03846
07743
07375
06253
06490
04497
05521
09346
01134
05312
08150
07946
07862
06879
03078
09152
07438
01126
05904
06626
07586
01903
01908
02981
05739
08085
08344
02227
02379
00069
01387
00032
01469
02998
04193
02115
01428
08837
08996
01447
09334
03393
00883
02136
07340
06374
06418
03586
08265
08213
02693
04709
08332
02704
00314
08566
04404
08458
05450
08567
08648
08013
01580
08303
00208
08206
05167
03604
03347
02483
04169
06828
04590
02236
03800
02074
01861
05615
09300
06838
04625
05365
00688
06438
03118
01835
02859
00288
02512
06427
09047
04482
02354
04024
06437
01536
05402
03433
08603
07500
06668
08300
05148
02476
01257
04988
00682
02189
07324
00349
05410
06590
04826
05348
02644
06551
04459
02172
07693
07144
03025
06499
07283
01894
01044
01611
08620
05680
09359
02492
07947
08184
00555
06614
09153
00364
00541
06245
04884
04108
03727
03237
05958
03055
00672
05981
05853
08462
02040
05568
02698
01154
04933
00118
08344
07465
01635
09185
01523
03779
04819
07443
05539
09035
02819
05573
02867
09361
08702
05298
00746
08700
02967
01107
02966
00116
02655
04091
08168
06078
07201
08522
02247
03457
05294
03448
08924
00126
01651
01055
08896
05668
02555
09202
04358
05969
03225
05564
04712
06597
05638
05529
07769
08103
03251
02634
02268
05587
06148
03308
05976
00124
02921
01943
02025
01315
00730
01764
07707
06281
03583
05208
07645
02289
07481
02854
07080
02958
00281
08992
06163
05412
00258
04781
02268
07795
05445
05158
05213
03886
00017
02379
04769
01042
04725
02747
00266
07994
00268
08384
01992
05343
03716
01569
09343
07748
06019
03209
07094
03583
03830
05948
05391
03908
05735
09018
05584
00964
01778
02636
01861
09138
07356
04388
09296
08174
07817
02657
04479
02579
01177
08183
05967
08131
00741
00309
08794
04802
03212
03768
02195
03615
08933
07997
06898
00943
07544
04404
08000
08444
03797
04440
00440
08843
06080
06963
06576
04395
04104
03638
07827
04409
02747
04429
05797
08033
00776
00113
06234
05823
07584
02192
05283
01595
09137
06959
03414
02578
01329
03343
01889
08385
06211
00365
00682
09053
07273
00763
09206
06590
00543
04229
04180
05426
03471
03390
03765
00701
07535
05441
04355
05494
02027
00803
09187
07685
00304
02213
05648
00353
04070
01015
03718
07814
02608
02072
03415
08187
07684
06970
02349
08242
03969
02819
01485
08728
06826
05502
00380
04212
08230
07879
01009
05892
02497
07126
08102
08619
04555
04579
06157
06488
04155
00832
08755
08975
07432
01604
04603
04946
07787
03603
07634
06739
08860
08899
06866
03208
07231
01721
06845
08833
08819
09306
07632
07349
04167
00734
03649
00616
08441
00278
01599
05450
07420
06790
09373
04089
04206
05198
05482
04558
05116
04786
01912
01213
02474
03633
01326
01758
05026
01883
07180
07032
04671
07988
06947
07045
03232
00093
06783
04305
06284
09090
07131
03476
08798
00141
08631
08167
03414
00681
06679
08691
08905
04539
06107
05397
02271
03555
04943
02717
05983
09097
08718
01702
00601
01049
02192
08776
08647
05161
04845
03401
04961
08810
02620
02714
05356
06769
04389
04701
00718
07954
03064
00485
06848
01530
05088
06246
06168
08451
01207
08467
09018
07341
01894
03374
06195
06959
00577
06065
08714
08340
04702
00204
03196
02514
06496
06376
08322
08567
05836
03464
08832
06660
07751
05639
07276
02299
03922
03844
00977
03557
08259
00282
09392
04004
05201
08404
01874
00295
00460
03046
01860
08428
08934
01502
03584
07839
07146
05593
02500
07881
04496
02922
01897
07236
01177
05798
07537
02722
00901
09227
04958
02526
07663
00823
02723
04922
05922
08788
03602
02039
01707
07537
03826
00067
07354
08028
04857
01749
00613
08755
03246
01764
00347
06082
04348
07405
03331
06622
07316
08028
05022
01968
06466
02553
08383
03245
05177
04003
02294
06107
09358
09227
06475
05030
01206
00359
02677
04481
05109
03519
03471
00040
01468
07716
00083
00769
04246
00804
02959
05155
02935
05139
02545
00902
04586
05731
08655
07890
03621
07612
03351
00700
01627
04246
07872
03235
07494
00763
08428
00105
04734
00874
03930
05773
09155
03374
00780
05965
02387
01045
07866
06192
07808
05204
01496
01761
07977
02312
05243
01936
06555
02231
06180
07667
09100
04333
09382
09378
03572
02010
03042
05640
07041
00577
07116
00333
04397
02508
06681
05768
06926
03963
01256
07178
02970
03387
03242
04790
05716
08043
04455
03996
06215
03889
06726
02245
06126
07067
04441
02408
02262
09162
06603
02355
04137
04025
08959
00590
01248
00723
08486
03057
00556
00154
08156
04365
02257
07916
03384
08768
06863
07016
03734
07426
07742
02719
02459
03661
03901
01517
09005
02113
01679
07878
07628
03821
07019
09397
03032
09290
03239
03136
08120
08241
03809
07543
00484
05101
08825
04052
04800
06523
01805
01092
04822
06910
07122
00963
06359
01479
00029
04230
02229
02681
06924
07666
03544
03618
08899
00714
05643
02758
05174
04277
02570
08542
01792
01550
01147
06125
05606
07717
08646
03251
08843
00827
08034
03323
08465
00234
04605
01159
00841
03827
07495
07539
06847
08122
07452
00879
06029
07699
01996
03014
02610
07344
03345
07643
00294
01466
05236
04587
01949
02692
03052
04229
08845
07888
07157
03374
01270
05409
02625
04498
01590
06783
07485
03373
03101
03017
02131
05759
09308
08333
06903
02301
08109
06211
00560
06188
00110
04000
06261
01441
08968
03926
00641
07212
06639
05456
07428
02563
08445
04826
07512
02451
09127
01679
03509
03321
02059
03453
08441
07198
06556
09292
04600
05280
03205
04508
01851
07270
04454
02187
05912
01796
07109
07157
06774
01148
03172
01334
08811
