05188
00276
01924
01454
08281
08394
03479
03228
07399
06403
01940
05570
02559
06495
01164
03090
07873
05322
04962
00666
04624
05861
08978
00400
01491
01563
01106
06706
07657
00518
07603
03659
07048
07111
07635
08976
00058
00972
06323
01352
06373
00187
06696
06817
08302
03013
00089
00040
06609
07526
04251
05672
05687
06913
03476
05788
00300
08912
00826
04695
07435
04953
00007
02944
05969
00005
04012
01028
05051
08146
01127
02228
05565
07552
08810
04421
01489
04840
07961
07789
07335
05783
06288
04275
07399
02387
07279
01928
02112
02909
06283
05138
07716
08060
03393
03472
08442
03082
04130
06791
02575
02712
03014
03170
01699
00381
05478
00432
02260
07323
03394
00248
02121
08730
02267
07567
00820
06966
08119
04274
03132
00228
05535
04175
03934
04186
00998
08557
04264
07156
07488
08781
04827
00698
06956
00216
07794
06607
04416
06703
08035
02748
02752
04674
01336
00539
01978
07488
08394
06648
01857
00733
07612
08569
04555
03698
00423
01111
08641
05094
02039
07412
06843
08657
00321
05060
05750
02145
07703
04745
07580
04782
03938
03814
08550
01249
06987
00789
02319
06690
04886
05188
05744
03709
01675
01801
00107
01678
05682
05647
01407
07212
01610
08041
03528
02473
07311
07043
08479
03402
05206
03344
00077
05721
04717
02349
07976
05344
00524
02580
08535
00456
05738
05109
08904
07287
01318
03520
00972
00080
02227
06142
08763
01252
04542
03821
02689
00383
05831
04417
03364
03774
02490
01463
05153
08084
01633
06173
06722
03715
01272
02782
06503
02295
06796
03225
04054
03102
05185
06369
04320
02828
06966
01120
02777
07523
02823
01708
02203
05560
07263
06963
03152
03897
04376
06995
00362
05034
04897
00618
06514
00326
02746
05812
07841
07291
06743
05419
04085
03526
02983
02945
02971
05414
05576
03120
07198
01533
04024
01403
00674
05272
08338
00606
04712
08351
06980
03255
04118
02384
00081
08848
06833
02406
06583
05212
01082
03351
01607
04055
07002
01244
00381
03347
06563
06321
03867
00788
00685
00196
03982
03189
08642
06402
01660
06788
02055
07229
06289
06248
01183
08442
02725
06411
04885
07598
03195
02802
00013
07585
00576
06425
05552
02859
01078
06019
06243
03738
02917
05752
02779
03278
02821
04407
06343
04251
00914
00970
08857
04998
03900
00833
04130
01987
06265
05015
05441
07571
08202
02977
03912
08683
07527
06749
02380
02583
05359
01831
01983
04029
05425
06398
05387
00270
00256
00437
00508
07960
00286
04717
03115
05598
07776
06751
07747
01753
06994
02704
05122
08087
06943
01726
04118
02194
00030
06047
08465
07732
05524
08200
00954
08086
07779
01147
02825
08816
05652
00258
00183
01322
03638
05679
05704
06721
08986
02382
06870
00214
00674
03738
08251
02536
02950
06356
01498
02746
05907
05211
01027
00599
03617
02525
02281
02017
03759
05323
06082
02265
04597
07338
05283
07880
01125
01398
05372
05916
06942
05345
07239
04703
03263
07041
04441
06905
06261
03888
08850
03046
07313
01469
08183
02411
00105
04775
01025
03545
07297
03058
04225
08539
03230
03450
08947
01396
02327
04940
08116
05802
07968
07669
05002
07424
03580
05057
05822
03231
06038
00397
07536
01947
02724
06769
06952
08036
08025
04861
03444
08987
04821
00908
01091
04957
04740
01590
08916
01612
06776
01247
07620
02536
07779
07445
00538
03492
03069
03599
00993
05901
07982
07432
06066
04694
06048
00187
02018
05830
07372
05273
03239
05459
02360
00557
06003
00248
05370
07049
02531
07978
05580
03481
08614
02496
00236
00405
06877
05120
07118
04973
07788
05191
03104
03029
05258
04360
02450
00735
07306
01102
01200
05919
08254
03309
02229
03362
07645
03586
07837
00480
07698
06426
08319
03976
02545
05816
04414
08690
02429
06937
03395
05752
00419
08249
03937
08150
08701
04296
03836
06433
01844
06143
01886
01004
02749
03020
01424
06501
05742
07166
01313
01166
03414
00474
05222
05591
08318
01187
05190
03888
04320
04096
05041
01764
02146
03368
07349
02730
04391
03753
00708
03469
04443
08989
05837
04907
07248
02989
04301
05563
06297
05624
06466
01935
01619
08948
04908
05905
08195
07974
05848
03858
01848
01772
08354
05078
07310
00535
06255
02667
01716
04406
06781
06288
06723
01397
06351
04889
00899
01589
05072
06737
02107
05700
08715
01225
05773
00701
06877
02532
05932
03619
04256
04533
01562
08599
08972
00448
04307
00554
03644
08709
07328
06532
05267
01524
04304
03546
03905
05258
01761
07285
01013
04137
04719
02343
07897
06837
01767
05057
06157
06315
07595
04232
08545
06092
08154
00335
01370
02687
01051
02869
08272
00365
06598
00663
02226
08630
05991
03960
00622
04713
00608
02812
05657
04336
05554
00636
03791
00266
04447
04132
04696
02594
03399
07169
05991
06988
08444
08822
07744
06920
01556
07069
02486
07103
04668
02898
04870
02530
04012
07859
08563
00043
07650
01036
07455
00139
04342
03112
07522
04538
03576
04593
06210
08765
02441
08440
08472
01825
08724
04336
04443
06405
00346
01741
02891
01694
07428
00458
04755
01133
00065
04968
08316
01347
05725
02474
00443
06388
08026
08477
04190
00385
01413
06702
02944
02087
02823
07603
01878
04790
00526
05427
02717
01180
01576
01009
07394
05327
02804
06020
03462
03761
07781
05514
01884
04781
04219
06914
02713
04249
00095
08545
00654
07348
02683
04029
07309
01494
02485
04341
03870
04943
08878
05425
03212
05983
07290
08070
05433
06381
05854
05865
00810
06035
05105
00981
04752
00663
07937
02384
02365
00996
03732
07704
00200
02622
07743
05402
03956
00573
06837
06883
03363
04761
01224
08919
08938
03468
04437
08407
08522
00453
07287
02008
01731
07544
07627
07350
04132
02090
01467
07176
04563
04635
04754
03516
01477
02180
01011
07051
02323
04808
00350
00887
00930
05887
02703
06137
04637
07341
00428
00120
03169
00210
08036
04772
03157
07554
01831
08200
08332
08341
05189
03453
01296
06544
06479
06291
08500
08762
03492
02858
00605
03627
08105
02687
08767
07734
01689
01699
00456
08848
00292
07357
02987
08737
06999
08160
00620
03055
06168
07839
04067
08369
08083
05436
04662
08673
00502
01240
05615
05675
02502
06764
02559
08594
06964
08407
05981
00938
02920
07224
01240
00368
02184
06435
00940
01357
04445
06225
03980
06593
04770
00703
03301
05901
01825
08057
02331
05281
05868
05199
08659
06451
08485
04741
07675
04705
08219
04153
03801
06478
05361
08902
03079
02520
05437
01301
07016
05411
00930
07571
02994
01854
04738
04725
08104
06810
01275
08247
06170
00227
07220
02405
06963
06848
02261
05745
00703
03292
00977
07611
00991
02191
04305
02135
08658
07982
06261
01631
04570
07990
07633
03505
02881
01625
08955
01436
03606
00039
05829
03588
03991
07405
04747
02365
04836
02235
07786
03172
04558
08567
04562
07112
01002
02944
07138
05927
03678
05045
03343
04678
00039
00795
08288
03145
07620
03797
04481
08872
03979
04022
08586
00050
05526
07306
05460
00083
08434
02098
02935
00361
00212
00534
04419
08885
04575
02261
02953
06164
06070
05761
01140
08397
01898
03837
01858
08941
02841
03168
03585
08270
05293
08187
07792
05046
06868
03718
05043
05955
00920
07737
04490
08013
02101
03078
06551
01356
07426
01964
01394
05160
04830
06661
07730
05032
06713
01265
08994
08330
05012
01860
08238
03025
00901
08563
01497
02572
03083
02164
02613
02386
08611
06147
04917
05060
07381
04289
04058
02763
06734
01198
03120
07521
01810
06471
02301
06515
00189
00555
03078
01099
00647
01959
06605
08221
02722
00914
00386
01007
04001
07994
01285
03947
05055
01221
00246
02745
00128
03804
05561
02517
07960
03082
08273
02673
07718
06690
07832
08491
07141
03838
05664
07414
01583
05764
05753
04590
06982
07635
06879
01605
01817
08675
03007
03499
01911
07642
01551
00162
06203
02379
00071
04399
04980
00305
01552
06540
02375
00874
01599
02043
08227
05174
06997
05133
04025
02495
03190
04633
04502
00770
03396
06800
03815
00107
04552
07556
00544
08007
05701
02233
06113
03587
05993
07988
02381
02722
07592
00360
08528
00787
02343
08751
01420
04257
00633
06621
08080
08675
06793
08521
02158
06492
00605
01637
08431
07718
08956
05268
06526
04439
07972
04323
06021
08046
04682
00864
04192
04175
00663
05927
03924
05193
02667
01452
06491
05296
03536
04498
05648
00726
04150
03866
05225
05109
06422
06239
03558
02816
08990
04934
08612
06447
03552
03828
08573
03369
08431
04975
02952
02436
06951
02934
03057
08168
06103
01324
06685
07457
00766
02344
00741
08715
02535
00864
07204
06720
08939
01340
01894
02725
03026
03599
07407
01035
01269
01151
05805
06993
00306
08846
06683
07094
02933
05497
00994
04572
02056
06686
03894
08008
05863
01178
05043
05430
08234
01712
00875
05514
05032
00038
02709
03177
01468
06721
04778
05166
00279
02257
07927
08888
00474
07416
07954
07360
08461
07771
06940
02225
08873
07051
05186
00184
06655
02061
01311
06371
04507
03285
08481
07006
01616
04786
04422
08192
06801
05274
06979
03612
03314
00550
01032
00531
00665
02369
02524
07255
05563
01946
06585
02131
01871
00425
01076
04958
08225
02061
00067
08486
04421
00259
00795
04329
04345
06308
02357
04454
00629
03974
05444
01970
01905
00554
08949
01679
00779
07389
04051
00583
01683
03488
01487
08686
07949
03226
03801
08573
04195
08990
02733
07995
01740
00327
08420
06294
04357
03815
06078
02991
06499
00583
00945
02652
08746
02401
04089
03990
08396
00665
05676
05875
05449
03714
02640
06358
02032
04669
03204
04394
00160
00804
04048
00958
03045
07020
05513
02322
07010
06793
00077
02591
06719
08947
06495
05509
03263
01118
08208
05646
07009
06208
02811
01423
02881
01612
08970
01815
02411
02179
03290
05648
05667
08586
06280
08931
06595
05110
04798
06144
02530
01964
02398
01467
03789
05557
08882
08209
00573
08135
05622
01442
03110
00127
01955
04985
08663
04281
00368
01822
07082
07234
01263
08412
01609
07085
00729
04254
06851
03082
07591
05149
01962
04013
03078
02117
06754
07738
07958
03709
01873
00230
02407
06189
08109
03416
07081
05922
02430
07631
05110
05229
05098
04629
00638
03322
08486
07721
04423
00187
03440
06178
07343
02244
04430
07415
07408
01978
07594
01772
00278
06589
07333
06647
00224
03933
02764
07649
05280
00728
06844
05504
06601
03793
02038
08696
04972
00525
01438
06777
00591
05734
00302
08412
02267
07322
08522
06152
02960
03734
04296
01593
07127
06612
01494
06120
00179
04596
00023
01941
05685
02759
00899
01841
00715
07678
04554
04144
02773
00121
04517
00547
05787
01852
06650
04612
08534
03707
03178
07698
08658
04006
00728
02413
06132
08855
08568
01235
02854
04744
02489
04353
06708
07626
08913
05733
05770
06193
06851
00768
00788
00731
01543
03897
06913
04695
04271
08724
08429
06610
07978
01082
01034
06996
02375
05082
06802
01577
07479
05421
05012
05996
04846
03975
08088
01102
03040
08866
04457
05100
05069
01916
07198
04366
07128
06608
04252
03068
01354
03754
04444
00755
08765
06572
08292
03277
01576
00006
01581
05383
06814
08738
01993
06388
08955
04861
07375
02102
05285
06738
03556
02332
07250
00529
05463
04912
06188
03540
06976
01447
05006
01713
06198
06531
01969
03188
06909
08478
08391
03228
04193
00348
03331
08766
06921
03331
05019
02359
01506
08407
00932
01738
01279
07462
08737
08041
00370
02018
06495
02288
04970
04445
00367
07150
05249
00438
00424
06141
07744
06753
03209
02848
06377
02733
07201
00708
08353
06039
07259
04087
06184
07108
02761
00238
06742
06980
02323
04458
02868
03370
06828
07250
01652
06776
06698
04396
07662
05879
01784
04100
00281
00220
00625
04207
01266
01142
03755
06650
02443
06083
01654
07171
05691
07442
04504
06889
03590
02988
07846
03880
06617
08436
03537
05524
00348
05149
02410
07743
06300
01195
06315
01917
01676
01817
01180
07620
08279
07842
02607
08970
03797
08771
00064
04742
04688
07589
00916
05000
04929
00336
04181
00957
02324
05459
06384
04947
07725
00305
08092
03523
06637
04389
08918
02052
08397
04430
04605
04955
00533
00773
08983
06560
08538
05715
05902
07997
08330
00264
04555
01352
03717
05238
08245
05807
08690
03940
06526
04595
00298
08790
06163
04340
04461
04746
05605
01460
02912
07789
03577
06689
03712
04012
02496
00610
03822
06103
01475
04354
03246
05983
02112
02554
04917
00920
01369
04849
08246
08890
00887
03655
03306
01370
00003
04743
06522
04437
08604
05547
04322
08396
05090
00985
05339
07570
02238
04722
04757
05979
00404
07395
02896
06415
08046
01333
07109
07804
01606
02696
06750
04098
02015
01012
02934
02039
06065
02991
03062
05483
02335
06211
06741
08053
00583
07847
02683
05524
02197
05773
02763
01411
02596
04788
05379
07052
02706
08164
07649
00021
00351
02670
05411
01591
00578
08310
07979
02507
03864
05785
01294
04535
03842
02368
05575
07126
02322
03871
00300
02142
05705
07343
08564
04779
01592
03287
00276
06321
05353
00186
02261
06510
00433
07489
00852
06926
01212
02377
02046
04984
02141
03271
08645
01830
00025
00472
04187
01578
03655
03494
02210
02915
02206
01124
07693
02247
00874
03490
05455
06666
04653
08660
01310
04405
04798
04109
05371
07786
05729
00721
05449
08556
04123
06959
06536
06851
08400
04542
02573
07621
07122
01303
03472
04296
07056
04479
03737
07003
04201
07600
08391
01421
01323
08806
05559
05989
01333
08972
00701
00184
06141
06497
07034
06337
00030
01781
03099
07867
06714
00493
06673
03330
05016
04142
08170
05408
02346
07462
04804
06035
05894
07246
07865
04699
08831
08539
06555
04650
05199
03708
00486
03028
02859
02438
05156
06677
03203
07651
03905
02234
05669
02514
05388
01095
07676
02631
03374
05744
08002
02923
08266
01619
08103
07478
00409
07330
01061
04185
05264
06407
05202
06408
03369
01753
06785
05364
08043
02147
00173
07015
08695
03810
01099
07440
05824
02623
04659
08127
07150
08963
06250
08659
00183
06159
04136
07542
03594
08102
02817
02730
05026
00378
01026
06892
06627
06859
06737
06599
00396
03870
05785
03052
01280
06850
08897
02181
08715
00078
03808
02097
07982
03142
08536
03777
08064
06276
08348
05105
00777
03858
05510
04227
06891
00518
06434
05781
01463
00215
00721
00506
04881
01940
06834
02630
06226
03756
01635
08307
05008
08536
03200
08641
00468
02180
04934
08507
01023
01484
06055
02796
05809
03563
01338
04159
00456
05655
01462
08086
01330
07913
06827
01619
03464
07576
02293
01290
02111
03797
01517
08711
00515
03752
02878
07964
03466
03322
03065
08875
00506
06812
06110
03794
08968
05989
05712
01476
07366
03801
06219
02019
06376
07948
03492
03788
04980
07614
07757
07843
04275
02448
00907
03005
05608
06660
01870
01565
04604
07931
00861
03126
00812
02969
08204
01247
06312
04002
03867
02236
07016
08048
00452
01913
07268
00452
08760
02561
00601
07610
01886
00061
06795
05153
03201
04281
07452
00639
01645
06808
07407
05508
07534
07879
05961
05557
02965
01223
03445
00665
02208
06164
06522
05448
02821
01707
01388
08582
08419
06176
05731
06343
02253
01517
00235
02789
01907
00502
05745
05589
01198
04673
06887
06144
06344
04988
07125
00309
00598
06655
02652
03220
05420
00464
01888
07365
06547
07901
06041
01590
00905
08660
07254
03347
03237
04806
00039
05768
00661
04426
00301
07002
07582
05885
08480
01260
05271
04823
08100
06902
02315
05706
02009
01359
08833
02708
00846
08035
02225
02131
03570
04271
02797
00776
04622
04001
00442
06388
02994
00733
00578
01983
04019
07426
07360
01407
02965
02444
01431
08445
00347
08786
02958
07428
07000
06511
07100
01931
07841
08078
05780
08098
01009
08414
08013
07153
01312
05781
06345
07459
03577
04545
07880
00305
00271
05466
08560
05891
05379
05387
06395
06794
05660
03663
08421
06657
01164
02328
02233
02282
05035
06570
03119
01821
04179
07622
07124
06122
03807
08539
00518
08384
07184
04319
03569
01214
05109
04508
06499
07734
01206
03869
06425
05282
03821
04671
02196
06790
00194
04381
06780
07749
04522
06179
04743
01952
03611
05676
05373
03337
06430
03823
06083
04102
06890
01644
07499
03936
06641
00893
08452
05211
08969
08247
03731
06536
08873
08704
08774
05686
01525
05650
07184
07792
08681
08045
05423
00767
00382
02139
00230
07688
05412
08341
05454
05913
06340
02147
01248
07940
01287
07089
06552
08502
08289
05989
01655
04769
01268
03308
01887
01326
08379
04740
08579
05182
04668
04892
04579
07455
02488
06040
06873
02172
01442
02353
08243
06533
08809
06001
00461
03166
05148
07716
03178
07091
08153
04546
05743
02369
08106
05305
04892
00832
04365
04071
02704
06621
06295
02013
07448
05139
07124
04039
05627
03945
08173
04319
08749
08063
02622
01482
03982
00610
00251
04594
00982
01535
06599
07795
06872
06340
00592
05641
06880
04786
05178
04502
02962
05799
03518
03650
08593
02200
01159
00595
02976
07619
04210
05476
06144
05394
06463
05001
04575
08491
01504
01512
08889
06421
04844
02811
08326
07262
08417
06314
00512
00183
03140
08046
01015
00185
02710
00256
06490
03680
07325
00456
01820
00805
06979
01498
06361
03418
06207
06250
01388
07999
08751
03368
04246
07049
08119
03047
01029
03226
00528
04823
02351
04404
06320
04842
03745
00774
03145
07980
02064
07641
03025
04387
08019
02661
04862
06910
05675
02380
04596
02170
04633
08560
03308
00039
05194
02192
02602
02306
06569
08925
07715
08748
04329
06643
08617
07927
07653
03044
01797
04192
07631
01542
06624
08088
02825
00509
08030
04580
07867
00083
02127
08029
06025
00523
04307
01154
01240
07981
04818
04177
02726
01195
07333
04212
02475
01114
05172
07672
05959
05925
01045
05249
00625
03684
03518
04298
00306
05817
01471
01312
05612
04075
03447
04326
06554
07995
06985
02643
03053
07580
02426
06743
07311
00064
07498
06357
01248
07725
07581
02074
08851
04686
06581
07476
02093
03566
02110
03981
03953
08775
03501
03711
02338
08264
04190
01105
00470
01518
08313
01024
07644
06521
07719
02921
05346
01015
00903
02810
05661
04510
04896
01784
06445
04835
03346
03139
02012
00768
03685
02454
05932
00345
03165
05899
07834
05991
01193
08443
02331
04598
05631
04579
08641
07345
08333
03314
00137
07293
02134
07759
08597
07435
00672
07215
03113
02519
08486
05764
03572
08934
08479
06945
06213
01980
07881
06569
01263
00883
03291
08400
05891
08192
03215
00682
04545
07327
05240
00047
05626
01830
04933
02136
06156
03183
02153
02739
04595
02360
01223
02209
03209
08980
00759
01689
08706
08220
07575
01886
08230
04928
08297
02035
00883
04935
04013
04719
03367
07087
07267
02876
02759
07566
08119
08233
01311
06543
07673
03439
06591
07072
02271
00904
01717
02927
03994
02515
00213
06837
02458
01900
01250
06275
00159
08649
05295
00729
03501
05864
04607
01526
07011
01459
08133
05337
01160
06486
06993
04149
05498
08831
01248
00580
04228
00491
04079
05322
02267
01314
02739
00274
07126
06937
07975
05247
03888
05085
07291
08960
07356
05575
00910
02822
02739
06267
07128
04210
06244
02562
03623
06399
00529
03320
08964
00863
05457
04872
04280
06106
06416
06891
08032
08281
08183
02191
06826
03680
08193
07852
05227
08305
05708
02170
05223
06045
03280
06102
06196
01686
02159
08635
08828
00017
04793
07622
08429
08887
02939
07882
05982
05530
05483
04809
04008
08836
06714
06540
02318
02642
07822
00009
08123
06536
02459
04068
08711
08007
01086
03209
04701
05289
05270
00773
07364
00325
08159
03796
07400
07134
07084
01084
01181
03590
06248
05673
04119
05327
06337
05618
06912
02714
03090
04577
08247
00129
04876
02344
04393
05262
07152
01535
07559
03839
02651
01218
05412
06289
05479
04966
06417
06705
07049
07316
02175
04330
06244
04478
05009
08208
01410
02111
01387
02595
05290
05359
04138
00175
05251
06372
06130
08288
06467
07444
07726
04355
08972
07087
03831
03904
08188
00761
00020
04780
08311
08157
08779
01658
04027
04029
07465
08953
07160
00606
08204
07681
01394
01584
01042
08631
08084
00115
05221
03041
08683
04773
01542
03291
07828
05304
03146
04711
08579
02961
08549
05994
08553
07282
00770
07035
01697
00258
03789
01376
03671
05362
03093
04673
01413
03664
08849
07389
07492
01216
07574
02819
05003
07982
04626
08041
01991
02841
05320
01896
06343
08177
08216
02369
02411
00449
00058
06264
05505
04608
00383
05310
01747
00297
04765
00686
00056
08714
08437
03573
00085
03169
00562
08852
08128
03874
08520
07601
03185
01310
03838
02281
03678
08318
04521
02315
06065
05117
02439
07918
01232
07139
06245
02658
07272
07526
04413
06156
00911
02954
04992
06659
04205
04905
08372
06663
00006
08486
03522
08337
08999
00619
07111
01301
07066
01731
04996
02845
00023
04650
04484
04455
03353
02120
02673
00727
03155
00532
01884
07599
00461
06869
02087
07818
06607
08708
05584
05104
02864
03005
00501
01947
08267
08405
03079
07945
01863
06077
07717
06098
07714
02452
06957
08033
05401
00915
03808
02648
00231
05489
06579
06460
01279
06431
08206
03847
00743
08142
00779
03692
08827
02860
04029
02253
03779
02286
04771
01560
03971
05175
00831
08720
00141
03383
06951
05360
03580
05191
04703
05562
01471
03200
04192
08110
04105
03843
08497
00558
02273
00947
05353
04734
01571
00023
08838
07825
05730
01123
07422
02670
08064
07694
05927
03777
08347
01871
04141
05774
07334
00776
05384
08577
08673
08605
03070
08641
08990
07814
01796
00403
02098
04119
07733
07226
05971
07760
05308
02731
06516
07057
00076
02087
08690
06462
04826
07954
03186
01080
03171
07841
01410
02355
00808
06680
01744
02796
04050
07513
02203
06771
06059
03969
07268
08198
05915
01596
01624
02438
00331
00129
00909
06770
00986
08256
08982
01449
00210
05991
05653
03294
05806
05164
08172
01828
08154
02893
01233
05000
00687
05291
04083
05478
08882
01005
07253
08924
08863
07641
05174
01651
03799
05373
05049
00243
03491
05836
04808
08606
05740
01916
07417
01709
07153
01251
06114
02438
03900
03722
00230
00783
08842
05530
03140
00133
03428
07611
03192
02437
04654
05292
02752
01283
05060
00276
05413
03505
04460
06055
01556
04247
08540
06596
05432
04865
00177
07475
06318
03158
07289
00044
00685
05452
08070
06514
00839
06801
04927
08775
07505
00157
07596
04945
04635
06547
06573
05178
00284
04206
05152
08821
00525
03000
07278
02900
01880
08470
03353
01911
00477
01079
06340
00103
01144
05387
06071
01384
01955
01329
06445
08501
04844
07728
02204
04789
08250
07719
04664
00163
06161
04512
08884
00491
08952
03550
05678
01232
03299
08344
06078
02571
07042
07582
05387
01878
06333
02280
01186
04111
03362
05246
03124
01152
08341
01402
04282
02451
04515
01138
08415
00850
04730
08329
08579
05804
02176
07045
04344
00156
08343
02051
02331
06740
06394
08934
06720
04871
01383
02535
04946
08683
03561
00559
01742
08037
02552
03503
00322
01663
05815
06792
08296
02868
01394
04263
07121
05013
06314
06008
05704
04564
04783
02523
00868
02884
02201
05244
07897
04660
08250
03692
03435
05913
04315
01646
07688
07688
08698
03372
01361
07581
06157
04111
07293
04661
02686
00389
07483
06288
07610
03044
05097
01875
04375
02797
03486
05914
04626
08676
00912
04122
06211
07012
02002
03323
08110
05279
04670
02309
03246
05459
02691
01250
07935
06744
00187
00625
05704
00214
05468
06083
08236
06916
07169
03726
08092
03555
00052
07231
02082
01425
06090
06884
00708
02209
00315
06847
02979
08815
07124
07047
03256
04961
06139
05425
01002
05801
06854
01228
01190
07704
02009
08433
04587
04957
01386
02801
07096
00786
04130
07968
05701
00663
03027
07328
06043
07984
07344
02953
01385
04441
04254
02843
03492
00067
02205
03006
03602
01238
02370
08105
00810
08950
02709
05255
02972
02314
03641
02039
02497
04487
07445
06722
07182
08075
03711
05176
01187
05829
02584
08451
07162
05602
02695
05861
06166
08515
04710
05606
01578
01234
00131
02901
01842
06739
02012
00767
07034
08416
01387
05046
00490
06884
01401
00577
05658
01233
02586
08689
06960
05332
02316
02699
08995
02886
06885
00977
06746
01646
00297
04892
03470
01730
05309
08620
02009
01589
05435
03799
00738
02922
02442
01576
01927
02358
03200
02055
05637
01748
03663
06335
01870
04874
03810
02108
01487
02384
07515
06667
00933
00001
02858
04716
08700
00650
05915
03778
07828
03967
05717
04387
07920
05061
07451
08466
03276
02938
08209
01586
02426
02080
04004
08581
00073
04945
08102
01699
08939
06757
06692
05542
05922
01702
03758
03258
02694
02340
00963
00122
02589
06221
02335
03493
05511
03876
05010
05048
08413
03322
00909
05189
08526
07250
06595
06297
06646
08438
03826
00739
00131
03584
05134
03639
02260
05155
07920
00363
08585
02183
03232
05449
06314
08458
00340
04787
05981
01380
06923
05005
08398
02356
05922
06564
07685
05078
01234
01381
06863
08982
07925
06056
08570
03365
03819
06706
07514
01114
01181
00946
04368
01637
04485
04931
05341
00428
01744
03424
01387
03968
06057
08959
03324
01562
05452
03164
07610
00511
07115
05358
01666
08059
04928
03510
01877
08050
04216
08243
00109
06129
02448
01779
02520
01346
03183
02244
00892
04758
04808
08889
00416
05517
07162
02952
02722
03482
03197
03312
00770
06538
00835
00087
01962
05882
07177
02953
00040
02728
08673
01486
00938
01298
00014
08754
02485
00331
00458
02968
00858
03140
00647
07656
05910
03967
00928
01261
04524
00830
01812
00012
01089
02298
06679
08310
04523
03584
08860
06350
03679
03342
04546
06846
05661
00811
03898
06284
01859
07644
06715
03266
00859
02762
06858
01747
06497
00585
05185
02753
04990
07292
00834
08340
03010
04500
07737
06677
04017
00863
02739
05976
02845
03661
04623
02056
01187
03038
02472
02716
02205
00296
01124
03951
07515
00500
04756
03510
00311
06791
01167
07978
04132
01303
08213
05989
01642
00667
05558
07897
08337
06013
06653
05836
05998
05284
04580
02248
03319
02057
06525
00887
03159
00579
08170
01235
00183
01062
03633
04643
05794
03998
08920
05394
03458
04650
05081
01450
08860
04172
04370
03902
06413
02749
06043
06452
03928
02492
08365
08849
08637
00303
05012
03391
04927
01730
03736
03402
07946
08076
07038
08400
00310
06842
01646
01390
03973
05235
05112
00071
05013
08154
04088
02423
01811
01954
08971
07582
00437
02484
06629
00417
01433
04371
03489
01754
00655
02393
03876
03519
07551
01890
04958
03728
07841
00022
05262
06738
04976
08829
03609
07737
08361
05634
08422
05058
05142
00994
00753
06598
00217
08926
08258
08282
00879
07659
06529
01907
03147
00595
05377
02424
02252
08909
05678
02592
06477
06055
06716
07537
06286
06995
07397
01250
03340
04344
03111
04625
07034
03583
00480
01550
05250
07006
05886
06489
07068
08018
07632
03399
04273
07597
07346
06799
04164
01455
01409
07586
04598
00168
02508
07489
05973
08883
02106
03049
02449
08215
06446
08721
04163
05991
00764
01036
00146
01281
06167
06730
04762
04324
04656
07489
03651
00066
03725
08176
08548
03005
05371
04620
07258
04814
06866
07524
07873
01896
06612
05615
03501
08939
04153
04214
04765
00925
01418
01667
05853
07363
05135
06736
04727
01581
02103
05973
01277
03831
07572
00569
06070
03299
00409
08705
08299
00620
05289
08599
00244
00054
03966
04466
03179
07721
03674
02987
03045
07564
01005
01472
06360
03239
04507
00729
01934
00232
07673
01023
01189
04791
08692
05484
06048
07341
07759
05110
01869
03719
05935
05846
03515
07993
01332
08413
01272
06861
08286
05869
08765
02282
07681
06309
04111
01713
04839
03743
00475
00899
04561
02571
03413
00927
00106
04279
07668
08112
07535
08214
02725
03458
05126
02700
06051
04373
00811
07524
06680
01882
06857
08624
07091
04154
07907
07624
06126
07846
07319
05127
02466
04433
06443
05358
05905
00058
06136
05483
07080
04758
07951
04077
00687
05082
02004
06870
05007
04502
08214
08363
08151
05436
05191
06608
08554
08752
01039
04044
08072
05386
00903
02084
04895
06750
07732
02820
00071
04645
05179
08359
04871
04316
04379
00119
01183
06906
04595
04448
06675
04720
04601
03631
00792
06105
08964
01249
05974
03136
04495
00134
00098
00792
06251
03164
04927
05926
00095
08695
02729
00043
06551
01350
01765
04319
08790
07217
05776
07815
06136
02694
06451
01775
01841
08547
03792
03970
02188
07302
07211
06478
04625
05585
05024
06253
00711
01145
05741
08309
03377
07477
08611
02857
01903
02891
01599
08705
03972
01334
04655
01141
03648
05428
05051
01423
05337
04116
05786
05445
06435
00004
01870
08182
08921
07321
08069
04588
08638
02688
05421
00823
07133
03113
05786
07395
06665
00531
04087
05032
05194
04442
04400
04159
08981
03093
03295
07780
00950
07484
07843
01166
00068
02223
04369
08932
08986
03466
06814
02962
04470
00917
08602
07008
05975
02367
05298
01756
04624
01754
08595
01446
01643
04681
06302
03545
02604
03966
06140
02434
08451
01001
07351
03192
05053
02451
02378
08996
08320
07561
04046
02314
04425
05819
00539
01773
00588
06436
03511
05896
02663
04300
03454
07497
00540
07992
05670
02632
08505
04851
06333
03309
08805
04254
00617
06520
02009
08036
02780
05754
01096
08769
03322
07953
01132
08584
05849
01472
07327
00754
07908
03564
06644
08820
02804
05355
07152
02042
02035
03160
08055
08216
07502
03697
06815
06400
08966
05658
06491
04421
08427
04666
05693
06630
07230
02978
02716
05342
02225
02646
00661
03880
03526
04748
04193
02399
06001
01986
01595
01332
03346
01996
08364
02649
01443
05338
06245
00698
06562
04864
05280
01459
03483
06096
07932
01268
05662
06810
02155
07258
07768
02899
03953
04447
07729
00923
03643
05577
05065
03968
07722
04592
02951
07057
03571
05089
02320
08965
02772
03760
07768
08289
05188
05842
04017
05056
06176
06792
01733
08140
07166
06783
04201
00675
05103
02205
02096
05294
06822
04478
00456
02323
06312
07956
06142
03082
08055
04453
02769
04652
03239
01766
03829
04287
04875
04902
02311
01750
05317
03741
02824
08397
03001
00683
08328
01475
06220
03293
03992
06480
00934
05201
06667
08638
03353
06123
04618
04907
03237
04625
04915
07524
02914
05265
00861
00582
02425
06770
05003
02798
05688
07375
08506
01041
05416
08392
01057
07725
04572
04723
02020
05070
08167
05616
06845
01140
06698
02706
06864
07114
00218
03233
07696
05378
03346
08196
05091
01203
04802
00835
05711
03612
07556
03531
03296
05795
05262
05795
04144
01334
06977
06163
06809
00691
06165
03653
03106
07835
03735
02755
04795
05296
02784
04696
03998
00896
08347
00427
07244
06722
08490
01573
05961
03805
05789
01388
06646
00047
03249
07336
08153
03603
00889
00330
05907
04764
03636
07173
03710
00582
08379
05988
04784
03180
02612
02931
07144
05491
00207
03626
06284
07102
04237
05252
02893
06931
08568
00382
03352
01554
08860
06898
07361
04982
07096
07627
01726
05884
00584
06219
00573
01425
02674
00729
07139
04000
08242
00438
03546
02792
02581
01310
07950
03667
06463
06196
06205
04027
01801
07861
06905
08072
01314
00855
08187
00805
07577
05747
00709
04848
05212
04549
04347
03031
07528
01436
01255
00968
00894
02357
03017
00881
01830
08154
02839
03030
04587
07976
04414
03945
07995
04238
05373
06756
01873
06457
00554
08546
07928
00404
07716
05995
04270
03493
01541
02382
07834
03291
08745
03881
01356
02947
00935
03876
06920
00130
01851
06267
08911
05221
06413
07258
07186
05996
01058
03027
02291
01989
07612
03650
05642
07964
08705
03546
00136
04856
08909
01049
08836
00489
06717
01822
04416
06870
03674
05563
02199
04035
03013
03925
07821
05887
08509
07368
06858
03139
02026
04848
08861
00447
03085
04722
03490
02919
08382
00513
06631
01090
04369
08596
06697
02075
06494
06996
00013
05832
07692
05604
04293
05472
00322
03873
06850
08258
04474
02953
01441
01384
05242
05824
04547
03146
00687
00501
06580
07015
00568
00347
08864
07799
03348
05163
02445
01875
04026
05543
04881
07502
01667
03329
06089
01949
05478
01978
08706
03057
07904
05847
01384
03902
04109
01526
04985
03211
03767
08742
02573
06114
06770
06812
02517
05690
06362
06170
04764
04751
05250
04314
07774
06028
03810
00864
05756
04654
00468
03629
02617
03881
02699
08912
03709
03569
01904
05711
07187
03471
08418
00179
07640
01299
00873
05609
03515
00576
01512
03093
08387
02187
03637
02617
07266
03229
07869
04491
02796
03232
07345
05029
06371
08502
02207
00158
04595
00541
05143
04990
05093
03751
07107
02550
00810
04702
05281
00798
06366
03397
02312
07936
08462
06825
01437
00641
03887
01582
04561
06232
07149
00478
04664
01503
00652
02788
08433
04631
04791
02799
06965
07632
03715
00474
00782
00901
01350
08120
05933
04382
03417
01237
00152
01311
08520
00367
07462
06958
03298
07099
06440
01242
06833
03668
08767
03758
02904
08791
02612
01013
07308
04370
08159
02760
05368
08050
05143
06299
02777
08044
05426
00765
08906
04547
05027
01694
08293
01280
04470
06467
06639
04536
04744
04493
03719
03767
05959
00159
03843
06562
02091
08398
02638
05818
00129
01499
04018
05229
00794
00228
03310
03486
04596
06241
00972
06996
03548
00681
02610
08817
04231
07901
03962
04441
02188
06388
08888
00194
04543
00014
07496
02322
05100
05965
08202
02356
07758
07052
02539
06485
02508
03995
04657
01515
08910
06995
02946
00892
06290
05140
07786
02788
03397
05175
05143
01641
05272
00717
06066
01825
01793
04870
05893
02115
01299
08525
05835
04683
04739
01080
04209
07526
08311
06870
00839
01933
01437
04338
07426
05287
02342
08364
02209
01759
02165
02414
05042
07165
03600
07131
02233
05272
06194
00475
03276
02113
04682
00388
07638
04691
08963
01419
08054
02382
03097
05472
00987
07674
01509
08311
04670
00881
01621
08283
02420
06533
07915
03653
02567
00065
02944
06610
08184
02324
02165
05394
06731
06167
02454
08677
05566
08840
01156
00040
05431
06951
08813
04061
01946
03742
00497
00361
05212
05733
03980
05518
08918
04171
03171
01625
02153
02449
08789
08566
02507
03312
08688
03695
00164
00195
01420
01619
01200
01567
05568
07300
04816
02198
02303
05913
02791
01051
07622
02145
03718
00072
05765
00305
00636
00244
01776
06925
05094
08232
03265
04467
00223
00176
05236
01533
00108
06215
01991
01460
07678
07603
08731
06594
01173
00807
04139
05296
05150
05935
07296
08054
08545
06726
06782
04737
06673
06268
05335
05854
00224
00156
03346
05453
07415
01569
03504
06456
08583
06928
08843
08059
07391
05976
02163
00486
05834
07014
06509
02294
01444
08485
01090
05866
03009
01595
01218
05696
02754
00839
04980
02047
01629
03703
03875
08288
06415
02893
00726
01422
06481
02889
06764
03692
08365
08570
04473
03245
08251
00366
05394
07119
00276
02970
03577
04057
00938
05691
01806
04515
01946
00018
04642
00021
01535
00045
05056
02432
00628
08795
00963
08824
02846
00576
04390
01483
01356
03070
05196
08907
06723
06420
06797
03735
03746
05384
05809
08016
00591
05625
08244
07343
02397
01344
04414
07916
00931
07188
07358
03913
07313
06988
08522
06316
03433
00695
01837
03516
07160
04871
00790
08451
05944
05028
03857
06746
05507
01965
08077
02898
07974
01666
04081
08566
08096
06397
00651
02799
07781
02134
01927
06967
06251
04614
07280
03030
04984
02091
02406
06267
08750
01970
05292
05802
08349
03898
06372
03468
03203
08653
04426
08228
00346
05482
04282
00134
00886
01709
06519
06226
02849
05961
07849
05366
01533
05860
00017
05713
02494
05896
00052
05732
06449
06705
05978
03531
03509
01634
03066
08321
03597
02218
07332
02010
04646
04508
02066
06225
08803
08669
00331
04842
04939
00911
04838
05090
04308
04994
08776
08162
03662
07217
02467
03283
01878
04706
02723
06443
02685
05935
01693
05069
06621
05770
06134
05527
04952
01470
04029
07229
06540
08144
02342
00811
01575
02988
04908
08759
00523
01668
01298
08197
05510
06131
06631
02740
08584
07520
02436
02269
06842
08502
04546
01364
01688
08848
04805
08544
02954
00946
07943
08716
03301
07691
02562
00472
07152
03630
04638
08873
01622
03039
05587
01356
02536
01450
08380
06595
06796
00856
02960
03134
04990
00819
03014
00787
01161
03785
06188
08064
00121
01205
04780
07132
07248
01464
06436
04181
05052
01223
02304
06813
06130
06342
04438
03198
01513
05370
08926
08212
03213
06564
01388
02186
06054
03274
07076
01964
04572
02247
00392
02915
02121
04547
08657
08904
03164
08141
03551
03728
07181
06004
03615
07293
00242
07453
03808
01717
06933
02263
03506
03827
05271
02658
05620
08996
05246
04934
02800
03060
04222
01272
01821
06063
04743
01687
01928
08195
08946
06301
08145
07930
02761
06153
01765
08934
05898
02089
05029
05613
08864
05108
08794
03692
01983
02054
03628
05424
06722
02421
06182
01583
08874
07848
03023
07445
06316
06415
02983
08027
07128
06061
04107
04874
07594
03618
02232
07876
03735
06101
02088
05739
03390
02591
04172
00036
00064
06826
02135
08307
04045
06081
03690
06970
02965
05561
07345
00620
06935
08693
01537
08515
03954
02279
08916
00505
06301
00026
05995
04916
03053
05413
05590
02739
07531
03850
07571
02445
08935
04196
01297
05497
05285
07614
02392
08783
08074
05745
01168
03317
01339
05574
03386
02462
04762
01017
00230
04982
04559
05198
06258
08744
04143
06590
05483
05056
07211
03529
02171
06252
06359
07431
08632
02949
04269
03946
02789
00580
07909
01515
02831
03119
02020
06669
08310
08498
06279
08047
00062
00082
01298
06874
00785
03542
03321
04858
03874
04710
00817
02666
02977
07693
02788
02424
04814
03939
01768
02655
03396
02259
02035
02588
08787
01860
06221
00432
06377
06210
07402
00595
05207
05260
06859
01154
06084
01080
06799
06711
05688
03923
06531
01759
03351
08181
00571
06946
01672
00328
05139
06899
01104
03617
06743
05822
01096
07912
06396
07769
05344
05698
07241
06219
01654
08814
02805
08506
00911
06348
05206
04905
06857
08912
04819
00965
08507
01830
05807
01705
04937
00232
08003
06776
00519
02739
05742
03135
04610
05976
02795
06453
03382
01662
02592
06610
08439
07756
01694
07021
05031
04700
04058
01146
04960
02547
01943
07952
02935
00269
07605
07953
00358
01054
02378
02578
05309
04235
08395
06658
07500
01263
06040
03752
01918
01554
00193
08349
03757
08635
02449
04760
00479
05462
02173
00776
03162
04352
04273
07876
04273
07887
01504
06190
00755
04743
07933
05391
02124
00087
04299
08564
01898
04138
03709
04741
00326
03914
07251
03718
04949
02566
01745
01823
07139
00644
01694
07486
04819
05050
07734
01373
07700
07878
01484
05661
07899
04870
06080
02329
05409
04570
06369
07912
00106
01797
00559
07602
03722
06290
04967
02635
01091
02874
02652
04678
08231
01300
05742
00625
02990
00134
08186
06782
04053
08864
00846
04705
03579
02712
06607
07117
03201
02431
05601
05498
08910
02755
03170
07889
03092
01470
08347
08640
07682
05067
01980
08048
07351
05920
05339
05707
08256
00671
00449
01220
04950
03823
04785
07143
03191
06264
06454
01207
05631
04620
00584
08558
01715
04320
07810
02255
04521
05946
03123
01423
06255
04644
07190
07874
02127
08358
01609
01402
03140
06010
06215
00587
07173
07081
08674
00977
08810
05315
06897
06811
01831
08796
01161
00305
08132
07985
00491
04328
07462
06266
08130
04758
02358
00242
06599
07776
02076
01329
01883
06018
01560
07203
05896
06942
07980
04128
01444
06373
02553
07284
07059
02828
08965
01746
02536
01358
00734
01746
00480
08687
07214
05394
06868
07440
06050
04328
03009
07886
00129
00901
08213
02573
07341
02084
08415
07483
03625
00682
08379
06543
05656
03584
01834
07111
02125
08996
08194
04433
01973
07286
08007
07761
04157
02310
00269
00874
07424
02682
08073
08888
04249
04621
07315
07913
06290
02964
05882
01812
02287
07338
08660
00833
00490
01507
07480
00016
07820
02613
04723
06222
07852
01442
03883
02874
04375
05434
03835
04654
05932
04038
01595
01073
07890
01871
04274
04217
02393
07781
03203
00870
02722
00107
01907
04801
02468
04648
06395
00547
02100
08153
06621
04642
00472
04697
08447
07342
06904
06826
02383
05514
02441
00909
08802
03014
08368
07854
01550
03442
04983
07819
00344
08116
02687
03443
04530
08890
04954
03787
03741
07067
05099
05211
00623
00624
04973
02680
07656
08241
08316
07155
02175
06561
04860
08926
02268
07435
01133
04758
01650
01158
08151
01779
03467
00412
02200
01421
08199
02153
00991
07361
01659
05902
05092
05409
00738
02868
08758
01858
07323
06518
01352
03015
04646
07864
02321
04138
08092
06868
08726
06075
05906
07731
00007
08273
01961
04448
07459
06373
07886
07520
07224
07758
08041
05982
02731
04982
03892
03787
05064
03996
08498
07314
00927
05443
08161
05754
04283
06576
07085
08044
07808
07977
04635
04892
01776
00512
00815
04541
05234
00662
05786
03173
01577
04133
00475
01608
01804
05214
03336
05520
07343
01529
02474
08145
00669
03835
03379
02363
06367
03018
07925
01129
03630
02444
08400
04542
00681
07773
03519
05775
05699
03094
03287
07403
04997
01291
00461
04143
05811
07013
02171
06031
01622
04982
00223
07183
07662
01820
06697
05271
02049
00140
04246
07685
05236
02912
00237
00652
03724
08811
03214
03170
05426
01056
01642
01927
05497
04731
00091
08177
03957
07679
01552
05629
03106
00783
00989
01455
06110
00128
05245
06699
00508
05275
08413
05133
07806
06209
07351
04858
01662
07406
08527
00313
07177
06224
07094
08636
03496
02873
01112
00672
04773
08336
07508
02676
08398
05175
06432
06735
06633
01125
01910
02570
08269
04146
01526
06700
07560
03531
08529
03748
06762
07340
07248
07073
06989
04074
03951
05318
05336
07931
08642
01473
07806
00276
03458
00210
03248
04586
00923
01697
04372
06925
07365
02232
06399
04390
06158
05696
02086
08186
05496
05671
07645
08550
01228
06310
01507
01010
01986
08593
07330
01362
07020
02800
01238
08543
01694
02267
00930
07445
04396
01234
08945
01581
07729
06585
04815
08811
04918
06979
06301
02138
03575
04462
05307
07011
05046
01836
01269
08172
02555
03226
01589
06797
07313
03616
01857
00613
03381
03649
04320
02580
03989
03221
00166
04154
08931
07570
02129
03604
00813
04274
05648
00967
06475
05693
06463
03092
06332
07854
02297
04820
05156
07412
04131
01365
02854
06527
02369
06371
05754
08058
05495
05234
07492
06736
03254
07902
06945
04766
03545
00726
04422
08160
03283
06925
02959
07968
01206
02000
01008
07410
07050
04086
02068
04035
05769
02153
00647
08431
02371
00475
06786
01529
05891
06483
06803
00597
01397
04663
07198
04706
08370
04172
04573
08259
00274
02576
03119
08612
08612
08385
00792
01074
08445
08838
06004
06843
01938
02171
06881
01877
03300
06082
05160
00306
01472
05524
08671
08545
02223
01232
01079
01832
01025
03402
00325
07797
06769
03549
03000
04644
07141
08283
03910
03475
07892
03744
07618
07945
03532
03095
05182
00877
08151
03308
05657
08490
00105
08345
02453
04688
05673
05508
03279
03582
06977
04493
07964
01371
03660
04150
03061
02797
07636
00811
05831
02472
01692
08432
05209
06744
02256
07122
03867
07546
01608
08230
01847
00876
07115
04973
07311
02045
00317
06777
05451
05871
03935
01617
08060
08145
00864
02744
08994
01521
08989
03420
01807
07527
04618
06979
03438
05972
07013
06583
07635
07969
00571
04794
06553
05644
06521
06829
04570
03422
07193
07802
01310
07944
08079
03193
07859
00075
08503
00471
04844
04798
07478
01563
03482
05658
03217
00435
04844
08162
00373
07851
01612
04702
06220
06509
01904
06815
08384
07580
05618
00445
07024
01818
05332
00923
08677
05242
04011
08388
00415
07192
04311
04767
04169
06380
01260
03414
04533
02909
00016
00381
01021
01130
01721
00685
03183
02804
03874
05848
07148
00935
02314
00103
01254
00823
03658
02078
03612
00887
03985
08089
04443
02773
00766
01457
00874
02274
01088
04503
00250
08221
05621
04001
05536
01591
07277
06034
03705
06049
04059
01491
03961
01345
03192
03615
08879
00276
05547
01901
00833
01117
03953
06662
07703
04604
04453
05615
05302
00385
05412
01952
05084
08648
06327
03674
02251
02511
07750
05760
02341
03905
03686
04348
08810
06759
00327
02763
02792
01989
00028
07194
04767
07512
01519
08743
04511
00447
00104
06117
08345
07375
08722
03343
04248
04872
08643
03285
07394
02933
06086
07020
08470
00145
00599
02528
06596
06652
07722
02125
01107
07838
01984
01755
00955
08946
06223
04456
00112
08707
08684
05719
01791
07973
08744
08638
07440
06098
03404
05037
06008
08741
01971
05474
06802
07387
03859
06474
07298
00389
04942
02130
01118
06546
07139
08339
05057
02786
05477
08956
05661
00317
02845
06553
08411
06849
07864
00962
03986
05483
01015
00646
00403
05557
04887
00990
08413
07613
07685
04118
03433
08454
03608
08550
07876
08055
08426
01519
08964
01402
08740
04400
02233
05216
08565
06264
07418
05367
00031
06974
06497
03429
06039
06909
02540
06150
07111
07107
08593
08585
06777
00513
01029
01898
05914
04916
04401
02664
02248
02305
03993
00718
06370
03008
04626
05287
05971
02127
08352
01122
08234
08728
01497
06742
04713
08005
07442
00870
02919
06087
06643
08757
01684
00597
00761
07829
08185
06978
06465
00593
01594
00887
05996
01843
00353
03552
04179
06576
08400
03683
04984
03895
05811
00826
08166
03104
04583
08898
02639
06937
01075
00420
00248
08844
05842
01280
06554
02356
04449
01722
00760
06894
05171
06613
05624
03725
02127
00107
05040
07029
05770
00423
03007
01337
03759
01233
02749
04065
01832
02344
03639
02211
02015
00391
07371
07601
07717
01822
06044
04459
03286
06553
08939
03203
02503
06549
04682
03895
00630
00710
06158
03228
07301
00455
06089
08301
04922
08865
08264
00883
08125
07828
02096
07070
06422
04875
06624
04554
03459
08713
00747
04949
04460
02978
06980
04604
08107
03645
01982
01478
05979
00333
05767
05400
02012
01983
07953
01311
07175
03774
08053
01052
04636
01865
01924
04713
04374
08710
03099
01218
00520
08567
00146
08487
00471
01043
04841
05797
07219
01592
06527
01397
01434
06116
07201
04068
01107
08243
07940
03393
07444
01043
01327
03622
07465
01235
05183
05318
01186
04890
02080
02404
03375
04316
03541
07572
07778
01030
04725
00803
02601
04163
00202
08144
01151
06327
01135
04822
06606
01720
07181
06394
01764
05405
00626
00151
07815
04231
05967
02633
08997
05932
03924
07542
07812
02490
00354
02872
03819
02264
01044
04192
01499
06248
08251
00101
00894
05353
08973
03585
00978
03113
02313
08716
03122
02624
05562
08154
06114
03832
06582
04023
07820
03936
02113
03131
02724
03983
01595
01065
07524
06069
08834
05041
08893
08909
05445
03005
02219
07703
04207
03009
04371
02235
07452
03307
06644
00896
03707
07882
06111
08194
01504
02692
05748
08585
00373
06639
05874
03590
04556
00248
03691
01233
07324
07114
08026
02829
05749
04743
00042
07165
07673
04850
05140
03304
02242
06428
00068
08424
08658
06909
04449
00177
01626
05907
01903
05316
05419
06702
05003
02571
03499
02636
08202
00279
05660
00175
02294
02245
05135
07924
08734
00679
03080
04280
04569
07286
03446
01715
05759
07014
05057
08030
04812
01074
04568
08568
03034
03070
06471
00820
08610
06699
00258
01575
05694
05300
08976
06421
03110
04408
07318
02675
08717
06833
03670
04127
02647
07513
07037
08155
06009
06372
08094
02273
08477
01376
04230
06368
00553
06448
00293
04541
01539
00785
08965
06973
06891
02892
08131
05094
00773
05338
04815
00437
05705
06902
02681
05106
02737
03347
01938
04585
01518
01246
08252
04985
06151
00503
03575
08831
04920
03337
02993
08845
05483
04529
07225
03227
02213
08835
00569
04223
03615
06759
07973
07057
05679
05923
04524
06983
01251
07546
08858
06688
00282
05570
08831
06380
04983
08867
04192
08816
06067
02404
07816
03776
08285
04791
03162
03788
03816
06860
02022
05893
08801
08916
08158
00753
02988
00956
05947
06905
03106
04953
02833
01052
06249
02674
05892
02229
01264
01137
04381
02200
04925
01356
04877
05866
06110
08872
06572
02237
01904
04941
06734
04282
00623
04628
04260
06609
00634
07436
01794
02837
04698
05484
03266
03659
07735
05332
01149
02000
06303
04948
07889
08498
00644
01366
04595
04103
06521
05471
08482
01458
08417
01552
04198
04836
00115
07931
06235
04958
06646
03313
03742
08461
05309
03968
02162
06142
04255
06458
03887
01737
05823
08465
06249
08243
00202
06262
01832
01803
03074
08528
06689
04446
04398
01146
02096
03661
01339
04549
05096
04036
02276
04325
03705
06478
06169
06752
01613
03068
05063
01528
08103
05860
07996
03386
07224
05190
00661
01703
04608
07210
02414
07152
08997
01685
00685
04726
00946
08707
02387
07895
06223
01606
05928
02013
04209
01780
00866
07520
02239
02806
08913
07532
08440
08933
02763
01397
00323
07928
08623
07534
04581
08816
05936
07442
02505
02212
05976
01466
07239
00000
07238
08828
06356
01248
06734
06925
08257
03499
01595
00749
02419
06131
07427
03280
08302
06240
05559
01821
01790
01316
06925
07952
00468
00001
04253
00498
06994
04079
08172
04760
00395
01538
04808
01313
06386
02335
08689
04848
07869
03159
06472
04738
08829
03877
06735
02329
06389
04033
00148
03663
07533
04087
01428
03550
03458
03745
02984
00636
00131
03209
01798
05157
04403
07531
03030
02944
08590
02319
07439
06595
06769
00292
05326
06859
08531
06392
04962
04891
08778
04588
07159
02205
04883
06164
04958
01007
02914
04253
07885
01309
06722
02527
08040
07965
05785
06545
00939
03135
02547
06579
03490
04458
03090
05103
05960
05212
06895
06281
01752
08242
06183
00470
06724
01405
07181
01144
03432
04470
08304
07815
00009
06528
01000
06548
06935
03603
00091
06639
03092
03057
05374
00824
05800
07921
07282
04946
05731
04258
01141
08931
08629
06769
03234
00233
08526
07675
06894
04367
07885
02286
06432
01068
02015
05937
07396
05652
08295
01468
01707
03272
02172
06539
05419
08881
06659
04044
06823
07914
02113
07855
06475
01115
06701
02869
06054
00354
07193
08217
06619
03108
04499
07852
08654
04601
03236
00501
04800
00341
04596
03949
06423
01698
02855
08479
08974
03971
05192
06638
08460
01532
01529
02282
03011
01653
06844
06426
02559
04469
08857
03813
03560
01403
05901
04740
01214
03304
08171
07319
06009
05128
04369
06359
05738
02760
04346
08331
04730
02257
02155
00989
02381
05498
02045
03892
04657
08332
00582
00660
01641
04726
08707
01802
05833
04417
04686
05241
07805
04910
03568
08635
05266
06116
08980
04809
06329
05054
03520
03115
04803
06176
00456
02251
06574
00362
05561
02523
06955
01485
05503
05631
08432
02506
02651
07405
05417
00554
01220
07897
04430
03848
03936
08101
04624
01435
04776
03502
08614
01215
01742
06017
03487
01395
03459
03044
03459
03718
04945
00242
04995
03691
00314
00630
05513
06603
03972
08593
01468
02761
02481
06494
08420
04464
06103
01050
01055
03849
01864
01377
08478
06441
08455
05347
06216
05255
00472
06134
07528
07507
03818
03021
08357
07674
08437
03526
08366
05670
07266
02170
00928
05523
03067
04997
04941
03572
06335
07557
08955
04459
07266
05207
05742
01191
04519
00436
04339
01544
02963
03483
01442
00374
04936
02929
02238
07975
07178
06883
03965
08640
07145
06532
02247
00507
03420
04538
04237
00062
06438
08922
06359
01796
07096
06660
03489
07789
00787
04361
03139
07233
03368
05976
07372
08882
00518
03777
07778
00870
03966
00609
04897
07531
02334
02339
01414
07974
07569
02152
04646
05140
06184
00941
05480
08433
05959
05411
04091
03895
07182
06076
06789
03830
07922
02049
08786
04090
06880
03401
02285
07066
03293
05451
08846
02413
05829
00164
02280
00583
08854
00228
02733
00737
03776
04595
00897
05462
04947
05762
08792
03761
05445
04203
00445
07060
07975
05114
01144
05932
07306
07229
04826
04944
01475
02431
00040
03280
00209
06922
02058
03923
01751
02826
00239
00728
05410
07175
03959
03654
02976
06875
07636
01247
07603
05522
02550
05383
01489
04990
02610
04762
02225
02706
07438
04627
04476
05991
06403
06202
07550
03354
07600
00493
03392
08934
04663
01039
01051
06422
04062
02197
07138
03595
03660
08085
00052
04579
02061
03490
08621
04443
07860
05546
03625
04187
08165
07192
00492
05047
05956
05677
05489
08751
08309
01394
02716
07948
00209
05008
03822
04674
02913
05945
00741
03645
08370
04199
04605
01068
00286
06121
02487
01539
04611
01975
01237
00988
02474
06763
08007
06445
04878
08799
00757
01084
07894
03021
04545
04919
06601
02777
07447
01753
04789
05347
06661
05631
05844
07625
05553
03088
01700
08377
07652
06818
08946
07572
00033
00778
08746
06391
07145
08787
01341
00906
03942
00624
06415
06099
04466
03028
00779
04749
04659
05614
04070
04849
05141
04027
07221
00375
03757
08348
06676
03646
00510
08414
04012
02975
05657
04192
06080
04824
08957
02974
02413
06764
02889
08412
07267
08663
07290
07343
08004
04720
04118
02550
08175
07079
05683
06846
05537
05125
03988
03546
04018
04379
04393
07961
06575
04251
08635
03314
03585
03411
01657
05282
04562
07400
00913
03422
06239
01566
02790
05396
02894
01326
00834
06588
06965
06328
08305
05108
00292
00920
02243
08936
01393
07965
00867
04481
03063
00804
02824
06676
06097
07187
06727
07035
07640
02762
04955
04737
02855
03564
03539
05583
03175
01562
00166
08604
05060
05593
06141
00001
08131
08218
03180
07641
07406
01375
04503
01919
03398
03206
08990
02363
00748
02157
00333
04469
07820
02573
07066
02890
04382
02588
05083
05787
05114
02682
06955
00930
04863
00013
01289
00368
05608
00256
08422
08578
06045
02502
07329
03314
00865
01909
00800
07450
08837
02997
01253
05539
08656
06287
07962
00691
05001
06474
08227
04997
01555
05401
07895
05971
01691
01889
02170
00590
02593
08638
04802
06838
01865
04749
05220
08501
07405
05700
04827
02085
07665
00710
08228
04682
03162
08659
04264
00514
00523
02524
08647
02865
02590
01779
07446
00313
04236
08784
07676
07679
03825
08113
04471
07785
03567
08593
01430
05851
01293
02689
06610
02312
06091
07709
02718
07054
00485
08181
06672
02066
08458
04811
03611
00427
06455
06580
01914
00611
04669
03687
01931
07471
04220
00355
00774
04207
07898
07230
08425
07265
02661
00511
05849
07480
00112
00733
07015
07482
03469
04081
07548
08024
02903
03981
07331
06766
00083
08784
03393
04194
00563
08906
05739
07033
03094
08753
04581
05533
03992
01487
00386
00427
08993
02290
02605
07504
05924
08307
00235
07788
03822
03586
06962
03639
07273
07438
07178
07135
07285
07339
02911
06756
05082
03132
05752
08227
08724
03256
08559
04750
07690
02696
05365
03076
07109
02006
07146
00253
06354
00738
05069
03630
05997
08758
05078
06667
07602
06889
07422
02666
06704
07825
05143
06580
05229
06073
07566
05071
05712
00938
01721
02686
07775
02902
08342
06490
08181
01376
00930
05785
04967
07782
05435
06021
04084
06176
08003
02328
00927
02955
02177
05187
01698
00134
03933
05374
03145
04534
02536
02265
08512
05565
05094
05457
07825
08197
04001
05623
05182
03786
03819
03882
06239
03373
04160
01141
06481
00252
03693
08419
01900
01055
08345
00390
00223
04526
07670
05711
02793
06375
07692
08279
05750
05867
08899
02516
04333
04448
00698
06872
00475
06985
04545
08204
04926
03713
04215
02505
05623
00694
08497
05327
06044
01898
06592
01102
00001
07110
04934
06657
08235
00495
05084
07772
07656
07650
05499
00458
02751
08931
00501
04441
06672
05641
07463
07609
07927
06566
07174
08623
05562
00650
01682
02032
04972
07711
03731
03800
06517
00232
00647
05539
01176
07106
06110
04403
01234
03372
02210
01952
06842
03523
00830
03677
06449
05894
06625
02295
00750
08377
05615
04833
02542
08004
03677
05658
01647
01907
06846
04520
00176
02297
00983
02662
06871
08637
08916
02217
06942
05207
07589
03904
08915
04092
06056
00313
01570
07428
05724
06089
03641
06581
02815
04564
04359
01185
06813
04178
01370
05898
06053
06938
08821
04605
00994
05288
05346
02668
01371
07113
06593
06038
06575
04272
03653
06153
03001
07730
00759
04944
06115
00083
04026
07751
02034
05603
05906
03755
02670
01963
01753
06103
07716
01977
08704
00856
03586
02268
01926
05386
04823
05545
02416
07652
03357
00587
07053
07967
00907
06769
05709
01092
07899
03850
02445
00282
05620
08548
04018
00943
05925
02321
08712
05238
06407
05235
02293
02439
06822
05166
05031
05556
01420
01947
03966
05455
07554
01886
02623
04657
03555
06581
07414
06517
00247
01105
05208
02803
07529
06913
04506
05657
01669
05289
00098
08372
06802
07690
02880
03508
07719
00754
02320
05581
07574
02156
01150
04370
02362
00059
04910
07364
04038
08953
05536
00008
07675
08364
05061
08830
08365
01311
06568
05605
05195
01630
08516
03037
03377
07530
01733
08076
02459
00693
04525
01970
05577
02096
08583
07688
03722
01200
01592
07475
00598
02136
08422
08103
03268
01231
04944
05014
07964
06458
03712
06976
02882
00108
00905
00628
01559
06617
00345
04244
02022
01530
07164
01542
02824
05563
06026
06391
04037
07369
07590
07187
02320
05351
05876
07703
03845
03791
06463
06360
08313
02837
03892
02092
04494
01727
02774
05693
05698
03353
06687
03102
07163
00590
08287
05094
07433
06520
06836
01242
02143
00112
00943
07847
00824
03537
04646
07949
08786
06519
05436
07791
04074
08789
02113
05574
05172
07764
08087
03621
01356
05256
07634
08880
04662
05827
00227
01398
01758
05253
02370
05765
02549
08355
